Timestamp,MemoryUsage,NetSent,NetRecv
1716086465.870251,514289664,552,552
1716086466.8716106,519696384,6580,6580
1716086467.8728125,519696384,153,153
1716086468.8739889,519696384,558,558
1716086469.875213,519696384,0,0
1716086470.876072,519696384,0,0
1716086471.8768167,519696384,0,0
1716086472.8779893,519696384,152,152
1716086473.8793614,519696384,448,448
1716086474.880905,519696384,0,0
1716086475.88228,519696384,0,0
1716086476.8834448,519696384,0,0
1716086477.8845937,519696384,152,152
1716086478.8848271,519696384,448,448
1716086479.8860354,519696384,479,479
1716086480.8871927,519696384,0,0
1716086481.888342,519696384,432,432
1716086482.888968,519696384,103,103
1716086483.8902013,519696384,978,978
1716086484.891555,519696384,0,0
1716086485.892978,519696384,427,427
1716086486.8941529,519696384,1525,1525
1716086487.8953116,519696384,2899,2899
1716086488.896466,519696384,3795,3795
1716086489.896804,519696384,0,0
1716086490.897986,519696384,310,310
1716086491.8991692,519696384,0,0
1716086492.9003456,519696384,154,154
1716086493.901531,519696384,456,456
1716086494.9027207,519696384,0,0
1716086495.9038439,519696384,0,0
1716086496.904798,519696384,0,0
1716086497.9059968,519696384,152,152
1716086498.907194,519696384,448,448
1716086499.908369,519696384,0,0
1716086500.9088137,519696384,0,0
1716086501.9099047,519696384,0,0
1716086502.911058,519696384,152,152
1716086503.9122136,519696384,448,448
1716086504.9128008,519696384,0,0
1716086505.913969,519696384,0,0
1716086506.915155,519696384,0,0
1716086507.91634,519696384,152,152
1716086508.9168046,519696384,448,448
1716086509.9179611,519696384,0,0
1716086510.919131,519696384,0,0
1716086511.9203007,519696384,0,0
1716086512.9207926,519696384,152,152
1716086513.9219732,519696384,2776,2776
1716086514.9231598,519696384,2878,2878
1716086515.924328,519696384,2919,2919
1716086516.9248083,519696384,2656,2656
1716086517.9259899,519696384,1215,1215
1716086518.9271643,519696384,2254,2254
1716086519.9283245,519696384,2672,2672
1716086520.9288142,519696384,4232,4232
1716086521.9300284,519696384,3430,3430
1716086522.9312308,519696384,1270,1270
1716086523.932399,519696384,4449,4449
1716086524.932828,519696384,2341,2341
1716086525.9340045,519696384,2547,2547
1716086526.9351728,519696384,3711,3711
1716086527.9363673,519696384,1972,1972
1716086528.9368117,519696384,5040,5040
1716086529.9379692,519696384,3271,3271
1716086530.9391317,519696384,4748,4748
1716086531.9402866,519696384,280,280
1716086532.9407864,519696384,313,313
1716086533.941933,519696384,616,616
1716086534.9430768,519696384,0,0
1716086535.944221,519696384,1608,1608
1716086536.944804,519696384,280,280
1716086537.9459524,519696384,309,309
1716086538.9471047,519696384,614,614
1716086539.9482574,519696384,0,0
1716086540.9487875,519696384,0,0
1716086541.9499393,519696384,0,0
1716086542.9510994,519696384,152,152
1716086543.9522533,519696384,448,448
1716086544.9527879,519696384,0,0
1716086545.9539325,519696384,0,0
1716086546.9551208,519696384,0,0
1716086547.9562683,519696384,152,152
1716086548.9567974,519696384,448,448
1716086549.9579508,519696384,480,480
1716086550.9591055,519696384,0,0
1716086551.9602633,519696384,423,423
1716086552.9607995,519696384,157,157
1716086553.9619532,519696384,928,928
1716086554.9631104,519696384,0,0
1716086555.9642608,519696384,423,423
1716086556.9647818,519696384,0,0
1716086557.9659245,519696384,626,626
1716086558.9670753,519696384,352,352
1716086559.968225,519696384,157,157
1716086560.9688025,519696384,0,0
1716086561.9699671,519696384,0,0
1716086562.971123,519696384,154,154
1716086563.9722726,519696384,152,152
1716086564.9727938,519696384,4200700,4200700
1716086565.973942,519696384,0,0
1716086566.975089,519696384,0,0
1716086567.976246,519696384,300,300
1716086568.9767842,519696384,300,300
1716086569.9779508,519696384,333617930,333617930
1716086570.9791243,519696384,102033886,102033886
1716086571.9802783,519696384,0,0
1716086572.9807827,519696384,448,448
1716086573.9819345,519696384,152,152
1716086574.9830856,519696384,0,0
1716086575.9842787,519696384,590111963,590111963
1716086576.9847775,519696384,2398427934,2398427934
1716086577.9859252,519696384,690,690
1716086578.9870732,519696384,152,152
1716086579.9882221,519696384,0,0
1716086580.988784,519696384,0,0
1716086581.9900062,519696384,1393122258,1393122258
1716086582.9911969,519696384,812740877,812740877
1716086583.992391,519696384,7694,7694
1716086584.9928145,519696384,6862,6862
1716086585.9939952,519696384,6646,6646
1716086586.995168,519696384,6459,6459
1716086587.9963794,519696384,7832,7832
1716086588.996858,519696384,5245,5245
1716086589.9980454,519696384,9264,9264
1716086590.9992535,519696384,6792,6792
1716086592.000388,519696384,7291,7291
1716086593.0009089,519696384,2754,2754
1716086594.0021389,519696384,4887,4887
1716086595.0033312,519696384,9843,9843
1716086596.004518,519696384,5828,5828
1716086597.0048563,519696384,4889,4889
1716086598.0060582,519696384,5118,5118
1716086599.0072496,519696384,7594,7594
1716086600.0084405,519696384,4208,4208
1716086601.0088263,519696384,7418,7418
1716086602.0100124,519696384,4780,4780
1716086603.0112169,519696384,7045,7045
1716086604.0124216,519696384,7343,7343
1716086605.0128417,519696384,7019,7019
1716086606.014046,519696384,4698,4698
1716086607.0152314,519696384,4451,4451
1716086608.0164356,519696384,6311,6311
1716086609.0168366,519696384,6217,6217
1716086610.0180213,519696384,5437,5437
1716086611.019215,519696384,7289,7289
1716086612.0204048,519696384,4399,4399
1716086613.0208151,519696384,3464,3464
1716086614.0219755,519696384,9833,9833
1716086615.0231714,519696384,4593,4593
1716086616.024347,519696384,6955,6955
1716086617.0248315,519696384,5198,5198
1716086618.0260367,519696384,6778,6778
1716086619.0272052,519696384,6233,6233
1716086620.0283806,519696384,8792,8792
1716086621.028834,519696384,4625,4625
1716086622.0300736,519696384,7248,7248
1716086623.0313368,519696384,5527,5527
1716086624.0326037,519696384,4953,4953
1716086625.0332792,519696384,6885,6885
1716086626.0345883,519696384,1824,1824
1716086627.035869,519696384,8102,8102
1716086628.0368795,519696384,4689,4689
1716086629.0381675,519696384,6691,6691
1716086630.039379,519696384,5744,5744
1716086631.040685,519696384,5833,5833
1716086632.0420706,519696384,6457,6457
1716086633.0432954,519696384,4664,4664
1716086634.0445218,519696384,1185,1185
1716086635.0451007,519696384,52,52
1716086636.0463378,519696384,1761,1761
1716086637.0476558,519696384,6649,6649
1716086638.0489635,519696384,2458,2458
1716086639.050299,519696384,1223,1223
1716086640.0515037,519696384,1525,1525
1716086641.0527856,519696384,0,0
1716086642.0540676,519696384,303,303
1716086643.055308,519696384,1788,1788
1716086644.0565774,519696384,928,928
1716086645.0569687,519696384,0,0
1716086646.0582306,519696384,302,302
1716086647.059437,519696384,1533,1533
1716086648.0608015,519696384,1254,1254
1716086649.0620372,519696384,155,155
1716086650.0632312,519696384,1117,1117
1716086651.0645342,519696384,0,0
1716086652.0648983,519696384,302,302
1716086653.0661006,519696384,2981,2981
1716086654.0673852,519696384,155,155
1716086655.0686333,519696384,725,725
1716086656.068879,519696384,459,459
1716086657.0701928,519696384,277,277
1716086658.071444,519696384,922,922
1716086659.072702,519696384,1569,1569
1716086660.0740638,519696384,0,0
1716086661.0753205,519696384,720,720
1716086662.0765278,519696384,1521,1521
1716086663.0768883,519696384,404,404
1716086664.0781765,519696384,880,880
1716086665.0794125,519696384,170,170
1716086666.0806842,519696384,1346,1346
1716086667.0819123,519696384,731,731
1716086668.0831406,519696384,1191,1191
1716086669.0845423,519696384,5187,5187
1716086670.08489,519696384,2031,2031
1716086671.0859447,519696384,854,854
1716086672.0871558,519696384,2038,2038
1716086673.088349,519696384,1509,1509
1716086674.0888853,519696384,1222,1222
1716086675.0902112,519696384,1431,1431
1716086676.0914235,519696384,6040,6040
1716086677.0926194,519696384,4251,4251
1716086678.0928626,519696384,2707,2707
1716086679.0940666,519696384,3064,3064
1716086680.0952682,519696384,7484,7484
1716086681.0964563,519696384,4414,4414
1716086682.0976498,519696384,5674,5674
1716086683.0988684,519696384,10745,10745
1716086684.1000645,519696384,6948,6948
1716086685.1012986,519696384,5024,5024
1716086686.1038454,519696384,4955,4955
1716086687.1048167,519696384,5365,5365
1716086688.106032,519696384,4634,4634
1716086689.1072133,519696384,5733,5733
1716086690.1084032,519696384,6753,6753
1716086691.1088226,519696384,3692,3692
1716086692.1100404,519696384,5019,5019
1716086693.1112158,519696384,6416,6416
1716086694.1124117,519696384,6167,6167
1716086695.112874,519696384,9181,9181
1716086696.1140692,519696384,5125,5125
1716086697.1152766,519696384,6401,6401
1716086698.1164777,519696384,3796,3796
1716086699.1176383,519696384,4585,4585
1716086700.1188374,519696384,95878,95878
1716086701.1200144,519696384,5125,5125
1716086702.1208198,519696384,2115,2115
1716086703.1219914,519696384,6983,6983
1716086704.123206,519696384,6371,6371
1716086705.1244056,519696384,3459,3459
1716086706.1248295,519696384,2906,2906
1716086707.1260362,519696384,4070,4070
1716086708.1272576,519696384,5142,5142
1716086709.1284685,519696384,4378,4378
1716086710.1296964,519696384,6498,6498
1716086711.130901,519696384,4724,4724
1716086712.1320806,519696384,1687,1687
1716086713.132844,519696384,3490,3490
1716086714.1338027,519696384,7504,7504
1716086715.1350033,519696384,3350,3350
1716086716.1362267,519696384,4240,4240
1716086717.1368392,519696384,3654,3654
1716086718.1380396,519696384,3015,3015
1716086719.1392345,519696384,1834,1834
1716086720.1404312,519696384,0,0
1716086721.1408339,519696384,823,823
1716086722.142033,519696384,0,0
1716086723.1432297,519696384,564,564
1716086724.1444182,519696384,152,152
1716086725.1448364,519696384,0,0
1716086726.145047,519696384,0,0
1716086727.1462274,519696384,0,0
1716086728.1474216,519696384,396,396
1716086729.148606,519696384,1348224122,1348224122
1716086730.148829,519696384,523034590,523034590
1716086731.150052,519696384,1059,1059
1716086732.151237,519696384,0,0
1716086733.1520102,519696384,1210,1210
1716086734.152834,519696384,98679,98679
1716086735.1540225,519696384,1871873378,1871873378
1716086736.155196,519696384,294,294
1716086737.156384,519696384,98680,98680
1716086738.157569,519696384,553,553
1716086739.1587615,519696384,553248359,553248359
1716086740.1599565,519696384,308446986,308446986
1716086741.1611428,519696384,1010583264,1010583264
1716086742.1623242,519696384,0,0
1716086743.163498,519696384,448,448
1716086744.1647005,519696384,152,152
1716086745.1659353,519696384,0,0
1716086746.167124,519696384,2025,2025
1716086747.1683087,519696384,4171,4171
1716086748.1688285,519696384,5050,5050
1716086749.1700048,519696384,4817,4817
1716086750.1711936,519696384,3083,3083
1716086751.1717968,519696384,4089,4089
1716086752.1728065,519696384,4337,4337
1716086753.1739721,519696384,6011,6011
1716086754.174865,519696384,5219,5219
1716086755.1760495,519696384,4979,4979
1716086756.1768289,519696384,5980,5980
1716086757.1780047,519696384,1337,1337
1716086758.179182,519696384,3750,3750
1716086759.1803703,519696384,4507,4507
1716086760.1815495,519696384,4895,4895
1716086761.1827366,519696384,3105,3105
1716086762.1839113,519696384,4126,4126
1716086763.1848361,519696384,3324,3324
1716086764.186035,519696384,2914,2914
1716086765.1872623,519696384,4155,4155
1716086766.1884444,519696384,4296,4296
1716086767.1888368,519696384,3266,3266
1716086768.1900172,519696384,4714,4714
1716086769.191192,519696384,4541,4541
1716086770.1923764,519696384,4086,4086
1716086771.192836,519696384,4023,4023
1716086772.1940272,519696384,5493,5493
1716086773.1952093,519696384,4400,4400
1716086774.196387,519696384,4221,4221
1716086775.1975675,519696384,4023,4023
1716086776.198768,519696384,3622,3622
1716086777.199936,519696384,4197,4197
1716086778.2008514,519696384,4789,4789
1716086779.2020297,519696384,5087,5087
1716086780.2032232,519696384,2775,2775
1716086781.2043993,519696384,4185,4185
1716086782.20559,519696384,3514,3514
1716086783.2067833,519696384,4432,4432
1716086784.2079704,519696384,3405,3405
1716086785.2088768,519696384,2190,2190
1716086786.2100773,519696384,2588,2588
1716086787.2112644,519696384,4042,4042
1716086788.2124476,519696384,2686,2686
1716086789.2128375,519696384,3372,3372
1716086790.2140617,519696384,3901,3901
1716086791.2152514,519696384,3225,3225
1716086792.216481,519696384,4060,4060
1716086793.2168205,519696384,2768,2768
1716086794.2179937,519696384,5791,5791
1716086795.2191856,519696384,3282,3282
1716086796.220372,519696384,6267,6267
1716086797.2215495,519696384,4616,4616
1716086798.222741,519696384,5660,5660
1716086799.223922,519696384,4742,4742
1716086800.2248182,519696384,3598,3598
1716086801.2251177,519696384,2533,2533
1716086802.226294,519696384,5198,5198
1716086803.2271097,519696384,5031,5031
1716086804.2282875,519696384,4109,4109
1716086805.2288163,519696384,4654,4654
1716086806.2300074,519696384,4725,4725
1716086807.231188,519696384,2859,2859
1716086808.2323546,519696384,2455,2455
1716086809.232832,519696384,5062,5062
1716086810.2340019,519696384,4020,4020
1716086811.2351751,519696384,3583,3583
1716086812.2363613,519696384,4990,4990
1716086813.2372923,519696384,4795,4795
1716086814.2384617,519696384,4071,4071
1716086815.239628,519696384,3953,3953
1716086816.2407615,519696384,3708,3708
1716086817.241934,519696384,2613,2613
1716086818.243115,519696384,3922,3922
1716086819.2442899,519696384,4371,4371
1716086820.244819,519696384,2047,2047
1716086821.2460003,519696384,3700,3700
1716086822.2471724,519696384,4206,4206
1716086823.2483437,519696384,4534,4534
1716086824.2488089,519696384,4391,4391
1716086825.2499702,519696384,4091,4091
1716086826.2511444,519696384,2321,2321
1716086827.252314,519696384,4786,4786
1716086828.2528195,519696384,3652,3652
1716086829.2539902,519696384,3308,3308
1716086830.255168,519696384,3587,3587
1716086831.2563539,519696384,3199,3199
1716086832.2568433,519696384,13586,13586
1716086833.258008,519696384,14535,14535
1716086834.2591803,519696384,9192,9192
1716086835.2603433,519696384,2825,2825
1716086836.2615275,519696384,5889,5889
1716086837.2627158,519696384,3919,3919
1716086838.263877,519696384,2389,2389
1716086839.2648187,519696384,5037,5037
1716086840.26604,519696384,4436,4436
1716086841.2672057,519696384,3539,3539
1716086842.2684257,519696384,4090,4090
1716086843.268811,519696384,4301,4301
1716086844.2699826,519696384,3166,3166
1716086845.2711537,519696384,2422,2422
1716086846.2723284,519696384,4025,4025
1716086847.2728124,519696384,4234,4234
1716086848.2739933,519696384,3881,3881
1716086849.2751732,519696384,2942,2942
1716086850.2763557,519696384,4779,4779
1716086851.2768624,519696384,4000,4000
1716086852.2780201,519696384,5402,5402
1716086853.279199,519696384,4435,4435
1716086854.2803612,519696384,4227,4227
1716086855.2828927,519696384,3343,3343
1716086856.2843192,519696384,52,52
1716086857.2848537,519696384,316,316
1716086858.2861,519696384,459,459
1716086859.288166,519696384,154,154
1716086860.2888575,519696384,0,0
1716086861.2910516,519696384,0,0
1716086862.2922673,519696384,0,0
1716086863.2928522,519696384,448,448
1716086864.2949367,519696384,152,152
1716086865.296153,519696384,0,0
1716086866.2975407,519696384,0,0
1716086867.2989578,519696384,0,0
1716086868.300151,519696384,1340,1340
1716086869.300837,519696384,455,455
1716086870.3020325,519696384,99,99
1716086871.3032281,519696384,204,204
1716086872.3044124,519696384,0,0
1716086873.3048341,519696384,451,451
1716086874.3060422,519696384,152,152
1716086875.3072429,519696384,0,0
1716086876.308435,519696384,0,0
1716086877.3090212,519696384,0,0
1716086878.3101783,519696384,448,448
1716086879.3113632,519696384,152,152
1716086880.312536,519696384,0,0
1716086881.312809,519696384,0,0
1716086882.3139832,519696384,0,0
1716086883.3151555,519696384,448,448
1716086884.3163261,519696384,152,152
1716086885.3168237,519696384,190,190
1716086886.3179777,519696384,2280,2280
1716086887.3191392,519696384,0,0
1716086888.3203075,519696384,448,448
1716086889.3208299,519696384,152,152
1716086890.3219883,519696384,0,0
1716086891.3231497,519696384,0,0
1716086892.3243203,519696384,0,0
1716086893.3248134,519696384,448,448
1716086894.3260052,519696384,152,152
1716086895.3271763,519696384,0,0
1716086896.328346,519696384,0,0
1716086897.3287976,519696384,0,0
1716086898.3299532,519696384,392639544,392639544
1716086899.3311572,519696384,344,344
1716086900.3323195,519696384,0,0
1716086901.3327992,519696384,0,0
1716086902.3339505,519696384,392500215,392500215
1716086903.3351004,519696384,448,448
1716086904.3362606,519696384,152,152
1716086905.3368132,519696384,0,0
1716086906.3371809,519696384,17841277,17841277
1716086907.338378,519696384,921791427,921791427
1716086908.3395493,519696384,448,448
1716086909.3407593,519696384,152,152
1716086910.341936,519696384,2554,2554
1716086911.3431766,519696384,455521835,455521835
1716086912.344379,519696384,1583196743,1583196743
1716086913.3455873,519696384,4119,4119
1716086914.3467765,519696384,7069,7069
1716086915.3479793,519696384,3699,3699
1716086916.3488529,519696384,8435,8435
1716086917.3500342,519696384,6881,6881
1716086918.3512256,519696384,4586,4586
1716086919.352429,519696384,5188,5188
1716086920.3528302,519696384,4879,4879
1716086921.3540163,519696384,7151,7151
1716086922.3552222,519696384,7398,7398
1716086923.3564067,519696384,7772,7772
1716086924.356849,519696384,6091,6091
1716086925.3580315,519696384,2757,2757
1716086926.3592136,519696384,6990,6990
1716086927.3602936,519696384,4988,4988
1716086928.3615372,519696384,7519,7519
1716086929.362771,519696384,7646,7646
1716086930.3640108,519696384,5077,5077
1716086931.3652985,519696384,3859,3859
1716086932.366547,519696384,6976,6976
1716086933.367804,519696384,7393,7393
1716086934.3690422,519696384,7112,7112
1716086935.3703063,519696384,7253,7253
1716086936.3715308,519696384,7290,7290
1716086937.37275,519696384,2731,2731
1716086938.3739367,519696384,5888,5888
1716086939.3751185,519696384,5863,5863
1716086940.3763173,519696384,7399,7399
1716086941.376839,519696384,7704,7704
1716086942.3780448,519696384,6194,6194
1716086943.37922,519696384,4013,4013
1716086944.3804133,519696384,3071,3071
1716086945.3808594,519696384,4907,4907
1716086946.38205,519696384,6422,6422
1716086947.38324,519696384,4925,4925
1716086948.384421,519696384,7799,7799
1716086949.3848248,519696384,7944,7944
1716086950.3860447,519696384,7054,7054
1716086951.3872483,519696384,4681,4681
1716086952.388455,519696384,4505,4505
1716086953.3889396,519696384,5154,5154
1716086954.3902256,519696384,6636,6636
1716086955.3914652,519696384,5661,5661
1716086956.3927362,519696384,6841,6841
1716086957.3939886,519696384,2943,2943
1716086958.395307,519696384,5028,5028
1716086959.3965292,519696384,1346,1346
1716086960.396817,519696384,1856,1856
1716086961.3980052,519696384,0,0
1716086962.399196,519696384,303,303
1716086963.4004166,519696384,959,959
1716086964.400828,519696384,155,155
1716086965.402006,519696384,0,0
1716086966.4032009,519696384,0,0
1716086967.4043956,519696384,0,0
1716086968.4048526,519696384,448,448
1716086969.4060493,519696384,152,152
1716086970.4072568,519696384,0,0
1716086971.408469,519696384,0,0
1716086972.4088368,519696384,0,0
1716086973.4100285,519696384,448,448
1716086974.4112437,519696384,152,152
1716086975.4124494,519696384,0,0
1716086976.4136355,519696384,0,0
1716086977.414835,519696384,0,0
1716086978.416022,519696384,448,448
1716086979.4168224,519696384,152,152
1716086980.41801,519696384,0,0
1716086981.4192157,519696384,0,0
1716086982.4204137,519696384,0,0
1716086983.4208276,519696384,344,344
1716086984.4220204,519696384,152,152
1716086985.4232,519696384,0,0
1716086986.4243784,519696384,0,0
1716086987.4248116,519696384,0,0
1716086988.4260108,519696384,448,448
1716086989.427199,519696384,152,152
1716086990.4283888,519696384,0,0
1716086991.4288697,519696384,0,0
1716086992.4300554,519696384,0,0
1716086993.4312568,519696384,448,448
1716086994.4324403,519696384,290840998,290840998
1716086995.4328196,519696384,0,0
1716086996.4340098,519696384,0,0
1716086997.435196,519696384,0,0
1716086998.4364069,519696384,448,448
1716086999.4368436,519696384,152,152
1716087000.4380596,519696384,90962,90962
1716087001.4392846,519696384,17841247,17841247
1716087002.440518,519696384,1212053389,1212053389
1716087003.4409008,519696384,2242918065,2242918065
1716087004.4421268,519696384,152,152
1716087005.4433634,519696384,0,0
1716087006.4445832,519696384,2896,2896
1716087007.4448915,519696384,6291,6291
1716087008.4461539,519696384,6972,6972
1716087009.4474058,519696384,3999,3999
1716087010.4486883,519696384,5101,5101
1716087011.449955,519696384,6247,6247
1716087012.4512177,519696384,5751,5751
1716087013.4524658,519696384,6587,6587
1716087014.4536867,519696384,6259,6259
1716087015.4549196,519696384,5497,5497
1716087016.4561715,519696384,5403,5403
1716087017.4568956,519696384,4604,4604
1716087018.4581487,519696384,5833,5833
1716087019.459392,519696384,4643,4643
1716087020.4606636,519696384,4496,4496
1716087021.4613237,519696384,2264,2264
1716087022.4625292,519696384,5725,5725
1716087023.4637744,519696384,4957,4957
1716087024.464853,519696384,7449,7449
1716087025.46607,519696384,7057,7057
1716087026.4672794,519696384,6807,6807
1716087027.4684923,519696384,4940,4940
1716087028.4688616,519696384,4193,4193
1716087029.4700592,519696384,5957,5957
1716087030.4712737,519696384,4815,4815
1716087031.4724839,519696384,4858,4858
1716087032.4736817,519696384,6485,6485
1716087033.47429,519696384,8003,8003
1716087034.4754894,519696384,4067,4067
1716087035.4767253,519696384,7377,7377
1716087036.4770856,519696384,4173,4173
1716087037.4777927,519696384,6102,6102
1716087038.4790041,519696384,4750,4750
1716087039.4802153,519696384,5746,5746
1716087040.4810731,519696384,2820,2820
1716087041.4823265,519696384,2095,2095
1716087042.4835718,519696384,4314,4314
1716087043.4849014,519696384,5523,5523
1716087044.4861383,519696384,4176,4176
1716087045.486677,519696384,4797,4797
1716087046.4871101,519696384,4405,4405
1716087047.4883602,519696384,7198,7198
1716087048.4888752,519696384,2546,2546
1716087049.4901276,519696384,8498,8498
1716087050.4913878,519696384,6292,6292
1716087051.4925885,519696384,10208,10208
1716087052.4928942,519696384,9372,9372
1716087053.494192,519696384,1742,1742
1716087054.4954793,519696384,1241,1241
1716087055.4967604,519696384,1756,1756
1716087056.4980419,519696384,4892,4892
1716087057.4994898,519696384,21310,21310
1716087058.500834,519696384,9415,9415
1716087059.5020962,519696384,4177,4177
1716087060.503418,519696384,2069,2069
1716087061.5046654,519696384,4105,4105
1716087062.5059388,519696384,2199,2199
1716087063.5071614,519696384,175525,175525
1716087064.5083935,519696384,12808,12808
1716087065.5088966,519696384,5687,5687
1716087066.510181,519696384,3826,3826
1716087067.5114613,519696384,6492,6492
1716087068.5127168,519696384,6620,6620
1716087069.5139134,519696384,5690,5690
1716087070.5151913,519696384,2481,2481
1716087071.5165155,519696384,3048,3048
1716087072.516929,519696384,9563,9563
1716087073.5181959,519696384,2440,2440
1716087074.5194361,519696384,1171,1171
1716087075.5208273,519696384,6605,6605
1716087076.5221858,519696384,3863,3863
1716087077.523426,519696384,354,354
1716087078.5246859,519696384,1643,1643
1716087079.5259497,519696384,1579,1579
1716087080.5272117,519696384,781,781
1716087081.5284593,519696384,454,454
1716087082.5289016,519696384,1052,1052
1716087083.5301862,519696384,325,325
1716087084.5314703,519696384,3681,3681
1716087085.5327613,519696384,2736,2736
1716087086.5340455,519696384,790,790
1716087087.535462,519696384,742,742
1716087088.5367837,519696384,1901,1901
1716087089.5380929,519696384,157,157
1716087090.5393918,519696384,930,930
1716087091.5407915,519696384,486,486
1716087092.542078,519696384,152,152
1716087093.543302,519696384,2717,2717
1716087094.5445743,519696384,342,342
1716087095.5449493,519696384,591,591
1716087096.5462031,519696384,1526,1526
1716087097.5475078,519696384,2261,2261
1716087098.5488114,519696384,3257,3257
1716087099.5500422,519696384,1969,1969
1716087100.551326,519696384,742,742
1716087101.5525753,519696384,3030,3030
1716087102.5529237,519696384,3300,3300
1716087103.554147,519696384,7928,7928
1716087104.5553632,519696384,6722,6722
1716087105.5565686,519696384,1714,1714
1716087106.5577917,519696384,7170,7170
1716087107.5590014,519696384,13399,13399
1716087108.5602179,519696384,5707,5707
1716087109.5614402,519696384,11765,11765
1716087110.562647,519696384,4437,4437
1716087111.563875,519696384,6029,6029
1716087112.5650918,519696384,4147,4147
1716087113.566301,519696384,4872,4872
1716087114.5675163,519696384,4342,4342
1716087115.5687537,519696384,6596,6596
1716087116.5699868,519696384,4490,4490
1716087117.5712588,519696384,6875,6875
1716087118.5724807,519696384,7380,7380
1716087119.5728438,519696384,4554,4554
1716087120.5740473,519696384,6618,6618
1716087121.5752635,519696384,7202,7202
1716087122.5764694,519696384,7594,7594
1716087123.577674,519696384,7230,7230
1716087124.578881,519696384,5471,5471
1716087125.5800917,519696384,1640,1640
1716087126.580854,519696384,4873,4873
1716087127.5815375,519696384,4734,4734
1716087128.5827348,519696384,1715,1715
1716087129.583946,519696384,4132,4132
1716087130.5851555,519696384,2914,2914
1716087131.5863383,519696384,3881,3881
1716087132.5875375,519696384,4994,4994
1716087133.5887797,519696384,5427,5427
1716087134.589993,519696384,4512,4512
1716087135.5906434,519696384,3504,3504
1716087136.5918796,519696384,3522,3522
1716087137.5930927,519696384,4178,4178
1716087138.5943198,519696384,4457,4457
1716087139.5955486,519696384,5367,5367
1716087140.5968041,519696384,2967,2967
1716087141.598023,519696384,2630,2630
1716087142.5992467,519696384,5075,5075
1716087143.600463,519696384,3266,3266
1716087144.600849,519696384,1363,1363
1716087145.6020691,519696384,1073,1073
1716087146.6033144,519696384,0,0
1716087147.6045547,519696384,311,311
1716087148.604863,519696384,611,611
1716087149.606124,519696384,0,0
1716087150.6073713,519696384,0,0
1716087151.6079736,519696384,914,914
1716087152.6088712,519696384,0,0
1716087153.6100981,519696384,798,798
1716087154.61135,519696384,0,0
1716087155.612561,519696384,0,0
1716087156.612865,519696384,760,760
1716087157.6133091,519696384,1871774018,1871774018
1716087158.6145525,519696384,457,457
1716087159.6150723,519696384,341,341
1716087160.6163108,519696384,0,0
1716087161.6168845,519696384,707,707
1716087162.6181173,519696384,1461807500,1461807500
1716087163.619369,519696384,1949269234,1949269234
1716087164.6205666,519696384,98226361,98226361
1716087165.6208272,519696384,52,52
1716087166.6220236,519696384,104,104
1716087167.623228,519696384,104,104
1716087168.624429,519696384,600,600
1716087169.6248646,519696384,238172898,238172898
1716087170.6261113,519696384,432,432
1716087171.6273544,519696384,0,0
1716087172.6285877,519696384,0,0
1716087173.6288602,519696384,600,600
1716087174.6291454,519696384,0,0
1716087175.6303515,519696384,1325,1325
1716087176.6315682,519696384,2354,2354
1716087177.6328025,519696384,2641,2641
1716087178.6336355,519696384,7040,7040
1716087179.6348295,519696384,4554,4554
1716087180.6360292,519696384,1170,1170
1716087181.636846,519696384,680,680
1716087182.638067,519696384,3207,3207
1716087183.639276,519696384,3503,3503
1716087184.6404748,519696384,6143,6143
1716087185.6408386,519696384,4743,4743
1716087186.642036,519696384,2615,2615
1716087187.6432524,519696384,2722,2722
1716087188.6444569,519696384,1691,1691
1716087189.6448448,519696384,703,703
1716087190.6460638,519696384,3188,3188
1716087191.647271,519696384,6488,6488
1716087192.648473,519696384,3218,3218
1716087193.6488469,519696384,2987,2987
1716087194.6500502,519696384,4107,4107
1716087195.6512744,519696384,3880,3880
1716087196.6524777,519696384,2321,2321
1716087197.6528466,519696384,4717,4717
1716087198.6540513,519696384,5220,5220
1716087199.6552567,519696384,5170,5170
1716087200.6564565,519696384,3917,3917
1716087201.6568346,519696384,4839,4839
1716087202.65804,519696384,3434,3434
1716087203.6592376,519696384,4256,4256
1716087204.6604428,519696384,6331,6331
1716087205.66084,519696384,3764,3764
1716087206.6611733,519696384,6312,6312
1716087207.662485,519696384,3114,3114
1716087208.6637518,519696384,3170,3170
1716087209.665011,519696384,2325,2325
1716087210.6662972,519696384,1938,1938
1716087211.66764,519696384,2597,2597
1716087212.6689591,519696384,2388,2388
1716087213.67036,519696384,6058,6058
1716087214.6716738,519696384,3538,3538
1716087215.672959,519696384,1124,1124
1716087216.6742287,519696384,2554,2554
1716087217.6754963,519696384,1758,1758
1716087218.6768284,519696384,3916,3916
1716087219.6781728,519696384,3516,3516
1716087220.6794183,519696384,5315,5315
1716087221.6808193,519696384,4258,4258
1716087222.68207,519696384,6551,6551
1716087223.6833465,519696384,6204,6204
1716087224.6845973,519696384,3472,3472
1716087225.68586,519696384,3328,3328
1716087226.6871326,519696384,5413,5413
1716087227.6884265,519696384,4484,4484
1716087228.689679,519696384,6588,6588
1716087229.6909559,519696384,4951,4951
1716087230.6922035,519696384,2335,2335
1716087231.692836,519696384,1170,1170
1716087232.6940444,519696384,4299,4299
1716087233.695266,519696384,4607,4607
1716087234.696483,519696384,4399,4399
1716087235.6968422,519696384,2923,2923
1716087236.6980383,519696384,2036,2036
1716087237.6992788,519696384,2554,2554
1716087238.7004766,519696384,1971,1971
1716087239.7008681,519696384,4977,4977
1716087240.702071,519696384,2164,2164
1716087241.7033033,519696384,6106,6106
1716087242.7045252,519696384,500,500
1716087243.7048619,519696384,5501,5501
1716087244.706076,519696384,2830,2830
1716087245.7072759,519696384,2539,2539
1716087246.7083158,519696384,3955,3955
1716087247.7088766,519696384,3559,3559
1716087248.7101195,519696384,4630,4630
1716087249.711375,519696384,3168,3168
1716087250.7126298,519696384,3547,3547
1716087251.713897,519696384,1710,1710
1716087252.7151687,519696384,5024,5024
1716087253.716432,519696384,4759,4759
1716087254.7176943,519696384,3872,3872
1716087255.7189457,519696384,4032,4032
1716087256.7202187,519696384,3252,3252
1716087257.7214835,519696384,3881,3881
1716087258.7227364,519696384,5953,5953
1716087259.7239687,519696384,2615,2615
1716087260.725227,519696384,3903,3903
1716087261.7264733,519696384,5629,5629
1716087262.7277112,519696384,3402,3402
1716087263.728972,519696384,3996,3996
1716087264.7302396,519696384,3092,3092
1716087265.7314887,519696384,4420,4420
1716087266.7327971,519696384,3980,3980
1716087267.734054,519696384,3830,3830
1716087268.735293,519696384,4812,4812
1716087269.7365434,519696384,1537,1537
1716087270.7377806,519696384,1541,1541
1716087271.7390134,519696384,7181,7181
1716087272.7402651,519696384,2137,2137
1716087273.7415497,519696384,15709,15709
1716087274.7428305,519696384,11524,11524
1716087275.7441099,519696384,6653,6653
1716087276.7449026,519696384,2037,2037
1716087277.7461548,519696384,3387,3387
1716087278.7474124,519696384,5382,5382
1716087279.7487311,519696384,3252,3252
1716087280.749985,519696384,6029,6029
1716087281.7512572,519696384,6958,6958
1716087282.7524974,519696384,9340,9340
1716087283.7529073,519696384,5323,5323
1716087284.7541583,519696384,4580,4580
1716087285.7554634,519696384,6346,6346
1716087286.757242,519696384,4317,4317
1716087287.758513,519696384,52,52
1716087288.7597697,519696384,618,618
1716087289.761046,519696384,0,0
1716087290.7623014,519696384,0,0
1716087291.763708,519696384,0,0
1716087292.7650173,519696384,0,0
1716087293.7662718,519696384,496,496
1716087294.7676125,519696384,0,0
1716087295.768884,519696384,0,0
1716087296.7703593,519696384,0,0
1716087297.771612,519696384,0,0
1716087298.7728794,519696384,600,600
1716087299.7740757,519696384,1178,1178
1716087300.7753136,519696384,90892,90892
1716087301.7756982,519696384,310,310
1716087302.7769794,519696384,0,0
1716087303.7783382,519696384,612,612
1716087304.7796626,519696384,0,0
1716087305.780869,519696384,0,0
1716087306.7820888,519696384,0,0
1716087307.7833047,519696384,0,0
1716087308.7845047,519696384,600,600
1716087309.784837,519696384,0,0
1716087310.7860363,519696384,0,0
1716087311.7872555,519696384,0,0
1716087312.7884703,519696384,0,0
1716087313.788853,519696384,600,600
1716087314.7898498,519696384,0,0
1716087315.791124,519696384,0,0
1716087316.792346,519696384,1520,1520
1716087317.7928617,519696384,0,0
1716087318.7940664,519696384,496,496
1716087319.7952836,519696384,0,0
1716087320.7965271,519696384,0,0
1716087321.797758,519696384,0,0
1716087322.7989833,519696384,0,0
1716087323.8002052,519696384,600,600
1716087324.8014145,519696384,0,0
1716087325.802604,519696384,0,0
1716087326.8038242,519696384,0,0
1716087327.8050263,519696384,0,0
1716087328.8062232,519696384,600,600
1716087329.8074105,519696384,0,0
1716087330.8086011,519696384,0,0
1716087331.8098054,519696384,0,0
1716087332.8110266,519696384,0,0
1716087333.8122504,519696384,600,600
1716087334.81349,519696384,0,0
1716087335.8147182,519696384,0,0
1716087336.8159335,519696384,0,0
1716087337.81715,519696384,33608613,33608613
1716087338.8183458,519696384,753768411,753768411
1716087339.8195376,519696384,294,294
1716087340.8207536,519696384,0,0
1716087341.8218977,519696384,0,0
1716087342.8231232,519696384,34643109,34643109
1716087343.8244534,1386246144,2552957068,2552957068
1716087347.3048992,3614121984,388973376,388973376
1716087348.334178,3720892416,7167,7167
1716087349.3497949,3720892416,4766,4766
1716087350.3565476,3721383936,5789,5789
1716087351.3831124,3721383936,7690,7690
1716087352.396831,3721383936,7115,7115
1716087353.3981364,3721875456,7816,7816
1716087354.4011483,3722366976,7562,7562
1716087355.414434,3722858496,4504,4504
1716087356.439757,3723350016,2535,2535
1716087357.4527888,3723841536,5084,5084
1716087358.4780216,3723841536,4191,4191
1716087359.4938834,3726790656,4169,4169
1716087360.5162978,3729248256,6351,6351
1716087361.5473552,3730231296,4670,4670
1716087362.5664473,3730722816,4069,4069
1716087363.567626,3731214336,7662,7662
1716087364.5816033,3731705856,4739,4739
1716087365.5968008,3732688896,4920,4920
1716087366.5988128,3732688896,6644,6644
1716087367.6091871,3742232576,7279,7279
1716087368.6237924,3742232576,4754,4754
1716087369.6306617,3743707136,7654,7654
1716087370.64625,3743707136,8118,8118
1716087371.6514895,3744198656,5068,5068
1716087372.657786,3744690176,7071,7071
1716087373.6640258,3755995136,7829,7829
1716087374.6870575,3772006400,4914,4914
1716087375.7036152,3772497920,4685,4685
1716087376.7118816,3772989440,6453,6453
1716087377.718328,3773480960,4459,4459
1716087378.7323844,3774464000,5435,5435
1716087379.7482274,3774464000,7452,7452
1716087380.75409,3775938560,4302,4302
1716087381.7661521,3775938560,7177,7177
1716087382.7820795,3776921600,7598,7598
1716087383.7955084,3817717760,7522,7522
1716087384.8119836,3818700800,7812,7812
1716087385.8260639,3844259840,2026,2026
1716087386.83144,3844751360,6137,6137
1716087387.8327255,3845734400,4786,4786
1716087388.84503,3845734400,7373,7373
1716087389.8530896,3845734400,6276,6276
1716087390.8543167,3848683520,1237,1237
1716087391.8555503,3848683520,2942,2942
1716087392.856852,3879772160,2539,2539
1716087393.8580682,3901784064,2379,2379
1716087394.859394,3945598976,2361,2361
1716087395.8606265,2650030080,1959,1959
1716087396.861872,2650030080,2304,2304
1716087397.8630974,2650030080,0,0
1716087398.8643222,2650030080,774,774
1716087399.8648586,2650030080,0,0
1716087400.8661048,2650030080,0,0
1716087401.8673315,2650030080,4733,4733
1716087402.8685613,2650030080,0,0
1716087403.869796,2650030080,564,564
1716087404.8710227,2650030080,0,0
1716087405.8722532,2650030080,0,0
1716087406.8735342,2650030080,277,277
1716087407.8747652,2650030080,3248,3248
1716087408.876002,2650030080,1379,1379
1716087409.876852,2650030080,0,0
1716087410.8780727,2650030080,311,311
1716087411.8793213,2650030080,1963,1963
1716087412.880549,2650030080,289,289
1716087413.8808665,2650030080,561,561
1716087414.8820913,2650030080,0,0
1716087415.8833363,2650030080,0,0
1716087416.8845432,2650030080,0,0
1716087417.884867,2650030080,0,0
1716087418.8860824,2650030080,548,548
1716087419.887281,2650030080,0,0
1716087420.8885002,2650030080,0,0
1716087421.8888564,2650030080,0,0
1716087422.8900752,2650030080,0,0
1716087423.8912933,2650030080,496,496
1716087424.8925188,2650030080,0,0
1716087425.892879,2668707840,51431227,51431227
1716087426.894106,2668707840,0,0
1716087427.8953407,2668707840,0,0
1716087428.8965585,2668707840,600,600
1716087429.897778,2668707840,0,0
1716087430.898994,2668707840,34644981,34644981
1716087431.9002085,2668707840,0,0
1716087432.9008524,2668707840,0,0
1716087433.9021149,2730147840,194899448,194899448
1716087434.9033384,2898739200,338315620,338315620
1716087435.9045434,2898739200,0,0
1716087436.9057612,2898739200,0,0
1716087437.9070008,2898739200,0,0
1716087438.908244,2898739200,4201342,4201342
1716087442.597484,5589999616,3140179509,3140179509
1716087443.6150868,4863512576,6372,6372
1716087444.6487575,4863512576,2826,2826
1716087445.6698387,4863512576,6823,6823
1716087446.6750374,4863512576,5602,5602
1716087447.6969237,4863512576,6969,6969
1716087448.707989,4863512576,8195,8195
1716087449.7354949,4863512576,4963,4963
1716087450.739994,4863512576,1490,1490
1716087451.7628853,4863512576,6137,6137
1716087452.7686608,4863512576,7250,7250
1716087453.7940257,4863512576,8057,8057
1716087454.8005166,4864004096,5710,5710
1716087455.8243642,4864004096,6338,6338
1716087456.843219,4864004096,2217,2217
1716087457.844748,4864004096,6344,6344
1716087458.849651,4864004096,5245,5245
1716087459.8868797,4864004096,6866,6866
1716087460.8983986,4864004096,5515,5515
1716087461.9186268,4864004096,6649,6649
1716087462.9339986,4864004096,4582,4582
1716087463.9375007,4864004096,3166,3166
1716087464.961528,4864004096,6434,6434
1716087465.9759984,4864004096,3501,3501
1716087466.9913328,4864004096,7658,7658
1716087468.0089297,4864004096,7672,7672
1716087469.0101693,4864004096,8240,8240
1716087470.028474,4864004096,4701,4701
1716087471.0399554,4864004096,4688,4688
1716087472.041913,4864004096,4748,4748
1716087473.0679166,4864004096,7063,7063
1716087474.0717843,4864004096,7214,7214
1716087475.084838,4864004096,6999,6999
1716087476.1009889,4864004096,4790,4790
1716087477.1184533,4864004096,6728,6728
1716087478.1317868,4864004096,7195,7195
1716087479.146329,4864004096,7901,7901
1716087480.1551597,4864004096,7664,7664
1716087481.171066,4864004096,6192,6192
1716087482.1830976,4864004096,3052,3052
1716087483.1944733,4864004096,5520,5520
1716087484.2065244,4864004096,7784,7784
1716087485.2077658,4866461696,5497,5497
1716087486.208951,4866461696,4309,4309
1716087487.2093925,4864618496,2917,2917
1716087488.2106707,4864618496,854,854
1716087489.2119894,4864618496,888,888
1716087490.212956,4864618496,734,734
1716087491.2142494,4864618496,745,745
1716087492.2156062,4864618496,726,726
1716087493.216897,4864618496,1554,1554
1716087494.2181342,4864618496,885,885
1716087495.219434,4866007040,166,166
1716087496.2207296,4866007040,1340,1340
1716087497.2223568,4866007040,738,738
1716087498.223647,4866007040,1078,1078
1716087499.224876,4866007040,1101,1101
1716087500.2262235,5067038720,562,562
1716087501.2275298,4865732608,0,0
1716087502.228787,4865732608,934,934
1716087503.230064,4865732608,1570,1570
1716087504.2303493,4865732608,155,155
1716087505.231622,4865732608,731,731
1716087506.2328503,4865732608,1243,1243
1716087507.234133,4865732608,285,285
1716087508.2353704,4865732608,586,586
1716087509.2366238,4865732608,2153,2153
1716087510.2369692,4865732608,0,0
1716087511.2382224,4865732608,786,786
1716087512.2394419,4865732608,686,686
1716087513.2400186,5065781248,7016,7016
1716087514.2409325,4864524288,10030,10030
1716087515.2422187,4864524288,5877,5877
1716087516.2434683,4864524288,4170,4170
1716087517.2447898,4867432448,0,0
1716087518.246081,4867432448,2022,2022
1716087519.24738,4867432448,2865,2865
1716087520.2487645,4865515520,0,0
1716087521.2500231,4865515520,1704,1704
1716087522.251317,4865515520,2997,2997
1716087523.252613,4865515520,1200,1200
1716087524.2530797,4865515520,1570,1570
1716087525.2544165,4865515520,811,811
1716087526.2557085,4865515520,0,0
1716087527.2569268,4865515520,1465,1465
1716087528.2582653,4865515520,404,404
1716087529.2595265,4865515520,649,649
1716087530.2608385,4865515520,2271,2271
1716087531.2621324,4865515520,0,0
1716087532.2634785,4865515520,1879,1879
1716087533.2647753,4865515520,405,405
1716087534.2661548,4865515520,325,325
1716087535.2673957,4865515520,2098,2098
1716087536.2688007,4865515520,0,0
1716087537.2700825,4865515520,1090,1090
1716087538.2713733,4865515520,1241,1241
1716087539.2729461,4865515520,3183,3183
1716087540.299647,4870430720,4678,4678
1716087541.3194883,4870430720,501,501
1716087542.3388698,4870430720,2451,2451
1716087543.3584192,4870430720,5260,5260
1716087544.3771408,4870430720,6449,6449
1716087545.3805375,4870430720,5823,5823
1716087546.4094124,4870430720,6169,6169
1716087547.4120228,4870430720,4644,4644
1716087548.4356334,4870430720,4027,4027
1716087549.4603713,4870430720,5908,5908
1716087550.4882977,4870430720,3402,3402
1716087551.5168984,4870430720,5618,5618
1716087552.5263507,4870430720,5112,5112
1716087553.5609984,4870430720,3327,3327
1716087554.5660994,4870430720,5880,5880
1716087555.581781,4870430720,6750,6750
1716087556.600047,4870430720,4704,4704
1716087557.6100693,4889600000,6618,6618
1716087558.627738,4927447040,7725,7725
1716087559.6288502,4968243200,5573,5573
1716087560.63041,5015429120,4952,4952
1716087561.63371,5062615040,3900,3900
1716087562.6353104,5109800960,3790,3790
1716087563.6379,5156986880,4585,4585
1716087564.6481066,5204172800,5084,5084
1716087565.678766,5235630080,1493,1493
1716087566.7111216,5289267200,4862,4862
1716087567.7232318,5374558208,4001,4001
1716087568.7408702,5396185088,4888,4888
1716087569.747536,5472157696,6076,6076
1716087570.7504358,5547675648,5021,5021
1716087571.7724512,5553573888,5500,5500
1716087572.8023634,5645254656,5710,5710
1716087573.8196218,5720862720,7078,7078
1716087574.8505335,5726760960,5332,5332
1716087575.8653333,5799014400,4856,4856
1716087576.8771057,5887623168,4559,4559
1716087577.882559,5931368448,4967,4967
1716087578.9028447,6048301056,5193,5193
1716087579.9348335,6063538176,5460,5460
1716087581.013849,6208606208,5125,5125
1716087598.2171812,7338954752,164995,164995
1716087599.218411,7983632384,1871633177,1871633177
1716087600.218678,7983632384,1153,1153
1716087601.2198758,7983632384,91085,91085
1716087602.2210681,7983632384,158,158
1716087603.2222595,7983632384,631689870,631689870
1716087604.2234664,7983632384,2482467320,2482467320
1716087605.2246873,7983632384,521249820,521249820
1716087606.2259138,7983632384,52,52
1716087607.2271128,7983632384,2457,2457
1716087608.2283192,7983632384,1032,1032
1716087609.2296174,7983632384,110058570,110058570
1716087610.2308278,7983632384,451,451
1716087611.2320256,7983632384,719,719
1716087612.2332642,7983632384,1441,1441
1716087613.2344491,7983632384,683,683
1716087614.2356322,7983632384,157,157
1716087615.2368202,7983632384,489,489
1716087616.237996,7983632384,6553,6553
1716087617.23918,7983632384,4039,4039
1716087618.2403712,7983632384,1993,1993
1716087619.24082,7983632384,5614,5614
1716087620.2420025,7983632384,3624,3624
1716087621.24319,7983632384,3853,3853
1716087622.2443812,7983632384,6435,6435
1716087623.244828,7983632384,3432,3432
1716087624.2460275,7983632384,3883,3883
1716087625.2472205,7983632384,3119,3119
1716087626.2484128,7983632384,5548,5548
1716087627.249609,7983632384,2347,2347
1716087628.250812,7983632384,5107,5107
1716087629.2520015,7983632384,6672,6672
1716087630.2531948,7983632384,3307,3307
1716087631.2543871,7983632384,4962,4962
1716087632.2555833,7983632384,5204,5204
1716087633.2568367,7983632384,3585,3585
1716087634.25804,7983632384,3702,3702
1716087635.2592452,7983632384,4156,4156
1716087636.2604353,7983632384,3974,3974
1716087637.260817,7983632384,4575,4575
1716087638.2620037,7983632384,4852,4852
1716087639.2631845,7983632384,3702,3702
1716087640.2643795,7983632384,5891,5891
1716087641.2655625,7983632384,3976,3976
1716087642.2667599,7983632384,4173,4173
1716087643.2679489,7983632384,4639,4639
1716087644.269145,7983632384,3274,3274
1716087645.270358,7983632384,2203,2203
1716087646.2715433,7983632384,4080,4080
1716087647.2727633,7983632384,6053,6053
1716087648.2739685,7983632384,4377,4377
1716087649.2751462,7983632384,4522,4522
1716087650.276349,7983632384,2801,2801
1716087651.2775414,7983632384,2542,2542
1716087652.2787251,7983632384,3574,3574
1716087653.279919,7983632384,3778,3778
1716087654.281115,7983632384,3259,3259
1716087655.282318,7983632384,2322,2322
1716087656.2835066,7983632384,3759,3759
1716087657.284711,7983632384,3343,3343
1716087658.2859316,7983632384,3087,3087
1716087659.2871237,7983632384,5134,5134
1716087660.288322,7983632384,6240,6240
1716087661.2894988,7983632384,4195,4195
1716087662.2906926,7983632384,4865,4865
1716087663.2918847,7983632384,4111,4111
1716087664.2928283,7983632384,4204,4204
1716087665.294018,7983632384,3438,3438
1716087666.295217,7983632384,4046,4046
1716087667.2964063,7983632384,4274,4274
1716087668.2975976,7983632384,3383,3383
1716087669.2987864,7983632384,5870,5870
1716087670.2999842,7983632384,4815,4815
1716087671.3011727,7983632384,4083,4083
1716087672.3023574,7983632384,6202,6202
1716087673.3035476,7983632384,4948,4948
1716087674.3047538,7983632384,4352,4352
1716087675.305953,7983632384,2206,2206
1716087676.3071492,7983632384,4827,4827
1716087677.308393,7983632384,3699,3699
1716087678.3088236,7983632384,3295,3295
1716087679.310008,7983632384,3530,3530
1716087680.3111954,7983632384,3482,3482
1716087681.312407,7983632384,1863,1863
1716087682.312813,7983632384,6201,6201
1716087683.3140025,7983632384,4717,4717
1716087684.3151834,7983632384,4314,4314
1716087685.3163705,7983632384,3951,3951
1716087686.3175642,7983632384,4138,4138
1716087687.3187523,7983632384,2963,2963
1716087688.3199456,7983632384,2749,2749
1716087689.3211482,7983632384,2810,2810
1716087690.3223433,7983632384,4187,4187
1716087691.323548,7983632384,4058,4058
1716087692.3247788,7983632384,2702,2702
1716087693.3259945,7983632384,3938,3938
1716087694.3271735,7983632384,3944,3944
1716087695.3283732,7983632384,3979,3979
1716087696.3295727,7983632384,3109,3109
1716087697.3307571,7983632384,3562,3562
1716087698.3319519,7983632384,4563,4563
1716087699.33313,7983632384,4315,4315
1716087700.334324,7983632384,5504,5504
1716087701.3355172,7983632384,4939,4939
1716087702.3366818,7983632384,5122,5122
1716087703.3378718,7983632384,3368,3368
1716087704.3390524,7983632384,4567,4567
1716087705.3402405,7983632384,2948,2948
1716087706.340827,7983632384,4715,4715
1716087707.3420043,7983632384,2944,2944
1716087708.3431845,7983632384,4126,4126
1716087709.3443835,7983632384,3987,3987
1716087710.345576,7983632384,3454,3454
1716087711.346753,7983632384,1864,1864
1716087712.3479464,7983632384,202,202
1716087713.348826,7983632384,5342,5342
1716087714.350013,7983632384,4596,4596
1716087715.351214,7983632384,1002,1002
1716087716.3523989,7983632384,2551,2551
1716087717.3535984,7983632384,4001,4001
1716087718.3548563,7983632384,2648,2648
1716087719.3560297,7983632384,4889,4889
1716087720.3572187,7983632384,5725,5725
1716087721.358422,7983632384,6030,6030
1716087722.3596244,7983632384,4187,4187
1716087723.3608851,7983632384,5906,5906
1716087724.3622732,7983632384,3481,3481
1716087725.3635185,7983632384,1196,1196
1716087726.3649151,7983632384,152,152
1716087727.367067,7983632384,158,158
1716087728.3682954,7983632384,456,456
1716087729.3688533,7983632384,155,155
1716087730.3702297,7983632384,0,0
1716087731.3716683,7983632384,0,0
1716087732.3728585,7983632384,0,0
1716087733.3740911,7983632384,448,448
1716087734.375352,7983632384,152,152
1716087735.3776782,7983632384,0,0
1716087736.3787303,7983632384,0,0
1716087737.3799403,7983632384,1092,1092
1716087738.3808372,7983632384,402,402
1716087739.3820179,7983632384,155,155
1716087740.3832016,7983632384,950,950
1716087741.384384,7983632384,0,0
1716087742.3848348,7983632384,0,0
1716087743.3860445,7983632384,448,448
1716087744.387228,7983632384,152,152
1716087745.3884268,7983632384,0,0
1716087746.3896194,7983632384,0,0
1716087747.3908176,7983632384,0,0
1716087748.392011,7983632384,448,448
1716087749.3926034,7983632384,152,152
1716087750.3938043,7983632384,0,0
1716087751.39502,7983632384,0,0
1716087752.3962004,7983632384,0,0
1716087753.3974023,7983632384,344,344
1716087754.3985977,7983632384,152,152
1716087755.399802,7983632384,0,0
1716087756.4008296,7983632384,0,0
1716087757.4020107,7983632384,0,0
1716087758.4025683,7983632384,448,448
1716087759.4037564,7983632384,152,152
1716087760.4048123,7983632384,0,0
1716087761.4060364,7983632384,0,0
1716087762.4072168,7983632384,0,0
1716087763.4083967,7983632384,448,448
1716087764.4088116,7983632384,152,152
1716087765.4099896,7983632384,0,0
1716087766.4111826,7983632384,4200222,4200222
1716087767.4123769,7983632384,52,52
1716087768.4135883,7983632384,448,448
1716087769.4147785,7983632384,152,152
1716087770.4159753,7983632384,0,0
1716087771.4171963,7983632384,5248313,5248313
1716087772.4183917,7983632384,0,0
1716087773.4195964,7983632384,152,152
1716087774.4208133,7983632384,344,344
1716087775.4220195,7983632384,355775790,355775790
1716087776.4232352,7983632384,1943119620,1943119620
1716087777.424441,7983632384,104,104
1716087778.425648,7983632384,448,448
1716087779.426876,7983632384,1773,1773
1716087780.428139,7983632384,945571381,945571381
1716087781.4288816,7983632384,509884250,509884250
1716087782.430105,7983632384,4146,4146
1716087783.4313526,7983632384,4629,4629
1716087784.4325774,7983632384,8233,8233
1716087785.4328759,7983632384,3865,3865
1716087786.434097,7983632384,7359,7359
1716087787.4347808,7983632384,4918,4918
1716087788.435964,7983632384,4753,4753
1716087789.436834,7983632384,4789,4789
1716087790.4380229,7983632384,7628,7628
1716087791.4392104,7983632384,5105,5105
1716087792.4403985,7983632384,3941,3941
1716087793.4408257,7983632384,6796,6796
1716087794.4420168,7983632384,8511,8511
1716087795.443204,7983632384,7118,7118
1716087796.4443996,7983632384,7693,7693
1716087797.4448278,7983632384,4330,4330
1716087798.4460306,7983632384,4551,4551
1716087799.447202,7983632384,4597,4597
1716087800.4484046,7983632384,8070,8070
1716087801.4488237,7983632384,7122,7122
1716087802.4499898,7983632384,4808,4808
1716087803.4511669,7983632384,4674,4674
1716087804.4522727,7983632384,5879,5879
1716087805.4535146,7983632384,6250,6250
1716087806.4547486,7983632384,5981,5981
1716087807.4559817,7983632384,4737,4737
1716087808.457218,7983632384,7436,7436
1716087809.458445,7983632384,3186,3186
1716087810.459675,7983632384,6811,6811
1716087811.4608984,7983632384,4232,4232
1716087812.4621239,7983632384,4203,4203
1716087813.4633625,7983632384,6534,6534
1716087814.4645932,7983632384,6338,6338
1716087815.465834,7983632384,2985,2985
1716087816.4670694,7983632384,6461,6461
1716087817.4683056,7983632384,4955,4955
1716087818.4688625,7983632384,7456,7456
1716087819.470089,7983632384,7537,7537
1716087820.4713342,7983632384,7135,7135
1716087821.4725735,7983632384,7002,7002
1716087822.473803,7983632384,3588,3588
1716087823.4750962,7983632384,5035,5035
1716087824.4764748,7983632384,5324,5324
1716087825.4768376,7983632384,5448,5448
1716087826.4780736,7983632384,4388,4388
1716087827.47953,7983632384,4186,4186
1716087828.4807453,7983632384,2427,2427
1716087829.481926,7983632384,1086,1086
1716087830.4831035,7983632384,0,0
1716087831.4841928,7983632384,303,303
1716087832.4853787,7983632384,0,0
1716087833.4864206,7983632384,451,451
1716087834.4877288,7983632384,155,155
1716087835.4890292,7983632384,0,0
1716087836.4903114,7983632384,0,0
1716087837.491594,7983632384,0,0
1716087838.4929118,7983632384,152,152
1716087839.4941046,7983632384,344,344
1716087840.495309,7983632384,0,0
1716087841.4965034,7983632384,0,0
1716087842.4976914,7983632384,0,0
1716087843.4988883,7983632384,448,448
1716087844.5000727,7983632384,152,152
1716087845.5013702,7983632384,0,0
1716087846.502651,7983632384,0,0
1716087847.5039408,7983632384,0,0
1716087848.5052433,7983632384,448,448
1716087849.5064197,7983632384,152,152
1716087850.5076025,7983632384,0,0
1716087851.5087895,7983632384,0,0
1716087852.5099733,7983632384,0,0
1716087853.5111542,7983632384,448,448
1716087854.5123339,7983632384,152,152
1716087855.5135188,7983632384,0,0
1716087856.5147035,7983632384,0,0
1716087857.5158975,7983632384,0,0
1716087858.5168262,7983632384,5381853,5381853
1716087859.5180068,7983632384,152,152
1716087860.5191972,7983632384,0,0
1716087861.5203962,7983632384,0,0
1716087862.5208292,7983632384,0,0
1716087863.5220072,7983632384,362072175,362072175
1716087864.5231798,7983632384,152,152
1716087865.5243638,7983632384,0,0
1716087866.5248177,7983632384,0,0
1716087867.526037,7983632384,417113046,417113046
1716087868.5268836,7983632384,1386535769,1386535769
1716087869.528102,7983632384,273,273
1716087870.5293305,7983632384,0,0
1716087871.5305958,7983632384,2203,2203
1716087872.5319188,8075055104,1567277405,1567277405
1716087875.377752,10076635136,25734802,25734802
1716087876.4041374,8472793088,6746,6746
1716087877.428858,8472793088,2449,2449
1716087878.45435,8472793088,9269,9269
1716087879.4649763,8472793088,4550,4550
1716087880.4880621,8472793088,7440,7440
1716087881.5118737,8472793088,8272,8272
1716087882.5227747,8472793088,7948,7948
1716087883.5476167,8472793088,4134,4134
1716087884.5620975,8472793088,4644,4644
1716087885.5866675,8472793088,5196,5196
1716087886.6121793,8472793088,4692,4692
1716087887.6380863,8473284608,7205,7205
1716087888.6480718,8473284608,7334,7334
1716087889.6748943,8473284608,7423,7423
1716087890.6873922,8473284608,7151,7151
1716087891.7113402,8473284608,814,814
1716087892.72211,8473284608,4725,4725
1716087893.7279932,8473284608,867,867
1716087894.7520664,8473284608,485,485
1716087895.7704847,8473284608,6492,6492
1716087896.7754273,8473284608,6851,6851
1716087897.7968225,8473284608,7143,7143
1716087898.8121026,8473284608,5631,5631
1716087899.8218148,8473284608,7224,7224
1716087900.8321357,8473284608,4750,4750
1716087901.8356705,8473284608,94661,94661
1716087902.848691,8473284608,4092,4092
1716087903.86072,8473284608,5752,5752
1716087904.8653862,8473284608,5862,5862
1716087905.875396,8473284608,6435,6435
1716087906.9009848,8473284608,4586,4586
1716087907.926758,8473284608,3291,3291
1716087908.9356852,8473284608,4144,4144
1716087909.9538608,8473284608,6050,6050
1716087910.9654098,8473284608,4979,4979
1716087911.9763649,8473284608,7238,7238
1716087912.981659,8473284608,6156,6156
1716087913.993711,8473284608,5395,5395
1716087914.9950504,8473284608,6348,6348
1716087916.0078428,8473284608,4435,4435
1716087917.0204024,8473284608,8327,8327
1716087918.0208666,8473284608,6283,6283
1716087919.0224562,8473284608,4726,4726
1716087920.0237718,8473284608,3985,3985
1716087921.0249841,8474624000,841,841
1716087922.0263212,8474624000,0,0
1716087923.0276656,8474624000,1096,1096
1716087924.028877,8474624000,1423,1423
1716087925.0302093,8474624000,733,733
1716087926.031493,8474624000,0,0
1716087927.0328298,8474624000,777,777
1716087928.0340986,8474624000,1161,1161
1716087929.0353243,8474624000,827,827
1716087930.0366347,8474624000,740,740
1716087931.036971,8474624000,779,779
1716087932.0382671,8474624000,0,0
1716087933.0395157,8474624000,1829,1829
1716087934.0409007,8474624000,931,931
1716087935.0422153,8474624000,0,0
1716087936.043486,8474624000,303,303
1716087937.0447402,8474624000,1720,1720
1716087938.0460846,8474624000,994,994
1716087939.0473845,8473935872,155,155
1716087940.048729,8473935872,391,391
1716087941.0500402,8473935872,486,486
1716087942.0518942,8473935872,0,0
1716087943.0528843,8473935872,1973,1973
1716087944.0542195,8473935872,943,943
1716087945.0555375,8473935872,447,447
1716087946.0568256,8473935872,286,286
1716087947.0583496,8473935872,1092,1092
1716087948.0596359,8473935872,1353,1353
1716087949.0609124,8473935872,207,207
1716087950.0622115,8473935872,720,720
1716087951.0681472,8473935872,733,733
1716087952.069105,8473935872,735,735
1716087953.070402,8473935872,890,890
1716087954.0716505,8473935872,3660,3660
1716087955.0730877,8473935872,2987,2987
1716087956.0743678,8473432064,1502,1502
1716087957.075759,8473432064,1464,1464
1716087958.076907,8525357056,2571,2571
1716087959.1034257,8473276416,2351,2351
1716087960.104712,8473276416,1839,1839
1716087961.110808,8473276416,6820,6820
1716087962.1212585,8473276416,6426,6426
1716087963.1224775,8473276416,8073,8073
1716087964.153645,8473276416,6321,6321
1716087965.1771145,8473276416,5818,5818
1716087966.2062497,8473276416,5452,5452
1716087967.2388706,8473276416,6047,6047
1716087968.2619002,8473276416,4735,4735
1716087969.269427,8473276416,5720,5720
1716087970.2726672,8473276416,4955,4955
1716087971.2760837,8473276416,6199,6199
1716087972.2891376,8473276416,4302,4302
1716087973.295372,8473276416,4058,4058
1716087974.3286111,8473276416,6612,6612
1716087975.3595428,8473276416,6201,6201
1716087976.369622,8473276416,4301,4301
1716087977.374901,8473276416,5987,5987
1716087978.3930337,8473276416,5601,5601
1716087979.4154112,8473276416,2166,2166
1716087980.422609,8514072576,3810,3810
1716087981.4281902,8558309376,5861,5861
1716087982.4371943,8602054656,4704,4704
1716087983.4515727,8646291456,3440,3440
1716087984.4604673,8668409856,5157,5157
1716087985.4895031,8750002176,6098,6098
1716087986.4960902,8798048256,2788,2788
1716087987.5263107,8822624256,3559,3559
1716087988.5465024,8895647744,4253,4253
1716087989.563607,8970891264,2838,2838
1716087990.5749662,8992518144,5061,5061
1716087991.5774312,9068466176,4143,4143
1716087992.6063044,9144565760,1933,1933
1716087993.6075697,9165701120,3242,3242
1716087994.622424,9216327680,6866,6866
1716087995.6250508,9310654464,5014,5014
1716087996.660928,9348009984,5055,5055
1716087997.7286093,9471184896,2925,2925
1716087998.7537842,9483472896,1908,1908
1716087999.8716207,9631715328,367,367
1716088017.5488913,10780639232,1871797646,1871797646
1716088018.550135,10821480448,6131775,6131775
1716088019.551391,10821480448,231632457,231632457
1716088020.552635,10821480448,860527698,860527698
1716088021.553914,7698829312,774080829,774080829
1716088022.5551224,7698829312,98680,98680
1716088023.556345,7698829312,752,752
1716088024.5568576,7698829312,4137059,4137059
1716088025.5579202,7698829312,896505852,896505852
1716088026.5591547,7698829312,971428387,971428387
1716088027.5603786,7698829312,0,0
1716088028.5608568,7698829312,448,448
1716088029.5620635,7698829312,532,532
1716088030.5632806,7698829312,1387,1387
1716088031.5642872,7698829312,3434,3434
1716088032.565503,7698829312,4086,4086
1716088033.5667179,7698829312,2226,2226
1716088034.5679226,7698829312,5967,5967
1716088035.568846,7698829312,4435,4435
1716088036.5700634,7698829312,2457,2457
1716088037.5712764,7698829312,3597,3597
1716088038.5724864,7698829312,4773,4773
1716088039.5728407,7698829312,4272,4272
1716088040.5740418,7698829312,4595,4595
1716088041.575253,7698829312,6358,6358
1716088042.5764623,7698829312,1129,1129
1716088043.5768406,7698829312,4228,4228
1716088044.5780444,7698829312,3628,3628
1716088045.5792534,7698829312,4324,4324
1716088046.5804813,7698829312,2776,2776
1716088047.5817003,7698829312,2522,2522
1716088048.582942,7698829312,3476,3476
1716088049.5841563,7698829312,2689,2689
1716088050.5848475,7698829312,2789,2789
1716088051.5860996,7698829312,678,678
1716088052.5873241,7698829312,4901,4901
1716088053.5885317,7698829312,3094,3094
1716088054.589736,7698829312,4229,4229
1716088055.590945,7698829312,2328,2328
1716088056.5921564,7698829312,3917,3917
1716088057.5933769,7698829312,4125,4125
1716088058.5945895,7698829312,2126,2126
1716088059.5957947,7698829312,4615,4615
1716088060.5970073,7698829312,4360,4360
1716088061.5982122,7698829312,4292,4292
1716088062.5994332,7698829312,4279,4279
1716088063.6006563,7698829312,2310,2310
1716088064.6018803,7698829312,1152,1152
1716088065.603089,7698829312,358,358
1716088066.6042993,7698829312,1350,1350
1716088067.6048553,7698829312,4435,4435
1716088068.6060748,7698829312,4759,4759
1716088069.6072814,7698829312,3512,3512
1716088070.6084957,7698829312,3662,3662
1716088071.6088407,7698829312,3430,3430
1716088072.6100423,7698829312,2801,2801
1716088073.6112626,7698829312,1143,1143
1716088074.6124747,7698829312,3880,3880
1716088075.6128428,7698829312,1340,1340
1716088076.6140552,7698829312,6517,6517
1716088077.6152587,7698829312,4304,4304
1716088078.6164744,7698829312,4483,4483
1716088079.6168482,7698829312,3961,3961
1716088080.6180604,7698829312,4212,4212
1716088081.6192167,7698829312,3810,3810
1716088082.6204247,7698829312,3097,3097
1716088083.6208422,7698829312,5378,5378
1716088084.6220522,7698829312,4098,4098
1716088085.623296,7698829312,5633,5633
1716088086.624502,7698829312,2481,2481
1716088087.6253986,7698829312,3543,3543
1716088088.6266055,7698829312,4510,4510
1716088089.627691,7698829312,1170,1170
1716088090.6288378,7698829312,5022,5022
1716088091.6300638,7698829312,3725,3725
1716088092.631265,7698829312,2752,2752
1716088093.6324682,7698829312,4468,4468
1716088094.6328428,7698829312,3826,3826
1716088095.6340408,7698829312,3009,3009
1716088096.6352377,7698829312,2163,2163
1716088097.6364746,7698829312,1533,1533
1716088098.6369123,7698829312,2963,2963
1716088099.6381624,7698829312,2800,2800
1716088100.6394196,7698829312,6032,6032
1716088101.6406903,7698829312,4464,4464
1716088102.6419914,7698829312,3967,3967
1716088103.6432521,7698829312,2599,2599
1716088104.6445222,7698829312,4486,4486
1716088105.6457825,7698829312,3327,3327
1716088106.6470582,7698829312,1871,1871
1716088107.648311,7698829312,5211,5211
1716088108.6488843,7698829312,4221,4221
1716088109.6501644,7698829312,4369,4369
1716088110.6514273,7698829312,4411,4411
1716088111.652748,7698829312,6041,6041
1716088112.6540122,7698829312,2870,2870
1716088113.6552694,7698829312,1164,1164
1716088114.6565585,7698829312,4417,4417
1716088115.6569037,7698829312,6260,6260
1716088116.6581843,7698829312,4053,4053
1716088117.6594508,7698829312,3733,3733
1716088118.6607356,7698829312,4553,4553
1716088119.6620257,7698829312,4487,4487
1716088120.6632786,7698829312,3858,3858
1716088121.6647925,7698829312,2785,2785
1716088122.6660883,7698829312,4017,4017
1716088123.66734,7698829312,2507,2507
1716088124.6685834,7698829312,3866,3866
1716088125.6699116,7698829312,3919,3919
1716088126.671205,7698829312,6380,6380
1716088127.6724732,7698829312,1720,1720
1716088128.6737401,7698829312,669,669
1716088129.675011,7698829312,3405,3405
1716088130.676325,7698829312,3704,3704
1716088131.6775978,7698829312,4161,4161
1716088132.6788716,7698829312,4355,4355
1716088133.6801236,7698829312,4982,4982
1716088134.6808953,7698829312,6279,6279
1716088135.6821475,7698829312,2450,2450
1716088136.6834154,7698829312,2852,2852
1716088137.6845028,7698829312,1416,1416
1716088138.685724,7698829312,5233,5233
1716088139.6869292,7698829312,3229,3229
1716088140.6881423,7698829312,5865,5865
1716088141.689059,7698829312,0,0
1716088142.6902695,7698829312,317,317
1716088143.6925008,7698829312,613,613
1716088144.692871,7698829312,0,0
1716088145.6935678,7698829312,0,0
1716088146.6950407,7698829312,0,0
1716088147.696344,7698829312,0,0
1716088148.6968808,7698829312,600,600
1716088149.6982825,7698829312,0,0
1716088150.6998649,7698829312,0,0
1716088151.7010303,7698829312,0,0
1716088152.7022824,7698829312,0,0
1716088153.7045465,7698829312,600,600
1716088154.7058058,7698829312,0,0
1716088155.707228,7698829312,0,0
1716088156.7084277,7698829312,1199,1199
1716088157.7088597,7698829312,0,0
1716088158.7100573,7698829312,701,701
1716088159.7112463,7698829312,0,0
1716088160.7124362,7698829312,0,0
1716088161.7128503,7698829312,0,0
1716088162.7140555,7698829312,570,570
1716088163.715254,7698829312,600,600
1716088164.7164743,7698829312,0,0
1716088165.716855,7698829312,0,0
1716088166.7180634,7698829312,0,0
1716088167.7192676,7698829312,0,0
1716088168.7204843,7698829312,496,496
1716088169.720845,7698829312,0,0
1716088170.7220857,7698829312,0,0
1716088171.723299,7698829312,0,0
1716088172.7245095,7698829312,0,0
1716088173.7257288,7698829312,600,600
1716088174.7269185,7698829312,0,0
1716088175.728104,7698829312,0,0
1716088176.7288194,7698829312,0,0
1716088177.730013,7698829312,0,0
1716088178.7311966,7698829312,600,600
1716088179.7324038,7698829312,0,0
1716088180.733599,7698829312,0,0
1716088181.7347953,7698829312,0,0
1716088182.7360003,7698829312,0,0
1716088183.737203,7698829312,600,600
1716088184.738411,7698829312,0,0
1716088185.7396164,7698829312,33646624,33646624
1716088186.7408333,7698829312,0,0
1716088187.7420464,7698829312,0,0
1716088188.7432544,7698829312,600,600
1716088189.7444649,7698829312,0,0
1716088190.7456558,7698829312,0,0
1716088191.746852,7698829312,0,0
1716088192.7480376,7698829312,0,0
1716088193.7492442,7698829312,404767132,404767132
1716088194.7504363,7698829312,148494705,148494705
1716088195.7516286,7698829312,0,0
1716088196.7528176,7698829312,0,0
1716088197.7540073,7698829312,0,0
1716088198.755186,7698829312,34644810,34644810
1716088199.7563813,7698829312,3032858653,3032858653
1716088200.7575774,7698829312,109416080,109416080
1716088201.7587745,7698829312,0,0
1716088202.7599676,7698829312,96919,96919
1716088203.7611926,7698829312,8027,8027
1716088204.7624297,7698829312,2661,2661
1716088205.763677,7698829312,4079,4079
1716088206.7649205,7698829312,2452,2452
1716088207.7661552,7698829312,4952,4952
1716088208.7673893,7698829312,7290,7290
1716088209.7681124,7698829312,7286,7286
1716088210.768787,7698829312,6953,6953
1716088211.7699738,7698829312,7680,7680
1716088212.7711952,7698829312,3354,3354
1716088213.7724218,7698829312,4770,4770
1716088214.7728648,7698829312,8186,8186
1716088215.7740824,7698829312,6804,6804
1716088216.7753031,7698829312,7424,7424
1716088217.776538,7698829312,7446,7446
1716088218.776873,7698829312,7510,7510
1716088219.7780912,7698829312,4558,4558
1716088220.7793052,7698829312,4474,4474
1716088221.7805455,7698829312,7719,7719
1716088222.78087,7698829312,7486,7486
1716088223.7820883,7698829312,5270,5270
1716088224.7833116,7698829312,6487,6487
1716088225.7845392,7698829312,6493,6493
1716088226.7848675,7698829312,475,475
1716088227.7861032,7698829312,5520,5520
1716088228.787349,7698829312,5227,5227
1716088229.7885711,7698829312,7063,7063
1716088230.7888775,7698829312,7213,7213
1716088231.790136,7698829312,7298,7298
1716088232.7913704,7698829312,6956,6956
1716088233.792619,7698829312,3057,3057
1716088234.7929358,7698829312,4205,4205
1716088235.7942023,7698829312,7685,7685
1716088236.7954552,7698829312,4772,4772
1716088237.7967825,7698829312,6870,6870
1716088238.7980602,7698829312,7225,7225
1716088239.7993212,7698829312,7918,7918
1716088240.800578,7698829312,4266,4266
1716088241.8008852,7698829312,3860,3860
1716088242.8021393,7698829312,6589,6589
1716088243.8033943,7698829312,6198,6198
1716088244.8046198,7698829312,4339,4339
1716088245.8049314,7698829312,7670,7670
1716088246.8056536,7698829312,717,717
1716088247.8069205,7698829312,1148,1148
1716088248.808138,7698829312,1786,1786
1716088249.8091385,7698829312,835,835
1716088250.8103893,7698829312,152,152
1716088251.811611,7698829312,152,152
1716088252.8128624,7698829312,0,0
1716088253.8140764,7698829312,606,606
1716088254.8153012,7698829312,0,0
1716088255.8165247,7698829312,0,0
1716088256.8168576,7698829312,0,0
1716088257.8180704,7698829312,0,0
1716088258.8192894,7698829312,304,304
1716088259.8205063,7698829312,192,192
1716088260.8208563,7698829312,0,0
1716088261.8220828,7698829312,0,0
1716088262.8233223,7698829312,0,0
1716088263.8245444,7698829312,600,600
1716088264.8248653,7698829312,0,0
1716088265.826114,7698829312,0,0
1716088266.8273475,7698829312,0,0
1716088267.8285637,7698829312,0,0
1716088268.8288565,7698829312,600,600
1716088269.8300734,7698829312,0,0
1716088270.8313062,7698829312,0,0
1716088271.832525,7698829312,0,0
1716088272.8336515,7698829312,0,0
1716088273.834876,7698829312,600,600
1716088274.8360927,7698829312,0,0
1716088275.836856,7698829312,0,0
1716088276.8380601,7698829312,0,0
1716088277.8392987,7698829312,33614590,33614590
1716088278.8405252,7698829312,652,652
1716088279.840862,7698829312,0,0
1716088280.8420742,7698829312,0,0
1716088281.843294,7698829312,0,0
1716088282.8445501,7698829312,806214233,806214233
1716088283.844861,7698829312,721,721
1716088284.8460913,7698829312,0,0
1716088285.847314,7698829312,0,0
1716088286.848538,7698829312,0,0
1716088287.8488636,7698829312,376858251,376858251
1716088288.8500588,7698829312,600,600
1716088289.851279,7698829312,0,0
1716088290.852523,7698829312,577678411,577678411
1716088291.8528707,7698829312,1966512553,1966512553
1716088292.8541071,7698829312,3425411,3425411
1716088293.8553426,7698829312,861,861
1716088294.8566003,7698829312,3956,3956
1716088295.8569183,7698829312,5506,5506
1716088296.8581796,7698829312,5257,5257
1716088297.8594418,7698829312,4185,4185
1716088298.8607142,7698829312,5143,5143
1716088299.8619897,7698829312,883,883
1716088300.86327,7698829312,6326,6326
1716088301.8645258,7698829312,5814,5814
1716088302.864912,7698829312,5993,5993
1716088303.866168,7698829312,5467,5467
1716088304.867423,7698829312,5779,5779
1716088305.8687108,7698829312,4305,4305
1716088306.8699667,7698829312,4507,4507
1716088307.8712404,7698829312,5576,5576
1716088308.8725073,7698829312,5279,5279
1716088309.8729148,7698829312,6916,6916
1716088310.874188,7698829312,7137,7137
1716088311.875446,7698829312,6350,6350
1716088312.8767447,7698829312,2284,2284
1716088313.8780138,7698829312,6253,6253
1716088314.8793087,7698829312,5619,5619
1716088315.8805614,7698829312,6995,6995
1716088316.8808935,7698829312,7879,7879
1716088317.8821564,7698829312,7078,7078
1716088318.8834224,7698829312,3716,3716
1716088319.8847098,7698829312,5134,5134
1716088320.8859947,7698829312,4927,4927
1716088321.887258,7698829312,4432,4432
1716088322.8877769,7698829312,5603,5603
1716088323.888848,7698829312,5019,5019
1716088324.8900568,7698829312,4560,4560
1716088325.8912811,7698829312,4527,4527
1716088326.8925002,7698829312,5219,5219
1716088327.8928807,7698829312,6592,6592
1716088328.8940988,7698829312,7377,7377
1716088329.8953326,7698829312,6557,6557
1716088330.8965466,7698829312,7256,7256
1716088331.8968604,7698829312,2993,2993
1716088332.8980854,7698829312,5441,5441
1716088333.8993142,7698829312,6893,6893
1716088334.9001598,7698829312,4974,4974
1716088335.900915,7698829312,7446,7446
1716088336.9021657,7698829312,7555,7555
1716088337.9034967,7698829312,8616,8616
1716088338.9047842,7698829312,3538,3538
1716088339.9060457,7698829312,8772,8772
1716088340.9070098,7698829312,837,837
1716088341.9082508,7698829312,700,700
1716088342.9089212,7698829312,1245,1245
1716088343.9102218,7698829312,1307,1307
1716088344.911475,7698829312,0,0
1716088345.9127843,7698829312,1516,1516
1716088346.9140468,7698829312,169,169
1716088347.915338,7698829312,1890,1890
1716088348.9166033,7698829312,1199,1199
1716088349.917383,7698829312,1515,1515
1716088350.9187343,7698829312,752,752
1716088351.920051,7698829312,738,738
1716088352.9208786,7698829312,1674,1674
1716088353.922576,7698829312,611,611
1716088354.9238791,7698829312,733,733
1716088355.9249494,7698829312,356,356
1716088356.9261966,7698829312,6956,6956
1716088357.927441,7698829312,14198,14198
1716088358.9287863,7698829312,7973,7973
1716088359.9298372,7698829312,1867,1867
1716088360.9311488,7698829312,751,751
1716088361.932447,7698829312,0,0
1716088362.9330373,7698829312,1471,1471
1716088363.9346898,7698829312,1671,1671
1716088364.9359348,7698829312,1206,1206
1716088365.9370058,7698829312,1071,1071
1716088366.9383733,7698829312,771,771
1716088367.9396544,7698829312,787,787
1716088368.9410298,7698829312,3469,3469
1716088369.9420512,7698829312,4547,4547
1716088370.9432921,7698829312,3098,3098
1716088371.9446826,7698829312,2296,2296
1716088372.945935,7698829312,2137,2137
1716088373.9469335,7698829312,4806,4806
1716088374.9481716,7698829312,6949,6949
1716088375.9488618,7698829312,4917,4917
1716088376.9500644,7698829312,4390,4390
1716088377.951303,7698829312,8174,8174
1716088378.9525342,7698829312,2057,2057
1716088379.9528556,7698829312,7588,7588
1716088380.9540837,7698829312,6371,6371
1716088381.955307,7698829312,6708,6708
1716088382.9565206,7698829312,2866,2866
1716088383.957742,7698829312,9233,9233
1716088384.958995,7698829312,1946,1946
1716088385.9593315,7698829312,4229,4229
1716088386.9605598,7698829312,5829,5829
1716088387.9617786,7698829312,6484,6484
1716088388.9629946,7698829312,4305,4305
1716088389.9642148,7698829312,5903,5903
1716088390.9648635,7698829312,4560,4560
1716088391.9656825,7698829312,6444,6444
1716088392.966902,7698829312,6070,6070
1716088393.9681194,7698829312,4849,4849
1716088394.9693387,7698829312,4263,4263
1716088395.9705887,7698829312,2950,2950
1716088396.9718096,7698829312,4311,4311
1716088397.9728603,7698829312,2531,2531
1716088398.9740708,7698829312,5470,5470
1716088399.975292,7698829312,4457,4457
1716088400.9765203,7698829312,2781,2781
1716088401.9768665,7698829312,3401,3401
1716088402.9770918,7698829312,6091,6091
1716088403.9783542,7698829312,6015,6015
1716088404.9795783,7698829312,5553,5553
1716088405.9808364,7698829312,5368,5368
1716088406.9820476,7698829312,4911,4911
1716088407.9832547,7698829312,4465,4465
1716088408.9844537,7698829312,3958,3958
1716088409.984856,7698829312,4920,4920
1716088410.9860928,7698829312,3525,3525
1716088411.9873297,7698829312,2975,2975
1716088412.9885519,7698829312,5655,5655
1716088413.9888663,7698829312,4704,4704
1716088414.9901,7698829312,2648,2648
1716088415.9913354,7698829312,1367,1367
1716088416.992582,7698829312,0,0
1716088417.9938486,7698829312,465,465
1716088418.9950955,7698829312,352,352
1716088419.9963348,7698829312,0,0
1716088420.9975846,7698829312,0,0
1716088421.9988327,7698829312,0,0
1716088423.0000849,7698829312,448,448
1716088424.000886,7698829312,1058,1058
1716088425.0021248,7698829312,0,0
1716088426.0033646,7698829312,303,303
1716088427.0041876,7698829312,762,762
1716088428.004891,7698829312,402,402
1716088429.0061264,7698829312,632313076,632313076
1716088430.0073829,7698829312,1239450369,1239450369
1716088431.0086257,7698829312,0,0
1716088432.0088794,7698829312,709,709
1716088433.0100887,7698829312,12358694,12358694
1716088434.0114033,7698829312,870794079,870794079
1716088435.0126193,7698829312,2603504839,2603504839
1716088436.0128794,7698829312,1149,1149
1716088437.0140939,7698829312,104,104
1716088438.0153193,7698829312,396,396
1716088439.0165315,7698829312,258544137,258544137
1716088440.0177338,7698829312,380,380
1716088441.0189414,7698829312,0,0
1716088442.0201433,7698829312,1167,1167
1716088443.0213652,7698829312,7263,7263
1716088444.0225885,7698829312,4076,4076
1716088445.023807,7698829312,4550,4550
1716088446.024998,7698829312,3557,3557
1716088447.0262012,7698829312,2466,2466
1716088448.0273948,7698829312,7984,7984
1716088449.0285845,7698829312,1422,1422
1716088450.0297747,7698829312,4377,4377
1716088451.0309937,7698829312,5280,5280
1716088452.032188,7698829312,3397,3397
1716088453.033379,7698829312,6232,6232
1716088454.034562,7698829312,4934,4934
1716088455.0357516,7698829312,3680,3680
1716088456.0368218,7698829312,2282,2282
1716088457.0380054,7698829312,5037,5037
1716088458.039195,7698829312,4215,4215
1716088459.0403922,7698829312,4957,4957
1716088460.0415812,7698829312,4378,4378
1716088461.0427816,7698829312,5708,5708
1716088462.0439887,7698829312,1820,1820
1716088463.0451818,7698829312,6073,6073
1716088464.0463734,7698829312,3548,3548
1716088465.0475736,7698829312,3069,3069
1716088466.0488143,7698829312,3977,3977
1716088467.0500124,7698829312,6215,6215
1716088468.0512147,7698829312,6061,6061
1716088469.0524113,7698829312,3084,3084
1716088470.0536022,7698829312,8625,8625
1716088471.0547996,7698829312,5109,5109
1716088472.056018,7698829312,3943,3943
1716088473.057215,7698829312,2691,2691
1716088474.058409,7698829312,5875,5875
1716088475.0596092,7698829312,3929,3929
1716088476.0608447,7698829312,6326,6326
1716088477.0620306,7698829312,3518,3518
1716088478.0632148,7698829312,3627,3627
1716088479.0644076,7698829312,2747,2747
1716088480.065602,7698829312,3494,3494
1716088481.0668154,7698829312,4169,4169
1716088482.0680027,7698829312,1332,1332
1716088483.069193,7698829312,1466,1466
1716088484.0703847,7698829312,3780,3780
1716088485.0715787,7698829312,5833,5833
1716088486.072814,7698829312,3567,3567
1716088487.0740376,7698829312,3062,3062
1716088488.0752387,7698829312,3395,3395
1716088489.076442,7698829312,6685,6685
1716088490.0776494,7698829312,5305,5305
1716088491.0788453,7698829312,5921,5921
1716088492.0800312,7698829312,5714,5714
1716088493.0812259,7698829312,6853,6853
1716088494.0824478,7698829312,6359,6359
1716088495.0836365,7698829312,6073,6073
1716088496.0848372,7698829312,2414,2414
1716088497.0860457,7698829312,6947,6947
1716088498.087235,7698829312,4742,4742
1716088499.0884314,7698829312,4576,4576
1716088500.0896237,7698829312,4745,4745
1716088501.0908267,7698829312,5744,5744
1716088502.0920172,7698829312,5389,5389
1716088503.0932224,7698829312,1490,1490
1716088504.0944204,7698829312,93054,93054
1716088505.0956056,7698829312,3773,3773
1716088506.096816,7698829312,6103,6103
1716088507.0980034,7698829312,4130,4130
1716088508.0991888,7698829312,3629,3629
1716088509.1003954,7698829312,2561,2561
1716088510.1008525,7698829312,3834,3834
1716088511.102039,7698829312,4285,4285
1716088512.1032262,7698829312,2340,2340
1716088513.104424,7698829312,1408,1408
1716088514.1056297,7698829312,157,157
1716088515.1068199,7698829312,0,0
1716088516.1080117,7698829312,1826,1826
1716088517.1092002,7698829312,548,548
1716088518.1103885,7698829312,703,703
1716088519.111581,7698829312,2936,2936
1716088520.1128054,7698829312,4428,4428
1716088521.114013,7698829312,4532,4532
1716088522.115217,7698829312,5007,5007
1716088523.116426,7698829312,4463,4463
1716088524.1176307,7698829312,4304,4304
1716088525.118855,7698829312,935,935
1716088526.1200504,7698829312,8537,8537
1716088527.1212542,7698829312,4206,4206
1716088528.12247,7698829312,4547,4547
1716088529.1236606,7698829312,4432,4432
1716088530.1248612,7698829312,3608,3608
1716088531.1260715,7698829312,2603,2603
1716088532.1272576,7698829312,1513,1513
1716088533.1284728,7698829312,3746,3746
1716088534.1296744,7698829312,6823,6823
1716088535.1308615,7698829312,4411,4411
1716088536.1320524,7698829312,3257,3257
1716088537.1332483,7698829312,3703,3703
1716088538.1344635,7698829312,11796,11796
1716088539.1356666,7698829312,7766,7766
1716088540.1368682,7698829312,3384,3384
1716088541.1380506,7698829312,3331,3331
1716088542.1392527,7698829312,6301,6301
1716088543.140456,7698829312,4731,4731
1716088544.1416588,7698829312,7254,7254
1716088545.142889,7698829312,4338,4338
1716088546.1441047,7698829312,4594,4594
1716088547.1453173,7698829312,2241,2241
1716088548.1465209,7698829312,513,513
1716088549.1477098,7698829312,8905,8905
1716088550.1489177,7698829312,5463,5463
1716088551.1501086,7698829312,5106,5106
1716088552.1513278,7698829312,4892,4892
1716088553.1525133,7698829312,4734,4734
1716088554.1528404,7698829312,2751,2751
1716088555.15407,7698829312,6041,6041
1716088556.155263,7698829312,4650,4650
1716088557.1564548,7698829312,4151,4151
1716088558.1568415,7698829312,6100,6100
1716088559.158037,7698829312,5844,5844
1716088560.1592371,7698829312,6598,6598
1716088561.1607938,7698829312,1269,1269
1716088562.1621535,7698829312,3597,3597
1716088563.163429,7698829312,1014,1014
1716088564.1649435,7698829312,157,157
1716088565.1661916,7698829312,6599,6599
1716088566.1674068,7698829312,0,0
1716088567.1686156,7698829312,4314,4314
1716088568.1688533,7698829312,721,721
1716088569.1707754,7698829312,156,156
1716088570.1720366,7698829312,0,0
1716088571.1733,7698829312,0,0
1716088572.174773,7698829312,0,0
1716088573.1759658,7698829312,396,396
1716088574.177101,7698829312,1289,1289
1716088575.1783254,7698829312,0,0
1716088576.179515,7698829312,304,304
1716088577.1807353,7698829312,0,0
1716088578.1819322,7698829312,451,451
1716088579.1831322,7698829312,155,155
1716088580.184336,7698829312,0,0
1716088581.1855333,7698829312,0,0
1716088582.1867242,7698829312,0,0
1716088583.1879447,7698829312,448,448
1716088584.1891522,7698829312,2602,2602
1716088585.190351,7698829312,7376,7376
1716088586.1915395,7698829312,0,0
1716088587.192752,7698829312,502,502
1716088588.1939552,7698829312,155,155
1716088589.1951475,7698829312,353,353
1716088590.196356,7698829312,0,0
1716088591.1975472,7698829312,0,0
1716088592.1987507,7698829312,0,0
1716088593.1999524,7698829312,448,448
1716088594.2011752,7698829312,597,597
1716088595.2023761,7698829312,0,0
1716088596.2035637,7698829312,476,476
1716088597.2047808,7698829312,0,0
1716088598.205981,7698829312,833,833
1716088599.2071738,7698829312,152,152
1716088600.2083583,7698829312,477,477
1716088601.2088115,7698829312,0,0
1716088602.2099926,7698829312,425,425
1716088603.2111657,7698829312,404,404
1716088604.2123623,7698829312,51423666,51423666
1716088605.2135618,7698829312,121,121
1716088606.2147596,7698829312,0,0
1716088607.215957,7698829312,0,0
1716088608.2168398,7698829312,582632706,582632706
1716088609.2180178,7698829312,491,491
1716088610.2192035,7698829312,0,0
1716088611.2203858,7698829312,0,0
1716088612.2208335,7698829312,34633238,34633238
1716088613.2220206,7698829312,517,517
1716088614.2231965,7698829312,152,152
1716088615.224386,7698829312,0,0
1716088616.225568,7698829312,0,0
1716088617.226818,7698829312,2434762732,2434762732
1716088618.2280693,7698829312,660611948,660611948
1716088619.2288778,7698829312,152,152
1716088620.2301064,7698829312,0,0
1716088621.231381,7698829312,5213,5213
1716088622.2326653,7698829312,7633,7633
1716088623.2339222,7698829312,7658,7658
1716088624.2351744,7698829312,7734,7734
1716088625.2364388,7698829312,3801,3801
1716088626.2369037,7698829312,6871,6871
1716088627.2381735,7698829312,6334,6334
1716088628.2394466,7698829312,7188,7188
1716088629.2407398,7698829312,7780,7780
1716088630.2420166,7698829312,7193,7193
1716088631.2432864,7698829312,4905,4905
1716088632.2445714,7698829312,8710,8710
1716088633.2449167,7698829312,7004,7004
1716088634.2461984,7698829312,7461,7461
1716088635.2474868,7698829312,7121,7121
1716088636.248777,7698829312,7733,7733
1716088637.2500427,7698829312,5174,5174
1716088638.251323,7698829312,4750,4750
1716088639.2526011,7698829312,4228,4228
1716088640.2539158,7698829312,6995,6995
1716088641.255178,7698829312,8135,8135
1716088642.2564478,7698829312,8136,8136
1716088643.2569075,7698829312,4518,4518
1716088644.2581685,7698829312,691,691
1716088645.259434,7698829312,2683,2683
1716088646.260718,7698829312,815,815
1716088647.2619824,7698829312,6309,6309
1716088648.26326,7698829312,5732,5732
1716088649.2645683,7698829312,7561,7561
1716088650.2658777,7698829312,4647,4647
1716088651.2670748,7698829312,6826,6826
1716088652.2682836,7698829312,3004,3004
1716088653.26886,7698829312,3758,3758
1716088654.2701087,7698829312,5853,5853
1716088655.271326,7698829312,6352,6352
1716088656.2725391,7698829312,7596,7596
1716088657.2728667,7698829312,7080,7080
1716088658.2740808,7698829312,6492,6492
1716088659.2752888,7698829312,6542,6542
1716088660.2765043,7698829312,7282,7282
1716088661.2772298,7698829312,7308,7308
1716088662.2785032,7698829312,7791,7791
1716088663.2797892,7698829312,6135,6135
1716088664.280875,7698829312,3588,3588
1716088665.282332,7698829312,1379,1379
1716088666.2835455,7698829312,4305,4305
