Timestamp,MemoryUsage,NetSent,NetRecv
1716086465.7015595,510070784,444,444
1716086466.7028174,516952064,15919,15919
1716086467.7040827,516952064,0,0
1716086468.7049403,516952064,711,711
1716086469.7061286,516952064,0,0
1716086470.7074094,516952064,0,0
1716086471.7085924,516952064,0,0
1716086472.70904,516952064,0,0
1716086473.7103271,516952064,600,600
1716086474.7116206,516952064,0,0
1716086475.7128522,516952064,0,0
1716086476.7132497,516952064,0,0
1716086477.7145443,516952064,0,0
1716086478.7160604,516952064,600,600
1716086479.7170718,516952064,479,479
1716086480.7183127,516952064,0,0
1716086481.7197614,516952064,432,432
1716086482.7209601,516952064,0,0
1716086483.7222395,516952064,1081,1081
1716086484.7232199,516952064,0,0
1716086485.7244554,516952064,427,427
1716086486.7250247,516952064,0,0
1716086487.7262022,516952064,4267,4267
1716086488.7273867,516952064,3282,3282
1716086489.7285686,516952064,670,670
1716086490.7288103,516952064,158,158
1716086491.7299833,516952064,152,152
1716086492.7311819,516952064,0,0
1716086493.7323606,516952064,610,610
1716086494.7328353,516952064,0,0
1716086495.734022,516952064,0,0
1716086496.7352052,516952064,0,0
1716086497.736384,516952064,0,0
1716086498.7368193,516952064,600,600
1716086499.7380068,516952064,0,0
1716086500.7391934,516952064,0,0
1716086501.740368,516952064,0,0
1716086502.7408128,516952064,0,0
1716086503.7414863,516952064,600,600
1716086504.7426357,516952064,0,0
1716086505.7437959,516952064,0,0
1716086506.7448,516952064,0,0
1716086507.7457283,516952064,0,0
1716086508.746905,516952064,600,600
1716086509.7480602,516952064,0,0
1716086510.7488027,516952064,0,0
1716086511.7499804,516952064,0,0
1716086512.7511609,516952064,0,0
1716086513.7514775,516952064,1784,1784
1716086514.7526748,516952064,2761,2761
1716086515.7538648,516952064,3564,3564
1716086516.7550178,516952064,2318,2318
1716086517.756172,516952064,2013,2013
1716086518.7567961,516952064,2410,2410
1716086519.7579484,516952064,1955,1955
1716086520.7591054,516952064,4087,4087
1716086521.7602782,516952064,4292,4292
1716086522.7607877,516952064,1114,1114
1716086523.7619426,516952064,3643,3643
1716086524.7630923,516952064,2934,2934
1716086525.7642455,516952064,2551,2551
1716086526.7647927,516952064,4076,4076
1716086527.7659595,516952064,1069,1069
1716086528.767112,516952064,5943,5943
1716086529.768267,516952064,1999,1999
1716086530.768793,516952064,5968,5968
1716086531.7699482,516952064,332,332
1716086532.7711093,516952064,106,106
1716086533.772282,516952064,823,823
1716086534.7727947,516952064,0,0
1716086535.773964,516952064,1219,1219
1716086536.775115,516952064,669,669
1716086537.7762687,516952064,0,0
1716086538.7767942,516952064,923,923
1716086539.7779498,516952064,0,0
1716086540.7790973,516952064,0,0
1716086541.780255,516952064,0,0
1716086542.7807918,516952064,0,0
1716086543.7819533,516952064,600,600
1716086544.7831104,516952064,0,0
1716086545.7842658,516952064,0,0
1716086546.7847865,516952064,0,0
1716086547.7859395,516952064,0,0
1716086548.7870998,516952064,600,600
1716086549.7882512,516952064,480,480
1716086550.788793,516952064,0,0
1716086551.7899504,516952064,371,371
1716086552.7911043,516952064,52,52
1716086553.792268,516952064,927,927
1716086554.792803,516952064,158,158
1716086555.7939677,516952064,0,0
1716086556.795126,516952064,423,423
1716086557.7962892,516952064,0,0
1716086558.7967927,516952064,978,978
1716086559.7979527,516952064,0,0
1716086560.7991252,516952064,157,157
1716086561.8003027,516952064,0,0
1716086562.8008106,516952064,0,0
1716086563.8019779,516952064,306,306
1716086564.8031483,516952064,4200700,4200700
1716086565.8043008,516952064,0,0
1716086566.8048034,516952064,0,0
1716086567.8059678,516952064,0,0
1716086568.8071225,516952064,600,600
1716086569.8082886,516952064,333617930,333617930
1716086570.8088017,516952064,102033886,102033886
1716086571.8099623,516952064,0,0
1716086572.8111176,516952064,0,0
1716086573.812282,516952064,600,600
1716086574.812796,516952064,0,0
1716086575.8139853,516952064,41778590,41778590
1716086576.815186,516952064,2946470870,2946470870
1716086577.8163776,516952064,290679,290679
1716086578.8168025,516952064,600,600
1716086579.8179767,516952064,0,0
1716086580.8191652,516952064,0,0
1716086581.8203726,516952064,1089834821,1089834821
1716086582.8208604,516952064,1116027545,1116027545
1716086583.8220901,516952064,7412,7412
1716086584.8233259,516952064,6921,6921
1716086585.8245468,516952064,7445,7445
1716086586.8248708,516952064,3932,3932
1716086587.8260925,516952064,10008,10008
1716086588.827322,516952064,5123,5123
1716086589.828549,516952064,7742,7742
1716086590.8294873,516952064,8928,8928
1716086591.8297896,516952064,6113,6113
1716086592.8309913,516952064,3827,3827
1716086593.8321912,516952064,4474,4474
1716086594.8328452,516952064,8976,8976
1716086595.834047,516952064,6130,6130
1716086596.8352456,516952064,4629,4629
1716086597.8364372,516952064,4845,4845
1716086598.836843,516952064,7946,7946
1716086599.8380837,516952064,5174,5174
1716086600.839281,516952064,6216,6216
1716086601.8404813,516952064,4811,4811
1716086602.8408449,516952064,6763,6763
1716086603.8420546,516952064,7713,7713
1716086604.8432913,516952064,6649,6649
1716086605.8445058,516952064,6146,6146
1716086606.845481,516952064,3350,3350
1716086607.846684,516952064,7356,7356
1716086608.847868,516952064,5670,5670
1716086609.8488297,516952064,6395,6395
1716086610.8492239,516952064,5331,5331
1716086611.850076,516952064,6357,6357
1716086612.851261,516952064,3306,3306
1716086613.852462,516952064,8800,8800
1716086614.852839,516952064,4721,4721
1716086615.8540225,516952064,7282,7282
1716086616.8552034,516952064,4609,4609
1716086617.8563755,516952064,7066,7066
1716086618.8571467,516952064,7270,7270
1716086619.8583467,516952064,7353,7353
1716086620.8595426,516952064,4798,4798
1716086621.860827,516952064,7263,7263
1716086622.8620248,516952064,5522,5522
1716086623.863224,516952064,5096,5096
1716086624.8644187,516952064,7002,7002
1716086625.8648582,516952064,2241,2241
1716086626.8660765,516952064,7761,7761
1716086627.867344,516952064,3610,3610
1716086628.8687863,516952064,7443,7443
1716086629.8702607,516952064,5437,5437
1716086630.87203,516952064,5755,5755
1716086631.8728611,516952064,8089,8089
1716086632.8740525,516952064,3839,3839
1716086633.875378,516952064,1311,1311
1716086634.87671,516952064,751,751
1716086635.877794,516952064,752,752
1716086636.8790157,516952064,6386,6386
1716086637.8802505,516952064,3427,3427
1716086638.8808718,516952064,1526,1526
1716086639.8820777,516952064,1525,1525
1716086640.883286,516952064,0,0
1716086641.8845265,516952064,303,303
1716086642.8848493,516952064,909,909
1716086643.8860574,516952064,1807,1807
1716086644.8874147,516952064,0,0
1716086645.8886287,516952064,302,302
1716086646.8888614,516952064,1533,1533
1716086647.890113,516952064,952,952
1716086648.8913126,516952064,457,457
1716086649.8925457,516952064,1065,1065
1716086650.8928506,516952064,52,52
1716086651.8941267,516952064,151,151
1716086652.895328,516952064,2351,2351
1716086653.896577,516952064,936,936
1716086654.8968542,516952064,725,725
1716086655.8970714,516952064,171,171
1716086656.8982918,516952064,565,565
1716086657.8995383,516952064,547,547
1716086658.9007761,516952064,1376,1376
1716086659.9020681,516952064,568,568
1716086660.9033794,516952064,720,720
1716086661.9048572,516952064,780,780
1716086662.9060583,516952064,894,894
1716086663.9072852,516952064,1131,1131
1716086664.90853,516952064,170,170
1716086665.9088502,516952064,754,754
1716086666.9100873,516952064,1323,1323
1716086667.911351,516952064,558,558
1716086668.9126024,516952064,4288,4288
1716086669.9129915,516952064,3563,3563
1716086670.9142692,516952064,854,854
1716086671.915479,516952064,1476,1476
1716086672.9168174,516952064,1132,1132
1716086673.9181695,516952064,2161,2161
1716086674.9194736,516952064,1379,1379
1716086675.9207017,516952064,5756,5756
1716086676.9218967,516952064,4107,4107
1716086677.923127,516952064,3187,3187
1716086678.9243286,516952064,3064,3064
1716086679.9255333,516952064,5669,5669
1716086680.9267364,516952064,4439,4439
1716086681.9279368,516952064,5962,5962
1716086682.929137,516952064,11306,11306
1716086683.9303403,516952064,6754,6754
1716086684.9315445,516952064,6159,6159
1716086685.9350152,516952064,4903,4903
1716086686.936234,516952064,4792,4792
1716086687.936822,516952064,4193,4193
1716086688.9380078,516952064,5672,5672
1716086689.939198,516952064,6807,6807
1716086690.940399,516952064,4547,4547
1716086691.9408443,516952064,3868,3868
1716086692.9420652,516952064,6431,6431
1716086693.9432526,516952064,7139,7139
1716086694.9444818,516952064,8094,8094
1716086695.944831,516952064,5227,5227
1716086696.946031,516952064,6164,6164
1716086697.9472368,516952064,2988,2988
1716086698.948436,516952064,4467,4467
1716086699.9496474,516952064,98120,98120
1716086700.9508462,516952064,4946,4946
1716086701.9520633,516952064,1558,1558
1716086702.9528258,516952064,6645,6645
1716086703.954024,516952064,6860,6860
1716086704.9552426,516952064,3546,3546
1716086705.956452,516952064,2854,2854
1716086706.9568372,516952064,4685,4685
1716086707.958059,516952064,4638,4638
1716086708.959295,516952064,4597,4597
1716086709.9605124,516952064,6954,6954
1716086710.9617097,516952064,4776,4776
1716086711.9629078,516952064,1687,1687
1716086712.9641118,516952064,3135,3135
1716086713.9653072,516952064,6172,6172
1716086714.9665048,516952064,5037,5037
1716086715.9676993,516952064,4081,4081
1716086716.9684563,516952064,3204,3204
1716086717.968828,516952064,3079,3079
1716086718.9700348,516952064,2379,2379
1716086719.971232,516952064,0,0
1716086720.9724507,516952064,823,823
1716086721.9728322,516952064,0,0
1716086722.9740374,516952064,415,415
1716086723.9752553,516952064,301,301
1716086724.9764705,516952064,0,0
1716086725.977685,516952064,0,0
1716086726.978892,516952064,0,0
1716086727.9801033,516952064,152,152
1716086728.981318,516952064,1025930788,1025930788
1716086729.9825444,516952064,845328168,845328168
1716086730.9837394,516952064,1007,1007
1716086731.9848251,516952064,52,52
1716086732.9860582,516952064,685,685
1716086733.9872572,516952064,680,680
1716086734.988454,516952064,1536887805,1536887805
1716086735.9888313,516952064,335084391,335084391
1716086736.9900603,516952064,98680,98680
1716086737.991237,516952064,553,553
1716086738.9924304,516952064,550161096,550161096
1716086739.9936223,516952064,3185070,3185070
1716086740.994807,516952064,1318932443,1318932443
1716086741.9959836,516952064,0,0
1716086742.9971702,516952064,448,448
1716086743.9983594,516952064,152,152
1716086744.9995396,516952064,0,0
1716086746.0007548,516952064,434,434
1716086747.0009515,516952064,4778,4778
1716086748.002132,516952064,5508,5508
1716086749.0033143,516952064,4357,4357
1716086750.0044944,516952064,3093,3093
1716086751.005681,516952064,4135,4135
1716086752.0068605,516952064,3984,3984
1716086753.0080392,516952064,6274,6274
1716086754.0092258,516952064,5533,5533
1716086755.0104258,516952064,4810,4810
1716086756.0116105,516952064,6389,6389
1716086757.0128028,516952064,1645,1645
1716086758.0139768,516952064,3746,3746
1716086759.015161,516952064,4520,4520
1716086760.01634,516952064,4992,4992
1716086761.0168269,516952064,2312,2312
1716086762.0179992,516952064,4128,4128
1716086763.019179,516952064,4167,4167
1716086764.020358,516952064,2914,2914
1716086765.0215368,516952064,4103,4103
1716086766.0227277,516952064,4029,4029
1716086767.0239084,516952064,3220,3220
1716086768.0248117,516952064,4063,4063
1716086769.0260098,516952064,4959,4959
1716086770.0271928,516952064,3488,3488
1716086771.0283716,516952064,4285,4285
1716086772.0295599,516952064,5909,5909
1716086773.0307443,516952064,4401,4401
1716086774.0319252,516952064,4223,4223
1716086775.0328193,516952064,4075,4075
1716086776.0340025,516952064,2250,2250
1716086777.0351877,516952064,5866,5866
1716086778.0363889,516952064,4430,4430
1716086779.0375776,516952064,4415,4415
1716086780.0387578,516952064,3074,3074
1716086781.039933,516952064,4185,4185
1716086782.0411212,516952064,3503,3503
1716086783.042299,516952064,4501,4501
1716086784.043479,516952064,4193,4193
1716086785.0446887,516952064,2242,2242
1716086786.045885,516952064,1696,1696
1716086787.0470839,516952064,3861,3861
1716086788.0482583,516952064,3759,3759
1716086789.049438,516952064,3372,3372
1716086790.0506356,516952064,3901,3901
1716086791.0518062,516952064,3225,3225
1716086792.0528264,516952064,3213,3213
1716086793.0540082,516952064,2780,2780
1716086794.0551813,516952064,5791,5791
1716086795.056357,516952064,3350,3350
1716086796.0575485,516952064,6196,6196
1716086797.0587225,516952064,4377,4377
1716086798.0598948,516952064,5900,5900
1716086799.0600846,516952064,5579,5579
1716086800.0612643,516952064,3598,3598
1716086801.0624435,516952064,1469,1469
1716086802.0636299,516952064,6210,6210
1716086803.06481,516952064,4503,4503
1716086804.0659919,516952064,4170,4170
1716086805.0671775,516952064,4266,4266
1716086806.0683486,516952064,4702,4702
1716086807.0688114,516952064,3598,3598
1716086808.0699778,516952064,2646,2646
1716086809.0711641,516952064,4572,4572
1716086810.0723472,516952064,3702,3702
1716086811.073534,516952064,4224,4224
1716086812.0747151,516952064,4667,4667
1716086813.0758984,516952064,5285,5285
1716086814.0768154,516952064,2746,2746
1716086815.077987,516952064,4705,4705
1716086816.079178,516952064,3430,3430
1716086817.080351,516952064,3464,3464
1716086818.081548,516952064,3922,3922
1716086819.0827305,516952064,4371,4371
1716086820.0839324,516952064,2047,2047
1716086821.0851188,516952064,3648,3648
1716086822.0862954,516952064,3939,3939
1716086823.087473,516952064,4286,4286
1716086824.0886848,516952064,4441,4441
1716086825.089861,516952064,4092,4092
1716086826.0910413,516952064,2640,2640
1716086827.0922208,516952064,4206,4206
1716086828.0934014,516952064,3439,3439
1716086829.0945873,516952064,4246,4246
1716086830.095764,516952064,2069,2069
1716086831.096816,516952064,4610,4610
1716086832.0979934,516952064,13745,13745
1716086833.0991993,516952064,12780,12780
1716086834.1003907,516952064,9979,9979
1716086835.1015785,516952064,3793,3793
1716086836.102779,516952064,4395,4395
1716086837.103956,516952064,4235,4235
1716086838.1051342,516952064,3567,3567
1716086839.1063087,516952064,3845,3845
1716086840.10749,516952064,4285,4285
1716086841.1086915,516952064,3985,3985
1716086842.1098635,516952064,4195,4195
1716086843.111047,516952064,4443,4443
1716086844.1122258,516952064,3816,3816
1716086845.1128154,516952064,2422,2422
1716086846.113998,516952064,3515,3515
1716086847.1151783,516952064,3342,3342
1716086848.1163633,516952064,4775,4775
1716086849.116818,516952064,2685,2685
1716086850.1180224,516952064,5544,5544
1716086851.1192424,516952064,2849,2849
1716086852.1204114,516952064,5421,5421
1716086853.120815,516952064,4505,4505
1716086854.122013,516952064,3811,3811
1716086855.1232271,516952064,3962,3962
1716086856.1236782,516952064,911,911
1716086857.1253624,516952064,158,158
1716086858.1265771,516952064,617,617
1716086859.1277866,516952064,154,154
1716086860.1293938,516952064,0,0
1716086861.1306098,516952064,0,0
1716086862.1320782,516952064,0,0
1716086863.1332223,516952064,448,448
1716086864.134433,516952064,152,152
1716086865.1362894,516952064,0,0
1716086866.136848,516952064,0,0
1716086867.1380568,516952064,0,0
1716086868.1398814,516952064,448,448
1716086869.1408076,516952064,1347,1347
1716086870.1419797,516952064,0,0
1716086871.1431518,516952064,303,303
1716086872.144316,516952064,0,0
1716086873.14481,516952064,451,451
1716086874.1454654,516952064,152,152
1716086875.1466408,516952064,0,0
1716086876.1478164,516952064,0,0
1716086877.1488101,516952064,0,0
1716086878.1499884,516952064,448,448
1716086879.151173,516952064,152,152
1716086880.152351,516952064,0,0
1716086881.1528187,516952064,0,0
1716086882.1540203,516952064,0,0
1716086883.1552,516952064,448,448
1716086884.1563766,516952064,152,152
1716086885.157566,516952064,0,0
1716086886.1587467,516952064,2470,2470
1716086887.1599271,516952064,0,0
1716086888.1608076,516952064,448,448
1716086889.16198,516952064,152,152
1716086890.1631598,516952064,0,0
1716086891.1643512,516952064,0,0
1716086892.1648176,516952064,0,0
1716086893.166009,516952064,448,448
1716086894.1671815,516952064,152,152
1716086895.1683517,516952064,0,0
1716086896.1688058,516952064,0,0
1716086897.1699955,516952064,0,0
1716086898.171167,516952064,392639544,392639544
1716086899.1723492,516952064,344,344
1716086900.172808,516952064,0,0
1716086901.1732254,516952064,0,0
1716086902.174429,516952064,285520260,285520260
1716086903.1756108,516952064,106980403,106980403
1716086904.1767943,516952064,152,152
1716086905.1779697,516952064,0,0
1716086906.179158,516952064,17841277,17841277
1716086907.1793602,516952064,921791427,921791427
1716086908.1805487,516952064,448,448
1716086909.180818,516952064,152,152
1716086910.18202,516952064,1268,1268
1716086911.1832423,516952064,4321,4321
1716086912.1844275,516952064,2038715385,2038715385
1716086913.1848161,516952064,4113,4113
1716086914.18593,516952064,6566,6566
1716086915.1870933,516952064,4040,4040
1716086916.188261,516952064,6945,6945
1716086917.1888113,516952064,8697,8697
1716086918.1896613,516952064,4226,4226
1716086919.190851,516952064,3582,3582
1716086920.1920328,516952064,5533,5533
1716086921.1928227,516952064,6812,6812
1716086922.193992,516952064,7013,7013
1716086923.1951628,516952064,8562,8562
1716086924.1963234,516952064,6701,6701
1716086925.1968324,516952064,3045,3045
1716086926.1973736,516952064,6062,6062
1716086927.1985636,516952064,5289,5289
1716086928.199768,516952064,7416,7416
1716086929.2008195,516952064,7700,7700
1716086930.2019873,516952064,5073,5073
1716086931.2031627,516952064,3484,3484
1716086932.2043343,516952064,7220,7220
1716086933.204806,516952064,7300,7300
1716086934.2060127,516952064,7225,7225
1716086935.2071936,516952064,7358,7358
1716086936.2083745,516952064,7444,7444
1716086937.208808,516952064,3611,3611
1716086938.2099733,516952064,3984,3984
1716086939.2111688,516952064,6667,6667
1716086940.2123628,516952064,6754,6754
1716086941.2128062,516952064,8115,8115
1716086942.2140126,516952064,7143,7143
1716086943.2151895,516952064,3438,3438
1716086944.2163713,516952064,1650,1650
1716086945.2168024,516952064,6061,6061
1716086946.217978,516952064,7111,7111
1716086947.218177,516952064,4300,4300
1716086948.2193336,516952064,8113,8113
1716086949.219637,516952064,7841,7841
1716086950.2208462,516952064,6981,6981
1716086951.2211475,516952064,3567,3567
1716086952.222312,516952064,5573,5573
1716086953.2236383,516952064,5146,5146
1716086954.2248378,516952064,7072,7072
1716086955.2260158,516952064,5875,5875
1716086956.2272234,516952064,7014,7014
1716086957.2284217,516952064,1652,1652
1716086958.2290745,516952064,5906,5906
1716086959.2302825,516952064,2015,2015
1716086960.2314634,516952064,1856,1856
1716086961.2326806,516952064,0,0
1716086962.2338645,516952064,303,303
1716086963.2350552,516952064,959,959
1716086964.236281,516952064,155,155
1716086965.2374556,516952064,0,0
1716086966.2386415,516952064,0,0
1716086967.2398286,516952064,0,0
1716086968.2407956,516952064,448,448
1716086969.2419505,516952064,152,152
1716086970.2431293,516952064,0,0
1716086971.244278,516952064,0,0
1716086972.2447834,516952064,0,0
1716086973.2456517,516952064,448,448
1716086974.2468414,516952064,152,152
1716086975.2480254,516952064,0,0
1716086976.248823,516952064,0,0
1716086977.2500086,516952064,0,0
1716086978.2511916,516952064,448,448
1716086979.252363,516952064,152,152
1716086980.252809,516952064,0,0
1716086981.253217,516952064,0,0
1716086982.2543921,516952064,0,0
1716086983.255573,516952064,344,344
1716086984.2567744,516952064,152,152
1716086985.2569735,516952064,0,0
1716086986.258152,516952064,0,0
1716086987.2593584,516952064,0,0
1716086988.260552,516952064,448,448
1716086989.2608116,516952064,152,152
1716086990.2619915,516952064,0,0
1716086991.2631762,516952064,0,0
1716086992.264354,516952064,0,0
1716086993.2648163,516952064,448,448
1716086994.2660239,516952064,290840998,290840998
1716086995.2672133,516952064,0,0
1716086996.2684112,516952064,0,0
1716086997.268822,516952064,0,0
1716086998.269995,516952064,448,448
1716086999.2711663,516952064,152,152
1716087000.2723482,516952064,187,187
1716087001.2728252,516952064,17932022,17932022
1716087002.2740245,516952064,753834760,753834760
1716087003.275237,516952064,2606779888,2606779888
1716087004.2764356,516952064,94356958,94356958
1716087005.2768323,516952064,0,0
1716087006.2780166,516952064,1927,1927
1716087007.2792177,516952064,7260,7260
1716087008.2803962,516952064,6343,6343
1716087009.281054,516952064,3848,3848
1716087010.2821126,516952064,5706,5706
1716087011.2832928,516952064,5309,5309
1716087012.2844844,516952064,6864,6864
1716087013.2848728,516952064,5439,5439
1716087014.286124,516952064,7407,7407
1716087015.286924,516952064,4408,4408
1716087016.288116,516952064,5233,5233
1716087017.2888355,516952064,4865,4865
1716087018.2900727,516952064,6779,6779
1716087019.2903354,516952064,4643,4643
1716087020.2915382,516952064,4548,4548
1716087021.2923472,516952064,2264,2264
1716087022.2928836,516952064,4412,4412
1716087023.2941222,516952064,4597,4597
1716087024.2953777,516952064,7428,7428
1716087025.2966342,516952064,7391,7391
1716087026.2969003,516952064,6869,6869
1716087027.2981687,516952064,4709,4709
1716087028.2994385,516952064,2968,2968
1716087029.3007302,516952064,8040,8040
1716087030.30199,516952064,4931,4931
1716087031.3032238,516952064,4399,4399
1716087032.304449,516952064,6584,6584
1716087033.3048916,516952064,7857,7857
1716087034.3061414,516952064,3223,3223
1716087035.3073738,516952064,8648,8648
1716087036.308619,516952064,4553,4553
1716087037.3088963,516952064,5666,5666
1716087038.3096783,516952064,4879,4879
1716087039.3108978,516952064,4842,4842
1716087040.312123,516952064,4115,4115
1716087041.3128507,516952064,2265,2265
1716087042.3140965,516952064,4314,4314
1716087043.3153083,516952064,4812,4812
1716087044.31652,516952064,3660,3660
1716087045.316891,516952064,4666,4666
1716087046.3181143,516952064,5086,5086
1716087047.3193386,516952064,6428,6428
1716087048.3205652,516952064,3993,3993
1716087049.3208957,516952064,6653,6653
1716087050.322158,516952064,3237,3237
1716087051.3234468,516952064,13056,13056
1716087052.3244848,516952064,9921,9921
1716087053.3249462,516952064,3245,3245
1716087054.3262343,516952064,1241,1241
1716087055.3275127,516952064,1756,1756
1716087056.3288338,516952064,3928,3928
1716087057.330159,516952064,14477,14477
1716087058.3314269,516952064,16364,16364
1716087059.33276,516952064,4097,4097
1716087060.3340292,516952064,2997,2997
1716087061.3352995,516952064,4105,4105
1716087062.3366177,516952064,2029,2029
1716087063.3368862,516952064,160922,160922
1716087064.3381429,516952064,26029,26029
1716087065.3394284,516952064,7239,7239
1716087066.3407388,516952064,3542,3542
1716087067.3419948,516952064,5516,5516
1716087068.3432693,516952064,7880,7880
1716087069.34463,516952064,4550,4550
1716087070.3449538,516952064,3234,3234
1716087071.3462029,516952064,3435,3435
1716087072.3474946,516952064,5934,5934
1716087073.3488245,516952064,5615,5615
1716087074.3500674,516952064,1625,1625
1716087075.3514779,516952064,4685,4685
1716087076.3527834,516952064,5624,5624
1716087077.354063,516952064,159,159
1716087078.3553596,516952064,1997,1997
1716087079.3567512,516952064,1579,1579
1716087080.3580346,516952064,781,781
1716087081.3593204,516952064,0,0
1716087082.3605611,516952064,1506,1506
1716087083.360993,516952064,325,325
1716087084.3622873,516952064,1453,1453
1716087085.363565,516952064,4604,4604
1716087086.3649175,516952064,1150,1150
1716087087.366177,516952064,459,459
1716087088.3673964,516952064,2184,2184
1716087089.3686225,516952064,157,157
1716087090.3689206,516952064,930,930
1716087091.370221,516952064,486,486
1716087092.3714535,516952064,152,152
1716087093.3725703,516952064,2436,2436
1716087094.3729258,516952064,436,436
1716087095.374191,516952064,778,778
1716087096.3754573,516952064,1246,1246
1716087097.3767388,516952064,2541,2541
1716087098.3779786,516952064,3102,3102
1716087099.3792894,516952064,1108,1108
1716087100.3805974,516952064,1016,1016
1716087101.3819494,516952064,2289,2289
1716087102.383187,516952064,3963,3963
1716087103.3843703,516952064,6444,6444
1716087104.3848176,516952064,8667,8667
1716087105.3860202,516952064,1258,1258
1716087106.3872108,516952064,5983,5983
1716087107.3883953,516952064,13964,13964
1716087108.3896067,516952064,5951,5951
1716087109.3907979,516952064,11329,11329
1716087110.3919897,516952064,6014,6014
1716087111.3931806,516952064,6029,6029
1716087112.3943713,516952064,2777,2777
1716087113.3955631,516952064,5152,5152
1716087114.396744,516952064,4819,4819
1716087115.3978992,516952064,6065,6065
1716087116.3990533,516952064,4658,4658
1716087117.4002128,516952064,6947,6947
1716087118.4008005,516952064,6584,6584
1716087119.4017851,516952064,5115,5115
1716087120.4029815,516952064,6771,6771
1716087121.4041994,516952064,6991,6991
1716087122.405394,516952064,6600,6600
1716087123.4066155,516952064,7997,7997
1716087124.4078221,516952064,5292,5292
1716087125.409015,516952064,3295,3295
1716087126.4102044,516952064,4215,4215
1716087127.4113948,516952064,4349,4349
1716087128.4126003,516952064,2601,2601
1716087129.4138005,516952064,3137,3137
1716087130.4149957,516952064,4066,4066
1716087131.416194,516952064,2897,2897
1716087132.4174216,516952064,4451,4451
1716087133.41863,516952064,6193,6193
1716087134.4198287,516952064,4786,4786
1716087135.4210284,516952064,3568,3568
1716087136.4222198,516952064,2856,2856
1716087137.4234238,516952064,4376,4376
1716087138.4246113,516952064,3955,3955
1716087139.4258056,516952064,5592,5592
1716087140.4270103,516952064,3047,3047
1716087141.4282238,516952064,2455,2455
1716087142.429446,516952064,5604,5604
1716087143.4306602,516952064,3150,3150
1716087144.4318588,516952064,1637,1637
1716087145.433058,516952064,1649,1649
1716087146.4342449,516952064,0,0
1716087147.4354367,516952064,311,311
1716087148.4366598,516952064,456,456
1716087149.4378562,516952064,155,155
1716087150.4390378,516952064,0,0
1716087151.4402335,516952064,914,914
1716087152.4414597,516952064,0,0
1716087153.4426477,516952064,643,643
1716087154.4438357,516952064,155,155
1716087155.4450312,516952064,0,0
1716087156.446209,516952064,760,760
1716087157.4474084,516952064,1871773776,1871773776
1716087158.448613,516952064,544,544
1716087159.4488165,516952064,496,496
1716087160.4500175,516952064,0,0
1716087161.4512076,516952064,707,707
1716087162.4523947,516952064,869903718,869903718
1716087163.4536107,516952064,2266411504,2266411504
1716087164.4548109,516952064,372987873,372987873
1716087165.4560122,516952064,52,52
1716087166.4572177,516952064,104,104
1716087167.4584126,516952064,104,104
1716087168.45958,516952064,448,448
1716087169.4607809,516952064,60465146,60465146
1716087170.4619625,516952064,177708336,177708336
1716087171.4631727,516952064,0,0
1716087172.4643464,516952064,0,0
1716087173.4655461,516952064,448,448
1716087174.466722,516952064,152,152
1716087175.4678905,516952064,0,0
1716087176.4688058,516952064,3481,3481
1716087177.469988,516952064,2638,2638
1716087178.471164,516952064,6623,6623
1716087179.4723432,516952064,4970,4970
1716087180.4728134,516952064,1169,1169
1716087181.4739914,516952064,402,402
1716087182.4751701,516952064,3298,3298
1716087183.4763453,516952064,3736,3736
1716087184.4768374,516952064,5375,5375
1716087185.4780214,516952064,5616,5616
1716087186.4792023,516952064,2615,2615
1716087187.480376,516952064,2615,2615
1716087188.4808097,516952064,1692,1692
1716087189.4819832,516952064,861,861
1716087190.483165,516952064,3136,3136
1716087191.4843428,516952064,4908,4908
1716087192.4848154,516952064,4230,4230
1716087193.4860096,516952064,2383,2383
1716087194.487192,516952064,4259,4259
1716087195.4883695,516952064,3874,3874
1716087196.4888082,516952064,3079,3079
1716087197.4899747,516952064,4468,4468
1716087198.4911535,516952064,4691,4691
1716087199.4923387,516952064,4729,4729
1716087200.49282,516952064,4418,4418
1716087201.4939942,516952064,4629,4629
1716087202.4951785,516952064,4165,4165
1716087203.4963536,516952064,2828,2828
1716087204.4968262,516952064,7083,7083
1716087205.498007,516952064,4239,4239
1716087206.4991856,516952064,6514,6514
1716087207.500383,516952064,3163,3163
1716087208.5008068,516952064,2213,2213
1716087209.5019984,516952064,3554,3554
1716087210.5031755,516952064,1202,1202
1716087211.5043488,516952064,2325,2325
1716087212.5048156,516952064,3591,3591
1716087213.5060096,516952064,5361,5361
1716087214.5071864,516952064,2903,2903
1716087215.5083585,516952064,2456,2456
1716087216.5088177,516952064,2554,2554
1716087217.5099857,516952064,1436,1436
1716087218.5111656,516952064,4082,4082
1716087219.512337,516952064,2420,2420
1716087220.512818,516952064,4777,4777
1716087221.5139916,516952064,4252,4252
1716087222.5151682,516952064,6611,6611
1716087223.5163422,516952064,6927,6927
1716087224.5168142,516952064,4485,4485
1716087225.5179925,516952064,2066,2066
1716087226.5191777,516952064,5711,5711
1716087227.5203636,516952064,4273,4273
1716087228.520828,516952064,6439,6439
1716087229.5220144,516952064,6223,6223
1716087230.52319,516952064,1988,1988
1716087231.5243664,516952064,1569,1569
1716087232.5248208,516952064,3310,3310
1716087233.5260098,516952064,5071,5071
1716087234.5271804,516952064,3723,3723
1716087235.5283566,516952064,4124,4124
1716087236.5295486,516952064,2036,2036
1716087237.530732,516952064,2166,2166
1716087238.5319135,516952064,1466,1466
1716087239.5328126,516952064,4791,4791
1716087240.5339875,516952064,3243,3243
1716087241.5351725,516952064,5102,5102
1716087242.5363464,516952064,1504,1504
1716087243.5368295,516952064,4803,4803
1716087244.5380092,516952064,3528,3528
1716087245.5391984,516952064,1466,1466
1716087246.5403805,516952064,4976,4976
1716087247.540819,516952064,3559,3559
1716087248.5420065,516952064,4354,4354
1716087249.5432153,516952064,2980,2980
1716087250.544411,516952064,3540,3540
1716087251.5448194,516952064,2033,2033
1716087252.5460193,516952064,4705,4705
1716087253.547219,516952064,4604,4604
1716087254.5483978,516952064,4347,4347
1716087255.5488274,516952064,4179,4179
1716087256.5500085,516952064,3304,3304
1716087257.5511894,516952064,3531,3531
1716087258.5523674,516952064,4962,4962
1716087259.5535479,516952064,3956,3956
1716087260.55474,516952064,3546,3546
1716087261.5559175,516952064,5033,5033
1716087262.557108,516952064,4074,4074
1716087263.558282,516952064,3930,3930
1716087264.5594645,516952064,2317,2317
1716087265.5606751,516952064,4012,4012
1716087266.5618849,516952064,4106,4106
1716087267.5630896,516952064,4101,4101
1716087268.5642753,516952064,4655,4655
1716087269.565455,516952064,2669,2669
1716087270.5666404,516952064,1146,1146
1716087271.567814,516952064,5908,5908
1716087272.5690055,516952064,3963,3963
1716087273.5701914,516952064,11018,11018
1716087274.5713723,516952064,16215,16215
1716087275.5725527,516952064,6265,6265
1716087276.5728207,516952064,1286,1286
1716087277.5740004,516952064,3281,3281
1716087278.5751827,516952064,6627,6627
1716087279.5763564,516952064,2398,2398
1716087280.576817,516952064,5415,5415
1716087281.577998,516952064,6985,6985
1716087282.579175,516952064,9849,9849
1716087283.5803573,516952064,4379,4379
1716087284.5808134,516952064,5603,5603
1716087285.582194,516952064,6496,6496
1716087286.5833654,516952064,4093,4093
1716087287.5836785,516952064,979,979
1716087288.5851927,516952064,618,618
1716087289.5864177,516952064,0,0
1716087290.5877206,516952064,0,0
1716087291.5890982,516952064,0,0
1716087292.5903034,516952064,0,0
1716087293.5922809,516952064,496,496
1716087294.5928502,516952064,0,0
1716087295.5941062,516952064,0,0
1716087296.5953538,516952064,0,0
1716087297.5974998,516952064,0,0
1716087298.5987394,516952064,600,600
1716087299.599944,516952064,358,358
1716087300.6008193,516952064,820,820
1716087301.6019876,516952064,91050,91050
1716087302.6031532,516952064,152,152
1716087303.6043162,516952064,612,612
1716087304.6048214,516952064,0,0
1716087305.6060307,516952064,0,0
1716087306.6072066,516952064,0,0
1716087307.6083827,516952064,0,0
1716087308.6095881,516952064,600,600
1716087309.6107638,516952064,0,0
1716087310.6119556,516952064,0,0
1716087311.61283,516952064,0,0
1716087312.614011,516952064,0,0
1716087313.6151881,516952064,600,600
1716087314.6163604,516952064,0,0
1716087315.616815,516952064,0,0
1716087316.6179953,516952064,0,0
1716087317.6191757,516952064,1520,1520
1716087318.6203582,516952064,304,304
1716087319.6208057,516952064,192,192
1716087320.6219716,516952064,0,0
1716087321.623149,516952064,0,0
1716087322.624317,516952064,0,0
1716087323.6248426,516952064,600,600
1716087324.6260214,516952064,0,0
1716087325.627213,516952064,0,0
1716087326.6284084,516952064,0,0
1716087327.62961,516952064,0,0
1716087328.630831,516952064,600,600
1716087329.6320245,516952064,0,0
1716087330.6332262,516952064,0,0
1716087331.6344144,516952064,0,0
1716087332.6355972,516952064,0,0
1716087333.6367812,516952064,600,600
1716087334.6379502,516952064,0,0
1716087335.6391227,516952064,0,0
1716087336.6402953,516952064,0,0
1716087337.640823,516952064,0,0
1716087338.642047,516952064,653525552,653525552
1716087339.6432393,516952064,133851766,133851766
1716087340.6444254,516952064,0,0
1716087341.6448176,516952064,0,0
1716087342.646024,516952064,34642962,34642962
1716087343.6472483,516952064,2281601790,2281601790
1716087344.6484275,516952064,660325483,660325483
1716087345.6488085,516952064,0,0
1716087346.6499994,516952064,0,0
1716087347.6512275,516952064,6025,6025
1716087348.6522145,516952064,5223,5223
1716087349.65286,516952064,6727,6727
1716087350.6540864,516952064,5493,5493
1716087351.6549158,516952064,6869,6869
1716087352.656109,516952064,7800,7800
1716087353.6568387,516952064,6768,6768
1716087354.6580327,516952064,7915,7915
1716087355.6591675,516952064,3214,3214
1716087356.6603494,516952064,3816,3816
1716087357.6609626,516952064,3778,3778
1716087358.6621466,516952064,5389,5389
1716087359.6633265,516952064,4031,4031
1716087360.6645043,516952064,6068,6068
1716087361.6648235,516952064,4664,4664
1716087362.6660404,516952064,3651,3651
1716087363.6663244,516952064,7429,7429
1716087364.6675043,516952064,4899,4899
1716087365.668715,516952064,4998,4998
1716087366.669889,516952064,6771,6771
1716087367.6710694,516952064,6986,6986
1716087368.6722732,516952064,5091,5091
1716087369.6728308,516952064,7270,7270
1716087370.6740134,516952064,7851,7851
1716087371.6751902,516952064,5161,5161
1716087372.676392,516952064,7033,7033
1716087373.676825,516952064,7894,7894
1716087374.6780014,516952064,4385,4385
1716087375.6791816,516952064,4740,4740
1716087376.6803644,516952064,6439,6439
1716087377.6808295,516952064,4412,4412
1716087378.682009,516952064,5158,5158
1716087379.6831868,516952064,7738,7738
1716087380.684371,516952064,4277,4277
1716087381.6848245,516952064,7198,7198
1716087382.6860263,516952064,7594,7594
1716087383.6870403,516952064,7389,7389
1716087384.6882463,516952064,7760,7760
1716087385.688831,516952064,2218,2218
1716087386.6900313,516952064,5978,5978
1716087387.691211,516952064,4769,4769
1716087388.6924036,516952064,7520,7520
1716087389.693186,516952064,5840,5840
1716087390.6944177,516952064,712,712
1716087391.6957135,516952064,4179,4179
1716087392.6969056,516952064,2539,2539
1716087393.698141,516952064,2379,2379
1716087394.6993556,516952064,2361,2361
1716087395.7005367,516952064,1959,1959
1716087396.7017233,516952064,2304,2304
1716087397.7028823,516952064,0,0
1716087398.70406,516952064,774,774
1716087399.7048101,516952064,0,0
1716087400.7060032,516952064,0,0
1716087401.7071736,516952064,4453,4453
1716087402.7083616,516952064,280,280
1716087403.7088206,516952064,564,564
1716087404.7100008,516952064,0,0
1716087405.7102323,516952064,0,0
1716087406.7114148,516952064,277,277
1716087407.7126198,516952064,2356,2356
1716087408.7138076,516952064,2271,2271
1716087409.714999,516952064,0,0
1716087410.7161837,516952064,311,311
1716087411.7168279,516952064,1614,1614
1716087412.718005,516952064,638,638
1716087413.7186925,516952064,561,561
1716087414.7198746,516952064,0,0
1716087415.7208188,516952064,0,0
1716087416.7211344,516952064,0,0
1716087417.7223287,516952064,0,0
1716087418.7235332,516952064,548,548
1716087419.7247536,516952064,0,0
1716087420.7259536,516952064,0,0
1716087421.7264462,516952064,0,0
1716087422.7276294,516952064,0,0
1716087423.7288153,516952064,496,496
1716087424.7299907,516952064,0,0
1716087425.7311656,516952064,51431227,51431227
1716087426.7323375,516952064,0,0
1716087427.7335355,516952064,0,0
1716087428.7347107,516952064,600,600
1716087429.735892,516952064,0,0
1716087430.737097,516952064,34644981,34644981
1716087431.73829,516952064,0,0
1716087432.7394865,516952064,0,0
1716087433.7407002,516952064,600,600
1716087434.7419157,516952064,533214468,533214468
1716087435.7431097,516952064,0,0
1716087436.7443073,516952064,0,0
1716087437.745502,516952064,0,0
1716087438.7467153,516952064,4201342,4201342
1716087439.7479482,516952064,2495696240,2495696240
1716087440.7491584,516952064,644483269,644483269
1716087441.75036,516952064,0,0
1716087442.7515538,516952064,1067,1067
1716087443.7528107,516952064,5664,5664
1716087444.754011,516952064,3142,3142
1716087445.75522,516952064,7379,7379
1716087446.7564135,516952064,4849,4849
1716087447.7568483,516952064,7214,7214
1716087448.7580903,516952064,7472,7472
1716087449.7592847,516952064,4963,4963
1716087450.759679,516952064,1490,1490
1716087451.7608526,516952064,6137,6137
1716087452.7620387,516952064,7250,7250
1716087453.7632415,516952064,8057,8057
1716087454.7644715,516952064,5207,5207
1716087455.764821,516952064,5490,5490
1716087456.7660375,516952064,3568,3568
1716087457.7672315,516952064,5072,5072
1716087458.7684212,516952064,5386,5386
1716087459.768834,516952064,6896,6896
1716087460.7700236,516952064,5294,5294
1716087461.771203,516952064,6733,6733
1716087462.772391,516952064,5312,5312
1716087463.7728264,516952064,2374,2374
1716087464.7737536,516952064,5881,5881
1716087465.774965,516952064,5143,5143
1716087466.776152,516952064,6044,6044
1716087467.7773476,516952064,7957,7957
1716087468.7785594,516952064,7517,7517
1716087469.7797477,516952064,4953,4953
1716087470.7809033,516952064,6125,6125
1716087471.7821817,516952064,4660,4660
1716087472.7833893,516952064,5733,5733
1716087473.7845776,516952064,7531,7531
1716087474.7848346,516952064,6263,6263
1716087475.7860322,516952064,5505,5505
1716087476.787235,516952064,6373,6373
1716087477.7884297,516952064,6899,6899
1716087478.7896225,516952064,7618,7618
1716087479.790821,516952064,8212,8212
1716087480.7920494,516952064,7065,7065
1716087481.7928278,516952064,3907,3907
1716087482.7940297,516952064,4801,4801
1716087483.7952304,516952064,5386,5386
1716087484.7964644,516952064,5649,5649
1716087485.7968564,516952064,6499,6499
1716087486.7981281,516952064,3319,3319
1716087487.7993326,516952064,727,727
1716087488.8006964,516952064,1742,1742
1716087489.8019514,516952064,734,734
1716087490.8032033,516952064,461,461
1716087491.8044255,516952064,446,446
1716087492.8049936,516952064,1658,1658
1716087493.8061893,516952064,1293,1293
1716087494.8074791,516952064,52,52
1716087495.8085012,516952064,1506,1506
1716087496.8089175,516952064,738,738
1716087497.8101501,516952064,0,0
1716087498.8114212,516952064,2014,2014
1716087499.8127499,516952064,727,727
1716087500.8139973,516952064,0,0
1716087501.8152168,516952064,199,199
1716087502.816414,516952064,1902,1902
1716087503.8169343,516952064,558,558
1716087504.8181515,516952064,0,0
1716087505.819337,516952064,1476,1476
1716087506.8206162,516952064,783,783
1716087507.8208532,516952064,0,0
1716087508.8220842,516952064,1325,1325
1716087509.823268,516952064,1414,1414
1716087510.8245215,516952064,0,0
1716087511.8249857,516952064,786,786
1716087512.8261817,516952064,1424,1424
1716087513.8274825,516952064,12981,12981
1716087514.82881,516952064,5491,5491
1716087515.8300102,516952064,7883,7883
1716087516.8314044,516952064,0,0
1716087517.8326375,516952064,793,793
1716087518.8338695,516952064,4094,4094
1716087519.8351614,516952064,0,0
1716087520.836441,516952064,0,0
1716087521.836946,516952064,4701,4701
1716087522.838236,516952064,791,791
1716087523.8394523,516952064,1296,1296
1716087524.8406813,516952064,1494,1494
1716087525.8419094,516952064,0,0
1716087526.8431315,516952064,1465,1465
1716087527.8444364,516952064,0,0
1716087528.845318,516952064,559,559
1716087529.8455813,516952064,1815,1815
1716087530.8468938,516952064,950,950
1716087531.8481033,516952064,1094,1094
1716087532.8488524,516952064,785,785
1716087533.8500814,516952064,560,560
1716087534.8512914,516952064,1983,1983
1716087535.852589,516952064,285,285
1716087536.8528996,516952064,99,99
1716087537.8541167,516952064,1491,1491
1716087538.8553805,516952064,2921,2921
1716087539.8565962,516952064,5439,5439
1716087540.8568313,516952064,524,524
1716087541.858033,516952064,1461,1461
1716087542.8592439,516952064,3897,3897
1716087543.8604374,516952064,5933,5933
1716087544.8608382,516952064,5449,5449
1716087545.8620503,516952064,6967,6967
1716087546.8632514,516952064,4603,4603
1716087547.8644502,516952064,3331,3331
1716087548.864846,516952064,6438,6438
1716087549.8660614,516952064,4127,4127
1716087550.8672442,516952064,4770,4770
1716087551.8675327,516952064,4526,4526
1716087552.8687503,516952064,5903,5903
1716087553.86994,516952064,2974,2974
1716087554.8711383,516952064,6326,6326
1716087555.872332,516952064,5863,5863
1716087556.872822,516952064,5097,5097
1716087557.8740098,516952064,6827,6827
1716087558.8752117,516952064,7054,7054
1716087559.8764124,516952064,4662,4662
1716087560.8768413,516952064,6983,6983
1716087561.878034,516952064,1320,1320
1716087562.879234,516952064,4403,4403
1716087563.8804226,516952064,6170,6170
1716087564.8808305,516952064,3505,3505
1716087565.882033,516952064,874,874
1716087566.8832443,516952064,5789,5789
1716087567.88444,516952064,4308,4308
1716087568.8848302,516952064,4703,4703
1716087569.8859146,516952064,6085,6085
1716087570.8871117,516952064,5346,5346
1716087571.8883047,516952064,4465,4465
1716087572.8888404,516952064,6529,6529
1716087573.890039,516952064,7345,7345
1716087574.891247,516952064,4254,4254
1716087575.8916893,516952064,4500,4500
1716087576.8928313,516952064,4559,4559
1716087577.8940384,516952064,4967,4967
1716087578.8952308,516952064,5086,5086
1716087579.8964214,516952064,5460,5460
1716087580.8968399,516952064,4515,4515
1716087581.8980398,516952064,5774,5774
1716087582.8992436,516952064,815,815
1716087583.9004416,516952064,622,622
1716087584.9016535,516952064,0,0
1716087585.9028492,516952064,0,0
1716087586.9040432,516952064,0,0
1716087587.904838,516952064,0,0
1716087588.9060545,516952064,600,600
1716087589.90727,516952064,4489,4489
1716087590.9084644,516952064,995,995
1716087591.9096673,516952064,340,340
1716087592.9108498,516952064,161,161
1716087593.9120376,516952064,1412,1412
1716087594.9128397,516952064,190,190
1716087595.9140441,516952064,303,303
1716087596.915242,516952064,3417,3417
1716087597.9164422,516952064,13213,13213
1716087598.9168355,516952064,1871568345,1871568345
1716087599.918014,516952064,198804,198804
1716087600.9192028,516952064,926,926
1716087601.9203749,516952064,90879,90879
1716087602.920822,516952064,631688772,631688772
1716087603.9220295,516952064,1471489738,1471489738
1716087604.9232178,516952064,1532227970,1532227970
1716087605.924387,516952064,582,582
1716087606.9248164,516952064,2034,2034
1716087607.9260063,516952064,1299,1299
1716087608.9271934,516952064,110057952,110057952
1716087609.9283783,516952064,1225,1225
1716087610.928805,516952064,561,561
1716087611.9291177,516952064,1599,1599
1716087612.9302745,516952064,433,433
1716087613.9314284,516952064,407,407
1716087614.9325855,516952064,489,489
1716087615.9327915,516952064,4956,4956
1716087616.9339504,516952064,3793,3793
1716087617.9351306,516952064,3583,3583
1716087618.936309,516952064,4455,4455
1716087619.9368038,516952064,3201,3201
1716087620.9379745,516952064,5337,5337
1716087621.9391391,516952064,4520,4520
1716087622.940301,516952064,4092,4092
1716087623.9407969,516952064,3211,3211
1716087624.9419549,516952064,5397,5397
1716087625.9431152,516952064,3530,3530
1716087626.9442732,516952064,4365,4365
1716087627.9448056,516952064,4520,4520
1716087628.945983,516952064,4333,4333
1716087629.9471438,516952064,4123,4123
1716087630.9476163,516952064,6551,6551
1716087631.9488077,516952064,4061,4061
1716087632.9499865,516952064,4381,4381
1716087633.951165,516952064,2942,2942
1716087634.9523463,516952064,4305,4305
1716087635.9528234,516952064,4149,4149
1716087636.9539993,516952064,4155,4155
1716087637.9551828,516952064,5673,5673
1716087638.9563615,516952064,3024,3024
1716087639.956811,516952064,5634,5634
1716087640.957987,516952064,4246,4246
1716087641.959189,516952064,4179,4179
1716087642.960364,516952064,4389,4389
1716087643.9608154,516952064,5086,5086
1716087644.961989,516952064,1093,1093
1716087645.9631796,516952064,4165,4165
1716087646.9643552,516952064,4489,4489
1716087647.9648204,516952064,4658,4658
1716087648.9660168,516952064,6430,6430
1716087649.9671936,516952064,2835,2835
1716087650.968388,516952064,720,720
1716087651.9688175,516952064,5240,5240
1716087652.9700017,516952064,3635,3635
1716087653.9711866,516952064,3924,3924
1716087654.9723613,516952064,1129,1129
1716087655.9728093,516952064,3574,3574
1716087656.9739795,516952064,2788,2788
1716087657.9751625,516952064,4356,4356
1716087658.9763427,516952064,4068,4068
1716087659.976831,516952064,6142,6142
1716087660.9780104,516952064,4406,4406
1716087661.9792166,516952064,6275,6275
1716087662.9804094,516952064,3369,3369
1716087663.9808083,516952064,3943,3943
1716087664.9819908,516952064,4077,4077
1716087665.9831748,516952064,4044,4044
1716087666.9843435,516952064,3303,3303
1716087667.9848123,516952064,4668,4668
1716087668.9860282,516952064,4125,4125
1716087669.9872248,516952064,5502,5502
1716087670.9884038,516952064,4156,4156
1716087671.9888299,516952064,5734,5734
1716087672.9900134,516952064,5751,5751
1716087673.991196,516952064,4910,4910
1716087674.9923775,516952064,2395,2395
1716087675.9935577,516952064,4091,4091
1716087676.9947286,516952064,3113,3113
1716087677.995901,516952064,4015,4015
1716087678.996818,516952064,3288,3288
1716087679.997999,516952064,2981,2981
1716087680.9991767,516952064,3370,3370
1716087682.0003614,516952064,2683,2683
1716087683.0008268,516952064,6368,6368
1716087684.0020068,516952064,4599,4599
1716087685.0031898,516952064,4177,4177
1716087686.0043645,516952064,3981,3981
1716087687.0048132,516952064,3859,3859
1716087688.0056593,516952064,1494,1494
1716087689.006817,516952064,4682,4682
1716087690.00801,516952064,3524,3524
1716087691.0088294,516952064,4109,4109
1716087692.0100267,516952064,2802,2802
1716087693.0112195,516952064,3987,3987
1716087694.012405,516952064,2760,2760
1716087695.0128314,516952064,5111,5111
1716087696.014021,516952064,3110,3110
1716087697.0152092,516952064,3561,3561
1716087698.0163832,516952064,4606,4606
1716087699.0168228,516952064,4268,4268
1716087700.0179977,516952064,3237,3237
1716087701.0191782,516952064,7202,7202
1716087702.0203576,516952064,4207,4207
1716087703.0208142,516952064,3539,3539
1716087704.0219939,516952064,4355,4355
1716087705.0231922,516952064,4210,4210
1716087706.0243638,516952064,4257,4257
1716087707.0248213,516952064,3123,3123
1716087708.0260253,516952064,3860,3860
1716087709.0272071,516952064,3629,3629
1716087710.028387,516952064,3138,3138
1716087711.0288215,516952064,2821,2821
1716087712.0300415,516952064,681,681
1716087713.0312407,516952064,4028,4028
1716087714.0324283,516952064,4663,4663
1716087715.03362,516952064,2249,2249
1716087716.0348098,516952064,2551,2551
1716087717.0359967,516952064,3340,3340
1716087718.0368176,516952064,3309,3309
1716087719.0380042,516952064,3541,3541
1716087720.0391872,516952064,4350,4350
1716087721.0398722,516952064,6426,6426
1716087722.0411038,516952064,5834,5834
1716087723.0423386,516952064,4589,4589
1716087724.043604,516952064,4674,4674
1716087725.0448656,516952064,2000,2000
1716087726.046458,516952064,0,0
1716087727.0477726,516952064,310,310
1716087728.049024,516952064,456,456
1716087729.0502656,516952064,155,155
1716087730.0521843,516952064,0,0
1716087731.05287,516952064,0,0
1716087732.0541084,516952064,0,0
1716087733.055389,516952064,448,448
1716087734.0570505,516952064,152,152
1716087735.0583816,516952064,0,0
1716087736.0595567,516952064,0,0
1716087737.0598767,516952064,0,0
1716087738.0608141,516952064,1297,1297
1716087739.0619967,516952064,352,352
1716087740.0631788,516952064,0,0
1716087741.0645225,516952064,950,950
1716087742.0648096,516952064,0,0
1716087743.0660288,516952064,448,448
1716087744.0672174,516952064,152,152
1716087745.0684052,516952064,0,0
1716087746.0688105,516952064,0,0
1716087747.0699496,516952064,0,0
1716087748.0701942,516952064,448,448
1716087749.071365,516952064,152,152
1716087750.0725458,516952064,0,0
1716087751.0728111,516952064,0,0
1716087752.073995,516952064,0,0
1716087753.0751793,516952064,344,344
1716087754.0763588,516952064,152,152
1716087755.0768292,516952064,0,0
1716087756.0780158,516952064,0,0
1716087757.07922,516952064,0,0
1716087758.080396,516952064,448,448
1716087759.0808194,516952064,152,152
1716087760.0820055,516952064,0,0
1716087761.0831928,516952064,0,0
1716087762.0844038,516952064,0,0
1716087763.0848513,516952064,448,448
1716087764.0856724,516952064,152,152
1716087765.0868855,516952064,0,0
1716087766.0880682,516952064,0,0
1716087767.0892704,520884224,4200274,4200274
1716087768.0904458,520884224,448,448
1716087769.091598,520884224,152,152
1716087770.0919552,520884224,0,0
1716087771.093062,526290944,5248313,5248313
1716087772.0940108,526290944,0,0
1716087773.095217,526290944,152,152
1716087774.0957618,526290944,344,344
1716087775.096847,883134464,355775790,355775790
1716087776.098099,1505398784,1815101698,1815101698
1716087777.099322,1571262464,128018026,128018026
1716087778.1005416,1571262464,448,448
1716087779.100858,1571262464,423,423
1716087780.1020856,1651871744,160382485,160382485
1716087783.4827588,3853512704,1295083323,1295083323
1716087784.5039387,3960049664,8521,8521
1716087785.5201375,3960541184,3525,3525
1716087786.5231354,3960541184,7760,7760
1716087787.5488896,3960541184,4569,4569
1716087788.551983,3960541184,4753,4753
1716087789.5690982,3961032704,5993,5993
1716087790.5808227,3961524224,7308,7308
1716087791.6015446,3962015744,4442,4442
1716087792.6052518,3962507264,4790,4790
1716087793.6281426,3962998784,8084,8084
1716087794.6313295,3963490304,7278,7278
1716087795.6574287,3965947904,7302,7302
1716087796.685449,3968405504,7447,7447
1716087797.6887262,3969388544,3474,3474
1716087798.7045302,3969880064,5510,5510
1716087799.7241871,3970371584,5962,5962
1716087800.733616,3970863104,6853,6853
1716087801.740571,3971846144,6486,6486
1716087802.7711008,3971846144,5569,5569
1716087803.796258,3981185024,4855,4855
1716087804.8140354,3981185024,6574,6574
1716087805.8184052,3982659584,5699,5699
1716087806.8250315,3982659584,6216,6216
1716087807.8423505,3983642624,5981,5981
1716087808.8603737,3984134144,6703,6703
1716087809.871608,3995439104,4682,4682
1716087810.8732424,4010995712,5213,5213
1716087811.883727,4011487232,3604,3604
1716087812.8953784,4011978752,4986,4986
1716087813.9090462,4012961792,7475,7475
1716087814.9209554,4013453312,5508,5508
1716087815.9296002,4013944832,3015,3015
1716087816.9307933,4014927872,5760,5760
1716087817.9608994,4015910912,6327,6327
1716087818.9676347,4015910912,8412,8412
1716087819.9943123,4057198592,7363,7363
1716087821.0148904,4057690112,6734,6734
1716087822.0210133,4083740672,6191,6191
1716087823.0315828,4084723712,2360,2360
1716087824.0410938,4085215232,6565,6565
1716087825.05414,4085215232,5257,5257
1716087826.0917282,4085215232,4437,4437
1716087827.0930896,4157325312,5738,5738
1716087828.0943491,4304687104,1581,1581
1716087829.095576,2905067520,2260,2260
1716087830.0968049,2905067520,287,287
1716087831.0980108,2905067520,151,151
1716087832.0992012,2905067520,152,152
1716087833.1003869,2905067520,451,451
1716087834.101674,2905067520,155,155
1716087835.1029596,2905067520,0,0
1716087836.1041625,2905067520,0,0
1716087837.1053555,2905067520,0,0
1716087838.106551,2905067520,152,152
1716087839.1077702,2905067520,344,344
1716087840.1090012,2905067520,0,0
1716087841.110208,2905067520,0,0
1716087842.111487,2905067520,0,0
1716087843.1127174,2905067520,448,448
1716087844.1139164,2905067520,152,152
1716087845.1151145,2905067520,0,0
1716087846.1162894,2905067520,0,0
1716087847.1174953,2905067520,0,0
1716087848.1186697,2905067520,448,448
1716087849.1198494,2905067520,152,152
1716087850.1210754,2905067520,0,0
1716087851.122258,2905067520,0,0
1716087852.1234531,2905067520,0,0
1716087853.1246269,2905067520,448,448
1716087854.1258545,2905067520,152,152
1716087855.1270359,2905067520,0,0
1716087856.1282327,2905067520,0,0
1716087857.1294127,2905067520,0,0
1716087858.1306005,2905067520,448,448
1716087859.1317925,2905067520,5381557,5381557
1716087860.1329956,2905067520,0,0
1716087861.1341846,2905067520,0,0
1716087862.1353712,2905067520,0,0
1716087863.1366117,2905067520,362072175,362072175
1716087864.136839,2905067520,152,152
1716087865.1380682,2905067520,0,0
1716087866.1392875,2905067520,0,0
1716087867.1405098,2905067520,17841277,17841277
1716087868.141744,2905067520,1785807434,1785807434
1716087869.1429362,2905067520,377,377
1716087870.1441348,2905067520,0,0
1716087871.144818,2905067520,1181,1181
1716087872.1460845,2905067520,468255749,468255749
1716087873.1472898,2905067520,1124749532,1124749532
1716087874.1484966,2905067520,3914,3914
1716087875.1497197,2905067520,3650,3650
1716087876.1509817,2905067520,6379,6379
1716087877.1522245,2905067520,2921,2921
1716087878.153495,2905067520,7684,7684
1716087879.154779,2905067520,4741,4741
1716087880.1560602,2905067520,6740,6740
1716087881.1568816,2905067520,7547,7547
1716087882.1581411,2905067520,8029,8029
1716087883.1593966,2905067520,6544,6544
1716087884.1606827,2905067520,3493,3493
1716087885.1609254,2905067520,3953,3953
1716087886.162129,2905067520,6047,6047
1716087887.163334,2905067520,5298,5298
1716087888.164544,2905067520,7782,7782
1716087889.1657548,2905067520,7163,7163
1716087890.1669497,2905067520,7438,7438
1716087891.168187,2905067520,3683,3683
1716087892.1694126,2905067520,4106,4106
1716087893.1706278,2905067520,1255,1255
1716087894.1716876,2905067520,653,653
1716087895.1728897,2905067520,2818,2818
1716087896.1741438,2905067520,6678,6678
1716087897.1753776,2905067520,6769,6769
1716087898.1766822,2905067520,5684,5684
1716087899.1779573,2905067520,6741,6741
1716087900.1792352,2905067520,7318,7318
1716087901.1804998,2905067520,3093,3093
1716087902.1817725,2905067520,93923,93923
1716087903.1830268,2905067520,6172,6172
1716087904.1842923,2905067520,5984,5984
1716087905.184888,2905067520,5347,5347
1716087906.1861494,2905067520,4638,4638
1716087907.1873984,2905067520,5295,5295
1716087908.188868,2905067520,2739,2739
1716087909.1901178,2905067520,4334,4334
1716087910.1913743,2905067520,8040,8040
1716087911.1926246,2905067520,4685,4685
1716087912.1939185,2905067520,6894,6894
1716087913.1952016,2905067520,4985,4985
1716087914.1965506,2905067520,6988,6988
1716087915.1969507,2905067520,4518,4518
1716087916.1982763,2905067520,6783,6783
1716087917.1995988,2905067520,7378,7378
1716087918.200877,2905067520,5868,5868
1716087919.202172,2905067520,3918,3918
1716087920.2026212,2905067520,3518,3518
1716087921.2031446,2905067520,841,841
1716087922.2044053,2905067520,0,0
1716087923.2048526,2905067520,1481,1481
1716087924.206209,2905067520,1038,1038
1716087925.2074735,2905067520,733,733
1716087926.2087672,2905067520,0,0
1716087927.210113,2905067520,1536,1536
1716087928.2113953,2905067520,402,402
1716087929.2126324,2905067520,1567,1567
1716087930.2129047,2905067520,0,0
1716087931.2142231,2905067520,779,779
1716087932.215509,2905067520,0,0
1716087933.2168314,2905067520,1829,1829
1716087934.2180867,2905067520,931,931
1716087935.2193434,2905067520,0,0
1716087936.2206278,2905067520,303,303
1716087937.2208865,2905067520,2311,2311
1716087938.222445,2905067520,403,403
1716087939.2237892,2905067520,155,155
1716087940.2248783,2905067520,391,391
1716087941.2261834,2905067520,486,486
1716087942.2274828,2905067520,151,151
1716087943.2289264,2905067520,1874,1874
1716087944.2302053,2905067520,891,891
1716087945.2314658,2905067520,733,733
1716087946.2329187,2905067520,0,0
1716087947.2342074,2905067520,1373,1373
1716087948.235668,2905067520,1124,1124
1716087949.2369356,2905067520,155,155
1716087950.238204,2905067520,1453,1453
1716087951.2394354,2905067520,683,683
1716087952.240729,2905067520,52,52
1716087953.2419913,2905067520,890,890
1716087954.243294,2905067520,4657,4657
1716087955.24458,2905067520,1990,1990
1716087956.2449126,2905067520,1949,1949
1716087957.246169,2905067520,1188,1188
1716087958.2474208,2905067520,2574,2574
1716087959.2486367,2905067520,2745,2745
1716087960.2500794,2905067520,2313,2313
1716087961.251307,2905067520,5949,5949
1716087962.2525146,2905067520,7661,7661
1716087963.2528477,2905067520,7652,7652
1716087964.2540624,2905067520,6143,6143
1716087965.2552736,2905067520,5581,5581
1716087966.256487,2905067520,4882,4882
1716087967.2571874,2905067520,6047,6047
1716087968.2583957,2905067520,4735,4735
1716087969.2596037,2905067520,5720,5720
1716087970.2608554,2905067520,4955,4955
1716087971.2620676,2905067520,5962,5962
1716087972.263283,2905067520,4267,4267
1716087973.2645166,2905067520,4099,4099
1716087974.2648787,2905067520,6440,6440
1716087975.2661302,2905067520,6604,6604
1716087976.2673671,2905067520,4301,4301
1716087977.2685905,2905067520,5214,5214
1716087978.2688498,2905067520,6374,6374
1716087979.2700968,2905067520,2166,2166
1716087980.271324,2905067520,3758,3758
1716087981.2725427,2905067520,4839,4839
1716087982.2728753,2905067520,4708,4708
1716087983.2741086,2905067520,4510,4510
1716087984.275336,2905067520,4005,4005
1716087985.2765694,2905067520,5505,5505
1716087986.2768383,2905067520,2537,2537
1716087987.278057,2905067520,4819,4819
1716087988.2792788,2905067520,3048,3048
1716087989.2805026,2905067520,2713,2713
1716087990.2808566,2905067520,6606,6606
1716087991.282101,2905067520,4142,4142
1716087992.2833366,2905067520,2283,2283
1716087993.2845645,2905067520,2035,2035
1716087994.2848759,2905067520,6944,6944
1716087995.2861228,2905067520,4578,4578
1716087996.287344,2905067520,4687,4687
1716087997.2885628,2905067520,2964,2964
1716087998.2888672,2905067520,3062,3062
1716087999.2900956,2905067520,1113,1113
1716088000.2913234,2905067520,363,363
1716088001.29256,2905067520,592,592
1716088002.292868,2905067520,161,161
1716088003.2940931,2905067520,2556,2556
1716088004.2953112,2905067520,2727,2727
1716088005.2965407,2905067520,0,0
1716088006.296885,2905067520,260,260
1716088007.2981083,2905067520,0,0
1716088008.299336,2905067520,404,404
1716088009.3005557,2905067520,155,155
1716088010.3008807,2905067520,1102,1102
1716088011.301245,2905067520,0,0
1716088012.3026388,2905067520,156,156
1716088013.3039951,2905067520,838,838
1716088014.3049848,2905067520,155,155
1716088015.3062356,2905067520,538027351,538027351
1716088016.3074667,2905067520,1333695457,1333695457
1716088017.3087096,2905067520,0,0
1716088018.3099294,2905067520,6197310,6197310
1716088019.3111732,2905067520,204,204
1716088020.312358,2905067520,529873731,529873731
1716088021.3131797,2905067520,1336367049,1336367049
1716088022.3143902,2905067520,98628,98628
1716088023.315628,2905067520,804,804
1716088024.3168542,2905067520,345,345
1716088025.318057,2905067520,515646197,515646197
1716088026.3192801,2905067520,1356424756,1356424756
1716088027.3205078,2905067520,0,0
1716088028.3208504,2905067520,448,448
1716088029.3220675,2905067520,532,532
1716088030.3232596,2905067520,0,0
1716088031.3244488,2905067520,2579,2579
1716088032.3248577,2905067520,5296,5296
1716088033.3260815,2905067520,2574,2574
1716088034.3272622,2905067520,4735,4735
1716088035.3284543,2905067520,5687,5687
1716088036.3288236,2905067520,2962,2962
1716088037.3300037,2905067520,2453,2453
1716088038.331187,2905067520,3549,3549
1716088039.332372,2905067520,6314,6314
1716088040.332822,2905067520,4370,4370
1716088041.3340013,2905067520,5382,5382
1716088042.3352008,2905067520,2815,2815
1716088043.3363812,2905067520,2912,2912
1716088044.3368106,2905067520,4604,4604
1716088045.3379943,2905067520,2934,2934
1716088046.3391948,2905067520,2863,2863
1716088047.3403802,2905067520,3845,3845
1716088048.3408558,2905067520,3796,3796
1716088049.342032,2905067520,1286,1286
1716088050.3432088,2905067520,4192,4192
1716088051.3443942,2905067520,518,518
1716088052.344825,2905067520,3654,3654
1716088053.34603,2905067520,3309,3309
1716088054.34724,2905067520,4047,4047
1716088055.348429,2905067520,2856,2856
1716088056.3489196,2905067520,3902,3902
1716088057.3501153,2905067520,4010,4010
1716088058.351298,2905067520,1382,1382
1716088059.3524756,2905067520,6335,6335
1716088060.35334,2905067520,3003,3003
1716088061.3545377,2905067520,4925,4925
1716088062.3557365,2905067520,4345,4345
1716088063.3568125,2905067520,2968,2968
1716088064.3580015,2905067520,718,718
1716088065.3591805,2905067520,630,630
1716088066.360367,2905067520,1309,1309
1716088067.3615804,2905067520,3443,3443
1716088068.3620038,2905067520,4954,4954
1716088069.3631892,2905067520,3748,3748
1716088070.364436,2905067520,3770,3770
1716088071.3648398,2905067520,2570,2570
1716088072.3660417,2905067520,4317,4317
1716088073.3672197,2905067520,986,986
1716088074.3683941,2905067520,3683,3683
1716088075.3688169,2905067520,708,708
1716088076.3700187,2905067520,5583,5583
1716088077.3712013,2905067520,5870,5870
1716088078.372396,2905067520,4470,4470
1716088079.3728504,2905067520,4328,4328
1716088080.3740563,2905067520,4212,4212
1716088081.3752475,2905067520,3810,3810
1716088082.3764393,2905067520,1578,1578
1716088083.3768287,2905067520,6367,6367
1716088084.378018,2905067520,4105,4105
1716088085.3792057,2905067520,4350,4350
1716088086.3804047,2905067520,3827,3827
1716088087.380842,2905067520,3487,3487
1716088088.3820333,2905067520,4551,4551
1716088089.383222,2905067520,1453,1453
1716088090.3844116,2905067520,3900,3900
1716088091.3848317,2905067520,3528,3528
1716088092.3859353,2905067520,3745,3745
1716088093.3871367,2905067520,3788,3788
1716088094.3883336,2905067520,4078,4078
1716088095.3888254,2905067520,3955,3955
1716088096.390021,2905067520,1325,1325
1716088097.3912249,2905067520,2109,2109
1716088098.3924537,2905067520,971,971
1716088099.3928683,2905067520,5054,5054
1716088100.39408,2905067520,4158,4158
1716088101.3952947,2905067520,4869,4869
1716088102.3965135,2905067520,3631,3631
1716088103.3968668,2905067520,2730,2730
1716088104.3981178,2905067520,4464,4464
1716088105.3993874,2905067520,4176,4176
1716088106.4006805,2905067520,2499,2499
1716088107.4019215,2905067520,4182,4182
1716088108.4031825,2905067520,4447,4447
1716088109.4044447,2905067520,4288,4288
1716088110.4049053,2905067520,4473,4473
1716088111.4061275,2905067520,5868,5868
1716088112.4073465,2905067520,3885,3885
1716088113.4085739,2905067520,885,885
1716088114.4088514,2905067520,3819,3819
1716088115.4100723,2905067520,5053,5053
1716088116.4112854,2905067520,5843,5843
1716088117.412504,2905067520,2322,2322
1716088118.4128625,2905067520,6300,6300
1716088119.4140828,2905067520,4296,4296
1716088120.41531,2905067520,3860,3860
1716088121.4165316,2905067520,2814,2814
1716088122.4168644,2905067520,2499,2499
1716088123.4181006,2905067520,2665,2665
1716088124.419336,2905067520,4458,4458
1716088125.4201686,2905067520,4072,4072
1716088126.4208148,2905067520,5891,5891
1716088127.4220068,2905067520,1988,1988
1716088128.423194,2905067520,1471,1471
1716088129.4243693,2905067520,1193,1193
1716088130.425566,2905067520,6267,6267
1716088131.4267511,2905067520,2873,2873
1716088132.4279318,2905067520,3746,3746
1716088133.4288237,2905067520,6162,6162
1716088134.4300256,2905067520,4915,4915
1716088135.4312046,2905067520,4531,4531
1716088136.4323905,2905067520,2652,2652
1716088137.4335835,2905067520,1413,1413
1716088138.4347584,2905067520,3883,3883
1716088139.4356287,2905067520,4459,4459
1716088140.436849,2905067520,5421,5421
1716088141.4383872,2905067520,767,767
1716088142.439671,2905067520,0,0
1716088143.4408917,2905067520,776,776
1716088144.4425943,2905067520,154,154
1716088145.444242,2905067520,0,0
1716088146.4449413,2905067520,0,0
1716088147.446185,2905067520,0,0
1716088148.447512,2905067520,448,448
1716088149.4495723,2905067520,152,152
1716088150.451109,2905067520,0,0
1716088151.4521887,2905067520,0,0
1716088152.4528766,2905067520,0,0
1716088153.4546719,2905067520,448,448
1716088154.456268,2905067520,152,152
1716088155.4569254,2905067520,0,0
1716088156.458111,2905067520,1199,1199
1716088157.4592838,2905067520,0,0
1716088158.4604638,2905067520,304,304
1716088159.4608157,2905067520,397,397
1716088160.4619958,2905067520,0,0
1716088161.4631932,2905067520,0,0
1716088162.464374,2905067520,570,570
1716088163.46535,2905067520,300,300
1716088164.4665236,2905067520,300,300
1716088165.4676917,2905067520,0,0
1716088166.468924,2905067520,0,0
1716088167.4701061,2905067520,0,0
1716088168.471019,2905067520,344,344
1716088169.472193,2905067520,152,152
1716088170.4728587,2905067520,0,0
1716088171.4740496,2905067520,0,0
1716088172.4752312,2905067520,0,0
1716088173.4764068,2905067520,448,448
1716088174.476807,2905067520,152,152
1716088175.4779909,2905067520,0,0
1716088176.479197,2905067520,0,0
1716088177.4803698,2905067520,0,0
1716088178.48085,2905067520,448,448
1716088179.4820368,2905067520,152,152
1716088180.4832397,2905067520,0,0
1716088181.4839587,2905067520,0,0
1716088182.4851656,2905067520,0,0
1716088183.4863713,2905067520,448,448
1716088184.4872434,2905067520,152,152
1716088185.4883742,2905067520,33646624,33646624
1716088186.4888177,2905067520,0,0
1716088187.489995,2905067520,0,0
1716088188.491198,2905067520,448,448
1716088189.4923754,2905067520,152,152
1716088190.4934876,2905067520,0,0
1716088191.4946907,2905067520,0,0
1716088192.4959009,2905067520,0,0
1716088193.4971123,2905067520,448,448
1716088194.4983191,2905067520,553261389,553261389
1716088195.499531,2905067520,0,0
1716088196.4998682,2905067520,0,0
1716088197.5008957,2905067520,0,0
1716088198.5013945,2905067520,34644658,34644658
1716088199.5017369,2905067520,2358842772,2358842772
1716088200.5029597,2905067520,783432113,783432113
1716088201.50419,2905067520,0,0
1716088202.5048523,2905067520,5509,5509
1716088203.506143,2905067520,96981,96981
1716088204.5073853,2905067520,4065,4065
1716088205.5087852,2905067520,2788,2788
1716088206.5098212,2905067520,2940,2940
1716088207.5109828,2905067520,5095,5095
1716088208.5122244,2905067520,7492,7492
1716088209.5128403,2905067520,7114,7114
1716088210.5137193,2905067520,7566,7566
1716088211.5149207,2905067520,7442,7442
1716088212.5161245,2905067520,4389,4389
1716088213.5168495,2905067520,4282,4282
1716088214.5180528,2905067520,7528,7528
1716088215.5192478,2905067520,7262,7262
1716088216.5204368,2905067520,7307,7307
1716088217.5208466,2905067520,7589,7589
1716088218.522048,2905067520,7438,7438
1716088219.523245,2905067520,4791,4791
1716088220.524451,2905067520,4713,4713
1716088221.524852,2905067520,6330,6330
1716088222.526069,2905067520,7237,7237
1716088223.5272648,2905067520,6303,6303
1716088224.5284662,2905067520,6285,6285
1716088225.5288386,2905067520,6372,6372
1716088226.5300431,2905067520,1730,1730
1716088227.5312512,2905067520,3602,3602
1716088228.532455,2905067520,6503,6503
1716088229.5328374,2905067520,6107,6107
1716088230.5340593,2905067520,7023,7023
1716088231.535263,2905067520,7352,7352
1716088232.536473,2905067520,7443,7443
1716088233.5368402,2905067520,2526,2526
1716088234.5375874,2905067520,4853,4853
1716088235.5388253,2905067520,7094,7094
1716088236.540058,2905067520,4904,4904
1716088237.5409007,2905067520,6574,6574
1716088238.542104,2905067520,7321,7321
1716088239.5429513,2905067520,6734,6734
1716088240.5441296,2905067520,7086,7086
1716088241.5448453,2905067520,4220,4220
1716088242.5460682,2905067520,4975,4975
1716088243.5472765,2905067520,5443,5443
1716088244.5486817,2905067520,6219,6219
1716088245.5490053,2905067520,6175,6175
1716088246.5503793,2905067520,2701,2701
1716088247.5517392,2905067520,436,436
1716088248.5528123,2905067520,2341,2341
1716088249.553994,2905067520,992,992
1716088250.5551817,2905067520,152,152
1716088251.5563586,2905067520,152,152
1716088252.556822,2905067520,0,0
1716088253.5580218,2905067520,451,451
1716088254.5592096,2905067520,155,155
1716088255.5603864,2905067520,0,0
1716088256.5608208,2905067520,0,0
1716088257.5619934,2905067520,0,0
1716088258.5631769,2905067520,152,152
1716088259.564357,2905067520,344,344
1716088260.5648148,2905067520,0,0
1716088261.566013,2905067520,0,0
1716088262.5672307,2905067520,0,0
1716088263.5684135,2905067520,448,448
1716088264.568813,2905067520,152,152
1716088265.5699942,2905067520,0,0
1716088266.571177,2905067520,0,0
1716088267.5723636,2905067520,0,0
1716088268.5728195,2905067520,448,448
1716088269.5740373,2905067520,152,152
1716088270.575226,2905067520,0,0
1716088271.5764039,2905067520,0,0
1716088272.5768683,2905067520,0,0
1716088273.5781057,2905067520,448,448
1716088274.579326,2905067520,152,152
1716088275.5805569,2905067520,0,0
1716088276.5817735,2905067520,0,0
1716088277.5829864,2905067520,0,0
1716088278.5841725,2905067520,33615090,33615090
1716088279.5853505,2905067520,152,152
1716088280.586535,2905067520,0,0
1716088281.5877185,2905067520,0,0
1716088282.588895,2905067520,794664988,794664988
1716088283.590079,2905067520,11549814,11549814
1716088284.5912564,2905067520,152,152
1716088285.592438,2905067520,0,0
1716088286.5928743,2905067520,0,0
1716088287.5940964,2905067520,376858251,376858251
1716088288.5953114,2905067520,448,448
1716088289.5965178,2905067520,152,152
1716088290.5977328,2905067520,0,0
1716088291.598676,2905067520,1468650514,1468650514
1716088292.599922,2905067520,1078965861,1078965861
1716088293.6009672,2905067520,448,448
1716088294.6022463,2905067520,3036,3036
1716088295.6034954,2905067520,4927,4927
1716088296.6047862,2905067520,7117,7117
1716088297.6060665,2905067520,4237,4237
1716088298.6073563,2905067520,3111,3111
1716088299.608609,2905067520,2915,2915
1716088300.6088889,2905067520,4584,4584
1716088301.6101432,2905067520,4616,4616
1716088302.6108003,2905067520,7050,7050
1716088303.6120117,2905067520,5144,5144
1716088304.613214,2905067520,7555,7555
1716088305.6139987,2905067520,4735,4735
1716088306.615254,2905067520,2838,2838
1716088307.6165028,2905067520,5328,5328
1716088308.6177592,2905067520,5418,5418
1716088309.6190271,2905067520,6998,6998
1716088310.62027,2905067520,7325,7325
1716088311.6209164,2905067520,7186,7186
1716088312.6221695,2905067520,1236,1236
1716088313.623434,2905067520,7355,7355
1716088314.6247106,2905067520,4580,4580
1716088315.6259823,2905067520,7229,7229
1716088316.6272397,2905067520,7704,7704
1716088317.62851,2905067520,7252,7252
1716088318.6288857,2905067520,4865,4865
1716088319.6301389,2905067520,3344,3344
1716088320.630955,2905067520,5422,5422
1716088321.6321898,2905067520,5098,5098
1716088322.6328387,2905067520,5194,5194
1716088323.6340325,2905067520,4588,4588
1716088324.6352458,2905067520,5737,5737
1716088325.6364374,2905067520,3094,3094
1716088326.63687,2905067520,6342,6342
1716088327.638078,2905067520,6038,6038
1716088328.6392958,2905067520,6326,6326
1716088329.6405513,2905067520,7691,7691
1716088330.6408913,2905067520,7043,7043
1716088331.6420808,2905067520,4554,4554
1716088332.643302,2905067520,3954,3954
1716088333.6445184,2905067520,6159,6159
1716088334.645084,2905067520,5029,5029
1716088335.645934,2905067520,7618,7618
1716088336.6471896,2905067520,7046,7046
1716088337.6484172,2905067520,8836,8836
1716088338.6490245,2905067520,4814,4814
1716088339.6502612,2905067520,8831,8831
1716088340.6517167,2905067520,1501,1501
1716088341.6530125,2905067520,284,284
1716088342.6543105,2905067520,1159,1159
1716088343.655684,2905067520,1299,1299
1716088344.6569798,2905067520,794,794
1716088345.6582413,2905067520,169,169
1716088346.6594815,2905067520,1516,1516
1716088347.660753,2905067520,1325,1325
1716088348.6620975,2905067520,1764,1764
1716088349.6634707,2905067520,781,781
1716088350.668474,2905067520,1486,1486
1716088351.6689065,2905067520,738,738
1716088352.6708233,2905067520,980,980
1716088353.6722217,2905067520,1305,1305
1716088354.6729662,2905067520,733,733
1716088355.6744316,2905067520,356,356
1716088356.6757512,2905067520,982,982
1716088357.6770055,2905067520,19671,19671
1716088358.6782832,2905067520,7292,7292
1716088359.6795561,2905067520,2268,2268
1716088360.6807997,2905067520,1532,1532
1716088361.682259,2905067520,0,0
1716088362.6835232,2905067520,1087,1087
1716088363.6852932,2905067520,1324,1324
1716088364.6866047,2905067520,1496,1496
1716088365.687922,2905067520,778,778
1716088366.6888964,2905067520,1505,1505
1716088367.6903615,2905067520,787,787
1716088368.6915777,2905067520,3079,3079
1716088369.6931443,2905067520,4763,4763
1716088370.6944852,2905067520,2535,2535
1716088371.6957064,2905067520,2423,2423
1716088372.6968324,2905067520,2747,2747
1716088373.6980383,2905067520,4326,4326
1716088374.6992311,2905067520,5566,5566
1716088375.7004454,2905067520,6174,6174
1716088376.7008705,2905067520,4649,4649
1716088377.7020912,2905067520,5767,5767
1716088378.7032952,2905067520,4811,4811
1716088379.704502,2905067520,4961,4961
1716088380.7048404,2905067520,6549,6549
1716088381.7057288,2905067520,7290,7290
1716088382.70696,2905067520,4291,4291
1716088383.7081742,2905067520,6830,6830
1716088384.708854,2905067520,4791,4791
1716088385.7100692,2905067520,4229,4229
1716088386.711278,2905067520,4897,4897
1716088387.712492,2905067520,5517,5517
1716088388.7128515,2905067520,6204,6204
1716088389.7137017,2905067520,4360,4360
1716088390.7149138,2905067520,4798,4798
1716088391.7161207,2905067520,6295,6295
1716088392.716941,2905067520,7213,7213
1716088393.7181768,2905067520,4796,4796
1716088394.7193916,2905067520,4327,4327
1716088395.7206023,2905067520,1528,1528
1716088396.7212975,2905067520,5637,5637
1716088397.7225084,2905067520,909,909
1716088398.7237463,2905067520,6869,6869
1716088399.7248578,2905067520,3386,3386
1716088400.726084,2905067520,2685,2685
1716088401.7272952,2905067520,4977,4977
1716088402.7285132,2905067520,4808,4808
1716088403.728818,2905067520,6828,6828
1716088404.7300217,2905067520,4814,4814
1716088405.7312367,2905067520,5569,5569
1716088406.7324533,2905067520,5606,5606
1716088407.7328408,2905067520,4308,4308
1716088408.7340617,2905067520,3153,3153
1716088409.7352648,2905067520,4381,4381
1716088410.7364757,2905067520,4800,4800
1716088411.737497,2905067520,2802,2802
1716088412.738702,2905067520,5164,5164
1716088413.7399123,2905067520,5302,5302
1716088414.7408516,2905067520,2819,2819
1716088415.7420714,2905067520,2011,2011
1716088416.7432837,2905067520,0,0
1716088417.7445154,2905067520,158,158
1716088418.744865,2905067520,659,659
1716088419.7461243,2905067520,0,0
1716088420.7473316,2905067520,0,0
1716088421.7477045,2905067520,0,0
1716088422.7488809,2905067520,0,0
1716088423.7501307,2905067520,1506,1506
1716088424.751365,2905067520,0,0
1716088425.7526011,2905067520,303,303
1716088426.7528822,2905067520,0,0
1716088427.7541296,2905067520,762,762
1716088428.755365,2905067520,557,557
1716088429.7566102,2905067520,1871763290,1871763290
1716088430.7568765,2905067520,0,0
1716088431.758132,2905067520,709,709
1716088432.7593453,2905067520,11339539,11339539
1716088433.760528,2905067520,708360356,708360356
1716088434.7609296,2905067520,2765318818,2765318818
1716088435.7621624,2905067520,1639996,1639996
1716088436.7633824,2905067520,156,156
1716088437.7645915,2905067520,0,0
1716088438.7648137,2905067520,258544533,258544533
1716088439.7660534,2905067520,380,380
1716088440.7672653,2905067520,0,0
1716088441.7684894,2905067520,0,0
1716088442.769702,2905067520,6217,6217
1716088443.770896,2905067520,5081,5081
1716088444.7720788,2905067520,5393,5393
1716088445.7728038,2905067520,2821,2821
1716088446.7739863,2905067520,2674,2674
1716088447.775156,2905067520,7005,7005
1716088448.7763653,2905067520,3294,3294
1716088449.7768142,2905067520,3044,3044
1716088450.7778988,2905067520,5959,5959
1716088451.7781389,2905067520,3455,3455
1716088452.7793195,2905067520,6382,6382
1716088453.780494,2905067520,4768,4768
1716088454.781673,2905067520,3972,3972
1716088455.7828546,2905067520,1984,1984
1716088456.7840557,2905067520,5132,5132
1716088457.784814,2905067520,3742,3742
1716088458.7860022,2905067520,5434,5434
1716088459.7871811,2905067520,4378,4378
1716088460.7883534,2905067520,4447,4447
1716088461.7895372,2905067520,3120,3120
1716088462.7907279,2905067520,4632,4632
1716088463.7919047,2905067520,5469,5469
1716088464.792816,2905067520,1132,1132
1716088465.7939937,2905067520,4185,4185
1716088466.7951992,2905067520,6035,6035
1716088467.7963827,2905067520,5628,5628
1716088468.7975693,2905067520,4430,4430
1716088469.7987416,2905067520,7163,7163
1716088470.7999165,2905067520,6143,6143
1716088471.8008235,2905067520,4237,4237
1716088472.8020084,2905067520,2504,2504
1716088473.803205,2905067520,6423,6423
1716088474.804384,2905067520,4533,4533
1716088475.8048105,2905067520,4321,4321
1716088476.8060105,2905067520,4741,4741
1716088477.8072019,2905067520,3591,3591
1716088478.8083768,2905067520,3167,3167
1716088479.808804,2905067520,3540,3540
1716088480.8099835,2905067520,4167,4167
1716088481.811163,2905067520,1851,1851
1716088482.8123374,2905067520,1310,1310
1716088483.8128054,2905067520,2841,2841
1716088484.8140004,2905067520,4157,4157
1716088485.8151886,2905067520,5256,5256
1716088486.8163643,2905067520,4144,4144
1716088487.816811,2905067520,1959,1959
1716088488.8179932,2905067520,6520,6520
1716088489.8192067,2905067520,3744,3744
1716088490.8203845,2905067520,9031,9031
1716088491.8215578,2905067520,4237,4237
1716088492.8227403,2905067520,6709,6709
1716088493.823912,2905067520,6502,6502
1716088494.824818,2905067520,6074,6074
1716088495.8260224,2905067520,3943,3943
1716088496.8272023,2905067520,4778,4778
1716088497.8283849,2905067520,5048,5048
1716088498.8288403,2905067520,4718,4718
1716088499.8300147,2905067520,5947,5947
1716088500.8311963,2905067520,4245,4245
1716088501.8323731,2905067520,6888,6888
1716088502.83283,2905067520,1651,1651
1716088503.8337684,2905067520,93179,93179
1716088504.83496,2905067520,3481,3481
1716088505.8361492,2905067520,4266,4266
1716088506.8368163,2905067520,4396,4396
1716088507.8379977,2905067520,4178,4178
1716088508.8391802,2905067520,3682,3682
1716088509.8403585,2905067520,4101,4101
1716088510.84156,2905067520,3065,3065
1716088511.8427596,2905067520,2181,2181
1716088512.843966,2905067520,2223,2223
1716088513.8448207,2905067520,880,880
1716088514.8460355,2905067520,0,0
1716088515.8472385,2905067520,721,721
1716088516.8484342,2905067520,1653,1653
1716088517.8488266,2905067520,163,163
1716088518.8500314,2905067520,3025,3025
1716088519.8511992,2905067520,3513,3513
1716088520.8523831,2905067520,4362,4362
1716088521.85356,2905067520,5848,5848
1716088522.854728,2905067520,4233,4233
1716088523.8558922,2905067520,3764,3764
1716088524.857069,2905067520,2025,2025
1716088525.8582454,2905067520,7835,7835
1716088526.8594224,2905067520,4156,4156
1716088527.8606062,2905067520,4003,4003
1716088528.8608015,2905067520,4255,4255
1716088529.8619823,2905067520,4314,4314
1716088530.8631635,2905067520,2499,2499
1716088531.8643816,2905067520,2165,2165
1716088532.864815,2905067520,4022,4022
1716088533.8660169,2905067520,5329,5329
1716088534.8671901,2905067520,5709,5709
1716088535.8683646,2905067520,3207,3207
1716088536.869555,2905067520,2599,2599
1716088537.8707433,2905067520,10168,10168
1716088538.8719904,2905067520,9222,9222
1716088539.8731837,2905067520,3342,3342
1716088540.874358,2905067520,2241,2241
1716088541.8755302,2905067520,7734,7734
1716088542.8767457,2905067520,4498,4498
1716088543.8779213,2905067520,8974,8974
1716088544.879111,2905067520,4390,4390
1716088545.8803012,2905067520,3927,3927
1716088546.8814921,2905067520,2908,2908
1716088547.8826783,2905067520,163,163
1716088548.8839197,2905067520,6284,6284
1716088549.8848274,2905067520,7914,7914
1716088550.886027,2905067520,4220,4220
1716088551.8865182,2905067520,5775,5775
1716088552.8877,2905067520,3331,3331
1716088553.8888235,2905067520,4430,4430
1716088554.8900013,2905067520,4109,4109
1716088555.89118,2905067520,6059,6059
1716088556.8923602,2905067520,4264,4264
1716088557.892821,2905067520,5634,5634
1716088558.8940034,2905067520,6079,6079
1716088559.8951821,2905067520,5496,5496
1716088560.8963575,2905067520,3259,3259
1716088561.8976607,2905067520,3597,3597
1716088562.8989575,2905067520,604,604
1716088563.9011438,2905067520,567,567
1716088564.9023795,2905067520,4533,4533
1716088565.9036753,2905067520,2066,2066
1716088566.9050024,2905067520,3093,3093
1716088567.9063025,2905067520,1221,1221
1716088568.908331,2905067520,877,877
1716088569.9088514,2905067520,0,0
1716088570.9101453,2905067520,0,0
1716088571.9115677,2905067520,0,0
1716088572.9128277,2905067520,0,0
1716088573.9140732,2905067520,1338,1338
1716088574.915257,2905067520,347,347
1716088575.9165647,2905067520,0,0
1716088576.9168122,2905067520,304,304
1716088577.91799,2905067520,0,0
1716088578.9191852,2905067520,606,606
1716088579.9203658,2905067520,0,0
1716088580.92085,2905067520,0,0
1716088581.9220254,2905067520,0,0
1716088582.9222085,2905067520,0,0
1716088583.9233768,2905067520,2625,2625
1716088584.924567,2905067520,7801,7801
1716088585.9257548,2905067520,0,0
1716088586.9269462,2905067520,502,502
1716088587.9281347,2905067520,0,0
1716088588.928633,2905067520,508,508
1716088589.9287941,2905067520,0,0
1716088590.929962,2905067520,0,0
1716088591.9304266,2905067520,0,0
1716088592.9316359,2905067520,0,0
1716088593.932812,2905067520,1045,1045
1716088594.9340029,2905067520,0,0
1716088595.9351914,2905067520,476,476
1716088596.9363787,2905067520,0,0
1716088597.9368265,2905067520,325,325
1716088598.9380434,2905067520,660,660
1716088599.9392605,2905067520,477,477
1716088600.9404802,2905067520,0,0
1716088601.940841,2905067520,425,425
1716088602.9420707,2905067520,0,0
1716088603.9432561,2905067520,51424070,51424070
1716088604.9444373,2905067520,121,121
1716088605.9448059,2905067520,0,0
1716088606.9460094,2905067520,0,0
1716088607.9472446,2905067520,59620663,59620663
1716088608.948468,2905067520,523012534,523012534
1716088609.9488528,2905067520,0,0
1716088610.9500606,2905067520,0,0
1716088611.951284,2905067520,34633238,34633238
1716088612.9525092,2905067520,121,121
1716088613.952868,2905067520,548,548
1716088614.9540825,2905067520,0,0
1716088615.9549186,2905067520,0,0
1716088616.9561427,2905067520,1267900178,1267900178
1716088617.9568734,2905067520,1827474054,1827474054
1716088618.958104,2905067520,600,600
1716088619.9593182,2905067520,0,0
1716088620.960508,2905067520,3958,3958
1716088621.9608905,2905067520,7002,7002
1716088622.962147,2905067520,7630,7630
1716088623.9634142,2905067520,7842,7842
1716088624.964698,2905067520,5402,5402
1716088625.9658263,2905067520,4832,4832
1716088626.9670422,2905067520,6867,6867
1716088627.9682522,2905067520,7322,7322
1716088628.9688437,2905067520,7003,7003
1716088629.9700546,2905067520,7113,7113
1716088630.971257,2905067520,6731,6731
1716088631.9724658,2905067520,6802,6802
1716088632.973698,2905067520,7893,7893
1716088633.9749014,2905067520,7385,7385
1716088634.976108,2905067520,7184,7184
1716088635.9768517,2905067520,7326,7326
1716088636.978061,2905067520,6868,6868
1716088637.9792602,2905067520,4209,4209
1716088638.98047,2905067520,5070,5070
1716088639.9808543,2905067520,4432,4432
1716088640.9820623,2905067520,6814,6814
1716088641.983277,2905067520,9577,9577
1716088642.9844859,2905067520,6116,6116
1716088643.9848444,2905067520,1588,1588
1716088644.9860754,2905067520,481,481
1716088645.9872658,2905067520,3017,3017
1716088646.9884722,2905067520,4870,4870
1716088647.9888458,2905067520,5412,5412
1716088648.990041,2905067520,7378,7378
1716088649.991246,2905067520,4621,4621
1716088650.9924498,2905067520,6984,6984
1716088651.9928536,2905067520,4814,4814
1716088652.9940464,2905067520,1743,1743
1716088653.995229,2905067520,7200,7200
1716088654.996435,2905067520,4946,4946
1716088655.996845,2905067520,7440,7440
1716088656.9980607,2905067520,7177,7177
1716088657.9992735,2905067520,8090,8090
1716088659.0005317,2905067520,3635,3635
1716088660.0008893,2905067520,8506,8506
1716088661.0021427,2905067520,8024,8024
1716088662.0033824,2905067520,7669,7669
1716088663.0046318,2905067520,6493,6493
1716088664.0049849,2905067520,4674,4674
1716088665.0062826,2905067520,1559,1559
1716088666.007497,2905067520,457,457
