Timestamp,MemoryUsage,NetSent,NetRecv
1716086465.366546,511782912,0,0
1716086466.3679159,517189632,27867,27867
1716086467.3692636,517189632,0,0
1716086468.3705611,517189632,555,555
1716086469.3719897,517189632,156,156
1716086470.3730285,517189632,0,0
1716086471.3745174,517189632,0,0
1716086472.375787,517189632,0,0
1716086473.3769646,517189632,448,448
1716086474.3783228,517189632,152,152
1716086475.3796456,517189632,0,0
1716086476.380917,517189632,0,0
1716086477.3822005,517189632,0,0
1716086478.3835824,517189632,448,448
1716086479.3850126,517189632,152,152
1716086480.3862817,517189632,479,479
1716086481.3875625,517189632,0,0
1716086482.3888853,517189632,432,432
1716086483.3903186,517189632,454,454
1716086484.3916538,517189632,627,627
1716086485.3930423,517189632,0,0
1716086486.3942626,517189632,427,427
1716086487.3954766,517189632,2419,2419
1716086488.3967297,517189632,2635,2635
1716086489.3979232,517189632,3165,3165
1716086490.3991315,517189632,0,0
1716086491.4003236,517189632,310,310
1716086492.4008331,517189632,0,0
1716086493.402033,517189632,454,454
1716086494.403196,517189632,156,156
1716086495.404391,517189632,0,0
1716086496.4055796,517189632,0,0
1716086497.4067886,517189632,0,0
1716086498.4079916,517189632,448,448
1716086499.4088225,517189632,152,152
1716086500.4100099,517189632,0,0
1716086501.4112213,517189632,0,0
1716086502.4124186,517189632,0,0
1716086503.4128165,517189632,448,448
1716086504.41401,517189632,152,152
1716086505.4152043,517189632,0,0
1716086506.4164267,517189632,0,0
1716086507.4169865,517189632,0,0
1716086508.4181921,517189632,448,448
1716086509.4193957,517189632,152,152
1716086510.4205978,517189632,0,0
1716086511.4208305,517189632,0,0
1716086512.422036,517189632,0,0
1716086513.4232125,517189632,1016,1016
1716086514.424446,517189632,2815,2815
1716086515.425644,517189632,2186,2186
1716086516.426842,517189632,3612,3612
1716086517.4279482,517189632,1804,1804
1716086518.429141,517189632,3261,3261
1716086519.4303553,517189632,1617,1617
1716086520.4316003,517189632,2698,2698
1716086521.432796,517189632,4883,4883
1716086522.4339914,517189632,1893,1893
1716086523.4351764,517189632,2939,2939
1716086524.4363592,517189632,3294,3294
1716086525.437575,517189632,2911,2911
1716086526.4387646,517189632,1028,1028
1716086527.4399543,517189632,4614,4614
1716086528.4408271,517189632,3427,3427
1716086529.442032,517189632,3635,3635
1716086530.44322,517189632,4888,4888
1716086531.4444048,517189632,2292,2292
1716086532.444811,517189632,0,0
1716086533.4459252,517189632,775,775
1716086534.4471078,517189632,154,154
1716086535.4483042,517189632,0,0
1716086536.4488118,517189632,1888,1888
1716086537.4499931,517189632,0,0
1716086538.451183,517189632,769,769
1716086539.452355,517189632,154,154
1716086540.4528143,517189632,0,0
1716086541.4539936,517189632,0,0
1716086542.4551625,517189632,0,0
1716086543.4563394,517189632,448,448
1716086544.456818,517189632,152,152
1716086545.4579964,517189632,0,0
1716086546.4591937,517189632,0,0
1716086547.4594822,517189632,0,0
1716086548.4606693,517189632,448,448
1716086549.4618425,517189632,152,152
1716086550.463044,517189632,480,480
1716086551.4642346,517189632,0,0
1716086552.4648266,517189632,423,423
1716086553.4659107,517189632,456,456
1716086554.4671152,517189632,629,629
1716086555.4683506,517189632,0,0
1716086556.4688659,517189632,423,423
1716086557.4696655,517189632,0,0
1716086558.4709113,517189632,826,826
1716086559.4721441,517189632,152,152
1716086560.472873,517189632,157,157
1716086561.4740055,517189632,0,0
1716086562.4753642,517189632,0,0
1716086563.4765968,517189632,154,154
1716086564.4768643,517189632,4200852,4200852
1716086565.4780726,517189632,0,0
1716086566.4792817,517189632,0,0
1716086567.4805167,517189632,0,0
1716086568.4808567,517189632,448,448
1716086569.4822316,517189632,244411639,244411639
1716086570.4834747,517189632,89206443,89206443
1716086571.4847157,517189632,102033886,102033886
1716086572.4859352,517189632,0,0
1716086573.4871132,517189632,448,448
1716086574.4882963,517189632,152,152
1716086575.48903,517189632,0,0
1716086576.490271,517189632,2188961659,2188961659
1716086577.4905388,517189632,799578480,799578480
1716086578.4917855,517189632,448,448
1716086579.4928792,517189632,152,152
1716086580.4941232,517189632,0,0
1716086581.495373,517189632,643811370,643811370
1716086582.495997,517189632,1562049109,1562049109
1716086583.4968534,517189632,4597,4597
1716086584.4980705,517189632,8724,8724
1716086585.4992707,517189632,10344,10344
1716086586.5004716,517189632,2092,2092
1716086587.5017354,517189632,9365,9365
1716086588.5029724,517189632,7079,7079
1716086589.5042176,517189632,4781,4781
1716086590.5048907,517189632,9100,9100
1716086591.5061357,517189632,7145,7145
1716086592.5073936,517189632,5863,5863
1716086593.5086646,517189632,1723,1723
1716086594.5099237,517189632,7311,7311
1716086595.5111864,517189632,8072,8072
1716086596.5124521,517189632,5189,5189
1716086597.5129118,517189632,4881,4881
1716086598.5141795,517189632,7862,7862
1716086599.5154347,517189632,7105,7105
1716086600.5167475,517189632,4610,4610
1716086601.5180225,517189632,4624,4624
1716086602.5192945,517189632,6835,6835
1716086603.5205755,517189632,7696,7696
1716086604.5209172,517189632,6511,6511
1716086605.522183,517189632,7572,7572
1716086606.523432,517189632,1554,1554
1716086607.5247147,517189632,8031,8031
1716086608.5260253,517189632,6224,6224
1716086609.5273066,517189632,7091,7091
1716086610.5286007,517189632,4603,4603
1716086611.529232,517189632,6286,6286
1716086612.5304828,517189632,4454,4454
1716086613.5317514,517189632,6102,6102
1716086614.532895,517189632,5839,5839
1716086615.53417,517189632,6358,6358
1716086616.5354712,517189632,6105,6105
1716086617.5367606,517189632,6149,6149
1716086618.5380375,517189632,7570,7570
1716086619.539312,517189632,6277,6277
1716086620.5405748,517189632,6597,6597
1716086621.5409136,517189632,5995,5995
1716086622.5421903,517189632,6681,6681
1716086623.5434694,517189632,4962,4962
1716086624.5447805,517189632,6336,6336
1716086625.5460584,517189632,4051,4051
1716086626.5473425,517189632,5015,5015
1716086627.5485806,517189632,4821,4821
1716086628.5490742,517189632,8411,8411
1716086629.550421,517189632,5703,5703
1716086630.5516908,517189632,5286,5286
1716086631.5529346,517189632,7414,7414
1716086632.554197,517189632,2122,2122
1716086633.5554643,517189632,4725,4725
1716086634.5568,517189632,751,751
1716086635.5581002,517189632,752,752
1716086636.5593665,517189632,6386,6386
1716086637.5606916,517189632,1324,1324
1716086638.561989,517189632,2987,2987
1716086639.5632799,517189632,1379,1379
1716086640.564531,517189632,788,788
1716086641.5649407,517189632,0,0
1716086642.5662265,517189632,303,303
1716086643.5673904,517189632,2716,2716
1716086644.5687172,517189632,0,0
1716086645.5699875,517189632,302,302
1716086646.5712757,517189632,805,805
1716086647.5726085,517189632,1527,1527
1716086648.5729346,517189632,610,610
1716086649.5742075,517189632,337,337
1716086650.574944,517189632,780,780
1716086651.5763187,517189632,151,151
1716086652.5769722,517189632,937,937
1716086653.5782373,517189632,2350,2350
1716086654.5795884,517189632,0,0
1716086655.5808952,517189632,725,725
1716086656.5822167,517189632,736,736
1716086657.5834794,517189632,0,0
1716086658.5848014,517189632,1270,1270
1716086659.58611,517189632,1221,1221
1716086660.587449,517189632,390,390
1716086661.5887554,517189632,1110,1110
1716086662.590021,517189632,741,741
1716086663.5912812,517189632,953,953
1716086664.5925734,517189632,331,331
1716086665.5929213,517189632,733,733
1716086666.5942104,517189632,1514,1514
1716086667.5954852,517189632,0,0
1716086668.5967567,517189632,3805,3805
1716086669.5979931,517189632,4421,4421
1716086670.599383,517189632,870,870
1716086671.6000328,517189632,733,733
1716086672.6009188,517189632,1472,1472
1716086673.6021936,517189632,1994,1994
1716086674.6034553,517189632,1474,1474
1716086675.604776,517189632,3334,3334
1716086676.606017,517189632,6582,6582
1716086677.6072357,517189632,3373,3373
1716086678.6084416,517189632,2348,2348
1716086679.6088428,517189632,3575,3575
1716086680.611203,517189632,6095,6095
1716086681.6124284,517189632,6453,6453
1716086682.6128619,517189632,8445,8445
1716086683.61409,517189632,7503,7503
1716086684.6153111,517189632,7712,7712
1716086685.6165228,517189632,2995,2995
1716086686.616845,517189632,6982,6982
1716086687.6180573,517189632,4703,4703
1716086688.619274,517189632,5103,5103
1716086689.62053,517189632,5687,5687
1716086690.6208792,517189632,5617,5617
1716086691.6221168,517189632,2163,2163
1716086692.6233625,517189632,7608,7608
1716086693.624585,517189632,7008,7008
1716086694.624861,517189632,7816,7816
1716086695.6260915,517189632,6526,6526
1716086696.6273105,517189632,5925,5925
1716086697.6285672,517189632,3789,3789
1716086698.6288671,517189632,4995,4995
1716086699.6300836,517189632,6048,6048
1716086700.6313176,517189632,94076,94076
1716086701.632537,517189632,4500,4500
1716086702.6328607,517189632,4049,4049
1716086703.6340797,517189632,7316,7316
1716086704.6349492,517189632,5306,5306
1716086705.6361754,517189632,1369,1369
1716086706.6374,517189632,5944,5944
1716086707.6386304,517189632,4376,4376
1716086708.6398659,517189632,5062,5062
1716086709.6410837,517189632,4092,4092
1716086710.6422975,517189632,6076,6076
1716086711.6435325,517189632,2579,2579
1716086712.6447957,517189632,3882,3882
1716086713.6460245,517189632,4415,4415
1716086714.647236,517189632,6566,6566
1716086715.6484914,517189632,2674,2674
1716086716.6488614,517189632,5165,5165
1716086717.6500819,517189632,1131,1131
1716086718.6513138,517189632,4327,4327
1716086719.6525507,517189632,0,0
1716086720.652907,517189632,823,823
1716086721.6541235,517189632,0,0
1716086722.655368,517189632,161,161
1716086723.6566129,517189632,555,555
1716086724.6568677,517189632,0,0
1716086725.6580863,517189632,0,0
1716086726.6593182,517189632,0,0
1716086727.6605794,517189632,0,0
1716086728.661002,517189632,418273432,418273432
1716086729.6616285,517189632,1452985434,1452985434
1716086730.6628768,517189632,544,544
1716086731.6641366,517189632,757,757
1716086732.6648998,517189632,0,0
1716086733.6661057,517189632,1365,1365
1716086734.6673574,517189632,707597797,707597797
1716086735.6686072,517189632,1164374399,1164374399
1716086736.6692111,517189632,98628,98628
1716086737.6704295,517189632,52,52
1716086738.6716459,517189632,705,705
1716086739.6728215,517189632,553346014,553346014
1716086740.674074,517189632,1318932391,1318932391
1716086741.6753192,517189632,52,52
1716086742.676558,517189632,0,0
1716086743.676858,517189632,600,600
1716086744.6780753,517189632,0,0
1716086745.6792603,517189632,434,434
1716086746.6804636,517189632,4163,4163
1716086747.6816804,517189632,3664,3664
1716086748.6828697,517189632,5064,5064
1716086749.6840632,517189632,4845,4845
1716086750.684846,517189632,3047,3047
1716086751.6860626,517189632,2901,2901
1716086752.6872776,517189632,6310,6310
1716086753.6884775,517189632,6236,6236
1716086754.6888268,517189632,5584,5584
1716086755.6900291,517189632,4364,4364
1716086756.6912422,517189632,4276,4276
1716086757.6924486,517189632,1449,1449
1716086758.6936479,517189632,6152,6152
1716086759.694866,517189632,3134,3134
1716086760.696076,517189632,3804,3804
1716086761.6968215,517189632,3398,3398
1716086762.6980152,517189632,4155,4155
1716086763.699207,517189632,2921,2921
1716086764.7003906,517189632,4498,4498
1716086765.700836,517189632,4196,4196
1716086766.7020216,517189632,3836,3836
1716086767.7032065,517189632,2505,2505
1716086768.70355,517189632,6301,6301
1716086769.7047641,517189632,1655,1655
1716086770.7059667,517189632,6299,6299
1716086771.7071579,517189632,4813,4813
1716086772.7083445,517189632,3853,3853
1716086773.7095559,517189632,4547,4547
1716086774.7107556,517189632,3956,3956
1716086775.7119534,517189632,3136,3136
1716086776.7128434,517189632,4291,4291
1716086777.7140439,517189632,4539,4539
1716086778.7152307,517189632,5515,5515
1716086779.7164261,517189632,4668,4668
1716086780.7168214,517189632,3574,3574
1716086781.7180142,517189632,1996,1996
1716086782.7192132,517189632,5588,5588
1716086783.7204156,517189632,4203,4203
1716086784.7208269,517189632,2360,2360
1716086785.7220173,517189632,1416,1416
1716086786.7232258,517189632,4049,4049
1716086787.7244184,517189632,3531,3531
1716086788.7256513,517189632,2570,2570
1716086789.7268686,517189632,5355,5355
1716086790.7280774,517189632,3275,3275
1716086791.729273,517189632,2597,2597
1716086792.73046,517189632,2502,2502
1716086793.7316668,517189632,5554,5554
1716086794.732868,517189632,4451,4451
1716086795.7340565,517189632,5579,5579
1716086796.7352617,517189632,3955,3955
1716086797.7364626,517189632,5356,5356
1716086798.7368217,517189632,6475,6475
1716086799.7380257,517189632,3338,3338
1716086800.7392352,517189632,2768,2768
1716086801.7404444,517681152,3852,3852
1716086802.7408423,517681152,4622,4622
1716086803.7420337,517681152,4815,4815
1716086804.743228,517681152,4467,4467
1716086805.7444427,517681152,5586,5586
1716086806.7456472,517681152,3951,3951
1716086807.7468946,517681152,2845,2845
1716086808.7480922,517681152,4207,4207
1716086809.7492907,517681152,4223,4223
1716086810.7498198,517681152,1556,1556
1716086811.7510161,517681152,6658,6658
1716086812.752207,517681152,3686,3686
1716086813.7528672,517681152,3017,3017
1716086814.7541063,517681152,5751,5751
1716086815.7553349,517681152,3007,3007
1716086816.7565773,517681152,3680,3680
1716086817.7578223,517681152,3049,3049
1716086818.759076,517681152,4780,4780
1716086819.7603073,517681152,2142,2142
1716086820.7615414,517681152,2798,2798
1716086821.7627633,517681152,4797,4797
1716086822.763989,517681152,4053,4053
1716086823.76523,517681152,4621,4621
1716086824.7664618,517681152,3889,3889
1716086825.7677062,517681152,3754,3754
1716086826.7689462,517681152,3554,3554
1716086827.7701945,517681152,2881,2881
1716086828.7714431,517681152,4196,4196
1716086829.7727084,517681152,2547,2547
1716086830.77394,517681152,4202,4202
1716086831.7752082,517681152,14721,14721
1716086832.77644,517681152,10485,10485
1716086833.7768886,517681152,10783,10783
1716086834.7781324,517681152,4957,4957
1716086835.779364,517681152,4235,4235
1716086836.7806647,517681152,4403,4403
1716086837.7819102,517681152,3900,3900
1716086838.7831552,517681152,4258,4258
1716086839.7843957,517681152,3920,3920
1716086840.785635,517681152,4198,4198
1716086841.786867,517681152,4142,4142
1716086842.788108,517681152,4086,4086
1716086843.78937,517681152,4435,4435
1716086844.7906299,517681152,2258,2258
1716086845.791872,517681152,3561,3561
1716086846.7931445,517681152,2450,2450
1716086847.794409,517681152,5108,5108
1716086848.7956948,517681152,2670,2670
1716086849.7969623,517681152,5052,5052
1716086850.7982528,517681152,3202,3202
1716086851.7994828,517681152,4148,4148
1716086852.8007376,517681152,4828,4828
1716086853.8019779,517681152,4534,4534
1716086854.8034,517681152,4308,4308
1716086855.8046353,517681152,2022,2022
1716086856.8064187,517681152,0,0
1716086857.8077047,517681152,316,316
1716086858.8091142,517681152,613,613
1716086859.81113,517681152,0,0
1716086860.812437,517681152,0,0
1716086861.8142323,517681152,0,0
1716086862.815483,517681152,0,0
1716086863.817008,517681152,600,600
1716086864.8190713,517681152,0,0
1716086865.8203716,517681152,0,0
1716086866.8218808,517681152,0,0
1716086867.8245125,517681152,0,0
1716086868.8248215,517681152,1795,1795
1716086869.8260388,517681152,0,0
1716086870.82724,517681152,303,303
1716086871.8284242,517681152,0,0
1716086872.828825,517681152,0,0
1716086873.8300235,517681152,603,603
1716086874.8312128,517681152,0,0
1716086875.8318844,517681152,0,0
1716086876.8331246,517681152,0,0
1716086877.8343205,517681152,0,0
1716086878.8355353,517681152,600,600
1716086879.8367517,517681152,0,0
1716086880.8379545,517681152,0,0
1716086881.8391874,517681152,0,0
1716086882.8403826,517681152,0,0
1716086883.8408234,517681152,600,600
1716086884.842034,517681152,0,0
1716086885.8432891,517681152,1520,1520
1716086886.8445196,517681152,950,950
1716086887.8448472,517681152,0,0
1716086888.8460581,517681152,600,600
1716086889.8472612,517681152,0,0
1716086890.848457,517681152,0,0
1716086891.8488145,517681152,0,0
1716086892.8500173,517681152,0,0
1716086893.8512216,517681152,600,600
1716086894.852411,517681152,0,0
1716086895.8536108,517681152,0,0
1716086896.8548586,517681152,0,0
1716086897.856088,517681152,392639271,392639271
1716086898.8568463,517681152,617,617
1716086899.8580432,517681152,0,0
1716086900.859261,517681152,0,0
1716086901.8604672,517681152,0,0
1716086902.860852,517681152,392500215,392500215
1716086903.8620994,517681152,600,600
1716086904.863304,517681152,0,0
1716086905.8645558,517681152,17841156,17841156
1716086906.8658154,517681152,917583071,917583071
1716086907.8670642,517681152,4208477,4208477
1716086908.8678815,517681152,600,600
1716086909.868873,517681152,0,0
1716086910.8701396,517681152,3608,3608
1716086911.8714318,517681152,1828651528,1828651528
1716086912.8727424,517681152,210067532,210067532
1716086913.8740308,517681152,6803,6803
1716086914.8752954,517681152,4093,4093
1716086915.8765662,517681152,7097,7097
1716086916.8769166,517681152,7255,7255
1716086917.8781855,517681152,7314,7314
1716086918.8794591,517681152,2492,2492
1716086919.8807452,517681152,4866,4866
1716086920.8820255,517681152,6720,6720
1716086921.883305,517681152,7272,7272
1716086922.8845816,517681152,7850,7850
1716086923.8849263,517681152,7449,7449
1716086924.8861978,517681152,4682,4682
1716086925.8874583,517681152,4950,4950
1716086926.8887444,517681152,4695,4695
1716086927.89001,517681152,7831,7831
1716086928.8912807,517681152,8021,8021
1716086929.8925643,517681152,4354,4354
1716086930.8929205,517681152,4251,4251
1716086931.8941896,517681152,6364,6364
1716086932.8954806,517681152,6715,6715
1716086933.8967733,517681152,7826,7826
1716086934.898063,517681152,7273,7273
1716086935.899324,517681152,7226,7226
1716086936.900599,517681152,5301,5301
1716086937.9009068,517681152,2861,2861
1716086938.9021785,517681152,6636,6636
1716086939.9034548,517681152,7124,7124
1716086940.904761,517681152,7388,7388
1716086941.9060407,517681152,7016,7016
1716086942.907319,517681152,4437,4437
1716086943.9086332,517681152,2912,2912
1716086944.9089198,517681152,2978,2978
1716086945.9101942,517681152,8002,8002
1716086946.9114738,517681152,4914,4914
1716086947.9127734,517681152,6951,6951
1716086948.914046,517681152,8489,8489
1716086949.915324,517681152,6444,6444
1716086950.9166098,517681152,4264,4264
1716086951.9169264,517681152,7015,7015
1716086952.918187,517681152,5033,5033
1716086953.9194887,517681152,5238,5238
1716086954.920734,517681152,7776,7776
1716086955.9219627,517681152,4938,4938
1716086956.923183,517681152,4264,4264
1716086957.9244006,517681152,5653,5653
1716086958.9249337,517681152,1082,1082
1716086959.926153,517681152,3042,3042
1716086960.927365,517681152,0,0
1716086961.9285765,517681152,303,303
1716086962.9288287,517681152,661,661
1716086963.9300318,517681152,453,453
1716086964.9312289,517681152,0,0
1716086965.9324348,517681152,0,0
1716086966.93365,517681152,0,0
1716086967.9348497,517681152,152,152
1716086968.9360676,517681152,448,448
1716086969.936829,517681152,0,0
1716086970.9380455,517681152,0,0
1716086971.9392574,517681152,0,0
1716086972.9404988,517681152,152,152
1716086973.9408355,517681152,448,448
1716086974.9420586,518172672,0,0
1716086975.9432633,518172672,0,0
1716086976.944464,518172672,0,0
1716086977.9448442,518172672,152,152
1716086978.946083,518172672,448,448
1716086979.9472797,518172672,0,0
1716086980.948488,518172672,0,0
1716086981.9496937,518172672,0,0
1716086982.950885,518172672,152,152
1716086983.9520903,518172672,344,344
1716086984.9528797,518172672,0,0
1716086985.9541442,518172672,0,0
1716086986.9553866,518172672,0,0
1716086987.9566274,518172672,152,152
1716086988.957852,518172672,448,448
1716086989.9590585,518172672,0,0
1716086990.960252,518172672,0,0
1716086991.9608402,518172672,0,0
1716086992.9620395,518172672,300,300
1716086993.963305,518172672,272526800,272526800
1716086994.9645507,518172672,18314346,18314346
1716086995.964874,518172672,0,0
1716086996.9661388,518172672,0,0
1716086997.9673538,518172672,300,300
1716086998.9685693,518172672,300,300
1716086999.9697933,518172672,0,0
1716087000.970997,518172672,91120,91120
1716087001.9722538,518172672,17841210,17841210
1716087002.9729202,518172672,2536874516,2536874516
1716087003.9741888,518172672,918096969,918096969
1716087004.9754522,518172672,0,0
1716087005.9767065,518172672,311,311
1716087006.9779973,518172672,8147,8147
1716087007.9792511,518172672,5071,5071
1716087008.9805129,518172672,3056,3056
1716087009.980903,518172672,7810,7810
1716087010.9821734,518172672,4871,4871
1716087011.9834523,518172672,6099,6099
1716087012.9847434,518172672,6101,6101
1716087013.9860373,518172672,6263,6263
1716087014.9873252,518172672,4640,4640
1716087015.988617,518172672,5930,5930
1716087016.988929,518172672,4799,4799
1716087017.9902081,518172672,5941,5941
1716087018.9914978,518172672,5224,5224
1716087019.9928167,518172672,4795,4795
1716087020.9940958,518172672,3518,3518
1716087021.995385,518172672,3925,3925
1716087022.9960043,518172672,4590,4590
1716087023.9972847,518172672,6237,6237
1716087024.9985504,518172672,7058,7058
1716087025.999824,518172672,7404,7404
1716087027.0009124,518172672,6103,6103
1716087028.002199,518172672,3324,3324
1716087029.0035028,518172672,6176,6176
1716087030.0047917,518172672,4482,4482
1716087031.0060823,518172672,4770,4770
1716087032.0073345,518172672,6576,6576
1716087033.0085778,518172672,7077,7077
1716087034.0089025,518172672,5953,5953
1716087035.010162,518172672,5820,5820
1716087036.0114172,518172672,5220,5220
1716087037.0127048,518172672,5031,5031
1716087038.013974,518172672,5953,5953
1716087039.0152533,518172672,5211,5211
1716087040.0165267,518172672,4878,4878
1716087041.016902,518172672,2507,2507
1716087042.0181816,518172672,4000,4000
1716087043.019461,518172672,4998,4998
1716087044.0207658,518172672,1812,1812
1716087045.022039,518172672,4899,4899
1716087046.0233097,518172672,6638,6638
1716087047.0246112,518172672,4710,4710
1716087048.0249197,518172672,5223,5223
1716087049.0261648,518172672,5485,5485
1716087050.0274224,518172672,5097,5097
1716087051.0287626,518172672,12486,12486
1716087052.030056,518172672,7426,7426
1716087053.0313363,518172672,5850,5850
1716087054.0326247,518172672,2036,2036
1716087055.0329478,518172672,973,973
1716087056.0342445,518172672,2645,2645
1716087057.0355446,518172672,12492,12492
1716087058.036857,518172672,20415,20415
1716087059.0388439,518172672,3259,3259
1716087060.040132,518172672,2423,2423
1716087061.0409417,518172672,1412,1412
1716087062.0425534,518172672,6134,6134
1716087063.043854,518172672,42037,42037
1716087064.044911,518172672,143377,143377
1716087065.0462093,518172672,8423,8423
1716087066.047516,518172672,3019,3019
1716087067.0479112,518172672,4285,4285
1716087068.0489206,518172672,8750,8750
1716087069.0502734,518172672,5331,5331
1716087070.0515501,518172672,2587,2587
1716087071.0528185,518172672,3972,3972
1716087072.0536864,518172672,566,566
1716087073.0550036,518172672,10716,10716
1716087074.0562959,518172672,2458,2458
1716087075.056956,518172672,0,0
1716087076.0582411,518172672,6605,6605
1716087077.0595398,518172672,3863,3863
1716087078.0608501,518172672,1997,1997
1716087079.06215,518172672,1579,1579
1716087080.0634675,518172672,0,0
1716087081.0647817,518172672,781,781
1716087082.0660992,518172672,732,732
1716087083.0674448,518172672,927,927
1716087084.0687819,518172672,852,852
1716087085.0700681,518172672,5377,5377
1716087086.0713747,518172672,1150,1150
1716087087.0727239,518172672,0,0
1716087088.0739927,518172672,1616,1616
1716087089.07549,518172672,1184,1184
1716087090.0768335,518172672,738,738
1716087091.0780518,518172672,678,678
1716087092.079388,518172672,0,0
1716087093.080679,518172672,1387,1387
1716087094.0820096,518172672,1637,1637
1716087095.0834537,518172672,778,778
1716087096.084981,518172672,504,504
1716087097.086262,518172672,1633,1633
1716087098.0874908,518172672,3837,3837
1716087099.0888233,518172672,1555,1555
1716087100.0901303,518172672,1484,1484
1716087101.091421,518172672,2289,2289
1716087102.0928202,518172672,2375,2375
1716087103.0940619,518172672,7283,7283
1716087104.095304,518172672,6765,6765
1716087105.0965524,518172672,3563,3563
1716087106.096861,518172672,1405,1405
1716087107.0979216,518172672,15358,15358
1716087108.0991485,518172672,9481,9481
1716087109.1003675,518172672,9267,9267
1716087110.1008747,518172672,5694,5694
1716087111.1021125,518172672,5629,5629
1716087112.1033375,518172672,5559,5559
1716087113.1045725,518172672,2458,2458
1716087114.1048844,518172672,7154,7154
1716087115.1061397,518172672,4458,4458
1716087116.1073627,518172672,4429,4429
1716087117.1085932,518172672,6826,6826
1716087118.1088738,518172672,6973,6973
1716087119.1101146,518172672,4345,4345
1716087120.110496,518172672,7385,7385
1716087121.1117296,518172672,7012,7012
1716087122.1129656,518172672,7046,7046
1716087123.1141968,518172672,7774,7774
1716087124.1154335,518172672,5227,5227
1716087125.116738,518172672,4959,4959
1716087126.1179678,518172672,3917,3917
1716087127.1191988,518172672,3716,3716
1716087128.120457,518172672,3202,3202
1716087129.1208692,518172672,2937,2937
1716087130.1221035,518172672,4241,4241
1716087131.123295,518172672,2677,2677
1716087132.1245162,518172672,2094,2094
1716087133.1248596,518172672,7277,7277
1716087134.1260848,518172672,5192,5192
1716087135.127321,518172672,4659,4659
1716087136.1285684,518172672,2950,2950
1716087137.1288702,518172672,4043,4043
1716087138.1301534,518172672,2129,2129
1716087139.131381,518172672,6595,6595
1716087140.132662,518172672,4700,4700
1716087141.1339064,518172672,2455,2455
1716087142.1351452,518172672,4246,4246
1716087143.136382,518172672,4508,4508
1716087144.1368988,518172672,1637,1637
1716087145.1381571,518172672,1649,1649
1716087146.1394172,518172672,0,0
1716087147.1406996,518172672,311,311
1716087148.1419432,518172672,456,456
1716087149.143201,518172672,155,155
1716087150.14445,518172672,0,0
1716087151.144888,518172672,0,0
1716087152.1461635,518172672,914,914
1716087153.147409,518172672,643,643
1716087154.148687,518172672,155,155
1716087155.149934,518172672,0,0
1716087156.150891,518172672,0,0
1716087157.1521404,518172672,1389542890,1389542890
1716087158.152892,518172672,482232190,482232190
1716087159.1541488,518172672,496,496
1716087160.1553974,518172672,0,0
1716087161.156666,518172672,707,707
1716087162.1578796,518172672,164268,164268
1716087163.1591182,518172672,2618835388,2618835388
1716087164.1603515,518172672,890303283,890303283
1716087165.1608737,518172672,208,208
1716087166.1621168,518172672,104,104
1716087167.1633513,518172672,0,0
1716087168.1645794,518172672,552,552
1716087169.1658077,518172672,368,368
1716087170.1670213,518172672,238173114,238173114
1716087171.1674995,518172672,0,0
1716087172.1687286,518172672,0,0
1716087173.1699328,518172672,448,448
1716087174.1711426,518172672,152,152
1716087175.1723566,518172672,0,0
1716087176.1735735,518172672,2228,2228
1716087177.1747928,518172672,2518,2518
1716087178.176021,518172672,5289,5289
1716087179.1768477,518172672,6977,6977
1716087180.1780663,518172672,1869,1869
1716087181.179286,518172672,402,402
1716087182.180491,518172672,741,741
1716087183.1817405,518172672,5920,5920
1716087184.1829872,518172672,3790,3790
1716087185.1842456,518172672,5821,5821
1716087186.1848571,518172672,2331,2331
1716087187.1860762,518172672,2660,2660
1716087188.1872787,518172672,2474,2474
1716087189.1884897,518172672,1874,1874
1716087190.1897132,518172672,1530,1530
1716087191.190912,518172672,5020,5020
1716087192.1921349,518172672,4456,4456
1716087193.1933372,518172672,3009,3009
1716087194.1945462,518172672,3642,3642
1716087195.195779,518172672,4108,4108
1716087196.1970036,518172672,3791,3791
1716087197.1982164,518172672,3367,3367
1716087198.199434,518172672,5530,5530
1716087199.2006674,518172672,4640,4640
1716087200.2018874,518172672,4328,4328
1716087201.203111,518172672,5105,5105
1716087202.204305,518172672,4249,4249
1716087203.2048388,518172672,1267,1267
1716087204.2060816,518172672,7466,7466
1716087205.2072973,518172672,5111,5111
1716087206.2085023,518172672,4821,4821
1716087207.2097256,518172672,4410,4410
1716087208.2109346,518172672,3069,3069
1716087209.2121623,518172672,3533,3533
1716087210.2128475,518172672,661,661
1716087211.21405,518172672,2667,2667
1716087212.2152486,518172672,3442,3442
1716087213.2164698,518172672,4013,4013
1716087214.2168324,518172672,3214,3214
1716087215.2180471,518172672,3629,3629
1716087216.2192645,518172672,2563,2563
1716087217.2204738,518172672,1752,1752
1716087218.2216978,518172672,3921,3921
1716087219.222914,518172672,2241,2241
1716087220.2241538,518172672,3661,3661
1716087221.2253625,518172672,4499,4499
1716087222.2265775,518172672,6558,6558
1716087223.2277884,518172672,6385,6385
1716087224.2290018,518172672,5737,5737
1716087225.2302148,518172672,948,948
1716087226.2314246,518172672,6487,6487
1716087227.232672,518172672,3992,3992
1716087228.2338874,518172672,6826,6826
1716087229.235103,518172672,5817,5817
1716087230.2363143,518172672,2681,2681
1716087231.2375295,518172672,2068,2068
1716087232.2387316,518172672,398,398
1716087233.2399375,518172672,7594,7594
1716087234.2408433,518172672,3114,3114
1716087235.2420611,518172672,4393,4393
1716087236.2432878,518172672,2962,2962
1716087237.2445016,518172672,516,516
1716087238.2457187,518172672,2958,2958
1716087239.2469273,518172672,3494,3494
1716087240.2481475,518172672,3873,3873
1716087241.2488513,518172672,3947,3947
1716087242.2500758,518172672,3432,3432
1716087243.2512968,518172672,4335,4335
1716087244.2522633,518172672,3536,3536
1716087245.2528436,518172672,947,947
1716087246.2540727,518172672,5106,5106
1716087247.2552776,518172672,2875,2875
1716087248.2564802,518172672,4784,4784
1716087249.2568402,518172672,3976,3976
1716087250.2580605,518172672,2363,2363
1716087251.259279,518172672,3369,3369
1716087252.2604823,518172672,2154,2154
1716087253.2608466,518172672,5325,5325
1716087254.2620656,518172672,4055,4055
1716087255.2632685,518172672,3961,3961
1716087256.264471,518172672,3722,3722
1716087257.2656913,518172672,4930,4930
1716087258.2669039,518172672,3463,3463
1716087259.2681422,518172672,5159,5159
1716087260.2688468,518172672,3846,3846
1716087261.270048,518172672,4357,4357
1716087262.2712562,518172672,4574,4574
1716087263.2724752,518172672,4302,4302
1716087264.2737153,518172672,1361,1361
1716087265.274939,518172672,4529,4529
1716087266.2761595,518172672,4210,4210
1716087267.2773786,518172672,4100,4100
1716087268.2785823,518172672,4500,4500
1716087269.2797873,518172672,3483,3483
1716087270.2808542,518172672,948,948
1716087271.2820783,518172672,4664,4664
1716087272.282566,518172672,4662,4662
1716087273.283808,518172672,6472,6472
1716087274.2850287,518172672,20303,20303
1716087275.2862666,518172672,5325,5325
1716087276.2875066,518172672,3043,3043
1716087277.2887607,518172672,2005,2005
1716087278.2900023,518172672,6848,6848
1716087279.2912412,518172672,2620,2620
1716087280.2924745,518172672,5167,5167
1716087281.2928603,518172672,4748,4748
1716087282.2940946,518172672,10910,10910
1716087283.2952964,518172672,6499,6499
1716087284.296523,518172672,5518,5518
1716087285.296886,518172672,5258,5258
1716087286.2977147,518172672,3857,3857
1716087287.2998025,518172672,3059,3059
1716087288.3014386,518172672,461,461
1716087289.302743,518172672,157,157
1716087290.3046913,518172672,0,0
1716087291.3060246,518172672,0,0
1716087292.3069704,518172672,0,0
1716087293.3085785,518172672,344,344
1716087294.3089242,518172672,152,152
1716087295.3102765,518172672,0,0
1716087296.3115654,518172672,0,0
1716087297.3128443,518172672,0,0
1716087298.3141062,518172672,448,448
1716087299.3148687,518172672,152,152
1716087300.316072,518172672,1178,1178
1716087301.3168385,518172672,91050,91050
1716087302.3180408,518172672,152,152
1716087303.3192418,518172672,457,457
1716087304.3204436,518172672,155,155
1716087305.3208368,518172672,0,0
1716087306.3220463,518172672,0,0
1716087307.3229175,518172672,0,0
1716087308.3241255,518172672,448,448
1716087309.324842,518172672,152,152
1716087310.326072,518172672,0,0
1716087311.3272943,518172672,0,0
1716087312.3285036,518172672,0,0
1716087313.328846,518172672,448,448
1716087314.330049,518172672,152,152
1716087315.3312614,518172672,0,0
1716087316.3324711,518172672,0,0
1716087317.332882,518172672,1520,1520
1716087318.334095,518172672,152,152
1716087319.3352933,518172672,344,344
1716087320.3364947,518172672,0,0
1716087321.3368354,518172672,0,0
1716087322.338027,518172672,0,0
1716087323.339225,518172672,448,448
1716087324.3404326,518172672,152,152
1716087325.340857,518172672,0,0
1716087326.342088,518172672,0,0
1716087327.3433242,518172672,0,0
1716087328.3445513,518172672,448,448
1716087329.3448598,518172672,152,152
1716087330.3461018,518172672,0,0
1716087331.3473363,518172672,0,0
1716087332.348583,518172672,0,0
1716087333.348838,518172672,448,448
1716087334.350053,518172672,152,152
1716087335.3512642,518172672,0,0
1716087336.352465,518172672,0,0
1716087337.353706,518172672,0,0
1716087338.354913,518172672,33609061,33609061
1716087339.3561475,518172672,753768257,753768257
1716087340.3568728,518172672,0,0
1716087341.3581057,518172672,0,0
1716087342.3593402,518172672,34642962,34642962
1716087343.360813,518172672,1498066365,1498066365
1716087344.3620892,518172672,1443860908,1443860908
1716087345.363322,518172672,0,0
1716087346.3645449,518172672,0,0
1716087347.364887,518172672,3833,3833
1716087348.3654232,518172672,7005,7005
1716087349.366696,518172672,4413,4413
1716087350.367732,518172672,5789,5789
1716087351.368854,518172672,7690,7690
1716087352.370071,518172672,7115,7115
1716087353.370539,518172672,7764,7764
1716087354.3714318,518172672,7614,7614
1716087355.3722317,518172672,2750,2750
1716087356.3728907,518172672,4289,4289
1716087357.3741252,518172672,5084,5084
1716087358.374813,518172672,3840,3840
1716087359.3760352,518172672,4236,4236
1716087360.3769026,518172672,6162,6162
1716087361.3778074,518172672,4469,4469
1716087362.379088,518172672,2685,2685
1716087363.3802993,518172672,8092,8092
1716087364.3808541,518172672,5628,5628
1716087365.3821046,518172672,4853,4853
1716087366.383308,518172672,6090,6090
1716087367.3845148,518172672,6585,6585
1716087368.3849158,518172672,4518,4518
1716087369.3861434,518172672,7835,7835
1716087370.3873606,518172672,7106,7106
1716087371.3885806,518172672,6520,6520
1716087372.3888726,518172672,7227,7227
1716087373.3900955,518172672,7597,7597
1716087374.3913279,518172672,4941,4941
1716087375.3925452,518172672,5548,5548
1716087376.3928697,518172672,5364,5364
1716087377.3940997,518172672,4798,4798
1716087378.3953164,518172672,6003,6003
1716087379.3965406,518172672,6121,6121
1716087380.39686,518172672,4816,4816
1716087381.3980598,518172672,7124,7124
1716087382.3992581,518172672,7139,7139
1716087383.40048,518172672,7498,7498
1716087384.401726,518172672,7086,7086
1716087385.4029422,518172672,4895,4895
1716087386.404159,518172672,3670,3670
1716087387.4048696,518172672,6595,6595
1716087388.4061017,518172672,5407,5407
1716087389.4073348,518172672,7179,7179
1716087390.4088392,518172672,1968,1968
1716087391.4101462,518172672,4179,4179
1716087392.4114447,518172672,2539,2539
1716087393.4127817,518172672,2222,2222
1716087394.4145265,518172672,1435,1435
1716087395.4157734,518172672,1083,1083
1716087396.4168499,518172672,4263,4263
1716087397.4180565,518172672,0,0
1716087398.4192562,518172672,619,619
1716087399.4204693,518172672,155,155
1716087400.4208343,518172672,0,0
1716087401.4220471,518172672,2725,2725
1716087402.4232683,518172672,2008,2008
1716087403.4245045,518172672,408,408
1716087404.424865,518172672,156,156
1716087405.4260929,518172672,0,0
1716087406.4272902,518172672,277,277
1716087407.4285011,518172672,298,298
1716087408.4288409,518172672,3995,3995
1716087409.4300458,518172672,334,334
1716087410.431255,518172672,159,159
1716087411.432465,518172672,1263,1263
1716087412.4328434,518172672,852,852
1716087413.434059,518172672,695,695
1716087414.4352663,518172672,155,155
1716087415.43646,518172672,0,0
1716087416.4368536,518172672,0,0
1716087417.438081,518172672,0,0
1716087418.439306,518172672,396,396
1716087419.440532,518172672,152,152
1716087420.4408545,518172672,0,0
1716087421.442064,518172672,0,0
1716087422.4430652,518172672,0,0
1716087423.4442642,518172672,344,344
1716087424.4448438,518172672,152,152
1716087425.4460928,518172672,0,0
1716087426.4472935,518172672,51431227,51431227
1716087427.448503,518172672,0,0
1716087428.4488351,518172672,448,448
1716087429.450034,518172672,152,152
1716087430.4512658,518172672,34644981,34644981
1716087431.4524977,518172672,0,0
1716087432.4528716,518172672,0,0
1716087433.4540863,518172672,448,448
1716087434.4553173,518172672,533214620,533214620
1716087435.4565506,518172672,0,0
1716087436.4569006,518172672,0,0
1716087437.458121,518172672,0,0
1716087438.45934,518172672,4200894,4200894
1716087439.4605978,518172672,1593156516,1593156516
1716087440.4608727,518172672,1547023441,1547023441
1716087441.4621196,518172672,0,0
1716087442.4633546,518172672,0,0
1716087443.4645762,518172672,5328,5328
1716087444.4648545,518172672,3870,3870
1716087445.4661012,518172672,5451,5451
1716087446.4666896,518172672,5272,5272
1716087447.4679005,518172672,6915,6915
1716087448.469123,518172672,7971,7971
1716087449.4703317,518172672,6463,6463
1716087450.4715538,518172672,1970,1970
1716087451.4728038,518172672,3513,3513
1716087452.4740229,518172672,7141,7141
1716087453.475233,518172672,8123,8123
1716087454.4764469,518172672,6764,6764
1716087455.476852,518172672,4937,4937
1716087456.478073,518172672,3935,3935
1716087457.4792886,518172672,4560,4560
1716087458.4805033,518172672,5077,5077
1716087459.4808416,518172672,7116,7116
1716087460.4820478,518172672,4826,4826
1716087461.483242,518172672,7079,7079
1716087462.4841945,518172672,7119,7119
1716087463.4848535,518172672,2154,2154
1716087464.486075,518172672,4111,4111
1716087465.487276,518172672,5242,5242
1716087466.4884868,518172672,5883,5883
1716087467.4888456,518172672,8114,8114
1716087468.490059,518172672,7766,7766
1716087469.4912853,518172672,4751,4751
1716087470.4925053,518172672,7507,7507
1716087471.4928684,518172672,4657,4657
1716087472.4941025,518172672,4701,4701
1716087473.4953105,518172672,7134,7134
1716087474.496532,518172672,7124,7124
1716087475.4968617,518172672,4251,4251
1716087476.4980774,518172672,7579,7579
1716087477.4992945,518172672,6618,6618
1716087478.5005074,518172672,7682,7682
1716087479.500842,518172672,7759,7759
1716087480.5020645,518172672,6453,6453
1716087481.5032864,518172672,4082,4082
1716087482.5045075,518172672,6482,6482
1716087483.5048707,518172672,4037,4037
1716087484.5061064,518172672,5987,5987
1716087485.5076685,518172672,6151,6151
1716087486.5089767,518172672,3990,3990
1716087487.5102596,518172672,2138,2138
1716087488.5115712,518172672,854,854
1716087489.512881,518172672,1622,1622
1716087490.5142512,518172672,0,0
1716087491.5155303,518172672,745,745
1716087492.5168815,518172672,726,726
1716087493.518213,518172672,1554,1554
1716087494.5194986,518172672,885,885
1716087495.5202308,518172672,730,730
1716087496.5209718,518172672,1514,1514
1716087497.5218146,518172672,0,0
1716087498.5231898,518172672,1078,1078
1716087499.5244281,518172672,1663,1663
1716087500.5249224,518172672,0,0
1716087501.5262535,518172672,0,0
1716087502.527553,518172672,934,934
1716087503.5320013,518172672,1570,1570
1716087504.5330763,518172672,155,155
1716087505.5343528,518172672,731,731
1716087506.5356379,518172672,1528,1528
1716087507.536959,518172672,0,0
1716087508.5382535,518172672,1170,1170
1716087509.5395207,518172672,1569,1569
1716087510.5408695,518172672,0,0
1716087511.5421505,518172672,786,786
1716087512.5433857,518172672,1424,1424
1716087513.544823,518172672,8011,8011
1716087514.5461936,518172672,9902,9902
1716087515.5474544,518172672,7058,7058
1716087516.5487576,518172672,1384,1384
1716087517.550059,518172672,793,793
1716087518.5512984,518172672,3313,3313
1716087519.5526323,518172672,781,781
1716087520.5529335,518172672,0,0
1716087521.554177,518172672,4542,4542
1716087522.5554528,518172672,614,614
1716087523.5567522,518172672,914,914
1716087524.5579917,518172672,2212,2212
1716087525.559282,518172672,0,0
1716087526.5605893,518172672,738,738
1716087527.560997,518172672,727,727
1716087528.562318,518172672,404,404
1716087529.5635617,518172672,1970,1970
1716087530.564987,518172672,950,950
1716087531.5663013,518172672,306,306
1716087532.5675547,518172672,1573,1573
1716087533.5688803,518172672,405,405
1716087534.5701509,518172672,492,492
1716087535.5714395,518172672,1931,1931
1716087536.5728009,518172672,0,0
1716087537.5740838,518172672,1090,1090
1716087538.5754302,518172672,1241,1241
1716087539.57666,518172672,5828,5828
1716087540.577918,518172672,2033,2033
1716087541.5791543,518172672,501,501
1716087542.5803823,518172672,4598,4598
1716087543.5815883,518172672,4921,4921
1716087544.5827835,518172672,5304,5304
1716087545.5840006,518172672,7353,7353
1716087546.5848238,518172672,4460,4460
1716087547.586039,518172672,4510,4510
1716087548.587231,518172672,5194,5194
1716087549.5884256,518172672,4391,4391
1716087550.5894246,518172672,4563,4563
1716087551.5906436,518172672,5338,5338
1716087552.5918467,518172672,5625,5625
1716087553.5921295,518172672,2089,2089
1716087554.5933504,518172672,6033,6033
1716087555.5945828,518172672,6441,6441
1716087556.5953915,518172672,4704,4704
1716087557.5966234,518172672,6511,6511
1716087558.596866,518172672,7620,7620
1716087559.5980835,518172672,5785,5785
1716087560.599294,518172672,4900,4900
1716087561.6005266,518172672,3952,3952
1716087562.600864,518172672,3790,3790
1716087563.602096,518172672,4533,4533
1716087564.6033006,518172672,4606,4606
1716087565.6045299,518172672,2023,2023
1716087566.6048841,518172672,4355,4355
1716087567.6061263,518172672,3646,3646
1716087568.6073606,518172672,4782,4782
1716087569.6086006,518172672,6343,6343
1716087570.6098175,518172672,4777,4777
1716087571.6105337,518172672,6445,6445
1716087572.6117604,518172672,4199,4199
1716087573.6128619,518172672,7365,7365
1716087574.6141055,518172672,6504,6504
1716087575.615336,518172672,3427,3427
1716087576.6165533,518172672,3998,3998
1716087577.6168811,518172672,6582,6582
1716087578.6181087,518172672,3506,3506
1716087579.6193357,518172672,5502,5502
1716087580.6205707,518172672,4799,4799
1716087581.6208684,518172672,5657,5657
1716087582.6221068,518172672,2613,2613
1716087583.6233401,518172672,622,622
1716087584.6245947,518172672,0,0
1716087585.624882,518172672,0,0
1716087586.6261199,518172672,0,0
1716087587.6273544,518172672,0,0
1716087588.6285927,518172672,600,600
1716087589.628867,518172672,3230,3230
1716087590.630107,518172672,2254,2254
1716087591.6313424,518172672,0,0
1716087592.6325731,518172672,501,501
1716087593.632872,518172672,561,561
1716087594.6336617,518172672,1041,1041
1716087595.6349018,518172672,0,0
1716087596.6361437,518172672,1581,1581
1716087597.6368792,518172672,14700,14700
1716087598.6381457,518172672,1564481828,1564481828
1716087599.6394043,518172672,307285869,307285869
1716087600.6406024,518172672,926,926
1716087601.6418095,518172672,90983,90983
1716087602.6430538,518172672,631621429,631621429
1716087603.644297,518172672,559148505,559148505
1716087604.6455545,518172672,2444569833,2444569833
1716087605.6467922,518172672,67295,67295
1716087606.648007,518172672,2034,2034
1716087607.649221,518172672,1194,1194
1716087608.6504426,518172672,15008916,15008916
1716087609.651647,518172672,95050366,95050366
1716087610.6528301,518172672,0,0
1716087611.6540413,518172672,2160,2160
1716087612.655248,518172672,0,0
1716087613.6564443,518172672,840,840
1716087614.6568332,518172672,0,0
1716087615.658034,518172672,3562,3562
1716087616.6592476,518172672,4521,4521
1716087617.6604548,518172672,4123,4123
1716087618.6608512,518172672,3823,3823
1716087619.6620657,518172672,3175,3175
1716087620.6632814,518172672,5695,5695
1716087621.6644948,518172672,3847,3847
1716087622.665725,518172672,4377,4377
1716087623.6669235,518172672,3582,3582
1716087624.6681314,518172672,5187,5187
1716087625.6688435,518172672,3251,3251
1716087626.6700656,518172672,5589,5589
1716087627.6712806,518172672,3408,3408
1716087628.672492,518172672,4071,4071
1716087629.673709,518172672,5069,5069
1716087630.674911,518172672,5139,5139
1716087631.6761217,518172672,4508,4508
1716087632.6773362,518172672,5460,5460
1716087633.6785438,518172672,1694,1694
1716087634.6797507,518172672,4204,4204
1716087635.6808436,518172672,4100,4100
1716087636.6820612,518172672,4243,4243
1716087637.6832697,518172672,6757,6757
1716087638.6844747,518172672,3559,3559
1716087639.6848423,518172672,4144,4144
1716087640.6856785,518172672,4523,4523
1716087641.6867106,518172672,4178,4178
1716087642.6879168,518172672,4164,4164
1716087643.6888454,518172672,5958,5958
1716087644.6900554,518172672,1665,1665
1716087645.691259,518172672,2863,2863
1716087646.6924703,518172672,4450,4450
1716087647.6928563,518172672,5474,5474
1716087648.6940832,518172672,5165,5165
1716087649.6952899,518172672,4624,4624
1716087650.6965277,518172672,724,724
1716087651.696836,518172672,3894,3894
1716087652.6980484,518172672,4194,4194
1716087653.699259,518172672,2756,2756
1716087654.70046,518172672,3226,3226
1716087655.700841,518172672,3303,3303
1716087656.7020457,518172672,1753,1753
1716087657.7032607,518172672,5404,5404
1716087658.704471,518172672,2409,2409
1716087659.7056851,518172672,5889,5889
1716087660.7068908,518172672,6146,6146
1716087661.708135,518172672,4915,4915
1716087662.708851,518172672,2573,2573
1716087663.710062,518172672,6581,6581
1716087664.7112832,518172672,1877,1877
1716087665.712492,518172672,3820,3820
1716087666.7137327,518172672,4084,4084
1716087667.7149713,518172672,4209,4209
1716087668.7161808,518172672,4561,4561
1716087669.716842,518172672,6791,6791
1716087670.718048,518172672,4016,4016
1716087671.7192545,518172672,4242,4242
1716087672.7204578,518172672,6986,6986
1716087673.720839,518172672,4776,4776
1716087674.7220745,518172672,3251,3251
1716087675.723285,518172672,4143,4143
1716087676.724508,518172672,1926,1926
1716087677.7257385,518172672,3491,3491
1716087678.7269452,518172672,4076,4076
1716087679.7281594,518172672,3904,3904
1716087680.7288322,518172672,3084,3084
1716087681.7300432,518172672,2618,2618
1716087682.731242,518172672,4560,4560
1716087683.7324362,518172672,4895,4895
1716087684.7328467,518172672,4153,4153
1716087685.7340577,518172672,4168,4168
1716087686.7352786,518172672,4191,4191
1716087687.7364855,518172672,2502,2502
1716087688.7376964,518172672,4532,4532
1716087689.7389097,518172672,3462,3462
1716087690.7401383,518172672,3205,3205
1716087691.740868,518172672,4119,4119
1716087692.742091,518172672,2468,2468
1716087693.7433136,518172672,2812,2812
1716087694.7445292,518172672,4920,4920
1716087695.7448642,518172672,4189,4189
1716087696.7460933,518172672,2711,2711
1716087697.7472966,518172672,4036,4036
1716087698.7485054,518172672,4640,4640
1716087699.7488348,518172672,2856,2856
1716087700.7500384,518172672,7246,7246
1716087701.7512493,518172672,4209,4209
1716087702.7524865,518172672,5147,5147
1716087703.753764,518172672,3460,3460
1716087704.7550251,518172672,3707,3707
1716087705.7562773,518172672,3836,3836
1716087706.7569137,518172672,4938,4938
1716087707.7581673,518172672,3448,3448
1716087708.759417,518172672,4558,4558
1716087709.7607384,518172672,1278,1278
1716087710.761997,518172672,3965,3965
1716087711.763248,518172672,1195,1195
1716087712.7645032,518172672,1666,1666
1716087713.7657473,518172672,5858,5858
1716087714.7669826,518172672,3111,3111
1716087715.768212,518172672,2549,2549
1716087716.7688634,518172672,2916,2916
1716087717.7701123,518172672,3634,3634
1716087718.7713385,518172672,1601,1601
1716087719.7725856,518172672,5979,5979
1716087720.7728767,518172672,5758,5758
1716087721.774132,518172672,6130,6130
1716087722.7753832,518172672,4190,4190
1716087723.7766263,518172672,6093,6093
1716087724.77691,518172672,1363,1363
1716087725.7786357,518172672,908,908
1716087726.781219,518172672,152,152
1716087727.7824578,518172672,158,158
1716087728.7837934,518172672,611,611
1716087729.7854228,518172672,0,0
1716087730.7866604,518172672,0,0
1716087731.7878983,518172672,0,0
1716087732.7888646,518172672,0,0
1716087733.790422,518172672,600,600
1716087734.7919035,518172672,0,0
1716087735.792866,518172672,0,0
1716087736.7940943,518172672,0,0
1716087737.795292,518172672,1144,1144
1716087738.7964797,518172672,505,505
1716087739.7968266,518172672,0,0
1716087740.7980132,518172672,950,950
1716087741.7991953,518172672,0,0
1716087742.8003917,518172672,0,0
1716087743.800817,518172672,600,600
1716087744.802003,518172672,0,0
1716087745.8031933,518172672,0,0
1716087746.8043911,518172672,0,0
1716087747.804819,518172672,0,0
1716087748.8060117,518172672,600,600
1716087749.807198,518172672,0,0
1716087750.8084009,518172672,0,0
1716087751.8088164,518172672,0,0
1716087752.8100135,518172672,0,0
1716087753.8112094,518172672,496,496
1716087754.8123937,518172672,0,0
1716087755.8128288,518172672,0,0
1716087756.8133056,518172672,0,0
1716087757.8145957,518172672,0,0
1716087758.8158622,518172672,600,600
1716087759.8170748,518172672,0,0
1716087760.81836,518172672,0,0
1716087761.8196201,518172672,0,0
1716087762.8208292,518172672,0,0
1716087763.8221285,518172672,600,600
1716087764.8233833,518172672,0,0
1716087765.824705,518172672,0,0
1716087766.8259413,518172672,4200274,4200274
1716087767.8272307,518172672,0,0
1716087768.8285103,518172672,600,600
1716087769.8298068,518172672,0,0
1716087770.8310337,518172672,0,0
1716087771.8323126,518172672,5248313,5248313
1716087772.833574,518172672,0,0
1716087773.8347888,518172672,496,496
1716087774.8360944,518172672,286836990,286836990
1716087775.8373706,518172672,1145772824,1145772824
1716087776.8385837,518172672,866285700,866285700
1716087777.8398786,518172672,0,0
1716087778.8411365,518172672,600,600
1716087779.8424323,518172672,2523,2523
1716087780.8437474,518172672,1455451788,1455451788
1716087781.8449917,518172672,3704,3704
1716087782.8462822,518172672,3991,3991
1716087783.8474774,518172672,7441,7441
1716087784.848719,518172672,7774,7774
1716087785.8499098,518172672,3377,3377
1716087786.85111,518172672,5287,5287
1716087787.8523262,518172672,5234,5234
1716087788.853518,518172672,4901,4901
1716087789.8547163,518172672,7283,7283
1716087790.8559113,518172672,8033,8033
1716087791.8568323,518172672,1614,1614
1716087792.8580203,518172672,7541,7541
1716087793.859273,518172672,7878,7878
1716087794.8604984,518172672,6839,6839
1716087795.8608763,518172672,7444,7444
1716087796.862132,518172672,6313,6313
1716087797.8633752,518172672,2360,2360
1716087798.864624,518172672,6153,6153
1716087799.865944,518172672,7097,7097
1716087800.8671758,518172672,5956,5956
1716087801.8684225,518172672,5605,5605
1716087802.8696942,518172672,6382,6382
1716087803.8709424,518172672,4617,4617
1716087804.8721826,518172672,5999,5999
1716087805.8728786,518172672,5699,5699
1716087806.874117,518172672,6216,6216
1716087807.8753633,518172672,6219,6219
1716087808.8766057,518172672,6465,6465
1716087809.8768592,518172672,4682,4682
1716087810.8781083,518172672,5213,5213
1716087811.8793476,518172672,3487,3487
1716087812.8806062,518172672,5103,5103
1716087813.881845,518172672,7242,7242
1716087814.8830967,518172672,5396,5396
1716087815.884355,518172672,2813,2813
1716087816.8848855,518172672,6307,6307
1716087817.886147,518172672,5871,5871
1716087818.887393,518172672,8403,8403
1716087819.8886697,518172672,7084,7084
1716087820.8899245,518172672,6500,6500
1716087821.8912296,518172672,7169,7169
1716087822.892529,518172672,805,805
1716087823.892882,518172672,8120,8120
1716087824.8941367,518172672,5257,5257
1716087825.8953948,518172672,4437,4437
1716087826.8966758,518172672,4456,4456
1716087827.8980906,518172672,1897,1897
1716087828.8993104,518172672,3226,3226
1716087829.9005003,518172672,287,287
1716087830.90174,518172672,151,151
1716087831.9029396,518172672,152,152
1716087832.904223,518172672,0,0
1716087833.9054227,518172672,606,606
1716087834.906654,518172672,0,0
1716087835.9078445,518172672,0,0
1716087836.9090517,518172672,0,0
1716087837.9102619,518172672,0,0
1716087838.9114945,518172672,496,496
1716087839.9127083,518172672,0,0
1716087840.9139042,518172672,0,0
1716087841.9151359,518172672,0,0
1716087842.916328,518172672,0,0
1716087843.9175136,518172672,600,600
1716087844.9187376,518172672,0,0
1716087845.9199271,518172672,0,0
1716087846.9208262,518172672,0,0
1716087847.9220257,518172672,0,0
1716087848.923237,518172672,600,600
1716087849.9244328,518172672,0,0
1716087850.925682,518172672,0,0
1716087851.926878,518172672,0,0
1716087852.928073,518172672,0,0
1716087853.9292808,518172672,600,600
1716087854.9304903,518172672,0,0
1716087855.9316702,518172672,0,0
1716087856.932891,518172672,0,0
1716087857.9340863,518172672,0,0
1716087858.9352736,518172672,5382005,5382005
1716087859.9364676,518172672,0,0
1716087860.9376845,518172672,0,0
1716087861.938877,518172672,0,0
1716087862.940117,518172672,362071706,362071706
1716087863.9408395,518172672,621,621
1716087864.9420805,518172672,0,0
1716087865.943278,518172672,0,0
1716087866.9445112,518172672,17841277,17841277
1716087867.945741,518172672,1503144631,1503144631
1716087868.94696,518172672,282663180,282663180
1716087869.948148,518172672,0,0
1716087870.9493775,518172672,0,0
1716087871.950567,518172672,4218,4218
1716087872.9517784,518172672,1593001336,1593001336
1716087873.9528258,518172672,3700,3700
1716087874.9540386,518172672,4720,4720
1716087875.9552655,518172672,5768,5768
1716087876.9564312,518172672,3584,3584
1716087877.956819,518172672,5993,5993
1716087878.9579935,518172672,4874,4874
1716087879.959171,518172672,6588,6588
1716087880.9603345,518172672,7499,7499
1716087881.9608061,518172672,8087,8087
1716087882.9619937,518172672,7469,7469
1716087883.9631727,518172672,2847,2847
1716087884.9643443,518172672,3527,3527
1716087885.9648023,518172672,7336,7336
1716087886.9659953,518172672,4541,4541
1716087887.9671874,518172672,7614,7614
1716087888.9683561,518172672,7564,7564
1716087889.9691205,518172672,7547,7547
1716087890.9699895,518172672,4409,4409
1716087891.9703958,518172672,2562,2562
1716087892.9715803,518172672,2775,2775
1716087893.9727964,518172672,711,711
1716087894.9739916,518172672,485,485
1716087895.9751804,518172672,8400,8400
1716087896.9763834,518172672,6923,6923
1716087897.9768305,518172672,5421,5421
1716087898.9779282,518172672,6285,6285
1716087899.9791465,518172672,8494,8494
1716087900.9803164,518172672,2568,2568
1716087901.980813,518172672,94661,94661
1716087902.9819813,518172672,4572,4572
1716087903.9831479,518172672,6328,6328
1716087904.9843407,518172672,4858,4858
1716087905.9847944,518172672,6383,6383
1716087906.9859776,518172672,4586,4586
1716087907.9871404,518172672,3448,3448
1716087908.9883044,518172672,4334,4334
1716087909.9888172,518172672,5939,5939
1716087910.990005,518172672,4969,4969
1716087911.991202,518172672,7012,7012
1716087912.9923742,518172672,6309,6309
1716087913.9928222,518172672,5242,5242
1716087914.99423,518172672,6348,6348
1716087915.9956377,518172672,4435,4435
1716087916.9970508,518172672,8013,8013
1716087917.9983137,518172672,6364,6364
1716087918.9996042,518172672,4959,4959
1716087920.0008972,518172672,3985,3985
1716087921.0022066,518172672,841,841
1716087922.003495,518172672,0,0
1716087923.004755,518172672,1096,1096
1716087924.0060377,518172672,1423,1423
1716087925.0073023,518172672,733,733
1716087926.0085893,518172672,0,0
1716087927.0089684,518172672,777,777
1716087928.010201,518172672,1161,1161
1716087929.0114565,518172672,827,827
1716087930.0127976,518172672,740,740
1716087931.014029,518172672,779,779
1716087932.0152538,518172672,0,0
1716087933.0164726,518172672,1829,1829
1716087934.0169287,518172672,931,931
1716087935.0182266,518172672,0,0
1716087936.019465,518172672,303,303
1716087937.020724,518172672,1720,1720
1716087938.0220616,518172672,994,994
1716087939.0233233,518172672,155,155
1716087940.0245488,518172672,221,221
1716087941.0249157,518172672,656,656
1716087942.0262303,518172672,0,0
1716087943.027552,518172672,1745,1745
1716087944.0289018,518172672,1171,1171
1716087945.0302389,518172672,447,447
1716087946.0315642,518172672,286,286
1716087947.0329022,518172672,855,855
1716087948.0341473,518172672,1590,1590
1716087949.0354443,518172672,207,207
1716087950.0368094,518172672,720,720
1716087951.0380158,518172672,733,733
1716087952.039305,518172672,735,735
1716087953.0405304,518172672,890,890
1716087954.0410979,518172672,3660,3660
1716087955.0424092,518172672,2987,2987
1716087956.0436654,518172672,1502,1502
1716087957.0450902,518172672,1464,1464
1716087958.046357,518172672,2571,2571
1716087959.0478644,518172672,2182,2182
1716087960.0489745,518172672,2008,2008
1716087961.0502782,518172672,6820,6820
1716087962.0515885,518172672,5855,5855
1716087963.0528026,518172672,8360,8360
1716087964.0540235,518172672,5873,5873
1716087965.0552213,518172672,5585,5585
1716087966.0564332,518172672,6417,6417
1716087967.0568416,518172672,4530,4530
1716087968.0580366,518172672,5229,5229
1716087969.0592313,518172672,4475,4475
1716087970.060444,518172672,5351,5351
1716087971.0616572,518172672,6259,6259
1716087972.0628405,518172672,4537,4537
1716087973.064048,518172672,2917,2917
1716087974.064854,518172672,7876,7876
1716087975.0660772,518172672,7116,7116
1716087976.0672882,518172672,4304,4304
1716087977.0684874,518172672,4412,4412
1716087978.0688431,518172672,7211,7211
1716087979.0700526,518172672,2415,2415
1716087980.07127,518172672,1867,1867
1716087981.0724893,518172672,5774,5774
1716087982.0737095,518172672,4820,4820
1716087983.0750048,518172672,4790,4790
1716087984.0762272,518172672,3995,3995
1716087985.0768373,518172672,6106,6106
1716087986.0780423,518172672,2762,2762
1716087987.0792708,518172672,4155,4155
1716087988.0804834,518172672,3712,3712
1716087989.0816984,518172672,2713,2713
1716087990.0829275,518172672,5104,5104
1716087991.084152,518172672,4553,4553
1716087992.0848622,518172672,3374,3374
1716087993.0860958,518172672,1845,1845
1716087994.0873036,518172672,6042,6042
1716087995.08854,518172672,4178,4178
1716087996.0888429,518172672,5703,5703
1716087997.0900419,518172672,3440,3440
1716087998.0912712,518172672,3062,3062
1716087999.0925117,518172672,1113,1113
1716088000.0928547,518172672,363,363
1716088001.0940652,518172672,592,592
1716088002.0952635,518172672,161,161
1716088003.0964735,518172672,734,734
1716088004.0976818,518172672,4549,4549
1716088005.09889,518172672,0,0
1716088006.100123,518172672,260,260
1716088007.100833,518172672,0,0
1716088008.1020224,518172672,404,404
1716088009.1032388,518172672,155,155
1716088010.1044643,518172672,1102,1102
1716088011.1056721,518172672,0,0
1716088012.1068964,518172672,0,0
1716088013.1081052,518172672,994,994
1716088014.1088502,518172672,155,155
1716088015.110051,518172672,0,0
1716088016.111294,518172672,1871722808,1871722808
1716088017.1124856,518172672,0,0
1716088018.1128392,518172672,6197206,6197206
1716088019.1140513,518172672,308,308
1716088020.1152408,518172672,529873627,529873627
1716088021.1157746,518172672,1336367153,1336367153
1716088022.116823,518172672,98628,98628
1716088023.1180165,518172672,700,700
1716088024.1192205,518172672,449,449
1716088025.1204047,518172672,515646145,515646145
1716088026.1216257,518172672,1356424808,1356424808
1716088027.1228406,518172672,0,0
1716088028.1240406,518172672,448,448
1716088029.1248274,518172672,532,532
1716088030.1260366,518172672,0,0
1716088031.1272154,518172672,1547,1547
1716088032.1283937,518172672,6328,6328
1716088033.1295915,518172672,1694,1694
1716088034.1307771,518172672,4538,4538
1716088035.1319633,518172672,6712,6712
1716088036.1331496,518172672,1740,1740
1716088037.1343267,518172672,2151,2151
1716088038.13552,518172672,3985,3985
1716088039.1367328,518172672,7131,7131
1716088040.1379128,518172672,4165,4165
1716088041.1391,518172672,4442,4442
1716088042.140279,518172672,3768,3768
1716088043.1408162,518172672,2756,2756
1716088044.1420076,518172672,4229,4229
1716088045.1431928,518172672,1582,1582
1716088046.1443746,518172672,5261,5261
1716088047.1455529,518172672,2982,2982
1716088048.1467264,518172672,3725,3725
1716088049.1479294,518172672,2220,2220
1716088050.148832,518172672,4033,4033
1716088051.1494336,518172672,677,677
1716088052.1506178,518172672,2547,2547
1716088053.1518006,518172672,4416,4416
1716088054.152824,518172672,3694,3694
1716088055.1540194,518172672,3209,3209
1716088056.1552005,518172672,3424,3424
1716088057.1563993,518172672,4138,4138
1716088058.1568332,518172672,1732,1732
1716088059.158036,518172672,4993,4993
1716088060.1592264,518172672,2752,2752
1716088061.1604068,518172672,6000,6000
1716088062.1608253,518172672,4343,4343
1716088063.162011,518172672,3488,3488
1716088064.163221,518172672,718,718
1716088065.1644096,518172672,630,630
1716088066.1648242,518172672,1309,1309
1716088067.1660197,518172672,1866,1866
1716088068.1672013,518172672,5876,5876
1716088069.1683815,518172672,4403,4403
1716088070.1688247,518172672,3770,3770
1716088071.1700063,518172672,1119,1119
1716088072.1711917,518172672,5768,5768
1716088073.1723812,518172672,828,828
1716088074.1728294,518172672,3523,3523
1716088075.1740115,518172672,1026,1026
1716088076.175202,518172672,4283,4283
1716088077.1763852,518172672,6647,6647
1716088078.1768842,518172672,4469,4469
1716088079.1771605,518172672,4333,4333
1716088080.1783464,518172672,4213,4213
1716088081.1795423,518172672,4131,4131
1716088082.1807609,518172672,701,701
1716088083.1819456,518172672,5877,5877
1716088084.183128,518172672,4724,4724
1716088085.1843143,518172672,4189,4189
1716088086.1855106,518172672,4269,4269
1716088087.1866934,518172672,3203,3203
1716088088.1878874,518172672,3666,3666
1716088089.1888385,518172672,3286,3286
1716088090.1900265,518172672,2569,2569
1716088091.1912076,518172672,3634,3634
1716088092.1924644,518172672,4248,4248
1716088093.1928368,518172672,3183,3183
1716088094.1940248,518172672,5282,5282
1716088095.1952,518172672,2643,2643
1716088096.1963754,518172672,2554,2554
1716088097.196814,518172672,2315,2315
1716088098.1979878,518172672,971,971
1716088099.1991632,518172672,4480,4480
1716088100.200344,518172672,4109,4109
1716088101.2008204,518172672,4638,4638
1716088102.2020006,518172672,4325,4325
1716088103.2031868,518172672,2890,2890
1716088104.204371,518172672,3746,3746
1716088105.2048345,518172672,4231,4231
1716088106.2060406,518172672,1708,1708
1716088107.207222,518172672,3657,3657
1716088108.2084153,518172672,5932,5932
1716088109.208838,518172672,4433,4433
1716088110.210145,518172672,4166,4166
1716088111.2113347,518172672,4997,4997
1716088112.21252,518172672,4255,4255
1716088113.212822,518172672,2042,2042
1716088114.214011,518172672,3819,3819
1716088115.2151854,518172672,3907,3907
1716088116.2163665,518172672,6537,6537
1716088117.2168148,518172672,1587,1587
1716088118.2179997,518172672,6898,6898
1716088119.2191827,518172672,4368,4368
1716088120.2196398,518172672,4178,4178
1716088121.220817,518172672,1825,1825
1716088122.2219865,518172672,3687,3687
1716088123.2231638,518172672,2665,2665
1716088124.224351,518172672,3791,3791
1716088125.2248228,518172672,4074,4074
1716088126.2260318,518172672,4958,4958
1716088127.227218,518172672,3586,3586
1716088128.228403,518172672,1471,1471
1716088129.2295904,518172672,514,514
1716088130.2307754,518172672,6659,6659
1716088131.2319493,518172672,1470,1470
1716088132.2328115,518172672,4214,4214
1716088133.2339816,518172672,6867,6867
1716088134.2352262,518172672,4438,4438
1716088135.2364073,518172672,5361,5361
1716088136.2368195,518172672,2764,2764
1716088137.2380085,518172672,1465,1465
1716088138.2392118,518172672,3503,3503
1716088139.2403903,518172672,3573,3573
1716088140.2408295,518172672,5192,5192
1716088141.24216,518172672,2262,2262
1716088142.2434506,518172672,0,0
1716088143.243988,518172672,776,776
1716088144.2452445,518172672,154,154
1716088145.246461,518172672,0,0
1716088146.2479649,518172672,0,0
1716088147.2488446,518172672,0,0
1716088148.2502518,518172672,448,448
1716088149.2514727,518172672,152,152
1716088150.2527082,518172672,0,0
1716088151.2542455,518172672,0,0
1716088152.255885,518172672,0,0
1716088153.2573924,518172672,448,448
1716088154.2586706,518172672,152,152
1716088155.260076,518172672,0,0
1716088156.260822,518172672,1199,1199
1716088157.2620015,518172672,0,0
1716088158.2631807,518172672,304,304
1716088159.2643726,518172672,397,397
1716088160.2648175,518172672,0,0
1716088161.2660081,518172672,0,0
1716088162.2671869,518172672,0,0
1716088163.2683668,518172672,870,870
1716088164.2688272,518172672,300,300
1716088165.27001,518172672,0,0
1716088166.2711926,518172672,0,0
1716088167.2723806,518172672,0,0
1716088168.2728243,518172672,152,152
1716088169.2740052,518172672,344,344
1716088170.275184,518172672,0,0
1716088171.2763731,518172672,0,0
1716088172.2768104,518172672,0,0
1716088173.2779958,518172672,448,448
1716088174.2782164,518172672,152,152
1716088175.2793994,518172672,0,0
1716088176.280592,518172672,0,0
1716088177.2808158,518172672,0,0
1716088178.2820077,518172672,448,448
1716088179.2832062,518172672,152,152
1716088180.2836444,518172672,0,0
1716088181.2848291,518172672,0,0
1716088182.286043,518172672,0,0
1716088183.2872398,518172672,448,448
1716088184.2884336,518172672,152,152
1716088185.288834,518172672,0,0
1716088186.2900171,518172672,33646624,33646624
1716088187.2911942,518172672,0,0
1716088188.2923849,518172672,448,448
1716088189.292817,518172672,152,152
1716088190.2940233,518172672,0,0
1716088191.2952247,518172672,0,0
1716088192.2964313,518172672,0,0
1716088193.2968335,518172672,448,448
1716088194.2980323,518172672,549060812,549060812
1716088195.2983847,518172672,4200577,4200577
1716088196.2995796,518172672,0,0
1716088197.3007953,518172672,0,0
1716088198.3019836,518172672,34644658,34644658
1716088199.3032231,991997952,1673476112,1673476112
1716088203.045031,3716964352,1468897432,1468897432
1716088204.0490818,3823357952,6549,6549
1716088205.0685847,3823849472,2643,2643
1716088206.0822868,3823849472,4432,4432
1716088207.0845625,3823849472,3959,3959
1716088208.1060903,3823849472,5061,5061
1716088209.1311893,3824340992,7531,7531
1716088210.1361349,3824340992,7181,7181
1716088211.1505103,3824832512,7622,7622
1716088212.1785583,3825324032,7380,7380
1716088213.1969368,3825815552,4594,4594
1716088214.2230194,3826307072,4771,4771
1716088215.2256496,3829256192,7001,7001
1716088216.2417183,3831713792,8082,8082
1716088217.2481,3832696832,6718,6718
1716088218.2601783,3832696832,8035,8035
1716088219.2634504,3833679872,7118,7118
1716088220.2646966,3833679872,2400,2400
1716088221.2789125,3835154432,7351,7351
1716088222.2837887,3835154432,6954,6954
1716088223.2921312,3844272128,8068,8068
1716088224.3201334,3844272128,4776,4776
1716088225.3532503,3845746688,7192,7192
1716088226.367376,3846238208,2471,2471
1716088227.397348,3846729728,1656,1656
1716088228.4129562,3846729728,8449,8449
1716088229.4169352,3858526208,5126,5126
1716088230.4199135,3873988608,7086,7086
1716088231.4437125,3874480128,7464,7464
1716088232.446251,3874971648,7477,7477
1716088233.466041,3875954688,3298,3298
1716088234.480253,3876446208,4853,4853
1716088235.4869792,3876937728,6147,6147
1716088236.4988594,3877429248,5503,5503
1716088237.5007,3878412288,6489,6489
1716088238.5042083,3911835648,7400,7400
1716088239.5127664,3919699968,6808,6808
1716088240.522374,3920191488,7366,7366
1716088241.532688,3946242048,4220,4220
1716088242.55819,3947716608,4975,4975
1716088243.5719516,3947716608,5679,5679
1716088244.5784845,3947716608,5983,5983
1716088245.5797493,3951157248,6227,6227
1716088246.5809627,4072210432,2649,2649
1716088247.6039696,2691207168,871,871
1716088248.6048474,2691207168,1906,1906
1716088249.6060486,2691207168,992,992
1716088250.6071877,2691207168,152,152
1716088251.6083717,2691207168,152,152
1716088252.608826,2691207168,0,0
1716088253.6100113,2691207168,451,451
1716088254.6111977,2691207168,155,155
1716088255.6123807,2691207168,0,0
1716088256.6135752,2691207168,0,0
1716088257.6147645,2691207168,0,0
1716088258.6159484,2691207168,304,304
1716088259.6171458,2691207168,192,192
1716088260.6183312,2691207168,0,0
1716088261.6195116,2691207168,0,0
1716088262.620768,2691207168,0,0
1716088263.621973,2691207168,548,548
1716088264.6229703,2691207168,52,52
1716088265.6241195,2691207168,0,0
1716088266.6248627,2691207168,0,0
1716088267.626099,2691207168,0,0
1716088268.6273153,2691207168,548,548
1716088269.6285343,2691207168,52,52
1716088270.6288195,2691207168,0,0
1716088271.6299965,2691207168,0,0
1716088272.631181,2691207168,0,0
1716088273.6323476,2691207168,548,548
1716088274.6328318,2691207168,52,52
1716088275.6340659,2691207168,0,0
1716088276.6352568,2691207168,0,0
1716088277.6364503,2691207168,0,0
1716088278.6368139,2691207168,33615190,33615190
1716088279.637992,2691207168,52,52
1716088280.6391814,2691207168,0,0
1716088281.6403651,2691207168,0,0
1716088282.6415648,2691207168,806214233,806214233
1716088283.6427498,2691207168,669,669
1716088284.6439345,2691207168,52,52
1716088285.6451242,2691207168,0,0
1716088286.6463108,2691207168,0,0
1716088287.6475072,2691207168,376858251,376858251
1716088288.6487179,2691207168,548,548
1716088289.6498778,2691207168,52,52
1716088290.6510353,2691207168,30551469,30551469
1716088291.6522105,2691207168,1705579391,1705579391
1716088292.6528025,2691207168,811485515,811485515
1716088293.653957,2691207168,548,548
1716088294.6551156,2691207168,3167,3167
1716088295.656329,2691207168,4928,4928
1716088296.6568289,2691207168,6937,6937
1716088297.6580024,2691207168,4185,4185
1716088298.6592023,2691207168,3398,3398
1716088299.6604004,2691207168,2628,2628
1716088300.6608374,2691207168,4913,4913
1716088301.6620233,2691207168,4823,4823
1716088302.6632087,2691207168,7020,7020
1716088303.664405,2691207168,5412,5412
1716088304.664958,2691207168,7211,7211
1716088305.6661515,2691207168,4305,4305
1716088306.6673496,2691207168,3569,3569
1716088307.668549,2691207168,4822,4822
1716088308.6688325,2691207168,5524,5524
1716088309.6698215,2691207168,6667,6667
1716088310.6710198,2691207168,7325,7325
1716088311.6722207,2691207168,7238,7238
1716088312.6728313,2691207168,1184,1184
1716088313.6740327,2691207168,7355,7355
1716088314.6752262,2691207168,4580,4580
1716088315.6764324,2691207168,7281,7281
1716088316.6768517,2691207168,7781,7781
1716088317.6780484,2691207168,7175,7175
1716088318.679237,2691207168,4813,4813
1716088319.6804276,2691207168,4517,4517
1716088320.680838,2691207168,4606,4606
1716088321.6820292,2691207168,4741,4741
1716088322.6832201,2691207168,5431,5431
1716088323.6844196,2691207168,4560,4560
1716088324.6851194,2691207168,5884,5884
1716088325.6863065,2691207168,2969,2969
1716088326.6874819,2691207168,6111,6111
1716088327.688122,2691207168,7250,7250
1716088328.688819,2691207168,5697,5697
1716088329.6899886,2691207168,7267,7267
1716088330.6907587,2691207168,7114,7114
1716088331.6919336,2691207168,4324,4324
1716088332.6928346,2691207168,4184,4184
1716088333.6940253,2691207168,6376,6376
1716088334.695225,2691207168,4982,4982
1716088335.6964178,2691207168,7768,7768
1716088336.6968386,2691207168,6858,6858
1716088337.6980116,2691207168,8943,8943
1716088338.699864,2691207168,4345,4345
1716088339.7008333,2691207168,9059,9059
1716088340.702166,2691207168,1557,1557
1716088341.7029834,2691207168,0,0
1716088342.7041698,2691207168,1350,1350
1716088343.7049444,2691207168,1160,1160
1716088344.7062252,2691207168,742,742
1716088345.7074735,2691207168,649,649
1716088346.7079723,2691207168,1036,1036
1716088347.708858,2691207168,1612,1612
1716088348.7101624,2691207168,1477,1477
1716088349.7110023,2691207168,781,781
1716088350.7122457,2691207168,1486,1486
1716088351.7128983,2691207168,738,738
1716088352.7142656,2691207168,980,980
1716088353.715803,2691207168,1305,1305
1716088354.7170074,2691207168,733,733
1716088355.718707,2691207168,356,356
1716088356.7199724,2691207168,2542,2542
1716088357.721771,2691207168,18336,18336
1716088358.7235317,2691207168,7689,7689
1716088359.7248697,2691207168,1646,1646
1716088360.726129,2691207168,1532,1532
1716088361.7274342,2691207168,0,0
1716088362.7287154,2691207168,1087,1087
1716088363.730276,2691207168,1324,1324
1716088364.735185,2691207168,1496,1496
1716088365.7363756,2691207168,1233,1233
1716088366.7368293,2691207168,1050,1050
1716088367.7380188,2691207168,787,787
1716088368.739205,2691207168,3079,3079
1716088369.7404008,2691207168,4937,4937
1716088370.7409625,2691207168,2361,2361
1716088371.7421288,2691207168,2741,2741
1716088372.7432878,2691207168,2429,2429
1716088373.744457,2691207168,4326,4326
1716088374.7448096,2691207168,5798,5798
1716088375.746008,2691207168,5942,5942
1716088376.7471719,2691207168,4649,4649
1716088377.7483296,2691207168,6106,6106
1716088378.7488103,2691207168,4472,4472
1716088379.749976,2691207168,5326,5326
1716088380.7511382,2691207168,6780,6780
1716088381.7516608,2691207168,6971,6971
1716088382.7528071,2691207168,4014,4014
1716088383.7539766,2691207168,7063,7063
1716088384.7551537,2691207168,4558,4558
1716088385.7563326,2691207168,4229,4229
1716088386.7568247,2691207168,4949,4949
1716088387.7580066,2691207168,7002,7002
1716088388.7591832,2691207168,4667,4667
1716088389.7603848,2691207168,4690,4690
1716088390.760847,2691207168,4686,4686
1716088391.7620728,2691207168,6361,6361
1716088392.7624896,2691207168,6981,6981
1716088393.7636924,2691207168,5056,5056
1716088394.764894,2691207168,4263,4263
1716088395.7661407,2691207168,1785,1785
1716088396.767399,2691207168,5476,5476
1716088397.7686865,2691207168,993,993
1716088398.7699387,2691207168,6689,6689
1716088399.771212,2691207168,3292,3292
1716088400.7724583,2691207168,2737,2737
1716088401.7728956,2691207168,4981,4981
1716088402.774139,2691207168,4800,4800
1716088403.7753825,2691207168,6902,6902
1716088404.7766788,2691207168,4538,4538
1716088405.7778828,2691207168,5569,5569
1716088406.7787635,2691207168,5606,5606
1716088407.7799864,2691207168,4308,4308
1716088408.7808652,2691207168,3435,3435
1716088409.7820745,2691207168,4329,4329
1716088410.7832892,2691207168,4570,4570
1716088411.7844884,2691207168,2802,2802
1716088412.7848446,2691207168,5550,5550
1716088413.786064,2691207168,4968,4968
1716088414.787262,2691207168,2767,2767
1716088415.7884483,2691207168,2011,2011
1716088416.7888248,2691207168,0,0
1716088417.7900267,2691207168,158,158
1716088418.7912335,2691207168,659,659
1716088419.7924364,2691207168,0,0
1716088420.7928276,2691207168,0,0
1716088421.793246,2691207168,0,0
1716088422.7940984,2691207168,0,0
1716088423.795327,2691207168,1506,1506
1716088424.7955675,2691207168,0,0
1716088425.7967777,2691207168,303,303
1716088426.7980044,2691207168,0,0
1716088427.7992399,2691207168,762,762
1716088428.8004427,2691207168,557,557
1716088429.800858,2691207168,1871763290,1871763290
1716088430.8020768,2691207168,0,0
1716088431.8032959,2691207168,709,709
1716088432.8044767,2691207168,11964850,11964850
1716088433.8048077,2691207168,707735114,707735114
1716088434.805851,2691207168,2766170768,2766170768
1716088435.807079,2691207168,787977,787977
1716088436.808274,2691207168,156,156
1716088437.8094683,2691207168,0,0
1716088438.8106432,2691207168,258544533,258544533
1716088439.8118513,2691207168,380,380
1716088440.8128273,2691207168,0,0
1716088441.8140185,2691207168,0,0
1716088442.8152063,2691207168,6490,6490
1716088443.8163848,2691207168,4808,4808
1716088444.8168163,2691207168,5500,5500
1716088445.817996,2691207168,2821,2821
1716088446.8191628,2691207168,2567,2567
1716088447.8203368,2691207168,7466,7466
1716088448.8208337,2691207168,2833,2833
1716088449.822018,2691207168,3162,3162
1716088450.8231812,2691207168,5893,5893
1716088451.824358,2691207168,3403,3403
1716088452.8248239,2691207168,6382,6382
1716088453.8260117,2691207168,4820,4820
1716088454.8271887,2691207168,4188,4188
1716088455.8283606,2691207168,1716,1716
1716088456.8288188,2691207168,5376,5376
1716088457.8299978,2691207168,3702,3702
1716088458.8311887,2691207168,5429,5429
1716088459.8323615,2691207168,4377,4377
1716088460.832816,2691207168,4416,4416
1716088461.8339925,2691207168,2953,2953
1716088462.8351712,2691207168,4861,4861
1716088463.8363466,2691207168,5240,5240
1716088464.836822,2691207168,1516,1516
1716088465.837999,2691207168,4004,4004
1716088466.8391716,2691207168,6038,6038
1716088467.8403437,2691207168,5629,5629
1716088468.8408082,2691207168,4424,4424
1716088469.8419864,2691207168,7547,7547
1716088470.8431609,2691207168,5558,5558
1716088471.8443146,2691207168,4237,4237
1716088472.8448071,2691207168,2504,2504
1716088473.8459895,2691207168,6627,6627
1716088474.8471556,2691207168,4329,4329
1716088475.848321,2691207168,4675,4675
1716088476.84882,2691207168,4387,4387
1716088477.8499775,2691207168,4110,4110
1716088478.8511543,2691207168,2844,2844
1716088479.8523104,2691207168,3344,3344
1716088480.8527944,2691207168,4167,4167
1716088481.8539553,2691207168,1851,1851
1716088482.854849,2691207168,1310,1310
1716088483.8560314,2691207168,2841,2841
1716088484.8568163,2691207168,4584,4584
1716088485.858019,2691207168,5201,5201
1716088486.859189,2691207168,3772,3772
1716088487.8602161,2691207168,2011,2011
1716088488.8608067,2691207168,6705,6705
1716088489.8619947,2691207168,3853,3853
1716088490.863155,2691207168,8737,8737
1716088491.8643131,2691207168,4424,4424
1716088492.8648126,2691207168,6710,6710
1716088493.8659933,2691207168,6501,6501
1716088494.867163,2691207168,6060,6060
1716088495.8683267,2691207168,3718,3718
1716088496.8688126,2691207168,5881,5881
1716088497.8699956,2691207168,4425,4425
1716088498.8711724,2691207168,4390,4390
1716088499.8723357,2691207168,5994,5994
1716088500.8727896,2691207168,4252,4252
1716088501.8739522,2691207168,6829,6829
1716088502.8751242,2691207168,1705,1705
1716088503.8763022,2691207168,92978,92978
1716088504.8774714,2691207168,3481,3481
1716088505.8786488,2691207168,4544,4544
1716088506.8792164,2691207168,4632,4632
1716088507.8803823,2691207168,4005,4005
1716088508.88128,2691207168,3341,3341
1716088509.8824651,2691207168,4208,4208
1716088510.8836393,2691207168,3264,3264
1716088511.8848326,2691207168,2109,2109
1716088512.8860471,2691207168,2248,2248
1716088513.887227,2691207168,621,621
1716088514.8884106,2691207168,0,0
1716088515.8888204,2691207168,1547,1547
1716088516.8900013,2691207168,827,827
1716088517.8911767,2691207168,547,547
1716088518.8923879,2691207168,2641,2641
1716088519.8931906,2691207168,3513,3513
1716088520.8943622,2691207168,4567,4567
1716088521.895523,2691207168,5772,5772
1716088522.8967068,2691207168,4104,4104
1716088523.8979256,2691207168,4713,4713
1716088524.899106,2691207168,1076,1076
1716088525.9002643,2691207168,7942,7942
1716088526.9007893,2691207168,4156,4156
1716088527.9019558,2691207168,4361,4361
1716088528.9023383,2691207168,4072,4072
1716088529.90351,2691207168,4554,4554
1716088530.9047134,2691207168,2029,2029
1716088531.9059136,2691207168,2476,2476
1716088532.9070976,2691207168,3821,3821
1716088533.908271,2691207168,5427,5427
1716088534.9088058,2691207168,5449,5449
1716088535.9099739,2691207168,3207,3207
1716088536.9111488,2691207168,2599,2599
1716088537.912322,2691207168,11062,11062
1716088538.9128284,2691207168,8611,8611
1716088539.9140067,2691207168,3899,3899
1716088540.9151845,2691207168,2367,2367
1716088541.916354,2691207168,7228,7228
1716088542.9168146,2691207168,4321,4321
1716088543.9179814,2691207168,8743,8743
1716088544.9191487,2691207168,4338,4338
1716088545.9203174,2691207168,4245,4245
1716088546.9208126,2691207168,2590,2590
1716088547.9219923,2691207168,357,357
1716088548.9232006,2691207168,6375,6375
1716088549.9243824,2691207168,7629,7629
1716088550.9248028,2691207168,4220,4220
1716088551.9259822,2691207168,5775,5775
1716088552.927141,2691207168,4275,4275
1716088553.9283133,2691207168,3538,3538
1716088554.9287982,2691207168,4355,4355
1716088555.9299562,2691207168,5761,5761
1716088556.9311278,2691207168,4264,4264
1716088557.9322832,2691207168,5741,5741
1716088558.9327993,2691207168,6201,6201
1716088559.9339564,2691207168,5499,5499
1716088560.9351003,2691207168,3027,3027
1716088561.9370613,2691207168,3597,3597
1716088562.938247,2691207168,604,604
1716088563.9397666,2691207168,567,567
1716088564.9417892,2691207168,4796,4796
1716088565.943035,2691207168,1803,1803
1716088566.9451494,2691207168,3515,3515
1716088567.9463425,2691207168,1110,1110
1716088568.9478297,2691207168,566,566
1716088569.9495595,2691207168,0,0
1716088570.9508083,2691207168,0,0
1716088571.9526072,2691207168,0,0
1716088572.9544148,2691207168,0,0
1716088573.95561,2691207168,1685,1685
1716088574.956796,2691207168,0,0
1716088575.9579701,2691207168,100,100
1716088576.9583566,2691207168,204,204
1716088577.9595447,2691207168,0,0
1716088578.9607325,2691207168,606,606
1716088579.9618948,2691207168,0,0
1716088580.9630694,2691207168,0,0
1716088581.964239,2691207168,0,0
1716088582.964799,2691207168,0,0
1716088583.9659722,2691207168,2891,2891
1716088584.9671628,2691207168,7535,7535
1716088585.9678767,2691207168,0,0
1716088586.9688122,2691207168,502,502
1716088587.9699948,2691207168,155,155
1716088588.971151,2691207168,353,353
1716088589.971949,2691207168,0,0
1716088590.9731324,2691207168,0,0
1716088591.9743037,2691207168,0,0
1716088592.9754653,2691207168,300,300
1716088593.976627,2691207168,745,745
1716088594.976804,2691207168,0,0
1716088595.9779658,2691207168,476,476
1716088596.979131,2691207168,0,0
1716088597.9803011,2691207168,480,480
1716088598.9808013,2691207168,505,505
1716088599.9819732,2691207168,477,477
1716088600.98315,2691207168,0,0
1716088601.9843183,2691207168,425,425
1716088602.9848108,2691207168,404,404
1716088603.9859927,2691207168,51423666,51423666
1716088604.9871547,2691207168,121,121
1716088605.9883378,2691207168,0,0
1716088606.988798,2691207168,0,0
1716088607.9900029,2691207168,165711004,165711004
1716088608.9911835,2691207168,416922193,416922193
1716088609.9923687,2691207168,0,0
1716088610.9928205,2691207168,0,0
1716088611.9940069,2691207168,34633238,34633238
1716088612.995177,2691207168,465,465
1716088613.9963653,2691207168,204,204
1716088614.9968035,2691207168,0,0
1716088615.9980252,2691207168,0,0
1716088616.9992287,2691207168,1267900178,1267900178
1716088618.0004637,2691207168,1827474502,1827474502
1716088619.000832,2691207168,152,152
1716088620.0020487,2691207168,0,0
1716088621.0032544,2691207168,3958,3958
1716088622.004475,2691207168,7131,7131
1716088623.0048738,2691207168,7809,7809
1716088624.0060976,2691207168,8097,8097
1716088625.00735,2691207168,4839,4839
1716088626.008585,2691207168,4991,4991
1716088627.0089037,2691207168,7792,7792
1716088628.010143,2691207168,7333,7333
1716088629.011405,2691207168,6015,6015
1716088630.0126822,2691207168,7113,7113
1716088631.0139534,2691207168,6981,6981
1716088632.0152035,2691207168,6793,6793
1716088633.0164409,2691207168,8870,8870
1716088634.0177143,2691207168,6167,6167
1716088635.0189722,2691207168,7184,7184
1716088636.0202096,2691207168,7562,7562
1716088637.0208938,2691207168,6525,6525
1716088638.022137,2691207168,4311,4311
1716088639.0233798,2691207168,5020,5020
1716088640.0246298,2691207168,4924,4924
1716088641.024897,2691207168,6813,6813
1716088642.0261538,2691207168,9250,9250
1716088643.0274103,2691207168,6248,6248
1716088644.0287244,2691207168,1240,1240
1716088645.0299776,2691207168,481,481
1716088646.0306988,2691207168,3017,3017
1716088647.0312133,2691207168,4922,4922
1716088648.032445,2691207168,5814,5814
1716088649.0336888,2691207168,7512,7512
1716088650.034931,2691207168,4396,4396
1716088651.0362396,2691207168,6929,6929
1716088652.0368152,2691207168,4506,4506
1716088653.0380228,2691207168,2563,2563
1716088654.0392253,2691207168,6996,6996
1716088655.0404189,2691207168,4687,4687
1716088656.0408356,2691207168,7378,7378
1716088657.0420246,2691207168,7104,7104
1716088658.043368,2691207168,8021,8021
1716088659.0445924,2691207168,4591,4591
1716088660.0448391,2691207168,7397,7397
1716088661.0454957,2691207168,8024,8024
1716088662.0466962,2691207168,7669,7669
1716088663.0479374,2691207168,6493,6493
1716088664.0493197,2691207168,4854,4854
1716088665.050601,2691207168,1379,1379
1716088666.0517945,2691207168,731,731
