Timestamp,MemoryUsage,NetSent,NetRecv
1716086465.4945927,515141632,172,172
1716086466.4960177,519073792,22499,22499
1716086467.4973762,519073792,0,0
1716086468.4986987,519073792,711,711
1716086469.4999971,519073792,0,0
1716086470.5013645,519073792,0,0
1716086471.5026793,519073792,0,0
1716086472.5041215,519073792,0,0
1716086473.5054567,519073792,600,600
1716086474.5067716,519073792,0,0
1716086475.5083807,519073792,0,0
1716086476.5097437,519073792,0,0
1716086477.5111284,519073792,0,0
1716086478.5124118,519073792,600,600
1716086479.5130775,519073792,0,0
1716086480.5144436,519073792,479,479
1716086481.5159001,519073792,0,0
1716086482.5169232,519073792,432,432
1716086483.518214,519073792,606,606
1716086484.5196874,519073792,475,475
1716086485.5210538,519073792,0,0
1716086486.5227325,519073792,427,427
1716086487.5240283,519073792,3258,3258
1716086488.525307,519073792,3573,3573
1716086489.5265784,519073792,1388,1388
1716086490.5278964,519073792,0,0
1716086491.528896,519073792,310,310
1716086492.5301886,519073792,0,0
1716086493.5311315,519073792,610,610
1716086494.5323596,519073792,0,0
1716086495.5335875,519073792,0,0
1716086496.534821,519073792,0,0
1716086497.5360708,519073792,0,0
1716086498.536866,519073792,600,600
1716086499.538101,519073792,0,0
1716086500.539325,519073792,0,0
1716086501.5405521,519073792,0,0
1716086502.5408669,519073792,0,0
1716086503.5420885,519073792,600,600
1716086504.543318,519073792,0,0
1716086505.544536,519073792,0,0
1716086506.5448978,519073792,0,0
1716086507.5461538,519073792,0,0
1716086508.5473723,519073792,600,600
1716086509.5484946,519073792,0,0
1716086510.5498168,519073792,0,0
1716086511.5511281,519073792,0,0
1716086512.552382,519073792,0,0
1716086513.5528657,519073792,1171,1171
1716086514.554148,519073792,3098,3098
1716086515.5553753,519073792,2608,2608
1716086516.5566013,519073792,2804,2804
1716086517.5578895,519073792,2318,2318
1716086518.5591147,519073792,2851,2851
1716086519.5603817,519073792,1513,1513
1716086520.5608816,519073792,3189,3189
1716086521.5621312,519073792,5580,5580
1716086522.5633712,519073792,653,653
1716086523.564615,519073792,3203,3203
1716086524.565874,519073792,3510,3510
1716086525.5671117,519073792,2621,2621
1716086526.5683415,519073792,2833,2833
1716086527.5695808,519073792,2619,2619
1716086528.5708206,519073792,4271,4271
1716086529.5720696,519073792,2791,2791
1716086530.5733252,519073792,4888,4888
1716086531.5745673,519073792,2292,2292
1716086532.5758426,519073792,0,0
1716086533.576869,519073792,929,929
1716086534.5781188,519073792,0,0
1716086535.579383,519073792,0,0
1716086536.580663,519073792,1888,1888
1716086537.5819025,519073792,0,0
1716086538.5831625,519073792,923,923
1716086539.5844078,519073792,0,0
1716086540.585665,519073792,0,0
1716086541.5869076,519073792,0,0
1716086542.5881531,519073792,0,0
1716086543.5894096,519073792,600,600
1716086544.590663,519073792,0,0
1716086545.59191,519073792,0,0
1716086546.5931768,519073792,0,0
1716086547.5943093,519073792,0,0
1716086548.59555,519073792,600,600
1716086549.596799,519073792,0,0
1716086550.5980487,519073792,480,480
1716086551.5992928,519073792,0,0
1716086552.6005232,519073792,423,423
1716086553.6008627,519073792,608,608
1716086554.6020916,519073792,477,477
1716086555.6027935,519073792,0,0
1716086556.6040425,519073792,423,423
1716086557.6052856,519073792,0,0
1716086558.6065447,519073792,978,978
1716086559.6077805,519073792,0,0
1716086560.609025,519073792,157,157
1716086561.6102674,519073792,0,0
1716086562.6115186,519073792,0,0
1716086563.612805,519073792,306,306
1716086564.6140542,519073792,4200700,4200700
1716086565.6153061,519073792,0,0
1716086566.6165543,519073792,0,0
1716086567.616888,519073792,0,0
1716086568.6181357,519073792,600,600
1716086569.619376,519073792,333617809,333617809
1716086570.6206262,519073792,102033632,102033632
1716086571.6218894,519073792,375,375
1716086572.623141,519073792,0,0
1716086573.624381,519073792,600,600
1716086574.6256301,519073792,0,0
1716086575.6269026,519073792,0,0
1716086576.6281738,519073792,2668524404,2668524404
1716086577.6294334,519073792,320015735,320015735
1716086578.6307,519073792,600,600
1716086579.6319547,519073792,0,0
1716086580.6332116,519073792,0,0
1716086581.634499,519073792,786538290,786538290
1716086582.6357634,519073792,1419323054,1419323054
1716086583.6370153,519073792,6326,6326
1716086584.6382678,519073792,8126,8126
1716086585.6395395,519073792,8348,8348
1716086586.640823,519073792,2092,2092
1716086587.6420665,519073792,10675,10675
1716086588.6433878,519073792,6296,6296
1716086589.644715,519073792,6545,6545
1716086590.6460145,519073792,8180,8180
1716086591.647306,519073792,6909,6909
1716086592.648604,519073792,4976,4976
1716086593.6489244,519073792,3250,3250
1716086594.6502047,519073792,8868,8868
1716086595.6515055,519073792,6017,6017
1716086596.65283,519073792,4693,4693
1716086597.65413,519073792,5109,5109
1716086598.6554174,519073792,7690,7690
1716086599.6567562,519073792,6547,6547
1716086600.6580515,519073792,4898,4898
1716086601.6593447,519073792,4715,4715
1716086602.6606688,519073792,6449,6449
1716086603.6619487,519073792,7762,7762
1716086604.663218,519073792,7009,7009
1716086605.6644971,519073792,7015,7015
1716086606.6657758,519073792,1275,1275
1716086607.6670456,519073792,9272,9272
1716086608.6683252,519073792,5035,5035
1716086609.6696074,519073792,7091,7091
1716086610.670895,519073792,4603,4603
1716086611.6721666,519073792,6941,6941
1716086612.6734412,519073792,3747,3747
1716086613.6747892,519073792,6709,6709
1716086614.6760612,519073792,6017,6017
1716086615.6773531,519073792,7418,7418
1716086616.6786501,519073792,4260,4260
1716086617.6799653,519073792,7304,7304
1716086618.6809363,519073792,8081,8081
1716086619.6822274,519073792,5432,5432
1716086620.6835039,519073792,6143,6143
1716086621.684825,519073792,7323,7323
1716086622.6861396,519073792,4986,4986
1716086623.6874564,519073792,4962,4962
1716086624.6887875,519073792,6618,6618
1716086625.6900833,519073792,3769,3769
1716086626.691432,519073792,6760,6760
1716086627.6928408,519073792,3399,3399
1716086628.694157,519073792,8273,8273
1716086629.6954641,519073792,5518,5518
1716086630.696796,519073792,5827,5827
1716086631.6980798,519073792,7674,7674
1716086632.699394,519073792,2800,2800
1716086633.700779,519073792,3246,3246
1716086634.7020702,519073792,751,751
1716086635.7034333,519073792,752,752
1716086636.704725,519073792,6386,6386
1716086637.706107,519073792,2822,2822
1716086638.7074742,519073792,1823,1823
1716086639.7087562,519073792,1550,1550
1716086640.710113,519073792,283,283
1716086641.7114363,519073792,99,99
1716086642.7127507,519073792,377,377
1716086643.713995,519073792,2543,2543
1716086644.7154489,519073792,0,0
1716086645.7168097,519073792,302,302
1716086646.7180727,519073792,1533,1533
1716086647.7194803,519073792,799,799
1716086648.7208235,519073792,610,610
1716086649.7220867,519073792,337,337
1716086650.7233996,519073792,780,780
1716086651.7247467,519073792,151,151
1716086652.7261026,519073792,1126,1126
1716086653.7274473,519073792,2161,2161
1716086654.728773,519073792,166,166
1716086655.7300587,519073792,559,559
1716086656.7313719,519073792,736,736
1716086657.7328045,519073792,0,0
1716086658.7341056,519073792,1751,1751
1716086659.735392,519073792,740,740
1716086660.7367358,519073792,720,720
1716086661.7380373,519073792,780,780
1716086662.7393196,519073792,741,741
1716086663.7406123,519073792,1284,1284
1716086664.7409284,519073792,170,170
1716086665.7422185,519073792,563,563
1716086666.743532,519073792,1514,1514
1716086667.7448545,519073792,0,0
1716086668.74618,519073792,3805,3805
1716086669.7474904,519073792,4604,4604
1716086670.7487843,519073792,854,854
1716086671.750078,519073792,566,566
1716086672.7510238,519073792,1472,1472
1716086673.7523696,519073792,1994,1994
1716086674.7529685,519073792,1474,1474
1716086675.754253,519073792,4594,4594
1716086676.7555068,519073792,5557,5557
1716086677.7562096,519073792,3332,3332
1716086678.7568805,519073792,3221,3221
1716086679.7581086,519073792,3596,3596
1716086680.7605686,519073792,5320,5320
1716086681.7608538,519073792,6140,6140
1716086682.7620842,519073792,9588,9588
1716086683.763305,519073792,8020,8020
1716086684.7645507,519073792,7438,7438
1716086685.7648673,519073792,3093,3093
1716086686.766093,519073792,5498,5498
1716086687.7673228,519073792,4703,4703
1716086688.768539,519073792,5103,5103
1716086689.7688391,519073792,7184,7184
1716086690.7700713,519073792,4728,4728
1716086691.771301,519073792,2643,2643
1716086692.772539,519073792,8047,8047
1716086693.7728705,519073792,6997,6997
1716086694.7741182,519073792,8119,8119
1716086695.775343,519073792,4999,4999
1716086696.7765718,519073792,6910,6910
1716086697.7768667,519073792,2512,2512
1716086698.7780848,519073792,4995,4995
1716086699.7793128,519073792,6887,6887
1716086700.780553,519073792,94152,94152
1716086701.7808614,519073792,3585,3585
1716086702.7820854,519073792,5044,5044
1716086703.7833176,519073792,7341,7341
1716086704.7845645,519073792,4286,4286
1716086705.7848895,519073792,1916,1916
1716086706.7861238,519073792,5449,5449
1716086707.7873702,519073792,4376,4376
1716086708.7886102,519073792,5062,5062
1716086709.789839,519073792,5382,5382
1716086710.7910619,519073792,5849,5849
1716086711.7922819,519073792,2537,2537
1716086712.7935386,519073792,2979,2979
1716086713.7947803,519073792,5257,5257
1716086714.796016,519073792,6108,6108
1716086715.7968895,519073792,2888,2888
1716086716.797221,519073792,4397,4397
1716086717.7985618,519073792,1829,1829
1716086718.7999206,519073792,3629,3629
1716086719.8009965,519073792,0,0
1716086720.8023741,519073792,823,823
1716086721.8036888,519073792,0,0
1716086722.8050032,519073792,161,161
1716086723.8062515,519073792,555,555
1716086724.807508,519073792,0,0
1716086725.8087962,519073792,0,0
1716086726.8100507,519073792,0,0
1716086727.8113096,519073792,0,0
1716086728.812559,519073792,706889822,706889822
1716086729.8138194,519073792,1164369286,1164369286
1716086730.8150856,519073792,302,302
1716086731.8163378,519073792,757,757
1716086732.816893,519073792,0,0
1716086733.8181343,519073792,1365,1365
1716086734.8185472,519073792,1098520875,1098520875
1716086735.8198001,519073792,773451321,773451321
1716086736.8208678,519073792,98628,98628
1716086737.8220754,519073792,156,156
1716086738.823326,519073792,100762156,100762156
1716086739.8245058,519073792,452584459,452584459
1716086740.8248763,519073792,1318932443,1318932443
1716086741.826098,519073792,0,0
1716086742.827322,519073792,0,0
1716086743.8285534,519073792,600,600
1716086744.828816,519073792,0,0
1716086745.83,519073792,434,434
1716086746.8311863,519073792,4163,4163
1716086747.8323717,519073792,4738,4738
1716086748.8328226,519073792,4822,4822
1716086749.8340034,519073792,4013,4013
1716086750.8351831,519073792,3976,3976
1716086751.8363643,519073792,2089,2089
1716086752.8368218,519073792,7732,7732
1716086753.8380177,519073792,6129,6129
1716086754.8392043,519073792,4152,4152
1716086755.8403935,519073792,5343,5343
1716086756.8408215,519073792,3349,3349
1716086757.8420103,519073792,2385,2385
1716086758.8432233,519073792,5216,5216
1716086759.8444161,519073792,4154,4154
1716086760.8448417,519073792,2732,2732
1716086761.846043,519073792,4170,4170
1716086762.8472545,519073792,4100,4100
1716086763.8484418,519073792,3502,3502
1716086764.8488376,519073792,4159,4159
1716086765.850034,519073792,4294,4294
1716086766.8512194,519073792,3221,3221
1716086767.8524075,519073792,3645,3645
1716086768.8528209,519073792,4719,4719
1716086769.854008,519073792,2496,2496
1716086770.8551905,519073792,5458,5458
1716086771.8563745,519073792,6116,6116
1716086772.8568292,519073792,3514,3514
1716086773.8580365,519073792,4551,4551
1716086774.8592234,519073792,4056,4056
1716086775.8604121,519073792,2068,2068
1716086776.861602,519073792,5506,5506
1716086777.8627937,519073792,4310,4310
1716086778.864023,519073792,6071,6071
1716086779.864826,519073792,3126,3126
1716086780.86605,519073792,3574,3574
1716086781.8675356,519073792,2590,2590
1716086782.8687396,519073792,4994,4994
1716086783.869942,519073792,4400,4400
1716086784.8711295,519073792,2907,2907
1716086785.8723257,519073792,672,672
1716086786.8728426,519073792,4589,4589
1716086787.8740501,519073792,3596,3596
1716086788.8752375,519073792,3673,3673
1716086789.8764873,519073792,3897,3897
1716086790.8768315,519073792,3174,3174
1716086791.8780224,519073792,2561,2561
1716086792.879218,519073792,2545,2545
1716086793.8804188,519073792,5835,5835
1716086794.88085,519073792,4363,4363
1716086795.8820662,519073792,5230,5230
1716086796.883257,519073792,4618,4618
1716086797.8844626,519073792,5645,5645
1716086798.8848386,519073792,6187,6187
1716086799.8860414,519073792,3651,3651
1716086800.8872259,519073792,1791,1791
1716086801.8884227,519073792,4867,4867
1716086802.888871,519073792,4496,4496
1716086803.8900707,519073792,4765,4765
1716086804.891266,519073792,5168,5168
1716086805.8922572,519073792,4046,4046
1716086806.8928366,519073792,3951,3951
1716086807.894049,519073792,3001,3001
1716086808.8952346,519073792,4520,4520
1716086809.8964164,519073792,3754,3754
1716086810.897613,519073792,2793,2793
1716086811.8987925,519073792,5421,5421
1716086812.900044,519073792,5500,5500
1716086813.9012866,519073792,1910,1910
1716086814.902517,519073792,5444,5444
1716086815.903786,519073792,2607,2607
1716086816.9050386,519073792,4284,4284
1716086817.9062839,519073792,3771,3771
1716086818.9074674,519073792,4560,4560
1716086819.9086795,519073792,1799,1799
1716086820.9098651,519073792,2370,2370
1716086821.9111056,519073792,5791,5791
1716086822.9123034,519073792,4127,4127
1716086823.9128218,519073792,4746,4746
1716086824.9140036,519073792,3203,3203
1716086825.91519,519073792,3581,3581
1716086826.9163733,519073792,3927,3927
1716086827.917574,519073792,2908,2908
1716086828.9181914,519073792,4258,4258
1716086829.9194226,519073792,1858,1858
1716086830.9196713,519073792,4549,4549
1716086831.920865,519073792,14815,14815
1716086832.9220586,519073792,11523,11523
1716086833.923254,519073792,9800,9800
1716086834.9244573,519073792,4769,4769
1716086835.9256716,519073792,3537,3537
1716086836.9268534,519073792,4710,4710
1716086837.928083,519073792,4252,4252
1716086838.9292881,519073792,3599,3599
1716086839.9304688,519073792,4220,4220
1716086840.931659,519073792,4198,4198
1716086841.9328523,519073792,3790,3790
1716086842.9340425,519073792,4294,4294
1716086843.935247,519073792,4279,4279
1716086844.9364495,519073792,2717,2717
1716086845.937639,519073792,3247,3247
1716086846.9388602,519073792,3062,3062
1716086847.9400811,519073792,4455,4455
1716086848.941295,519073792,3446,3446
1716086849.9424946,519073792,5144,5144
1716086850.9437253,519073792,2653,2653
1716086851.9448402,519073792,4798,4798
1716086852.9460413,519073792,4248,4248
1716086853.9472299,519073792,3989,3989
1716086854.948484,519073792,4670,4670
1716086855.9502327,519073792,1660,1660
1716086856.9515502,519073792,158,158
1716086857.9531677,519073792,313,313
1716086858.9544349,519073792,458,458
1716086859.955735,519073792,0,0
1716086860.9580727,519073792,0,0
1716086861.9593751,519073792,0,0
1716086862.96044,519073792,300,300
1716086863.9617004,519073792,300,300
1716086864.9629793,519073792,0,0
1716086865.9648433,519073792,0,0
1716086866.9660933,519073792,0,0
1716086867.9673629,519073792,300,300
1716086868.9675837,519073792,1495,1495
1716086869.9687967,519073792,0,0
1716086870.9699934,519073792,303,303
1716086871.9711878,519073792,0,0
1716086872.972371,519073792,302,302
1716086873.9734733,519073792,301,301
1716086874.9746678,519073792,0,0
1716086875.9758408,519073792,0,0
1716086876.9768121,519073792,0,0
1716086877.9779916,519073792,300,300
1716086878.9791684,519073792,300,300
1716086879.9803672,519073792,0,0
1716086880.9815736,519073792,0,0
1716086881.9827917,519073792,0,0
1716086882.9839692,519073792,448,448
1716086883.9851496,519073792,152,152
1716086884.9863715,519073792,0,0
1716086885.9876053,519073792,2470,2470
1716086886.9888716,519073792,0,0
1716086887.9900806,519073792,448,448
1716086888.9912782,519073792,152,152
1716086889.9924896,519073792,0,0
1716086890.9928236,519073792,0,0
1716086891.9940033,519073792,0,0
1716086892.9951243,519073792,448,448
1716086893.9963167,519073792,152,152
1716086894.997506,519073792,0,0
1716086895.9986959,519073792,0,0
1716086896.9999309,519073792,0,0
1716086898.0011482,519073792,392639544,392639544
1716086899.0023506,519073792,344,344
1716086900.0035396,519073792,0,0
1716086901.0047424,519073792,0,0
1716086902.0049374,519073792,0,0
1716086903.006156,519073792,392500663,392500663
1716086904.007374,519073792,152,152
1716086905.0085876,519073792,0,0
1716086906.0098183,519073792,17841156,17841156
1716086907.0110557,519073792,921791548,921791548
1716086908.0122848,519073792,448,448
1716086909.0128696,519073792,152,152
1716086910.0140603,519073792,0,0
1716086911.0152612,519073792,4469,4469
1716086912.016603,519073792,2038716211,2038716211
1716086913.016965,519073792,3018,3018
1716086914.0183141,519073792,6463,6463
1716086915.0195487,519073792,4542,4542
1716086916.0207906,519073792,6844,6844
1716086917.0212147,519073792,7747,7747
1716086918.022495,519073792,6267,6267
1716086919.023754,519073792,2408,2408
1716086920.024913,519073792,5445,5445
1716086921.0261223,519073792,6934,6934
1716086922.0273058,519073792,6909,6909
1716086923.0285177,519073792,8415,8415
1716086924.028852,519073792,7055,7055
1716086925.0292945,519073792,4082,4082
1716086926.0305574,519073792,4950,4950
1716086927.0318239,519073792,5254,5254
1716086928.0329103,519073792,7329,7329
1716086929.0341766,519073792,7716,7716
1716086930.0354447,519073792,5012,5012
1716086931.0367355,519073792,3941,3941
1716086932.038006,519073792,7060,7060
1716086933.0393002,519073792,7363,7363
1716086934.0405257,519073792,7415,7415
1716086935.040859,519073792,7225,7225
1716086936.0420985,519073792,7232,7232
1716086937.0433242,519073792,4416,4416
1716086938.0445511,519073792,2507,2507
1716086939.0448506,519073792,7946,7946
1716086940.0461054,519073792,6972,6972
1716086941.047333,519073792,8113,8113
1716086942.048563,519073792,6790,6790
1716086943.0488522,519073792,3265,3265
1716086944.0500908,519073792,2427,2427
1716086945.050574,519073792,4079,4079
1716086946.051805,519073792,7894,7894
1716086947.052864,519073792,4487,4487
1716086948.0541043,519073792,7530,7530
1716086949.0553572,519073792,8250,8250
1716086950.0565915,519073792,6553,6553
1716086951.0568686,519073792,4271,4271
1716086952.0581136,519073792,5993,5993
1716086953.0595057,519073792,5287,5287
1716086954.0608332,519073792,6060,6060
1716086955.062038,519073792,6752,6752
1716086956.0632453,519073792,5891,5891
1716086957.0644727,519073792,3259,3259
1716086958.0650222,519073792,5906,5906
1716086959.0664341,519073792,829,829
1716086960.067638,519073792,3042,3042
1716086961.0688255,519073792,0,0
1716086962.0700135,519073792,303,303
1716086963.0712154,519073792,959,959
1716086964.0724165,519073792,155,155
1716086965.0728288,519073792,0,0
1716086966.074046,519073792,0,0
1716086967.07525,519073792,0,0
1716086968.0764465,519073792,448,448
1716086969.0768268,519073792,152,152
1716086970.0780282,519073792,0,0
1716086971.0789473,519073792,0,0
1716086972.080145,519073792,0,0
1716086973.0808432,519073792,448,448
1716086974.0820482,519073792,152,152
1716086975.0832493,519073792,0,0
1716086976.084439,519073792,0,0
1716086977.08563,519073792,0,0
1716086978.0868206,519073792,448,448
1716086979.0880556,519073792,152,152
1716086980.0892587,519073792,0,0
1716086981.0904598,519073792,0,0
1716086982.091664,519073792,0,0
1716086983.092832,519073792,344,344
1716086984.094051,519073792,152,152
1716086985.0954027,519073792,0,0
1716086986.0967884,519073792,0,0
1716086987.0981524,519073792,0,0
1716086988.0994911,519073792,448,448
1716086989.100718,519073792,152,152
1716086990.1019084,519073792,0,0
1716086991.1031055,519073792,0,0
1716086992.104301,519073792,0,0
1716086993.1048265,519073792,448,448
1716086994.106083,519073792,290840946,290840946
1716086995.1073208,519073792,52,52
1716086996.1085694,519073792,0,0
1716086997.1088643,519073792,0,0
1716086998.1100628,519073792,448,448
1716086999.1104715,519073792,152,152
1716087000.1116662,519073792,0,0
1716087001.1128385,519073792,91120,91120
1716087002.114101,519073792,306357608,306357608
1716087003.1153452,519073792,2705652719,2705652719
1716087004.1166027,519073792,460802368,460802368
1716087005.1178296,519073792,0,0
1716087006.119065,519073792,1510,1510
1716087007.1202722,519073792,7625,7625
1716087008.1208587,519073792,5094,5094
1716087009.1220877,519073792,2768,2768
1716087010.1233494,519073792,7680,7680
1716087011.1246216,519073792,4589,4589
1716087012.124911,519073792,7323,7323
1716087013.126175,519073792,5031,5031
1716087014.1269853,519073792,7647,7647
1716087015.12821,519073792,4568,4568
1716087016.1294334,519073792,4810,4810
1716087017.130663,519073792,5112,5112
1716087018.1318746,519073792,6814,6814
1716087019.1330929,519073792,4900,4900
1716087020.1343243,519073792,4860,4860
1716087021.135543,519073792,2297,2297
1716087022.1367948,519073792,3873,3873
1716087023.1380494,519073792,4743,4743
1716087024.1392825,519073792,7855,7855
1716087025.1405213,519073792,6262,6262
1716087026.1408544,519073792,8179,8179
1716087027.1420748,519073792,4353,4353
1716087028.1433067,519073792,3324,3324
1716087029.1445694,519073792,7017,7017
1716087030.1455767,519073792,4683,4683
1716087031.1468048,519073792,4507,4507
1716087032.148024,519073792,6674,6674
1716087033.149251,519073792,7165,7165
1716087034.1504915,519073792,4988,4988
1716087035.151634,519073792,7034,7034
1716087036.152866,519073792,5080,5080
1716087037.1540794,519073792,4549,4549
1716087038.155308,519073792,6044,6044
1716087039.1565335,519073792,5548,5548
1716087040.156855,519073792,4448,4448
1716087041.1580818,519073792,2265,2265
1716087042.1593044,519073792,4314,4314
1716087043.1605353,519073792,4812,4812
1716087044.1608632,519073792,2691,2691
1716087045.1620936,519073792,4542,4542
1716087046.1633265,519073792,6179,6179
1716087047.1645565,519073792,5209,5209
1716087048.1657777,519073792,5212,5212
1716087049.1670687,519073792,5713,5713
1716087050.1683116,519073792,4177,4177
1716087051.1690762,519073792,13056,13056
1716087052.1703732,519073792,8121,8121
1716087053.1717038,519073792,5045,5045
1716087054.1729558,519073792,1241,1241
1716087055.1774263,519073792,973,973
1716087056.1788194,519073792,3818,3818
1716087057.1800802,519073792,12581,12581
1716087058.180944,519073792,19153,19153
1716087059.1822534,519073792,3645,3645
1716087060.1834996,519073792,2920,2920
1716087061.184826,519073792,4191,4191
1716087062.18618,519073792,2472,2472
1716087063.1874301,519073792,110063,110063
1716087064.1887765,519073792,76577,76577
1716087065.1901903,519073792,7550,7550
1716087066.1914685,519073792,2666,2666
1716087067.1927893,519073792,5934,5934
1716087068.194061,519073792,8338,8338
1716087069.1953464,519073792,4094,4094
1716087070.196762,519073792,3497,3497
1716087071.198055,519073792,3628,3628
1716087072.1993585,519073792,4257,4257
1716087073.2007596,519073792,7292,7292
1716087074.201991,519073792,1625,1625
1716087075.2033758,519073792,2597,2597
1716087076.204634,519073792,6516,6516
1716087077.2049544,519073792,1355,1355
1716087078.206251,519073792,1997,1997
1716087079.2075481,519073792,1579,1579
1716087080.2089205,519073792,500,500
1716087081.2102444,519073792,281,281
1716087082.2114866,519073792,1506,1506
1716087083.2128747,519073792,325,325
1716087084.2141607,519073792,680,680
1716087085.215485,519073792,5377,5377
1716087086.216837,519073792,1150,1150
1716087087.2181797,519073792,0,0
1716087088.2194207,519073792,2310,2310
1716087089.2209735,519073792,490,490
1716087090.2222373,519073792,930,930
1716087091.2235622,519073792,486,486
1716087092.224982,519073792,100,100
1716087093.2262487,519073792,1698,1698
1716087094.2277749,519073792,1226,1226
1716087095.2289956,519073792,778,778
1716087096.2302506,519073792,785,785
1716087097.2315125,519073792,2670,2670
1716087098.2354217,519073792,3263,3263
1716087099.2367313,519073792,811,811
1716087100.2382407,519073792,1484,1484
1716087101.239647,519073792,2289,2289
1716087102.2412486,519073792,3312,3312
1716087103.2417028,519073792,6644,6644
1716087104.2429745,519073792,7555,7555
1716087105.244208,519073792,2475,2475
1716087106.2448578,519073792,2736,2736
1716087107.2461138,519073792,16101,16101
1716087108.2473428,519073792,7407,7407
1716087109.2486043,519073792,10227,10227
1716087110.249847,519073792,5825,5825
1716087111.2510958,519073792,5697,5697
1716087112.2523553,519073792,4400,4400
1716087113.2528758,519073792,4529,4529
1716087114.2541106,519073792,5442,5442
1716087115.2553227,519073792,5073,5073
1716087116.2565393,519073792,4705,4705
1716087117.2568796,519073792,7053,7053
1716087118.2581046,519073792,6359,6359
1716087119.2593236,519073792,5072,5072
1716087120.2605462,519073792,6807,6807
1716087121.2608774,519073792,6817,6817
1716087122.262117,519073792,6845,6845
1716087123.263335,519073792,7851,7851
1716087124.2645752,519073792,4966,4966
1716087125.2658188,519073792,4527,4527
1716087126.267075,519073792,3917,3917
1716087127.2682967,519073792,3716,3716
1716087128.2688723,519073792,3202,3202
1716087129.2700975,519073792,2937,2937
1716087130.2713273,519073792,4293,4293
1716087131.272551,519073792,2677,2677
1716087132.2737718,519073792,3830,3830
1716087133.2750063,519073792,6241,6241
1716087134.276242,519073792,4726,4726
1716087135.2774827,519073792,4763,4763
1716087136.27872,519073792,2884,2884
1716087137.2799208,519073792,3719,3719
1716087138.2808666,519073792,3274,3274
1716087139.282094,519073792,7051,7051
1716087140.2833207,519073792,3099,3099
1716087141.2845597,519073792,2455,2455
1716087142.2848706,519073792,5168,5168
1716087143.286142,519073792,3586,3586
1716087144.2873895,519073792,1637,1637
1716087145.2887077,519073792,1649,1649
1716087146.2899537,519073792,0,0
1716087147.2912147,519073792,311,311
1716087148.2924595,519073792,456,456
1716087149.292888,519073792,155,155
1716087150.294132,519073792,0,0
1716087151.2953508,519073792,219,219
1716087152.296587,519073792,695,695
1716087153.2968774,519073792,643,643
1716087154.298124,519073792,155,155
1716087155.2993674,519073792,0,0
1716087156.3005862,519073792,0,0
1716087157.3008738,519073792,1776655278,1776655278
1716087158.302128,519073792,95119802,95119802
1716087159.3033748,519073792,496,496
1716087160.3046336,519073792,0,0
1716087161.3059182,519073792,707,707
1716087162.3071415,519073792,364434846,364434846
1716087163.3083546,519073792,2523755502,2523755502
1716087164.3088775,519073792,621112747,621112747
1716087165.3101046,519073792,52,52
1716087166.3113432,519073792,104,104
1716087167.3125596,519073792,0,0
1716087168.3128183,519073792,552,552
1716087169.3140118,519073792,368,368
1716087170.3152046,519073792,238173114,238173114
1716087171.316388,519073792,0,0
1716087172.3168244,519073792,0,0
1716087173.3180218,519073792,448,448
1716087174.3192055,519073792,152,152
1716087175.3203878,519073792,0,0
1716087176.3208232,519073792,3270,3270
1716087177.322013,519073792,2408,2408
1716087178.323206,519073792,5316,5316
1716087179.324401,519073792,6357,6357
1716087180.3248358,519073792,1530,1530
1716087181.3260372,519073792,402,402
1716087182.3272972,519073792,1667,1667
1716087183.3284822,519073792,5367,5367
1716087184.3288293,519073792,4429,4429
1716087185.3300297,519073792,5765,5765
1716087186.3310292,519073792,2562,2562
1716087187.3322182,519073792,2499,2499
1716087188.3328338,519073792,2658,2658
1716087189.3340523,519073792,861,861
1716087190.335253,519073792,2317,2317
1716087191.3364599,519073792,4542,4542
1716087192.3368266,519073792,4386,4386
1716087193.3378735,519073792,2573,2573
1716087194.3390675,519073792,4252,4252
1716087195.3402572,519073792,4157,4157
1716087196.340854,519073792,3482,3482
1716087197.342047,519073792,4139,4139
1716087198.3432348,519073792,4691,4691
1716087199.3444185,519073792,4934,4934
1716087200.344832,519073792,4702,4702
1716087201.3453448,519073792,4154,4154
1716087202.3465347,519073792,4640,4640
1716087203.3477242,519073792,1853,1853
1716087204.3488517,519073792,8006,8006
1716087205.350055,519073792,3977,3977
1716087206.3512654,519073792,5172,5172
1716087207.3524683,519073792,4660,4660
1716087208.3528311,519073792,2085,2085
1716087209.354032,519073792,3841,3841
1716087210.3552299,519073792,353,353
1716087211.356423,519073792,2667,2667
1716087212.3568316,519073792,4098,4098
1716087213.3580325,519073792,4558,4558
1716087214.359213,519073792,2861,2861
1716087215.3604045,519073792,2781,2781
1716087216.3616154,519073792,2563,2563
1716087217.3628035,519073792,1752,1752
1716087218.3640094,519073792,4277,4277
1716087219.3651793,519073792,2368,2368
1716087220.3664036,519073792,3773,3773
1716087221.3675942,519073792,4237,4237
1716087222.3688035,519073792,6407,6407
1716087223.3699985,519073792,6933,6933
1716087224.3711958,519073792,5007,5007
1716087225.3723896,519073792,1563,1563
1716087226.3728364,519073792,5924,5924
1716087227.3740568,519073792,4552,4552
1716087228.3745823,519073792,6266,6266
1716087229.3757792,519073792,6738,6738
1716087230.3768167,519073792,1708,1708
1716087231.3780096,519073792,2068,2068
1716087232.3792026,519073792,1166,1166
1716087233.3804011,519073792,7266,7266
1716087234.3816009,519073792,3704,3704
1716087235.3828025,519073792,4107,4107
1716087236.3840024,519073792,2218,2218
1716087237.3852026,519073792,1131,1131
1716087238.3864164,519073792,2449,2449
1716087239.3876095,519073792,3388,3388
1716087240.388815,519073792,4698,4698
1716087241.3900204,519073792,4061,4061
1716087242.3912218,519073792,2545,2545
1716087243.3924046,519073792,4283,4283
1716087244.3928404,519073792,3536,3536
1716087245.3940463,519073792,947,947
1716087246.3952496,519073792,5543,5543
1716087247.396445,519073792,3558,3558
1716087248.396839,519073792,4619,4619
1716087249.3980393,519073792,3180,3180
1716087250.3992596,519073792,3540,3540
1716087251.400453,519073792,2033,2033
1716087252.4008455,519073792,3178,3178
1716087253.4020412,519073792,5140,5140
1716087254.4032245,519073792,4285,4285
1716087255.4044173,519073792,3964,3964
1716087256.4048314,519073792,3951,3951
1716087257.406039,519073792,4152,4152
1716087258.4072363,519073792,4232,4232
1716087259.4084253,519073792,4634,4634
1716087260.4088345,519073792,3278,3278
1716087261.4100354,519073792,4158,4158
1716087262.4112253,519073792,4881,4881
1716087263.4124188,519073792,3995,3995
1716087264.4128363,519073792,1361,1361
1716087265.4140325,519073792,5185,5185
1716087266.415239,519073792,4031,4031
1716087267.4163866,519073792,3973,3973
1716087268.4168358,519073792,4497,4497
1716087269.4180236,519073792,3136,3136
1716087270.4192214,519073792,1146,1146
1716087271.4204078,519073792,4938,4938
1716087272.4208364,519073792,4565,4565
1716087273.4220626,519073792,8394,8394
1716087274.423282,519073792,18353,18353
1716087275.4245052,519073792,5892,5892
1716087276.425715,519073792,2129,2129
1716087277.4269545,519073792,3460,3460
1716087278.4281616,519073792,6674,6674
1716087279.4288561,519073792,1542,1542
1716087280.43008,519073792,5131,5131
1716087281.4313085,519073792,6669,6669
1716087282.432509,519073792,10122,10122
1716087283.4328258,519073792,5199,5199
1716087284.4340189,519073792,5518,5518
1716087285.4356217,519073792,6337,6337
1716087286.4369028,519073792,4267,4267
1716087287.4383452,519073792,1570,1570
1716087288.4396107,519073792,461,461
1716087289.4411113,519073792,157,157
1716087290.4424124,519073792,0,0
1716087291.4443712,519073792,0,0
1716087292.4453876,519073792,0,0
1716087293.4466696,519073792,344,344
1716087294.4479096,519073792,152,152
1716087295.4489255,519073792,0,0
1716087296.45042,519073792,0,0
1716087297.4517071,519073792,0,0
1716087298.452687,519073792,448,448
1716087299.454505,519073792,152,152
1716087300.455707,519073792,1178,1178
1716087301.4568484,519073792,91050,91050
1716087302.4580393,519073792,152,152
1716087303.459226,519073792,457,457
1716087304.460418,519073792,155,155
1716087305.4616117,519073792,0,0
1716087306.4628088,519073792,0,0
1716087307.4639974,519073792,0,0
1716087308.4648132,519073792,448,448
1716087309.4660308,519073792,152,152
1716087310.4672155,519073792,0,0
1716087311.4683976,519073792,0,0
1716087312.4688177,519073792,0,0
1716087313.4700117,519073792,448,448
1716087314.4711995,519073792,152,152
1716087315.4723845,519073792,0,0
1716087316.4728281,519073792,0,0
1716087317.4730632,519073792,1520,1520
1716087318.47425,519073792,152,152
1716087319.4754527,519073792,344,344
1716087320.4766636,519073792,0,0
1716087321.4778492,519073792,0,0
1716087322.479037,519073792,0,0
1716087323.4802291,519073792,448,448
1716087324.480828,519073792,152,152
1716087325.4820359,519073792,0,0
1716087326.4832642,519073792,0,0
1716087327.484485,519073792,0,0
1716087328.4848466,519073792,448,448
1716087329.486094,519073792,152,152
1716087330.4873116,519073792,0,0
1716087331.4885397,519073792,0,0
1716087332.488873,519073792,0,0
1716087333.4900794,519073792,448,448
1716087334.491271,519073792,152,152
1716087335.49248,519073792,0,0
1716087336.493681,519073792,0,0
1716087337.4949102,519073792,0,0
1716087338.4961839,519073792,185237369,185237369
1716087339.4974127,519073792,602139949,602139949
1716087340.4986422,519073792,0,0
1716087341.4998665,519073792,0,0
1716087342.5008821,519073792,34642962,34642962
1716087343.5021272,519073792,2058926558,2058926558
1716087344.5033674,519073792,883000715,883000715
1716087345.5046017,519073792,0,0
1716087346.5058217,519073792,0,0
1716087347.5070486,519073792,4881,4881
1716087348.5082867,519073792,6211,6211
1716087349.5088675,519073792,6088,6088
1716087350.510087,519073792,5140,5140
1716087351.5113602,519073792,7010,7010
1716087352.5126934,519073792,7663,7663
1716087353.5139568,519073792,7147,7147
1716087354.514405,519073792,7650,7650
1716087355.515618,519073792,4244,4244
1716087356.5168374,519073792,2856,2856
1716087357.5180569,519073792,4738,4738
1716087358.51927,519073792,4559,4559
1716087359.5204763,519073792,3519,3519
1716087360.5208788,519073792,6351,6351
1716087361.5221007,519073792,4670,4670
1716087362.5233176,519073792,3028,3028
1716087363.5245225,519073792,8267,8267
1716087364.5248446,519073792,4901,4901
1716087365.526114,519073792,4996,4996
1716087366.5270505,519073792,6598,6598
1716087367.5275097,519073792,7327,7327
1716087368.528743,519073792,3230,3230
1716087369.5299711,519073792,9193,9193
1716087370.5311952,519073792,6146,6146
1716087371.5324109,519073792,6119,6119
1716087372.5328481,519073792,8173,8173
1716087373.5340686,519073792,7672,7672
1716087374.535288,519073792,4770,4770
1716087375.5362773,519073792,4484,4484
1716087376.5368972,519073792,6747,6747
1716087377.5375688,519073792,4360,4360
1716087378.5387766,519073792,4705,4705
1716087379.5400052,519073792,8191,8191
1716087380.5408494,519073792,4277,4277
1716087381.5420585,519073792,6161,6161
1716087382.5433319,519073792,7582,7582
1716087383.5446208,519073792,7399,7399
1716087384.544908,519073792,7146,7146
1716087385.5461776,519073792,3923,3923
1716087386.5474696,519073792,4677,4677
1716087387.5487823,519073792,5588,5588
1716087388.5500512,519073792,6545,6545
1716087389.5514894,519073792,6857,6857
1716087390.5527637,519073792,1152,1152
1716087391.554065,519073792,4179,4179
1716087392.5553725,519073792,2539,2539
1716087393.5567021,519073792,2222,2222
1716087394.5580552,519073792,1435,1435
1716087395.5592594,519073792,2757,2757
1716087396.560448,519073792,2589,2589
1716087397.560818,519073792,0,0
1716087398.561991,519073792,619,619
1716087399.5631855,519073792,155,155
1716087400.5643609,519073792,0,0
1716087401.5648243,519073792,3179,3179
1716087402.5660236,519073792,1554,1554
1716087403.5672314,519073792,408,408
1716087404.568416,519073792,156,156
1716087405.568831,519073792,0,0
1716087406.570009,519073792,277,277
1716087407.571195,519073792,298,298
1716087408.5723777,519073792,4277,4277
1716087409.5728164,519073792,52,52
1716087410.5739994,519073792,159,159
1716087411.5751777,519073792,1263,1263
1716087412.5763698,519073792,1141,1141
1716087413.577488,519073792,561,561
1716087414.5786908,519073792,0,0
1716087415.5798807,519073792,0,0
1716087416.5811005,519073792,0,0
1716087417.582319,519073792,0,0
1716087418.5835268,519073792,548,548
1716087419.5847778,519073792,0,0
1716087420.585985,519073792,0,0
1716087421.587187,519073792,0,0
1716087422.5883737,519073792,0,0
1716087423.5888193,519073792,496,496
1716087424.589956,519073792,0,0
1716087425.591175,519073792,51431002,51431002
1716087426.5923638,519073792,225,225
1716087427.5928392,519073792,0,0
1716087428.594023,519073792,600,600
1716087429.5952053,519073792,0,0
1716087430.5964117,519073792,34644981,34644981
1716087431.5968418,519073792,0,0
1716087432.5980473,519073792,0,0
1716087433.599249,519073792,600,600
1716087434.6004603,519073792,533214468,533214468
1716087435.6008472,519073792,0,0
1716087436.6020665,519073792,0,0
1716087437.6032836,519073792,0,0
1716087438.6044943,523005952,4201342,4201342
1716087439.6048913,1211133952,2025317138,2025317138
1716087443.1867244,3880509440,1114864782,1114864782
1716087444.1964462,3987972096,6177,6177
1716087445.1975384,3987972096,4629,4629
1716087446.2221735,3987972096,4704,4704
1716087447.2291417,3987972096,7557,7557
1716087448.2345762,3988463616,7726,7726
1716087449.2364452,3988955136,7345,7345
1716087450.2519414,3988955136,2441,2441
1716087451.2767286,3989446656,2813,2813
1716087452.2849486,3989938176,7130,7130
1716087453.3109639,3990429696,8080,8080
1716087454.3217134,3990921216,7144,7144
1716087455.3298998,3993870336,4771,4771
1716087456.3410215,3996327936,4452,4452
1716087457.3652868,3997310976,3269,3269
1716087458.392086,3997310976,6205,6205
1716087459.4032488,3998294016,7300,7300
1716087460.404502,3998785536,4845,4845
1716087461.4127092,3999277056,7312,7312
1716087462.4144003,3999768576,7067,7067
1716087463.43423,3996848128,2206,2206
1716087464.4474432,3998593024,4111,4111
1716087465.4582393,3998593024,5037,5037
1716087466.4657514,4000694272,6088,6088
1716087467.468308,4011507712,8114,8114
1716087468.486239,4011999232,7766,7766
1716087469.503516,4022812672,4751,4751
1716087470.5193114,4034359296,7507,7507
1716087471.5320568,4039274496,4657,4657
1716087472.5339758,4039766016,4701,4701
1716087473.5607548,4040257536,7315,7315
1716087474.574134,4041240576,6943,6943
1716087475.5861506,4041240576,4251,4251
1716087476.610954,4042715136,7631,7631
1716087477.6359055,4043206656,6779,6779
1716087478.6512454,4043698176,7627,7627
1716087479.6781642,4084002816,8377,8377
1716087480.6874654,4085477376,7418,7418
1716087481.69551,4111527936,4745,4745
1716087482.7047126,4112019456,4408,4408
1716087483.7207203,4113002496,5275,5275
1716087484.7260895,4113002496,5157,5157
1716087485.7279713,4113002496,7234,7234
1716087486.728968,4115951616,3296,3296
1716087487.7303042,4115951616,1011,1011
1716087488.7315621,4135706624,1742,1742
1716087489.7328231,4128006144,734,734
1716087490.734216,4454838272,0,0
1716087491.7355216,4174540800,745,745
1716087492.7367964,4174540800,1768,1768
1716087493.7380633,4226277376,1117,1117
1716087494.7393787,4187099136,280,280
1716087495.7408764,4147367936,1506,1506
1716087496.7421243,4468301824,738,738
1716087497.7433848,4191805440,0,0
1716087498.744733,4191805440,1731,1731
1716087499.7460165,4191649792,1010,1010
1716087500.7473588,4141072384,0,0
1716087501.7486653,4147924992,199,199
1716087502.749939,4147924992,1902,1902
1716087503.7512853,4317560832,558,558
1716087504.752606,4193751040,0,0
1716087505.752866,4193751040,1476,1476
1716087506.7541862,4599017472,783,783
1716087507.7556086,4141826048,0,0
1716087508.757043,4148510720,1325,1325
1716087509.7584465,4148510720,1414,1414
1716087510.7597497,4290220032,0,0
1716087511.7609909,4179607552,786,786
1716087512.7621994,4191404032,1424,1424
1716087513.7635248,4416528384,11981,11981
1716087514.7652974,4167372800,5932,5932
1716087515.7665215,4150571008,8442,8442
1716087516.767967,4302991360,0,0
1716087517.7689662,4212953088,793,793
1716087518.7701983,4192665600,4094,4094
1716087519.7714398,4453072896,0,0
1716087520.7727256,4147355648,0,0
1716087521.7741485,4269068288,4701,4701
1716087522.7754307,4230057984,791,791
1716087523.7766874,4193595392,1296,1296
1716087524.7779105,4193595392,1494,1494
1716087525.7791424,4237357056,0,0
1716087526.780416,4166856704,1465,1465
1716087527.7809174,4451737600,0,0
1716087528.782339,4180967424,559,559
1716087529.783597,4193255424,1815,1815
1716087530.7849216,4290338816,950,950
1716087531.7862062,4149190656,816,816
1716087532.787442,4149190656,1063,1063
1716087533.7887437,4181270528,560,560
1716087534.790013,4192169984,1437,1437
1716087535.7912564,4265046016,831,831
1716087536.792609,4148891648,0,0
1716087537.7928684,4148547584,1284,1284
1716087538.7941313,4405452800,3175,3175
1716087539.822519,4179525632,5491,5491
1716087540.8305922,4180017152,524,524
1716087541.8600786,4180017152,1461,1461
1716087542.8626568,4180017152,3897,3897
1716087543.8865583,4208033792,6164,6164
1716087544.8936028,4239491072,5449,5449
1716087545.9218078,4273897472,7304,7304
1716087546.9302928,4305846272,4601,4601
1716087547.9586298,4340252672,2923,2923
1716087548.962391,4371709952,6824,6824
1716087549.9893444,4406607872,3583,3583
1716087550.992427,4438065152,5499,5499
1716087552.0120952,4478861312,5089,5089
1716087553.021198,4510318592,5022,5022
1716087554.049677,4551114752,3513,3513
1716087555.056744,4582572032,6456,6456
1716087556.0818572,4623368192,4835,4835
1716087557.093431,4661706752,6514,6514
1716087558.1080456,4699553792,6998,6998
1716087559.109024,4737400832,7010,7010
1716087560.121371,4785078272,4664,4664
1716087561.1434462,4813094912,5685,5685
1716087562.1686168,4876500992,3080,3080
1716087563.170844,4907958272,4570,4570
1716087564.1788769,4945313792,4612,4612
1716087565.1950169,4995940352,3494,3494
1716087566.2030127,5049180160,1421,1421
1716087567.237328,5137907712,5736,5736
1716087568.2646198,5150195712,4184,4184
1716087569.2658253,5235486720,5880,5880
1716087570.2784328,5254164480,5914,5914
1716087571.2883928,5316927488,5356,5356
1716087572.3228607,5361164288,3554,3554
1716087573.3378642,5411557376,8260,8260
1716087574.3464754,5484191744,6844,6844
1716087575.3500524,5514665984,4277,4277
1716087576.4323776,5648011264,4436,4436
1716087577.4641147,5653909504,5889,5889
1716087578.4930682,5738450944,3850,3850
1716087579.5069191,5807632384,6046,6046
1716087580.5325308,5867597824,4799,4799
1716087599.0972295,9012662272,1871767408,1871767408
1716087600.0984077,10882404352,34315,34315
1716087601.0996487,10882404352,91033,91033
1716087602.100842,10882404352,210,210
1716087603.1020367,10882404352,631689766,631689766
1716087604.1032763,10882404352,2077137572,2077137572
1716087605.104455,7759941632,926579516,926579516
1716087606.1056457,7759941632,208,208
1716087607.106823,7759941632,2299,2299
1716087608.1073663,7759941632,1086,1086
1716087609.1085694,7759941632,110058090,110058090
1716087610.1088161,7759941632,1035,1035
1716087611.1099904,7759941632,561,561
1716087612.1111653,7759941632,1599,1599
1716087613.1123483,7759941632,683,683
1716087614.1135283,7759941632,157,157
1716087615.1147113,7759941632,489,489
1716087616.1158853,7759941632,6168,6168
1716087617.1168108,7759941632,4372,4372
1716087618.1180196,7759941632,2045,2045
1716087619.1192021,7759941632,5051,5051
1716087620.1203794,7759941632,4187,4187
1716087621.1208227,7759941632,3502,3502
1716087622.1214936,7759941632,5720,5720
1716087623.1226742,7759941632,4112,4112
1716087624.1229784,7759941632,3164,3164
1716087625.124163,7759941632,4224,4224
1716087626.1248257,7759941632,4839,4839
1716087627.1260571,7759941632,3056,3056
1716087628.1272473,7759941632,4987,4987
1716087629.1284218,7759941632,5561,5561
1716087630.1288233,7759941632,3969,3969
1716087631.1300302,7759941632,5531,5531
1716087632.1312203,7759941632,4465,4465
1716087633.132412,7759941632,3456,3456
1716087634.132814,7759941632,4052,4052
1716087635.1339977,7759941632,4208,4208
1716087636.13518,7759941632,4242,4242
1716087637.136352,7759941632,4565,4565
1716087638.1368334,7759941632,4531,4531
1716087639.1380007,7759941632,3530,3530
1716087640.1391842,7759941632,6388,6388
1716087641.1403723,7759941632,4128,4128
1716087642.1415694,7759941632,4225,4225
1716087643.1427445,7759941632,3646,3646
1716087644.1439288,7759941632,4267,4267
1716087645.1451323,7759941632,1380,1380
1716087646.1463175,7759941632,4298,4298
1716087647.1474981,7759941632,5862,5862
1716087648.1487017,7759941632,4046,4046
1716087649.1498883,7759941632,5301,5301
1716087650.1510797,7759941632,3149,3149
1716087651.1522985,7759941632,1743,1743
1716087652.1528182,7759941632,4373,4373
1716087653.1539996,7759941632,3778,3778
1716087654.1551886,7759941632,3259,3259
1716087655.1563737,7759941632,1129,1129
1716087656.1576347,7759941632,4336,4336
1716087657.158816,7759941632,3557,3557
1716087658.160002,7759941632,3489,3489
1716087659.160811,7759941632,4156,4156
1716087660.1619954,7759941632,6418,6418
1716087661.163185,7759941632,4268,4268
1716087662.1643915,7759941632,5592,5592
1716087663.164827,7759941632,3782,3782
1716087664.1660447,7759941632,4219,4219
1716087665.167225,7759941632,3431,3431
1716087666.168412,7759941632,4045,4045
1716087667.1693888,7759941632,4061,4061
1716087668.1705797,7759941632,3711,3711
1716087669.1717691,7759941632,5346,5346
1716087670.1729622,7759941632,4832,4832
1716087671.1741526,7759941632,4215,4215
1716087672.1753457,7759941632,6671,6671
1716087673.1765344,7759941632,4729,4729
1716087674.176827,7759941632,4684,4684
1716087675.1780102,7759941632,2206,2206
1716087676.1792054,7759941632,4392,4392
1716087677.180393,7759941632,3814,3814
1716087678.1815841,7759941632,3135,3135
1716087679.1828172,7759941632,3683,3683
1716087680.184005,7759941632,3140,3140
1716087681.184815,7759941632,2532,2532
1716087682.186017,7759941632,4726,4726
1716087683.1872077,7759941632,5725,5725
1716087684.1878226,7759941632,4316,4316
1716087685.1888072,7759941632,4218,4218
1716087686.1899803,7759941632,4137,4137
1716087687.1912043,7759941632,3162,3162
1716087688.192371,7759941632,1811,1811
1716087689.192847,7759941632,3748,3748
1716087690.1940577,7759941632,3524,3524
1716087691.195245,7759941632,4161,4161
1716087692.1964355,7759941632,3262,3262
1716087693.1968374,7759941632,3938,3938
1716087694.1980627,7759941632,3892,3892
1716087695.1992579,7759941632,4031,4031
1716087696.2004602,7759941632,3109,3109
1716087697.2016408,7759941632,3562,3562
1716087698.2028062,7759941632,4563,4563
1716087699.2039692,7759941632,4315,4315
1716087700.2048013,7759941632,4659,4659
1716087701.2059739,7759941632,5732,5732
1716087702.2071495,7759941632,4359,4359
1716087703.2083142,7759941632,3066,3066
1716087704.209508,7759941632,5167,5167
1716087705.2106771,7759941632,3300,3300
1716087706.2118454,7759941632,4257,4257
1716087707.212803,7759941632,3071,3071
1716087708.2139757,7759941632,4516,4516
1716087709.2151465,7759941632,3525,3525
1716087710.2163248,7759941632,3549,3549
1716087711.217505,7759941632,2141,2141
1716087712.218316,7759941632,398,398
1716087713.219508,7759941632,4355,4355
1716087714.2207167,7759941632,5372,5372
1716087715.2219095,7759941632,1213,1213
1716087716.223105,7759941632,2551,2551
1716087717.2242892,7759941632,3392,3392
1716087718.2255073,7759941632,3257,3257
1716087719.226709,7759941632,3865,3865
1716087720.2278929,7759941632,5637,5637
1716087721.2288513,7759941632,6120,6120
1716087722.2300467,7759941632,4855,4855
1716087723.2307763,7759941632,5748,5748
1716087724.2319636,7759941632,3993,3993
1716087725.2336817,7759941632,1196,1196
1716087726.234914,7759941632,152,152
1716087727.2361906,7759941632,158,158
1716087728.2370672,7759941632,456,456
1716087729.2390218,7759941632,155,155
1716087730.2402477,7759941632,0,0
1716087731.240924,7759941632,0,0
1716087732.2423475,7759941632,0,0
1716087733.2439222,7759941632,448,448
1716087734.2453887,7759941632,152,152
1716087735.246645,7759941632,0,0
1716087736.2478852,7759941632,0,0
1716087737.2490444,7759941632,0,0
1716087738.2502239,7759941632,1494,1494
1716087739.2513988,7759941632,155,155
1716087740.2525928,7759941632,950,950
1716087741.2528203,7759941632,0,0
1716087742.2540004,7759941632,0,0
1716087743.2551854,7759941632,448,448
1716087744.2563648,7759941632,152,152
1716087745.256809,7759941632,0,0
1716087746.257053,7759941632,0,0
1716087747.25825,7759941632,0,0
1716087748.2594776,7759941632,448,448
1716087749.2606885,7759941632,152,152
1716087750.261889,7759941632,0,0
1716087751.2630696,7759941632,0,0
1716087752.264247,7759941632,0,0
1716087753.2648115,7759941632,344,344
1716087754.266008,7759941632,152,152
1716087755.2671978,7759941632,0,0
1716087756.2683728,7759941632,0,0
1716087757.2688117,7759941632,0,0
1716087758.269993,7759941632,448,448
1716087759.2711635,7759941632,152,152
1716087760.2723398,7759941632,0,0
1716087761.272808,7759941632,0,0
1716087762.274029,7759941632,0,0
1716087763.27524,7759941632,448,448
1716087764.2764513,7759941632,152,152
1716087765.2768342,7759941632,0,0
1716087766.2780116,7759941632,0,0
1716087767.2791793,7759941632,4200274,4200274
1716087768.280358,7759941632,448,448
1716087769.2808092,7759941632,152,152
1716087770.281988,7759941632,0,0
1716087771.2823083,7759941632,5248313,5248313
1716087772.2835157,7759941632,0,0
1716087773.284772,7759941632,152,152
1716087774.2860153,7759941632,344,344
1716087775.2872524,7759941632,355775790,355775790
1716087776.2884996,7759941632,1943119456,1943119456
1716087777.2897403,7759941632,268,268
1716087778.2909806,7759941632,448,448
1716087779.2922192,7759941632,813,813
1716087780.2928886,7759941632,679798488,679798488
1716087781.2941902,7759941632,775657584,775657584
1716087782.295471,7759941632,4149,4149
1716087783.2967691,7759941632,4685,4685
1716087784.297978,7759941632,7606,7606
1716087785.2991896,7759941632,4697,4697
1716087786.3000576,7759941632,6045,6045
1716087787.3008504,7759941632,5920,5920
1716087788.3020582,7759941632,4767,4767
1716087789.3032653,7759941632,4841,4841
1716087790.3042095,7759941632,7874,7874
1716087791.304857,7759941632,5181,5181
1716087792.306072,7759941632,4068,4068
1716087793.3072815,7759941632,5758,5758
1716087794.3085082,7759941632,9601,9601
1716087795.3088565,7759941632,5688,5688
1716087796.3100958,7759941632,7387,7387
1716087797.3108377,7759941632,5712,5712
1716087798.312049,7759941632,3713,3713
1716087799.3128545,7759941632,5789,5789
1716087800.3140666,7759941632,6185,6185
1716087801.3152745,7759941632,7205,7205
1716087802.3164842,7759941632,5056,5056
1716087803.3168516,7759941632,5872,5872
1716087804.3180788,7759941632,5225,5225
1716087805.3192909,7759941632,5905,5905
1716087806.3205032,7759941632,6710,6710
1716087807.3208382,7759941632,4770,4770
1716087808.3220408,7759941632,7410,7410
1716087809.3232358,7759941632,3805,3805
1716087810.3244367,7759941632,5969,5969
1716087811.3248572,7759941632,5074,5074
1716087812.3260837,7759941632,4203,4203
1716087813.3272958,7759941632,5620,5620
1716087814.328505,7759941632,7252,7252
1716087815.3288627,7759941632,2985,2985
1716087816.3300767,7759941632,5399,5399
1716087817.3312888,7759941632,4816,4816
1716087818.3324978,7759941632,7612,7612
1716087819.3328688,7759941632,7503,7503
1716087820.3340948,7759941632,7190,7190
1716087821.335306,7759941632,6781,6781
1716087822.336524,7759941632,4833,4833
1716087823.336918,7759941632,4282,4282
1716087824.337946,7759941632,5057,5057
1716087825.3391712,7759941632,5467,5467
1716087826.340459,7759941632,3993,3993
1716087827.3412776,7759941632,5582,5582
1716087828.34266,7759941632,1317,1317
1716087829.3438385,7759941632,1909,1909
1716087830.3448088,7759941632,287,287
1716087831.3459985,7759941632,151,151
1716087832.3471777,7759941632,152,152
1716087833.3483503,7759941632,451,451
1716087834.348833,7759941632,155,155
1716087835.3493307,7759941632,0,0
1716087836.35051,7759941632,0,0
1716087837.3516905,7759941632,0,0
1716087838.3528068,7759941632,152,152
1716087839.353257,7759941632,344,344
1716087840.3544333,7759941632,0,0
1716087841.3553722,7759941632,0,0
1716087842.3565674,7759941632,0,0
1716087843.3577526,7759941632,448,448
1716087844.3589308,7759941632,152,152
1716087845.3601143,7759941632,0,0
1716087846.360815,7759941632,0,0
1716087847.3619988,7759941632,0,0
1716087848.3631725,7759941632,448,448
1716087849.3643827,7759941632,152,152
1716087850.3648343,7759941632,0,0
1716087851.3660166,7759941632,0,0
1716087852.3671906,7759941632,0,0
1716087853.3683102,7759941632,448,448
1716087854.3688264,7759941632,152,152
1716087855.370008,7759941632,0,0
1716087856.3711839,7759941632,0,0
1716087857.3723607,7759941632,0,0
1716087858.3728178,7759941632,5381853,5381853
1716087859.3741083,7759941632,152,152
1716087860.375284,7759941632,0,0
1716087861.3764641,7759941632,0,0
1716087862.376815,7759941632,0,0
1716087863.378008,7759941632,362072175,362072175
1716087864.3792186,7759941632,152,152
1716087865.380439,7759941632,0,0
1716087866.3808465,7759941632,0,0
1716087867.3820844,7759941632,46612927,46612927
1716087868.3832672,7759941632,1757035888,1757035888
1716087869.3844426,7759941632,273,273
1716087870.384817,7759941632,0,0
1716087871.3860202,7759941632,2203,2203
1716087872.3872385,7759941632,1221846049,1221846049
1716087873.3884606,7759941632,371158925,371158925
1716087874.3889403,7759941632,5620,5620
1716087875.390183,7759941632,1613,1613
1716087876.3914359,7759941632,6746,6746
1716087877.3927443,7759941632,2170,2170
1716087878.3939927,7759941632,8932,8932
1716087879.3952491,7759941632,4813,4813
1716087880.3965092,7759941632,7327,7327
1716087881.3969138,7759941632,7889,7889
1716087882.3981783,7759941632,7917,7917
1716087883.399424,7759941632,4762,4762
1716087884.4007075,7759941632,4620,4620
1716087885.401978,7759941632,4615,4615
1716087886.4032192,7759941632,4402,4402
1716087887.4044955,7759941632,7290,7290
1716087888.4048967,7759941632,7431,7431
1716087889.4061506,7759941632,7220,7220
1716087890.4074411,7759941632,7473,7473
1716087891.4087286,7759941632,1451,1451
1716087892.4099896,7759941632,4383,4383
1716087893.4112263,7759941632,978,978
1716087894.4123201,7759941632,653,653
1716087895.4128516,7759941632,5038,5038
1716087896.414073,7759941632,6089,6089
1716087897.4152906,7759941632,6947,6947
1716087898.4164925,7759941632,5734,5734
1716087899.4168487,7759941632,6656,6656
1716087900.418051,7759941632,7249,7249
1716087901.4192615,7759941632,80274,80274
1716087902.4204757,7759941632,15271,15271
1716087903.4208455,7759941632,8020,8020
1716087904.4220579,7759941632,5095,5095
1716087905.4232721,7759941632,5471,5471
1716087906.424468,7759941632,5180,5180
1716087907.4248528,7759941632,4783,4783
1716087908.4260795,7759941632,1745,1745
1716087909.427298,7759941632,5551,5551
1716087910.4285114,7759941632,7019,7019
1716087911.4288387,7759941632,5216,5216
1716087912.430042,7759941632,6768,6768
1716087913.431249,7759941632,5240,5240
1716087914.4326978,7759941632,7533,7533
1716087915.4339137,7759941632,3196,3196
1716087916.4352348,7759941632,7422,7422
1716087917.4359946,7759941632,8040,8040
1716087918.4369705,7759941632,5682,5682
1716087919.4382398,7759941632,4338,4338
1716087920.4394944,7759941632,1551,1551
1716087921.4408033,7759941632,841,841
1716087922.4421697,7759941632,688,688
1716087923.4433885,7759941632,845,845
1716087924.4447417,7759941632,986,986
1716087925.4462047,7759941632,733,733
1716087926.4474425,7759941632,777,777
1716087927.4488268,7759941632,759,759
1716087928.4502661,7759941632,402,402
1716087929.4514978,7759941632,1567,1567
1716087930.4528394,7759941632,0,0
1716087931.454136,7759941632,779,779
1716087932.4554613,7759941632,741,741
1716087933.4567845,7759941632,1088,1088
1716087934.4581854,7759941632,931,931
1716087935.459467,7759941632,0,0
1716087936.4603035,7759941632,813,813
1716087937.4608715,7759941632,1801,1801
1716087938.4622772,7759941632,403,403
1716087939.4635575,7759941632,155,155
1716087940.4648166,7759941632,391,391
1716087941.4661922,7759941632,486,486
1716087942.4674733,7759941632,707,707
1716087943.468792,7759941632,1318,1318
1716087944.4701207,7759941632,891,891
1716087945.4713967,7759941632,733,733
1716087946.472725,7759941632,0,0
1716087947.4741957,7759941632,1373,1373
1716087948.475513,7759941632,1124,1124
1716087949.4768372,7759941632,155,155
1716087950.4781191,7759941632,1453,1453
1716087951.4793866,7759941632,735,735
1716087952.480709,7759941632,570,570
1716087953.4819655,7759941632,1029,1029
1716087954.4832544,7759941632,4572,4572
1716087955.4845588,7759941632,2106,2106
1716087956.485065,7759941632,1490,1490
1716087957.4864814,7759941632,1477,1477
1716087958.487731,7759941632,3056,3056
1716087959.4889498,7759941632,2429,2429
1716087960.4902012,7759941632,3481,3481
1716087961.4915907,7759941632,5353,5353
1716087962.4928133,7759941632,8604,8604
1716087963.4940557,7759941632,6122,6122
1716087964.4952855,7759941632,7494,7494
1716087965.496542,7759941632,4643,4643
1716087966.4977963,7759941632,4101,4101
1716087967.4991128,7759941632,7571,7571
1716087968.5003984,7759941632,3721,3721
1716087969.501714,7759941632,6725,6725
1716087970.5030158,7759941632,4595,4595
1716087971.5043225,7759941632,6209,6209
1716087972.5055716,7759941632,2836,2836
1716087973.506876,7759941632,5344,5344
1716087974.5081856,7759941632,6834,6834
1716087975.5094163,7759941632,5317,5317
1716087976.5106509,7759941632,4288,4288
1716087977.5119078,7759941632,6466,6466
1716087978.5131052,7759941632,4807,4807
1716087979.514479,7759941632,1818,1818
1716087980.5157104,7759941632,4315,4315
1716087981.5170214,7759941632,5920,5920
1716087982.5183406,7759941632,4477,4477
1716087983.5196183,7759941632,3103,3103
1716087984.5209043,7759941632,5494,5494
1716087985.5222082,7759941632,5868,5868
1716087986.5234442,7759941632,2914,2914
1716087987.5248146,7759941632,3326,3326
1716087988.5260818,7759941632,4146,4146
1716087989.5273192,7759941632,2678,2678
1716087990.5286372,7759941632,5328,5328
1716087991.5299,7759941632,4143,4143
1716087992.5311813,7759941632,1933,1933
1716087993.5324516,7759941632,2804,2804
1716087994.5336835,7759941632,6994,6994
1716087995.5349123,7759941632,4787,4787
1716087996.5362096,7759941632,4613,4613
1716087997.5374587,7759941632,2629,2629
1716087998.5387044,7759941632,2974,2974
1716087999.5399508,7759941632,576,576
1716088000.5411913,7759941632,395,395
1716088001.5424073,7759941632,394,394
1716088002.5436585,7759941632,161,161
1716088003.5449336,7759941632,3137,3137
1716088004.5461638,7759941632,2146,2146
1716088005.5473537,7759941632,0,0
1716088006.5485785,7759941632,260,260
1716088007.5498278,7759941632,0,0
1716088008.5510895,7759941632,404,404
1716088009.5523822,7759941632,345,345
1716088010.553632,7759941632,912,912
1716088011.5549102,7759941632,0,0
1716088012.556134,7759941632,592,592
1716088013.5573735,7759941632,402,402
1716088014.5586343,7759941632,155,155
1716088015.5599174,7759941632,1332279385,1332279385
1716088016.5612295,7759941632,539443423,539443423
1716088017.5624626,7759941632,655350,655350
1716088018.5636828,7759941632,5541960,5541960
1716088019.5649104,7759941632,266853149,266853149
1716088020.5661478,7759941632,862034524,862034524
1716088021.5674067,7759941632,737353311,737353311
1716088022.5686295,7759941632,98680,98680
1716088023.5698483,7759941632,752,752
1716088024.5711002,7759941632,37667414,37667414
1716088025.5723436,7759941632,901161353,901161353
1716088026.5735662,7759941632,933242531,933242531
1716088027.574798,7759941632,0,0
1716088028.5760193,7759941632,448,448
1716088029.577273,7759941632,532,532
1716088030.5784655,7759941632,1387,1387
1716088031.5796635,7759941632,3486,3486
1716088032.5808163,7759941632,4034,4034
1716088033.5820036,7759941632,2825,2825
1716088034.5832212,7759941632,5368,5368
1716088035.5843964,7759941632,4576,4576
1716088036.584811,7759941632,2316,2316
1716088037.5860198,7759941632,3597,3597
1716088038.5872357,7759941632,4773,4773
1716088039.588432,7759941632,4272,4272
1716088040.5896487,7759941632,4595,4595
1716088041.59085,7759941632,6358,6358
1716088042.5920272,7759941632,1129,1129
1716088043.5932257,7759941632,4748,4748
1716088044.594429,7759941632,3108,3108
1716088045.5956244,7759941632,4431,4431
1716088046.5968592,7759941632,2669,2669
1716088047.598089,7759941632,2522,2522
1716088048.5993185,7759941632,3476,3476
1716088049.6005213,7759941632,2805,2805
1716088050.60172,7759941632,2673,2673
1716088051.6029184,7759941632,678,678
1716088052.6041138,7759941632,4901,4901
1716088053.6053448,7759941632,3094,3094
1716088054.606578,7759941632,4348,4348
1716088055.6077442,7759941632,2327,2327
1716088056.608942,7759941632,4015,4015
1716088057.6101573,7759941632,3909,3909
1716088058.6113343,7759941632,2396,2396
1716088059.612517,7759941632,4455,4455
1716088060.6137593,7759941632,4250,4250
1716088061.614986,7759941632,4292,4292
1716088062.616177,7759941632,4279,4279
1716088063.6174054,7759941632,2467,2467
1716088064.6186452,7759941632,995,995
1716088065.619804,7759941632,358,358
1716088066.6209989,7759941632,1350,1350
1716088067.6222324,7759941632,4435,4435
1716088068.623424,7759941632,4994,4994
1716088069.6246357,7759941632,3554,3554
1716088070.6258535,7759941632,3385,3385
1716088071.627034,7759941632,3430,3430
1716088072.6282513,7759941632,2801,2801
1716088073.6294286,7759941632,1143,1143
1716088074.630671,7759941632,3880,3880
1716088075.6318626,7759941632,1340,1340
1716088076.6330953,7759941632,6517,6517
1716088077.6343288,7759941632,4304,4304
1716088078.635523,7759941632,4483,4483
1716088079.636743,7759941632,4315,4315
1716088080.6380012,7759941632,4211,4211
1716088081.6391842,7759941632,3803,3803
1716088082.6403906,7759941632,2751,2751
1716088083.6416297,7759941632,5378,5378
1716088084.6428318,7759941632,4098,4098
1716088085.6440344,7759941632,5751,5751
1716088086.6452463,7759941632,2363,2363
1716088087.646442,7759941632,3543,3543
1716088088.647627,7759941632,4748,4748
1716088089.6488104,7759941632,932,932
1716088090.6500711,7759941632,5303,5303
1716088091.6512752,7759941632,3675,3675
1716088092.6524804,7759941632,2521,2521
1716088093.6537366,7759941632,4468,4468
1716088094.654924,7759941632,3826,3826
1716088095.6561413,7759941632,3009,3009
1716088096.6573198,7759941632,2163,2163
1716088097.658525,7759941632,1533,1533
1716088098.6596987,7759941632,3015,3015
1716088099.6608205,7759941632,2748,2748
1716088100.6620018,7759941632,6934,6934
1716088101.6631866,7759941632,4488,4488
1716088102.6643589,7759941632,3148,3148
1716088103.6653593,7759941632,2713,2713
1716088104.666031,7759941632,4383,4383
1716088105.667214,7759941632,3209,3209
1716088106.6684132,7759941632,1871,1871
1716088107.6688256,7759941632,5211,5211
1716088108.6700144,7759941632,4438,4438
1716088109.6712267,7759941632,4494,4494
1716088110.6724002,7759941632,4069,4069
1716088111.672814,7759941632,6041,6041
1716088112.6739979,7759941632,2870,2870
1716088113.6752162,7759941632,1274,1274
1716088114.6763976,7759941632,4591,4591
1716088115.6768155,7759941632,6028,6028
1716088116.6774256,7759941632,4183,4183
1716088117.678597,7759941632,3551,3551
1716088118.6797512,7759941632,4902,4902
1716088119.680813,7759941632,4265,4265
1716088120.6819785,7759941632,3731,3731
1716088121.6831496,7759941632,3062,3062
1716088122.684313,7759941632,3847,3847
1716088123.6848059,7759941632,2620,2620
1716088124.6859884,7759941632,3924,3924
1716088125.6871557,7759941632,3641,3641
1716088126.6873472,7759941632,6432,6432
1716088127.6885192,7759941632,1668,1668
1716088128.6888156,7759941632,669,669
1716088129.6899934,7759941632,3405,3405
1716088130.6911733,7759941632,3704,3704
1716088131.6923497,7759941632,4161,4161
1716088132.6928184,7759941632,4355,4355
1716088133.6939917,7759941632,4982,4982
1716088134.6951702,7759941632,6279,6279
1716088135.696344,7759941632,2450,2450
1716088136.6968179,7759941632,2852,2852
1716088137.697993,7759941632,1416,1416
1716088138.6991696,7759941632,5436,5436
1716088139.7003486,7759941632,3230,3230
1716088140.7008622,7759941632,5661,5661
1716088141.7020698,7759941632,0,0
1716088142.702573,7759941632,317,317
1716088143.703939,7759941632,613,613
1716088144.7049084,7759941632,0,0
1716088145.7055345,7759941632,0,0
1716088146.7069068,7759941632,0,0
1716088147.708144,7759941632,0,0
1716088148.7088668,7759941632,600,600
1716088149.7101002,7759941632,0,0
1716088150.7118986,7759941632,0,0
1716088151.71295,7759941632,0,0
1716088152.714184,7759941632,0,0
1716088153.7158008,7759941632,600,600
1716088154.716834,7759941632,0,0
1716088155.7183125,7759941632,0,0
1716088156.7194984,7759941632,1199,1199
1716088157.720702,7759941632,0,0
1716088158.7218833,7759941632,701,701
1716088159.7230654,7759941632,0,0
1716088160.7242396,7759941632,0,0
1716088161.7248118,7759941632,0,0
1716088162.7260003,7759941632,570,570
1716088163.7271748,7759941632,600,600
1716088164.7283504,7759941632,0,0
1716088165.7288132,7759941632,0,0
1716088166.7299948,7759941632,0,0
1716088167.7311723,7759941632,0,0
1716088168.7323482,7759941632,496,496
1716088169.732803,7759941632,0,0
1716088170.7338896,7759941632,0,0
1716088171.7350693,7759941632,0,0
1716088172.7362633,7759941632,0,0
1716088173.737434,7759941632,600,600
1716088174.738606,7759941632,0,0
1716088175.7397833,7759941632,0,0
1716088176.7409647,7759941632,0,0
1716088177.742188,7759941632,0,0
1716088178.7433822,7759941632,600,600
1716088179.7445722,7759941632,0,0
1716088180.7448297,7759941632,0,0
1716088181.746034,7759941632,0,0
1716088182.747223,7759941632,0,0
1716088183.7484121,7759941632,600,600
1716088184.7488325,7759941632,0,0
1716088185.7500117,7759941632,33646624,33646624
1716088186.7511885,7759941632,0,0
1716088187.7523644,7759941632,0,0
1716088188.752943,7759941632,600,600
1716088189.7541213,7759941632,0,0
1716088190.7553124,7759941632,0,0
1716088191.7565067,7759941632,0,0
1716088192.7568188,7759941632,0,0
1716088193.7580245,7759941632,426926802,426926802
1716088194.7592163,7759941632,126335035,126335035
1716088195.760393,7759941632,0,0
1716088196.7608304,7759941632,0,0
1716088197.762017,7759941632,0,0
1716088198.7632031,7759941632,34644810,34644810
1716088199.7644098,7759941632,3047407995,3047407995
1716088200.7648313,7759941632,94866738,94866738
1716088201.765451,7759941632,0,0
1716088202.7667594,7759941632,96919,96919
1716088203.7679517,7759941632,8027,8027
1716088204.7688248,7759941632,2661,2661
1716088205.7696326,7759941632,4079,4079
1716088206.7699034,7759941632,2452,2452
1716088207.771096,7759941632,4952,4952
1716088208.7722795,7759941632,7290,7290
1716088209.7728248,7759941632,7286,7286
1716088210.774103,7759941632,7188,7188
1716088211.7752874,7759941632,7685,7685
1716088212.7764804,7759941632,3114,3114
1716088213.7768335,7759941632,4770,4770
1716088214.7780254,7759941632,8186,8186
1716088215.779223,7759941632,6804,6804
1716088216.7804062,7759941632,7424,7424
1716088217.78083,7759941632,7446,7446
1716088218.7820275,7759941632,7510,7510
1716088219.783225,7759941632,4558,4558
1716088220.7844799,7759941632,4675,4675
1716088221.7848282,7759941632,7518,7518
1716088222.7860355,7759941632,7486,7486
1716088223.7872224,7759941632,5495,5495
1716088224.7884157,7759941632,6262,6262
1716088225.7888393,7759941632,6493,6493
1716088226.7900372,7759941632,475,475
1716088227.7904103,7759941632,5775,5775
1716088228.7916107,7759941632,4972,4972
1716088229.7928743,7759941632,7063,7063
1716088230.7940984,7759941632,7213,7213
1716088231.7953076,7759941632,7298,7298
1716088232.79652,7759941632,6956,6956
1716088233.79775,7759941632,3174,3174
1716088234.7989566,7759941632,4473,4473
1716088235.800166,7759941632,7300,7300
1716088236.8008592,7759941632,4772,4772
1716088237.8020692,7759941632,6870,6870
1716088238.803288,7759941632,7225,7225
1716088239.8045065,7759941632,7918,7918
1716088240.804862,7759941632,4266,4266
1716088241.8061018,7759941632,3860,3860
1716088242.807332,7759941632,6589,6589
1716088243.8085558,7759941632,6198,6198
1716088244.8088963,7759941632,4339,4339
1716088245.8095276,7759941632,7670,7670
1716088246.8107617,7759941632,717,717
1716088247.8122296,7759941632,1148,1148
1716088248.8128288,7759941632,1786,1786
1716088249.8140173,7759941632,835,835
1716088250.8151944,7759941632,152,152
1716088251.8164454,7759941632,152,152
1716088252.81763,7759941632,0,0
1716088253.8188019,7759941632,606,606
1716088254.819977,7759941632,0,0
1716088255.8208158,7759941632,0,0
1716088256.8219988,7759941632,0,0
1716088257.8231778,7759941632,0,0
1716088258.8243527,7759941632,304,304
1716088259.8255417,7759941632,192,192
1716088260.8267264,7759941632,0,0
1716088261.827921,7759941632,0,0
1716088262.8290498,7759941632,0,0
1716088263.8302317,7759941632,600,600
1716088264.8314056,7759941632,0,0
1716088265.832615,7759941632,0,0
1716088266.8333862,7759941632,0,0
1716088267.83458,7759941632,0,0
1716088268.8357432,7759941632,600,600
1716088269.836807,7759941632,0,0
1716088270.837972,7759941632,0,0
1716088271.8391383,7759941632,0,0
1716088272.8403077,7759941632,0,0
1716088273.8408413,7759941632,600,600
1716088274.842053,7759941632,0,0
1716088275.8428736,7759941632,0,0
1716088276.8440845,7759941632,0,0
1716088277.8448546,7766331392,33614590,33614590
1716088278.8460724,7766331392,652,652
1716088279.847245,7766331392,0,0
1716088280.8484182,7766331392,0,0
1716088281.8488102,7766331392,0,0
1716088282.8500016,7887736832,806214233,806214233
1716088283.8511815,7887736832,721,721
1716088284.8523512,7887736832,0,0
1716088285.8528237,7887736832,0,0
1716088286.8540444,7887736832,0,0
1716088287.855268,7950651392,376858251,376858251
1716088288.8564723,7950651392,600,600
1716088289.8568335,7950651392,0,0
1716088290.8581467,8044531712,598340921,598340921
1716088293.8474383,10484101120,1949276054,1949276054
1716088294.86013,8730447872,4217,4217
1716088295.8746593,8730447872,5558,5558
1716088296.886505,8730447872,5205,5205
1716088297.8887084,8730447872,4185,4185
1716088298.8933468,8730447872,5143,5143
1716088299.9112542,8730447872,883,883
1716088300.9130228,8730447872,7408,7408
1716088301.9148939,8730447872,4732,4732
1716088302.9280548,8730447872,7152,7152
1716088303.9535837,8730447872,5375,5375
1716088304.9645486,8730447872,5069,5069
1716088305.9803884,8730939392,4303,4303
1716088306.9991298,8730939392,4663,4663
1716088308.0034888,8730939392,6028,6028
1716088309.0211594,8730939392,6200,6200
1716088310.0256574,8730939392,7052,7052
1716088311.0458364,8730939392,6950,6950
1716088312.049835,8730939392,4871,4871
1716088313.069858,8730939392,3060,3060
1716088314.0936892,8730939392,5614,5614
1716088315.0994914,8730939392,6797,6797
1716088316.1091497,8730939392,7998,7998
1716088317.1316118,8730939392,7327,7327
1716088318.139099,8730939392,7591,7591
1716088319.1494343,8730939392,1083,1083
1716088320.158101,8730939392,7815,7815
1716088321.1761382,8730939392,3219,3219
1716088322.1773531,8730939392,5254,5254
1716088323.1914663,8730939392,4945,4945
1716088324.2067275,8730939392,5886,5886
1716088325.2204306,8730939392,2556,2556
1716088326.2315304,8730939392,6766,6766
1716088327.240948,8730939392,5979,5979
1716088328.2549045,8730939392,6743,6743
1716088329.2723587,8730939392,7223,7223
1716088330.278135,8730939392,7006,7006
1716088331.300829,8730939392,6554,6554
1716088332.3105247,8730939392,463,463
1716088333.327358,8730939392,8346,8346
1716088334.336506,8730939392,4471,4471
1716088335.3442132,8730939392,7928,7928
1716088336.3454177,8730939392,7303,7303
1716088337.3466759,8730939392,7715,7715
1716088338.3480585,8730939392,6534,6534
1716088339.3489418,8730939392,7103,7103
1716088340.3502846,8730939392,3622,3622
1716088341.351708,8730939392,837,837
1716088342.3533623,8729694208,1159,1159
1716088343.3548722,8729694208,1194,1194
1716088344.356166,8729391104,899,899
1716088345.3569436,8729772032,0,0
1716088346.358193,8729772032,1516,1516
1716088347.3599834,8729772032,1322,1322
1716088348.3608766,8729772032,1260,1260
1716088349.3621447,8730869760,676,676
1716088350.3633497,8730869760,2267,2267
1716088351.364804,8730869760,0,0
1716088352.3660285,8730869760,1428,1428
1716088353.3672569,8730869760,1440,1440
1716088354.3696148,8730869760,888,888
1716088355.3708794,8730869760,168,168
1716088356.3721192,8730869760,991,991
1716088357.3761582,8728604672,16030,16030
1716088358.3768504,8728604672,6912,6912
1716088359.3781204,8728604672,5901,5901
1716088360.379339,8728604672,2047,2047
1716088361.3806207,8728604672,52,52
1716088362.380996,8728604672,152,152
1716088363.3822415,8728604672,1476,1476
1716088364.3834627,8728604672,2279,2279
1716088365.3847563,8728604672,778,778
1716088366.3860898,8728604672,1505,1505
1716088367.3877175,8728604672,787,787
1716088368.3889916,8728604672,521,521
1716088369.3905003,8729096192,6132,6132
1716088370.3927965,8729096192,2413,2413
1716088371.3945293,8729096192,2790,2790
1716088372.4138968,8729096192,3090,3090
1716088373.423916,8729096192,4164,4164
1716088374.4401562,8729096192,4584,4584
1716088375.4538693,8729096192,7399,7399
1716088376.469127,8729096192,4715,4715
1716088377.4853137,8729096192,4865,4865
1716088378.4985259,8729096192,5488,5488
1716088379.5134518,8729096192,4228,4228
1716088380.53194,8729096192,6897,6897
1716088381.5609775,8729096192,6929,6929
1716088382.5740342,8729096192,5716,5716
1716088383.587143,8729096192,5991,5991
1716088384.6028352,8729096192,5046,5046
1716088385.6227744,8729096192,4451,4451
1716088386.6515222,8729096192,3516,3516
1716088387.6805742,8729096192,7087,7087
1716088388.689204,8755146752,6377,6377
1716088389.6904223,8824451072,4360,4360
1716088390.7199981,8846569472,4798,4798
1716088391.7427843,8890314752,6527,6527
1716088392.7669709,8943890432,7033,7033
1716088393.7765982,8991076352,5108,5108
1716088394.7846322,9038262272,4263,4263
1716088395.7971492,9102028800,1965,1965
1716088396.8026035,9139384320,5244,5244
1716088397.8182921,9199624192,1493,1493
1716088398.8408346,9246318592,6560,6560
1716088399.848956,9297227776,3756,3756
1716088400.8622296,9372397568,2629,2629
1716088401.8908958,9403363328,4254,4254
1716088402.9142349,9469976576,5582,5582
1716088403.9154615,9545932800,6524,6524
1716088404.9167404,9560678400,5081,5081
1716088405.934277,9642762240,5605,5605
1716088406.946552,9709199360,5146,5146
1716088407.9617405,9775063040,4465,4465
1716088408.9823906,9866579968,3958,3958
1716088410.0188956,9906884608,4920,4920
1716088411.0392158,10030256128,4000,4000
1716088427.6516125,11902976000,20262,20262
1716088428.8101053,11204014080,328336,328336
1716088429.8113523,8081764352,1871435511,1871435511
1716088430.8126013,8081764352,0,0
1716088431.8132532,8081764352,709,709
1716088432.8144815,8081764352,12292589,12292589
1716088433.815739,8081764352,707407427,707407427
1716088434.8168917,8081764352,2766236251,2766236251
1716088435.81812,8081764352,722494,722494
1716088436.819374,8081764352,104,104
1716088437.820596,8081764352,0,0
1716088438.820897,8081764352,258544533,258544533
1716088439.8221586,8081764352,380,380
1716088440.8233793,8081764352,0,0
1716088441.8246143,8081764352,0,0
1716088442.8249023,8081764352,6746,6746
1716088443.825477,8081764352,4552,4552
1716088444.8267057,8081764352,5500,5500
1716088445.827934,8081764352,2821,2821
1716088446.8288727,8081764352,2567,2567
1716088447.8301013,8081764352,7466,7466
1716088448.831345,8081764352,2833,2833
1716088449.832571,8081764352,3325,3325
1716088450.8328815,8081764352,5730,5730
1716088451.8341224,8081764352,3403,3403
1716088452.8353574,8081764352,6382,6382
1716088453.8365858,8081764352,4820,4820
1716088454.8369293,8081764352,4240,4240
1716088455.838156,8081764352,1664,1664
1716088456.8394039,8081764352,5376,5376
1716088457.8406267,8081764352,3979,3979
1716088458.8408723,8081764352,5152,5152
1716088459.8421004,8081764352,4377,4377
1716088460.8432357,8081764352,4416,4416
1716088461.8444686,8081764352,3155,3155
1716088462.8448777,8081764352,4659,4659
1716088463.8461213,8081764352,5240,5240
1716088464.8473556,8081764352,1748,1748
1716088465.8485372,8081764352,4098,4098
1716088466.8488696,8081764352,5820,5820
1716088467.8500962,8081764352,5521,5521
1716088468.8508985,8081764352,4424,4424
1716088469.852131,8081764352,7547,7547
1716088470.8533814,8081764352,5725,5725
1716088471.8546104,8081764352,4070,4070
1716088472.8558562,8081764352,2504,2504
1716088473.856881,8081764352,6679,6679
1716088474.8581107,8081764352,4277,4277
1716088475.8593593,8081764352,4675,4675
1716088476.8605917,8081764352,4387,4387
1716088477.860946,8081764352,4110,4110
1716088478.8621926,8081764352,2844,2844
1716088479.863417,8081764352,3543,3543
1716088480.8646755,8081764352,3968,3968
1716088481.865931,8081764352,1851,1851
1716088482.8671582,8081764352,1310,1310
1716088483.8683922,8081764352,2841,2841
1716088484.8688927,8081764352,4850,4850
1716088485.8701205,8081764352,5389,5389
1716088486.871356,8081764352,3318,3318
1716088487.8725893,8081764352,2299,2299
1716088488.872878,8081764352,6633,6633
1716088489.8741372,8081764352,3637,3637
1716088490.875305,8081764352,8737,8737
1716088491.8765519,8081764352,4424,4424
1716088492.87723,8081764352,6710,6710
1716088493.8784645,8081764352,6501,6501
1716088494.8797057,8081764352,6060,6060
1716088495.8808777,8081764352,3718,3718
1716088496.882108,8081764352,5881,5881
1716088497.883346,8081764352,4425,4425
1716088498.8845782,8081764352,4390,4390
1716088499.8848708,8081764352,6262,6262
1716088500.8852952,8081764352,4092,4092
1716088501.886539,8081764352,6721,6721
1716088502.8877876,8081764352,1705,1705
1716088503.8890264,8081764352,92978,92978
1716088504.890268,8081764352,3481,3481
1716088505.8915162,8081764352,4544,4544
1716088506.8927886,8081764352,4632,4632
1716088507.8940234,8081764352,4005,4005
1716088508.8952496,8081764352,3341,3341
1716088509.8956017,8081764352,4260,4260
1716088510.8968625,8081764352,3212,3212
1716088511.898107,8081764352,2109,2109
1716088512.8993726,8081764352,2248,2248
1716088513.9006078,8081764352,621,621
1716088514.9012136,8081764352,0,0
1716088515.9024715,8081764352,1661,1661
1716088516.903708,8081764352,713,713
1716088517.9048722,8081764352,547,547
1716088518.9061139,8081764352,2757,2757
1716088519.9073508,8081764352,3397,3397
1716088520.908579,8081764352,4567,4567
1716088521.90887,8081764352,5824,5824
1716088522.910097,8081764352,4052,4052
1716088523.911327,8081764352,4713,4713
1716088524.9120667,8081764352,1076,1076
1716088525.9133031,8081764352,7942,7942
1716088526.9145358,8081764352,4156,4156
1716088527.9157717,8081764352,4361,4361
1716088528.9168763,8081764352,4306,4306
1716088529.918105,8081764352,4320,4320
1716088530.9193504,8081764352,2318,2318
1716088531.9205835,8081764352,2187,2187
1716088532.9208758,8081764352,3821,3821
1716088533.922107,8081764352,5427,5427
1716088534.9233377,8081764352,5449,5449
1716088535.9245932,8081764352,3207,3207
1716088536.9248784,8081764352,2599,2599
1716088537.9261215,8081764352,11062,11062
1716088538.9273574,8081764352,8802,8802
1716088539.9285903,8081764352,3708,3708
1716088540.9288743,8081764352,2600,2600
1716088541.9300935,8081764352,6995,6995
1716088542.9313536,8081764352,4321,4321
1716088543.9325848,8081764352,8743,8743
1716088544.9328825,8081764352,4338,4338
1716088545.9341195,8081764352,4245,4245
1716088546.935356,8081764352,2590,2590
1716088547.9365947,8081764352,357,357
1716088548.9368756,8081764352,6770,6770
1716088549.9379768,8081764352,7234,7234
1716088550.9392223,8081764352,4220,4220
1716088551.9394636,8081764352,5775,5775
1716088552.9407163,8081764352,4275,4275
1716088553.9419482,8081764352,3538,3538
1716088554.9431782,8081764352,4355,4355
1716088555.944415,8081764352,5761,5761
1716088556.9448655,8081764352,4264,4264
1716088557.9461236,8081764352,5741,5741
1716088558.9473567,8081764352,6201,6201
1716088559.9485881,8081764352,5727,5727
1716088560.9489148,8081764352,2799,2799
1716088561.9514284,8081764352,3597,3597
1716088562.9527438,8081764352,604,604
1716088563.9542344,8081764352,567,567
1716088564.9559596,8081764352,5103,5103
1716088565.9569209,8081764352,1496,1496
1716088566.9585774,8081764352,3515,3515
1716088567.9598544,8081764352,1110,1110
1716088568.9610376,8081764352,566,566
1716088569.9626617,8081764352,0,0
1716088570.9636734,8081764352,0,0
1716088571.9654648,8081764352,0,0
1716088572.9671035,8081764352,248,248
1716088573.9683516,8081764352,1437,1437
1716088574.9688935,8081764352,0,0
1716088575.969795,8081764352,100,100
1716088576.9710424,8081764352,204,204
1716088577.972293,8081764352,153,153
1716088578.9728804,8081764352,453,453
1716088579.9736972,8081764352,0,0
1716088580.9749396,8081764352,0,0
1716088581.975912,8081764352,0,0
1716088582.9768825,8081764352,300,300
1716088583.97813,8081764352,2591,2591
1716088584.97938,8081764352,7535,7535
1716088585.9806275,8081764352,0,0
1716088586.980889,8081764352,502,502
1716088587.9821274,8081764352,155,155
1716088588.9833758,8081764352,353,353
1716088589.984624,8081764352,0,0
1716088590.9849017,8081764352,0,0
1716088591.9861474,8081764352,0,0
1716088592.9872053,8081764352,300,300
1716088593.9884572,8081764352,745,745
1716088594.9889207,8081764352,0,0
1716088595.9901855,8081764352,476,476
1716088596.9914331,8081764352,0,0
1716088597.9927075,8081764352,480,480
1716088598.9939468,8081764352,505,505
1716088599.9951923,8081764352,477,477
1716088600.9964328,8081764352,0,0
1716088601.9968731,8081764352,425,425
1716088602.9981027,8081764352,404,404
1716088603.9993558,8081764352,51423666,51423666
1716088605.0001383,8081764352,121,121
1716088606.0009255,8081764352,0,0
1716088607.002188,8081764352,0,0
1716088608.0034575,8081764352,196493550,196493550
1716088609.0047152,8081764352,386139647,386139647
1716088610.0059557,8081764352,0,0
1716088611.0071952,8081764352,0,0
1716088612.0084329,8081764352,34633238,34633238
1716088613.0089593,8081764352,465,465
1716088614.0101955,8081764352,204,204
1716088615.0112395,8081764352,0,0
1716088616.0124917,8081764352,0,0
1716088617.0137408,8081764352,1303034183,1303034183
1716088618.0149972,8081764352,1792340497,1792340497
1716088619.0162513,8081764352,152,152
1716088620.0168917,8081764352,0,0
1716088621.0181766,8081764352,3958,3958
1716088622.0194576,8081764352,7131,7131
1716088623.0207207,8081764352,7809,7809
1716088624.021968,8081764352,8097,8097
1716088625.0232437,8081764352,4839,4839
1716088626.024481,8081764352,4991,4991
1716088627.0248778,8081764352,7792,7792
1716088628.0261292,8081764352,7385,7385
1716088629.0273807,8081764352,6680,6680
1716088630.0286167,8081764352,7492,7492
1716088631.0288875,8081764352,5885,5885
1716088632.030136,8081764352,6793,6793
1716088633.031381,8081764352,8870,8870
1716088634.0326824,8081764352,6167,6167
1716088635.0339444,8081764352,7184,7184
1716088636.0351815,8081764352,7562,7562
1716088637.0364308,8081764352,6525,6525
1716088638.0373125,8081764352,4363,4363
1716088639.0385475,8081764352,4968,4968
1716088640.0397856,8081764352,4924,4924
1716088641.0408819,8081764352,6813,6813
1716088642.0421107,8081764352,9250,9250
1716088643.0433488,8081764352,6300,6300
1716088644.0445898,8081764352,1188,1188
1716088645.044862,8081764352,481,481
1716088646.046115,8081764352,3017,3017
1716088647.047352,8081764352,4922,4922
1716088648.0485945,8081764352,5814,5814
1716088649.0488791,8081764352,7512,7512
1716088650.050112,8081764352,4396,4396
1716088651.051353,8081764352,6929,6929
1716088652.052584,8081764352,4506,4506
1716088653.0528812,8081764352,2904,2904
1716088654.0540981,8081764352,6655,6655
1716088655.0553346,8081764352,4804,4804
1716088656.0565817,8081764352,7717,7717
1716088657.0568967,8081764352,6971,6971
1716088658.05813,8081764352,7698,7698
1716088659.059364,8081764352,4865,4865
1716088660.0605931,8081764352,7123,7123
1716088661.06086,8081764352,8024,8024
1716088662.0620713,8081764352,7669,7669
1716088663.0633423,8081764352,6493,6493
1716088664.0638106,8081764352,4854,4854
1716088665.0650022,8081764352,1379,1379
1716088666.066223,8081764352,994,994
