Timestamp,MemoryUsage,NetSent,NetRecv
1716086465.4177232,510451712,0,0
1716086466.4192107,515858432,25570,25570
1716086467.4205298,515858432,0,0
1716086468.4208865,515858432,555,555
1716086469.4221845,515858432,156,156
1716086470.4233165,515858432,0,0
1716086471.4247406,515858432,0,0
1716086472.426093,515858432,0,0
1716086473.427341,515858432,448,448
1716086474.428707,515858432,152,152
1716086475.4299676,515858432,0,0
1716086476.4313867,515858432,0,0
1716086477.4326873,515858432,0,0
1716086478.4339743,515858432,448,448
1716086479.435287,515858432,152,152
1716086480.4367278,515858432,479,479
1716086481.4374664,515858432,0,0
1716086482.4387054,515858432,432,432
1716086483.4397292,515858432,454,454
1716086484.4410374,515858432,627,627
1716086485.4425168,515858432,0,0
1716086486.4436493,515858432,427,427
1716086487.4448266,515858432,2655,2655
1716086488.446061,515858432,3208,3208
1716086489.4472456,515858432,2356,2356
1716086490.4484482,515858432,0,0
1716086491.4488556,515858432,310,310
1716086492.4500577,515858432,0,0
1716086493.4512484,515858432,454,454
1716086494.4524353,515858432,156,156
1716086495.4528337,515858432,0,0
1716086496.4540358,515858432,0,0
1716086497.4552164,515858432,0,0
1716086498.456404,515858432,448,448
1716086499.4568288,515858432,152,152
1716086500.45803,515858432,0,0
1716086501.459212,515858432,0,0
1716086502.4604044,515858432,0,0
1716086503.4610324,515858432,448,448
1716086504.4622216,515858432,152,152
1716086505.4634085,515858432,0,0
1716086506.4646068,515858432,0,0
1716086507.4648294,515858432,0,0
1716086508.4660268,515858432,448,448
1716086509.467212,515858432,152,152
1716086510.4684072,515858432,0,0
1716086511.468823,515858432,0,0
1716086512.4700277,515858432,0,0
1716086513.4712162,515858432,1016,1016
1716086514.4724195,515858432,3201,3201
1716086515.472836,515858432,1800,1800
1716086516.47403,515858432,3664,3664
1716086517.4752202,515858432,1951,1951
1716086518.4764187,515858432,3062,3062
1716086519.476832,515858432,1669,1669
1716086520.4780407,515858432,2646,2646
1716086521.4792335,515858432,5112,5112
1716086522.480425,515858432,1664,1664
1716086523.4808257,515858432,3046,3046
1716086524.4819138,515858432,3187,3187
1716086525.4831064,515858432,2911,2911
1716086526.4842923,515858432,2447,2447
1716086527.4848363,515858432,3195,3195
1716086528.4860268,515858432,3713,3713
1716086529.4872153,515858432,3349,3349
1716086530.488407,515858432,4888,4888
1716086531.4888263,515858432,2292,2292
1716086532.4900131,515858432,0,0
1716086533.4912052,515858432,775,775
1716086534.492034,515858432,154,154
1716086535.4928305,515858432,0,0
1716086536.4940128,515858432,1888,1888
1716086537.495194,515858432,0,0
1716086538.496382,515858432,769,769
1716086539.496823,515858432,154,154
1716086540.4980116,515858432,0,0
1716086541.4992049,515858432,0,0
1716086542.5003982,515858432,0,0
1716086543.5008233,515858432,600,600
1716086544.502017,515858432,0,0
1716086545.5030181,515858432,0,0
1716086546.5042107,515858432,0,0
1716086547.504828,515858432,0,0
1716086548.5060072,515858432,600,600
1716086549.5071843,515858432,0,0
1716086550.5083687,515858432,480,480
1716086551.5088217,515858432,0,0
1716086552.5100124,515858432,423,423
1716086553.511199,515858432,608,608
1716086554.5123904,515858432,477,477
1716086555.5128646,515858432,0,0
1716086556.5140939,515858432,423,423
1716086557.515295,515858432,0,0
1716086558.5165231,515858432,978,978
1716086559.5168445,515858432,0,0
1716086560.5180726,515858432,157,157
1716086561.5192971,515858432,0,0
1716086562.5205495,515858432,0,0
1716086563.5208628,515858432,306,306
1716086564.5220804,515858432,4200700,4200700
1716086565.5232747,515858432,0,0
1716086566.5238714,515858432,0,0
1716086567.5248485,515858432,0,0
1716086568.5260584,515858432,600,600
1716086569.527317,515858432,315776607,315776607
1716086570.528536,515858432,22041727,22041727
1716086571.5289955,515858432,97833482,97833482
1716086572.5301838,515858432,0,0
1716086573.5313728,515858432,600,600
1716086574.5325534,515858432,0,0
1716086575.5333688,515858432,0,0
1716086576.5346246,515858432,2333190400,2333190400
1716086577.5358775,515858432,655349739,655349739
1716086578.5368855,515858432,600,600
1716086579.5373173,515858432,0,0
1716086580.5385437,515858432,0,0
1716086581.5397768,515858432,661047803,661047803
1716086582.540899,515858432,1544812960,1544812960
1716086583.5421834,515858432,5131,5131
1716086584.5434759,515858432,8812,8812
1716086585.5447922,515858432,9438,9438
1716086586.546059,515858432,2092,2092
1716086587.5469196,515858432,9964,9964
1716086588.5477881,515858432,6955,6955
1716086589.548924,515858432,5102,5102
1716086590.5501719,515858432,8664,8664
1716086591.5514114,515858432,7064,7064
1716086592.552683,515858432,5832,5832
1716086593.5539587,515858432,2896,2896
1716086594.5552075,515858432,6080,6080
1716086595.5564659,515858432,7882,7882
1716086596.5577888,515858432,5189,5189
1716086597.5590465,515858432,4881,4881
1716086598.5602899,515858432,7914,7914
1716086599.5615559,515858432,7053,7053
1716086600.5625458,515858432,4610,4610
1716086601.5637562,515858432,4676,4676
1716086602.5648549,515858432,6783,6783
1716086603.5660498,515858432,7748,7748
1716086604.5672638,515858432,7032,7032
1716086605.5684812,515858432,7051,7051
1716086606.5688825,515858432,1502,1502
1716086607.5700881,515858432,8138,8138
1716086608.5713077,515858432,6169,6169
1716086609.571907,515858432,7091,7091
1716086610.5731504,515858432,4603,4603
1716086611.574,515858432,6889,6889
1716086612.5752013,515858432,3799,3799
1716086613.576417,515858432,6321,6321
1716086614.57686,515858432,5993,5993
1716086615.5780852,515858432,6144,6144
1716086616.578499,515858432,5946,5946
1716086617.5796719,515858432,7304,7304
1716086618.580881,515858432,6630,6630
1716086619.5821152,515858432,6420,6420
1716086620.583325,515858432,6239,6239
1716086621.5837753,515858432,6047,6047
1716086622.5848963,515858432,6629,6629
1716086623.5861769,515858432,4962,4962
1716086624.5872843,515858432,6443,6443
1716086625.5886054,515858432,3944,3944
1716086626.589041,515858432,5067,5067
1716086627.5896523,515858432,4769,4769
1716086628.5903232,515858432,8463,8463
1716086629.5917473,515858432,5651,5651
1716086630.5929058,515858432,5547,5547
1716086631.5938706,515858432,7153,7153
1716086632.5951605,515858432,2374,2374
1716086633.596563,515858432,4473,4473
1716086634.5969994,515858432,751,751
1716086635.598305,515858432,752,752
1716086636.5995753,515858432,6386,6386
1716086637.6009047,515858432,1693,1693
1716086638.6022053,515858432,2618,2618
1716086639.6034362,515858432,1379,1379
1716086640.6048038,515858432,788,788
1716086641.6061323,515858432,0,0
1716086642.6073856,515858432,303,303
1716086643.6086276,515858432,2716,2716
1716086644.6089287,515858432,0,0
1716086645.610195,515858432,302,302
1716086646.611489,515858432,805,805
1716086647.6128511,515858432,1527,1527
1716086648.614143,515858432,610,610
1716086649.6154509,515858432,337,337
1716086650.616776,515858432,780,780
1716086651.6181211,515858432,151,151
1716086652.6193714,515858432,937,937
1716086653.6207063,515858432,2350,2350
1716086654.622039,515858432,0,0
1716086655.6233406,515858432,725,725
1716086656.6246696,515858432,736,736
1716086657.6259763,515858432,0,0
1716086658.6272635,515858432,1751,1751
1716086659.6285121,515858432,740,740
1716086660.6289868,515858432,720,720
1716086661.630262,515858432,780,780
1716086662.631522,515858432,741,741
1716086663.6329458,515858432,1284,1284
1716086664.6342316,515858432,0,0
1716086665.6349435,515858432,733,733
1716086666.6362236,515858432,1514,1514
1716086667.637018,515858432,0,0
1716086668.6384287,515858432,3805,3805
1716086669.6396763,515858432,4604,4604
1716086670.6410534,515858432,687,687
1716086671.642349,515858432,733,733
1716086672.6436708,515858432,1472,1472
1716086673.6449666,515858432,1994,1994
1716086674.646272,515858432,1474,1474
1716086675.647162,515858432,3334,3334
1716086676.6484065,515858432,6582,6582
1716086677.649634,515858432,3373,3373
1716086678.6508667,515858432,2698,2698
1716086679.6521165,515858432,3653,3653
1716086680.6533566,515858432,5980,5980
1716086681.6546173,515858432,6140,6140
1716086682.6558511,515858432,8747,8747
1716086683.6570585,515858432,7695,7695
1716086684.659527,515858432,8283,8283
1716086685.660774,515858432,2455,2455
1716086686.6620126,515858432,6457,6457
1716086687.6632535,515858432,4703,4703
1716086688.6644957,515858432,5103,5103
1716086689.6657379,515858432,6469,6469
1716086690.6669505,515858432,5008,5008
1716086691.6682088,515858432,2627,2627
1716086692.6694372,515858432,7078,7078
1716086693.670669,515858432,7134,7134
1716086694.6718864,515858432,8126,8126
1716086695.6731155,515858432,5983,5983
1716086696.6743453,515858432,6154,6154
1716086697.675576,515858432,3560,3560
1716086698.676855,515858432,4995,4995
1716086699.6780896,515858432,6318,6318
1716086700.6793237,515858432,93806,93806
1716086701.6805604,515858432,4500,4500
1716086702.681785,515858432,4556,4556
1716086703.6830094,515858432,7369,7369
1716086704.6842585,515858432,4746,4746
1716086705.684873,515858432,1369,1369
1716086706.686117,515858432,5996,5996
1716086707.6873472,515858432,4376,4376
1716086708.6885822,515858432,5062,5062
1716086709.6897984,515858432,4764,4764
1716086710.691021,515858432,5727,5727
1716086711.6913433,515858432,2993,2993
1716086712.692571,515858432,3263,3263
1716086713.6928632,515858432,4245,4245
1716086714.693281,515858432,6566,6566
1716086715.6945186,515858432,2674,2674
1716086716.6957488,515858432,5165,5165
1716086717.6968648,515858432,1131,1131
1716086718.6981041,515858432,4327,4327
1716086719.6993399,515858432,0,0
1716086720.7006094,515858432,823,823
1716086721.7018456,515858432,0,0
1716086722.70277,515858432,161,161
1716086723.7038221,515858432,555,555
1716086724.7048633,515858432,0,0
1716086725.706106,515858432,0,0
1716086726.7073557,515858432,0,0
1716086727.7085989,515858432,0,0
1716086728.7098625,515858432,516471339,516471339
1716086729.7111049,515858432,1354787717,1354787717
1716086730.7123353,515858432,354,354
1716086731.7128606,515858432,757,757
1716086732.7140982,515858432,0,0
1716086733.7148778,515858432,1365,1365
1716086734.7161357,515858432,833639670,833639670
1716086735.7173855,515858432,1038332526,1038332526
1716086736.718621,515858432,98628,98628
1716086737.7198317,515858432,52,52
1716086738.721048,515858432,705,705
1716086739.7222397,515858432,553346014,553346014
1716086740.7234688,515858432,1318932443,1318932443
1716086741.72473,515858432,0,0
1716086742.7259686,515858432,0,0
1716086743.7271717,515858432,600,600
1716086744.7283564,515858432,0,0
1716086745.72954,515858432,434,434
1716086746.7307477,515858432,4163,4163
1716086747.7319458,515858432,4170,4170
1716086748.7328446,515858432,4823,4823
1716086749.734043,515858432,4580,4580
1716086750.7352245,515858432,3400,3400
1716086751.7364132,515858432,2548,2548
1716086752.7368329,515858432,7512,7512
1716086753.7380276,515858432,5368,5368
1716086754.7392287,515858432,5250,5250
1716086755.7404187,515858432,4833,4833
1716086756.7408273,515858432,3859,3859
1716086757.7420216,515858432,1700,1700
1716086758.7432525,515858432,5901,5901
1716086759.7444346,515858432,3543,3543
1716086760.7448218,515858432,3343,3343
1716086761.746045,515858432,3882,3882
1716086762.747243,515858432,4155,4155
1716086763.7484462,515858432,2775,2775
1716086764.7496428,515858432,5119,5119
1716086765.7508373,515858432,3344,3344
1716086766.7520223,515858432,3960,3960
1716086767.7532086,515858432,2507,2507
1716086768.75439,515858432,6068,6068
1716086769.7555811,515858432,1655,1655
1716086770.7567873,515858432,6299,6299
1716086771.7579901,515858432,5314,5314
1716086772.7591865,515858432,3857,3857
1716086773.7603872,515858432,4277,4277
1716086774.7615898,515858432,4327,4327
1716086775.7627792,515858432,2530,2530
1716086776.7639654,515858432,5003,5003
1716086777.7651618,515858432,4059,4059
1716086778.7663493,515858432,5745,5745
1716086779.7675407,515858432,4206,4206
1716086780.7683506,515858432,3574,3574
1716086781.7688227,515858432,1996,1996
1716086782.7700086,515858432,5588,5588
1716086783.7711992,515858432,4203,4203
1716086784.7723856,515858432,2644,2644
1716086785.772822,515858432,1132,1132
1716086786.7740195,515858432,4589,4589
1716086787.7752416,515858432,3339,3339
1716086788.7764342,515858432,2608,2608
1716086789.777646,515858432,5021,5021
1716086790.7788398,515858432,3223,3223
1716086791.7800307,515858432,2597,2597
1716086792.7808185,515858432,2502,2502
1716086793.78201,515858432,5810,5810
1716086794.7832103,515858432,4544,4544
1716086795.7844,515858432,5230,5230
1716086796.7848368,515858432,4618,4618
1716086797.7860413,515858432,5231,5231
1716086798.7872255,515858432,6044,6044
1716086799.7884114,515858432,4208,4208
1716086800.7896068,515858432,1791,1791
1716086801.7907917,515858432,4405,4405
1716086802.7919788,515858432,4303,4303
1716086803.79283,515858432,5082,5082
1716086804.7940233,515858432,4199,4199
1716086805.7952092,515858432,5353,5353
1716086806.7963924,515858432,3951,3951
1716086807.796825,515858432,2845,2845
1716086808.798005,515858432,4207,4207
1716086809.7992115,515858432,4223,4223
1716086810.8004158,515858432,2067,2067
1716086811.8008163,515858432,6147,6147
1716086812.8019993,515858432,3916,3916
1716086813.8031921,515858432,2787,2787
1716086814.8038185,515858432,5932,5932
1716086815.8050237,515858432,2826,2826
1716086816.8062253,515858432,4028,4028
1716086817.8074133,515858432,2919,2919
1716086818.8078344,515858432,4669,4669
1716086819.8088186,515858432,2035,2035
1716086820.8100016,515858432,2850,2850
1716086821.8111858,515858432,5083,5083
1716086822.8123708,515858432,4065,4065
1716086823.8127742,515858432,4735,4735
1716086824.813973,515858432,3697,3697
1716086825.815181,515858432,3821,3821
1716086826.8163817,515858432,3556,3556
1716086827.8168235,515858432,2772,2772
1716086828.8180113,515858432,4524,4524
1716086829.819225,515858432,1987,1987
1716086830.8204095,515858432,4202,4202
1716086831.8216145,515858432,15066,15066
1716086832.822802,515858432,10583,10583
1716086833.823987,515858432,10588,10588
1716086834.8251884,515858432,4709,4709
1716086835.8263717,515858432,4287,4287
1716086836.8275628,515858432,4477,4477
1716086837.8287773,515858432,4125,4125
1716086838.8299944,515858432,3959,3959
1716086839.831182,515858432,3868,3868
1716086840.8323708,515858432,4198,4198
1716086841.8328245,515858432,4142,4142
1716086842.8340387,515858432,4138,4138
1716086843.8352296,515858432,4435,4435
1716086844.8364842,515858432,2206,2206
1716086845.836827,515858432,3561,3561
1716086846.838026,515858432,2775,2775
1716086847.8392198,515858432,4783,4783
1716086848.84042,515858432,3138,3138
1716086849.8408272,515858432,5146,5146
1716086850.8420289,515858432,2640,2640
1716086851.8425734,515858432,4148,4148
1716086852.8437798,515858432,4828,4828
1716086853.8448164,515858432,4534,4534
1716086854.8461394,515858432,4436,4436
1716086855.8479996,515858432,1894,1894
1716086856.8492634,515858432,0,0
1716086857.8504937,515858432,316,316
1716086858.8517883,515858432,613,613
1716086859.8535573,515858432,0,0
1716086860.854799,515858432,0,0
1716086861.8564498,515858432,0,0
1716086862.857571,515858432,0,0
1716086863.8585746,515858432,600,600
1716086864.8600035,515858432,0,0
1716086865.8609743,515858432,0,0
1716086866.8622708,515858432,0,0
1716086867.8641467,515858432,0,0
1716086868.86482,515858432,1795,1795
1716086869.866019,515858432,0,0
1716086870.8672147,515858432,303,303
1716086871.8684194,515858432,0,0
1716086872.8696103,515858432,0,0
1716086873.8708174,515858432,603,603
1716086874.871997,515858432,0,0
1716086875.872815,515858432,0,0
1716086876.873999,515858432,0,0
1716086877.8751938,515858432,0,0
1716086878.876375,515858432,600,600
1716086879.8773468,515858432,0,0
1716086880.8783746,515858432,0,0
1716086881.8796308,515858432,0,0
1716086882.880825,515858432,0,0
1716086883.8820097,515858432,600,600
1716086884.8832264,515858432,0,0
1716086885.8844414,515858432,2470,2470
1716086886.885652,515858432,0,0
1716086887.886066,515858432,152,152
1716086888.887249,515858432,448,448
1716086889.8884306,515858432,0,0
1716086890.8896217,515858432,0,0
1716086891.890805,515858432,0,0
1716086892.892011,515858432,152,152
1716086893.8928154,515858432,448,448
1716086894.8939986,515858432,0,0
1716086895.8951883,515858432,0,0
1716086896.8963978,515858432,0,0
1716086897.8970253,515858432,392639492,392639492
1716086898.8982196,515858432,396,396
1716086899.8994007,515858432,0,0
1716086900.9005895,515858432,0,0
1716086901.900821,515858432,0,0
1716086902.9020307,515858432,392500367,392500367
1716086903.9032395,515858432,448,448
1716086904.9044597,515858432,0,0
1716086905.9048553,515858432,17841156,17841156
1716086906.9061255,515858432,921791496,921791496
1716086907.9073596,515858432,204,204
1716086908.908591,515858432,448,448
1716086909.9088562,515858432,0,0
1716086910.9100482,515858432,3850,3850
1716086911.9114175,515858432,1893393473,1893393473
1716086912.9128022,515858432,145325633,145325633
1716086913.9130456,515858432,6752,6752
1716086914.914253,515858432,4116,4116
1716086915.9154756,515858432,6837,6837
1716086916.916709,515858432,7738,7738
1716086917.9179378,515858432,6938,6938
1716086918.9191616,515858432,2385,2385
1716086919.9203591,515858432,4918,4918
1716086920.9208505,515858432,6668,6668
1716086921.9212484,515858432,7272,7272
1716086922.9224625,515858432,8008,8008
1716086923.9229164,515858432,7420,7420
1716086924.9241316,515858432,4553,4553
1716086925.9248588,515858432,5002,5002
1716086926.9260857,515858432,4643,4643
1716086927.9272916,515858432,7831,7831
1716086928.9285054,515858432,8021,8021
1716086929.928857,515858432,4703,4703
1716086930.9300897,515858432,4250,4250
1716086931.9313579,515858432,7060,7060
1716086932.9326072,515858432,6849,6849
1716086933.9328861,515858432,6755,6755
1716086934.9341464,515858432,7325,7325
1716086935.935407,515858432,7174,7174
1716086936.9366972,515858432,5194,5194
1716086937.9378686,515858432,2861,2861
1716086938.9387305,515858432,6743,6743
1716086939.9399965,515858432,7124,7124
1716086940.9408891,515858432,7510,7510
1716086941.9421635,515858432,7018,7018
1716086942.9428816,515858432,4206,4206
1716086943.9441106,515858432,2912,2912
1716086944.944859,515858432,2978,2978
1716086945.946094,515858432,8429,8429
1716086946.9464207,515858432,4718,4718
1716086947.9476762,515858432,6996,6996
1716086948.9489121,515858432,8553,8553
1716086949.9501874,515858432,6341,6341
1716086950.951448,515858432,4027,4027
1716086951.9527376,515858432,7015,7015
1716086952.9541223,515858432,5033,5033
1716086953.9554815,515858432,5579,5579
1716086954.9567149,515858432,7487,7487
1716086955.9579048,515858432,5125,5125
1716086956.9590945,515858432,4025,4025
1716086957.9602969,515858432,5753,5753
1716086958.96108,515858432,982,982
1716086959.9622738,515858432,3042,3042
1716086960.9634726,515858432,0,0
1716086961.9646826,515858432,303,303
1716086962.9658725,515858432,810,810
1716086963.967069,515858432,304,304
1716086964.9682567,515858432,0,0
1716086965.9688284,515858432,0,0
1716086966.9700236,515858432,0,0
1716086967.9711552,515858432,300,300
1716086968.9719903,515858432,300,300
1716086969.9728196,515858432,0,0
1716086970.9730792,515858432,0,0
1716086971.9742818,515858432,0,0
1716086972.9754784,515858432,300,300
1716086973.9767022,515858432,300,300
1716086974.9778895,515858432,0,0
1716086975.979076,515858432,0,0
1716086976.9802377,515858432,0,0
1716086977.98083,515858432,448,448
1716086978.9820254,515858432,152,152
1716086979.9828496,515858432,0,0
1716086980.9840372,515858432,0,0
1716086981.9851336,515858432,0,0
1716086982.9863167,515858432,152,152
1716086983.9875278,515858432,344,344
1716086984.988766,515858432,0,0
1716086985.9899719,515858432,0,0
1716086986.99118,515858432,0,0
1716086987.992395,515858432,448,448
1716086988.9928255,515858432,152,152
1716086989.9940126,515858432,0,0
1716086990.9951987,515858432,0,0
1716086991.996384,515858432,0,0
1716086992.9975839,515858432,448,448
1716086993.9987996,515858432,290840825,290840825
1716086995.0000095,515858432,173,173
1716086996.000844,515858432,0,0
1716086997.0020773,515858432,0,0
1716086998.003264,515858432,448,448
1716086999.0042145,515858432,152,152
1716087000.0048196,515858432,0,0
1716087001.0060148,515858432,91120,91120
1716087002.0072682,515858432,17841210,17841210
1716087003.0085094,515858432,2663475544,2663475544
1716087004.008875,515858432,791495941,791495941
1716087005.0100904,515858432,0,0
1716087006.0112975,515858432,943,943
1716087007.0125093,515858432,7515,7515
1716087008.0128586,515858432,5276,5276
1716087009.0141017,515858432,2958,2958
1716087010.0153213,515858432,7703,7703
1716087011.0162067,515858432,4871,4871
1716087012.0168455,515858432,7271,7271
1716087013.0180445,515858432,5031,5031
1716087014.0192556,515858432,7438,7438
1716087015.0204782,515858432,3593,3593
1716087016.0216503,515858432,5700,5700
1716087017.0228796,515858432,4799,4799
1716087018.0235596,515858432,6042,6042
1716087019.0247917,515858432,5230,5230
1716087020.0252352,515858432,4795,4795
1716087021.026459,515858432,3411,3411
1716087022.027654,515858432,3925,3925
1716087023.0288606,515858432,4743,4743
1716087024.0300753,515858432,6084,6084
1716087025.0312936,515858432,7289,7289
1716087026.0324419,515858432,7405,7405
1716087027.0328372,515858432,5871,5871
1716087028.0340397,515858432,3324,3324
1716087029.0352507,515858432,6450,6450
1716087030.0364478,515858432,4338,4338
1716087031.036845,515858432,4956,4956
1716087032.0380437,515858432,6567,6567
1716087033.0392792,515858432,6872,6872
1716087034.0404918,515858432,5851,5851
1716087035.0408645,515858432,6169,6169
1716087036.0420814,515858432,4923,4923
1716087037.0423505,515858432,5571,5571
1716087038.043576,515858432,5361,5361
1716087039.0448291,515858432,5436,5436
1716087040.0460343,515858432,4653,4653
1716087041.0472448,515858432,2507,2507
1716087042.0484436,515858432,4299,4299
1716087043.0488324,515858432,4877,4877
1716087044.0500424,515858432,1907,1907
1716087045.0512652,515858432,4790,4790
1716087046.0524817,515858432,6686,6686
1716087047.052838,515858432,4498,4498
1716087048.054044,515858432,5527,5527
1716087049.055368,515858432,5398,5398
1716087050.0566177,515858432,5215,5215
1716087051.0570054,515858432,12890,12890
1716087052.058252,515858432,6888,6888
1716087053.0595248,515858432,5649,5649
1716087054.0608244,515858432,2036,2036
1716087055.0621128,515858432,973,973
1716087056.0634267,515858432,2645,2645
1716087057.064749,515858432,12794,12794
1716087058.0660894,515858432,20113,20113
1716087059.0673504,515858432,3259,3259
1716087060.0686126,515858432,2423,2423
1716087061.0689595,515858432,1412,1412
1716087062.0702825,515858432,6134,6134
1716087063.0717144,515858432,42037,42037
1716087064.0729494,515858432,143377,143377
1716087065.0742528,515858432,8423,8423
1716087066.0755281,515858432,3019,3019
1716087067.07685,515858432,4800,4800
1716087068.078135,515858432,8495,8495
1716087069.079442,515858432,5071,5071
1716087070.0807586,515858432,2852,2852
1716087071.0815983,515858432,3992,3992
1716087072.0829065,515858432,3276,3276
1716087073.0841815,515858432,7721,7721
1716087074.0852404,515858432,2458,2458
1716087075.086547,515858432,354,354
1716087076.0878508,515858432,6251,6251
1716087077.0889277,515858432,3863,3863
1716087078.090231,515858432,1997,1997
1716087079.0917182,515858432,1579,1579
1716087080.0929768,515858432,0,0
1716087081.0942805,515858432,781,781
1716087082.0955215,515858432,732,732
1716087083.09687,515858432,927,927
1716087084.098218,515858432,852,852
1716087085.098646,515858432,5377,5377
1716087086.0999749,515858432,1150,1150
1716087087.1009114,515858432,0,0
1716087088.1021526,515858432,1847,1847
1716087089.1034994,515858432,953,953
1716087090.1039667,515858432,738,738
1716087091.104891,515858432,678,678
1716087092.1062002,515858432,0,0
1716087093.1074605,515858432,1387,1387
1716087094.1087933,515858432,1637,1637
1716087095.110121,515858432,778,778
1716087096.1114545,515858432,785,785
1716087097.1127625,515858432,1785,1785
1716087098.1140008,515858432,3659,3659
1716087099.1153574,515858432,1300,1300
1716087100.1167355,515858432,1484,1484
1716087101.117993,515858432,2289,2289
1716087102.119246,515858432,2548,2548
1716087103.120444,515858432,7110,7110
1716087104.1216974,515858432,6765,6765
1716087105.1229165,515858432,3563,3563
1716087106.1241367,515858432,1405,1405
1716087107.1248515,515858432,16223,16223
1716087108.126093,515858432,8616,8616
1716087109.1273136,515858432,9638,9638
1716087110.1285524,515858432,5553,5553
1716087111.1288428,515858432,5902,5902
1716087112.1293364,515858432,5056,5056
1716087113.1305568,515858432,3382,3382
1716087114.1317856,515858432,6418,6418
1716087115.1328592,515858432,4551,4551
1716087116.1340632,515858432,4394,4394
1716087117.1353056,515858432,6772,6772
1716087118.1365669,515858432,6781,6781
1716087119.136845,515858432,4345,4345
1716087120.138039,515858432,7385,7385
1716087121.1392176,515858432,7012,7012
1716087122.1404216,515858432,7046,7046
1716087123.1408186,515858432,7826,7826
1716087124.1420074,515858432,5227,5227
1716087125.1431966,515858432,4907,4907
1716087126.144376,515858432,3917,3917
1716087127.1448088,515858432,3716,3716
1716087128.1460328,515858432,3202,3202
1716087129.1472042,515858432,2937,2937
1716087130.1483917,515858432,4241,4241
1716087131.1496296,515858432,2729,2729
1716087132.1508234,515858432,2042,2042
1716087133.1520443,515858432,7406,7406
1716087134.1528683,515858432,5063,5063
1716087135.1540942,515858432,4890,4890
1716087136.155331,515858432,2832,2832
1716087137.1565478,515858432,3930,3930
1716087138.1570702,515858432,2129,2129
1716087139.1582894,515858432,6826,6826
1716087140.1595123,515858432,4469,4469
1716087141.1607792,515858432,2455,2455
1716087142.162005,515858432,4477,4477
1716087143.1632285,515858432,4277,4277
1716087144.1644452,515858432,1637,1637
1716087145.1648588,515858432,1649,1649
1716087146.166121,515858432,0,0
1716087147.167357,515858432,311,311
1716087148.1685784,515858432,456,456
1716087149.168871,515858432,155,155
1716087150.170096,515858432,0,0
1716087151.1713336,515858432,0,0
1716087152.1725657,515858432,914,914
1716087153.1737971,515858432,643,643
1716087154.1750424,515858432,155,155
1716087155.1762586,515858432,0,0
1716087156.17689,515858432,0,0
1716087157.1778436,515858432,1457974536,1457974536
1716087158.1790922,515858432,413800544,413800544
1716087159.180327,515858432,496,496
1716087160.1815603,515858432,0,0
1716087161.182795,515858432,707,707
1716087162.1840076,515858432,7610884,7610884
1716087163.1852221,515858432,2657686351,2657686351
1716087164.1864533,515858432,844005756,844005756
1716087165.1876717,515858432,156,156
1716087166.1888485,515858432,104,104
1716087167.1900437,515858432,0,0
1716087168.1912427,515858432,552,552
1716087169.1924353,515858432,368,368
1716087170.192829,515858432,238173114,238173114
1716087171.1939871,515858432,0,0
1716087172.195159,515858432,0,0
1716087173.1963282,515858432,448,448
1716087174.1968048,515858432,152,152
1716087175.197969,515858432,0,0
1716087176.1991515,515858432,2228,2228
1716087177.2003233,515858432,2518,2518
1716087178.2008092,515858432,5527,5527
1716087179.2019799,515858432,6739,6739
1716087180.2031503,515858432,1869,1869
1716087181.204319,515858432,402,402
1716087182.2048068,515858432,741,741
1716087183.2059915,515858432,6241,6241
1716087184.2071686,515858432,3793,3793
1716087185.208341,515858432,5764,5764
1716087186.2088106,515858432,2454,2454
1716087187.2099779,515858432,2270,2270
1716087188.211145,515858432,2474,2474
1716087189.2123063,515858432,1874,1874
1716087190.2128344,515858432,1790,1790
1716087191.2139974,515858432,4760,4760
1716087192.215189,515858432,4508,4508
1716087193.2163446,515858432,2957,2957
1716087194.2168121,515858432,3642,3642
1716087195.2179873,515858432,4284,4284
1716087196.219148,515858432,3615,3615
1716087197.220315,515858432,3367,3367
1716087198.220829,515858432,5530,5530
1716087199.2219915,515858432,4927,4927
1716087200.2231596,515858432,4041,4041
1716087201.224323,515858432,5105,5105
1716087202.2248113,515858432,4481,4481
1716087203.225992,515858432,1035,1035
1716087204.2272131,515858432,7699,7699
1716087205.2283707,515858432,4878,4878
1716087206.22882,515858432,4821,4821
1716087207.2300122,515858432,4527,4527
1716087208.230214,515858432,2952,2952
1716087209.2314074,515858432,3533,3533
1716087210.232603,515858432,661,661
1716087211.2328243,515858432,2667,2667
1716087212.2338421,515858432,3442,3442
1716087213.2350068,515858432,4404,4404
1716087214.236175,515858432,2823,2823
1716087215.236836,515858432,3629,3629
1716087216.2379992,515858432,2563,2563
1716087217.239174,515858432,1752,1752
1716087218.2403429,515858432,3921,3921
1716087219.240809,515858432,2241,2241
1716087220.2419832,515858432,3661,3661
1716087221.243157,515858432,4499,4499
1716087222.2443202,515858432,6688,6688
1716087223.2448254,515858432,6255,6255
1716087224.2460093,515858432,5737,5737
1716087225.2471814,515858432,948,948
1716087226.2483716,515858432,6539,6539
1716087227.2488027,515858432,4296,4296
1716087228.2499774,515858432,6470,6470
1716087229.251146,515858432,6738,6738
1716087230.2523134,515858432,1760,1760
1716087231.2528067,515858432,2068,2068
1716087232.2539735,515858432,398,398
1716087233.2551372,515858432,7594,7594
1716087234.25632,515858432,3114,3114
1716087235.2567954,515858432,4393,4393
1716087236.257969,515858432,2962,2962
1716087237.2591403,515858432,516,516
1716087238.2603247,515858432,2958,2958
1716087239.260805,515858432,3494,3494
1716087240.2619784,515858432,4001,4001
1716087241.263154,515858432,3819,3819
1716087242.2643175,515858432,3432,3432
1716087243.2648025,515858432,4335,4335
1716087244.2660117,515858432,3536,3536
1716087245.267211,515858432,947,947
1716087246.2684007,515858432,5362,5362
1716087247.2688336,515858432,2619,2619
1716087248.2700377,515858432,4784,4784
1716087249.2712343,515858432,3976,3976
1716087250.272414,515858432,2591,2591
1716087251.2728271,515858432,3141,3141
1716087252.2740104,515858432,2154,2154
1716087253.2751994,515858432,5325,5325
1716087254.2763808,515858432,4224,4224
1716087255.2768226,515858432,4023,4023
1716087256.2780058,515858432,3491,3491
1716087257.2792008,515858432,4930,4930
1716087258.2803931,515858432,3463,3463
1716087259.2808316,515858432,5159,5159
1716087260.2820249,515858432,3846,3846
1716087261.283219,515858432,4357,4357
1716087262.2844064,515858432,4574,4574
1716087263.2849493,515858432,4302,4302
1716087264.2853565,515858432,1361,1361
1716087265.2865586,515858432,4529,4529
1716087266.287742,515858432,4210,4210
1716087267.2888346,515858432,4100,4100
1716087268.2899945,515858432,4500,4500
1716087269.2911565,515858432,3483,3483
1716087270.2923267,515858432,948,948
1716087271.292809,515858432,4664,4664
1716087272.2939906,515858432,4714,4714
1716087273.2952032,515858432,6420,6420
1716087274.2963939,515858432,20303,20303
1716087275.2968516,515858432,5325,5325
1716087276.2980664,515858432,3043,3043
1716087277.299259,515858432,2005,2005
1716087278.3004591,515858432,7079,7079
1716087279.3008292,515858432,2389,2389
1716087280.3020184,515858432,5167,5167
1716087281.3032181,515858432,4748,4748
1716087282.3044164,515858432,11145,11145
1716087283.3048286,515858432,6264,6264
1716087284.306034,515858432,5518,5518
1716087285.3072383,515858432,5646,5646
1716087286.308472,515858432,3469,3469
1716087287.3092794,515858432,3059,3059
1716087288.3108692,515858432,461,461
1716087289.3121092,515858432,157,157
1716087290.3128722,515858432,0,0
1716087291.3140733,515858432,0,0
1716087292.31531,515858432,0,0
1716087293.3177104,515858432,344,344
1716087294.3189378,515858432,152,152
1716087295.320343,515858432,0,0
1716087296.32087,515858432,0,0
1716087297.3232007,515858432,0,0
1716087298.3244252,515858432,448,448
1716087299.324838,515858432,152,152
1716087300.3260086,515858432,1178,1178
1716087301.3271797,515858432,91050,91050
1716087302.328337,515858432,152,152
1716087303.32879,515858432,457,457
1716087304.329972,515858432,155,155
1716087305.3310223,515858432,0,0
1716087306.3322194,515858432,0,0
1716087307.3328018,515858432,0,0
1716087308.3339632,515858432,448,448
1716087309.3351262,515858432,152,152
1716087310.336308,515858432,0,0
1716087311.3367958,515858432,0,0
1716087312.3379629,515858432,0,0
1716087313.3391275,515858432,448,448
1716087314.3402848,515858432,152,152
1716087315.340798,515858432,0,0
1716087316.341975,515858432,0,0
1716087317.34315,515858432,1520,1520
1716087318.3443384,515858432,152,152
1716087319.344792,515858432,344,344
1716087320.3459651,515858432,0,0
1716087321.3471508,515858432,0,0
1716087322.3483086,515858432,0,0
1716087323.3487978,515858432,448,448
1716087324.3499541,515858432,152,152
1716087325.3511288,515858432,0,0
1716087326.3522997,515858432,0,0
1716087327.352801,515858432,0,0
1716087328.353962,515858432,448,448
1716087329.35434,515858432,152,152
1716087330.3555367,515858432,0,0
1716087331.3567653,515858432,0,0
1716087332.3579748,515858432,0,0
1716087333.3591604,515858432,448,448
1716087334.3603456,515858432,152,152
1716087335.3615847,515858432,0,0
1716087336.3627644,515858432,0,0
1716087337.3639631,515858432,0,0
1716087338.3648183,515858432,33609061,33609061
1716087339.366026,515858432,753768257,753768257
1716087340.3672242,515858432,0,0
1716087341.3684194,515858432,0,0
1716087342.3696275,515858432,34642962,34642962
1716087343.3708854,515858432,1558399891,1558399891
1716087344.3720963,515858432,1383527382,1383527382
1716087345.3728313,515858432,0,0
1716087346.3740118,515858432,0,0
1716087347.3752213,515858432,3833,3833
1716087348.3764706,515858432,7005,7005
1716087349.3768463,515858432,4413,4413
1716087350.378092,515858432,5999,5999
1716087351.3792841,515858432,7480,7480
1716087352.3804834,515858432,7115,7115
1716087353.380829,515858432,7816,7816
1716087354.382018,515858432,7562,7562
1716087355.3831954,515858432,2750,2750
1716087356.3843944,515858432,4289,4289
1716087357.3848236,515858432,5084,5084
1716087358.3858087,515858432,3840,3840
1716087359.3869889,515858432,4236,4236
1716087360.3881676,515858432,6583,6583
1716087361.3888407,515858432,4220,4220
1716087362.390046,515858432,2513,2513
1716087363.3912377,515858432,8092,8092
1716087364.391905,515858432,6041,6041
1716087365.3928318,515858432,4440,4440
1716087366.394014,515858432,6090,6090
1716087367.3952043,515858432,6744,6744
1716087368.3963923,515858432,4359,4359
1716087369.3968341,515858432,8065,8065
1716087370.3980029,515858432,6876,6876
1716087371.399218,515858432,6805,6805
1716087372.4001708,515858432,7055,7055
1716087373.4008305,515858432,7714,7714
1716087374.4020293,515858432,4711,4711
1716087375.4032307,515858432,5548,5548
1716087376.4044383,515858432,5597,5597
1716087377.4048433,515858432,4565,4565
1716087378.4060721,515858432,6003,6003
1716087379.407025,515858432,6353,6353
1716087380.4082143,515858432,4817,4817
1716087381.4088063,515858432,6891,6891
1716087382.4099119,515858432,7489,7489
1716087383.4110987,515858432,7148,7148
1716087384.4122877,515858432,7322,7322
1716087385.4128325,515858432,4659,4659
1716087386.4140234,515858432,3670,3670
1716087387.4152234,515858432,6595,6595
1716087388.4164574,515858432,5407,5407
1716087389.4168746,515858432,7179,7179
1716087390.4181857,515858432,1968,1968
1716087391.4194164,515858432,4179,4179
1716087392.4206913,515858432,2539,2539
1716087393.421931,515858432,2222,2222
1716087394.423741,515858432,1435,1435
1716087395.4248462,515858432,1566,1566
1716087396.4260454,515858432,3780,3780
1716087397.427234,515858432,0,0
1716087398.428415,515858432,619,619
1716087399.4294245,515858432,155,155
1716087400.4306197,515858432,0,0
1716087401.431802,515858432,2725,2725
1716087402.432826,515858432,2008,2008
1716087403.434019,515858432,408,408
1716087404.4352007,515858432,156,156
1716087405.4363809,515858432,0,0
1716087406.436832,515858432,277,277
1716087407.4380193,515858432,298,298
1716087408.439209,515858432,3995,3995
1716087409.4404004,515858432,334,334
1716087410.440838,515858432,159,159
1716087411.4420283,515858432,1263,1263
1716087412.4432263,515858432,852,852
1716087413.4444091,515858432,695,695
1716087414.4448502,515858432,155,155
1716087415.446049,515858432,0,0
1716087416.4472444,515858432,0,0
1716087417.4484367,515858432,0,0
1716087418.4488318,515858432,396,396
1716087419.4500227,515858432,152,152
1716087420.4512117,515858432,0,0
1716087421.4523945,515858432,0,0
1716087422.4530585,515858432,0,0
1716087423.45424,515858432,344,344
1716087424.455425,515858432,152,152
1716087425.4566197,515858432,0,0
1716087426.457806,515858432,51431227,51431227
1716087427.4589953,515858432,0,0
1716087428.460185,515858432,448,448
1716087429.4613738,515858432,152,152
1716087430.4625723,515858432,34644981,34644981
1716087431.463775,515858432,0,0
1716087432.4648468,515858432,0,0
1716087433.466052,515858432,448,448
1716087434.4672573,515858432,533214620,533214620
1716087435.468447,515858432,0,0
1716087436.468831,515858432,0,0
1716087437.4700272,515858432,0,0
1716087438.4712179,515858432,4200894,4200894
1716087439.472475,515858432,1621800621,1621800621
1716087440.4728615,515858432,1518379336,1518379336
1716087441.474068,515858432,0,0
1716087442.4752636,515858432,0,0
1716087443.4764583,515858432,5566,5566
1716087444.4768457,515858432,3632,3632
1716087445.4780447,515858432,5451,5451
1716087446.479212,515858432,5272,5272
1716087447.4803853,515858432,6915,6915
1716087448.4808216,515858432,8088,8088
1716087449.4819953,515858432,6346,6346
1716087450.4831662,515858432,1970,1970
1716087451.4843438,515858432,3730,3730
1716087452.4847999,515858432,6924,6924
1716087453.4859993,515858432,8123,8123
1716087454.4871776,515858432,7002,7002
1716087455.4878724,515858432,5336,5336
1716087456.4888346,515858432,3298,3298
1716087457.4900231,515858432,4560,4560
1716087458.491214,515858432,5077,5077
1716087459.4924107,515858432,7116,7116
1716087460.492818,515858432,4826,4826
1716087461.4939969,515858432,7079,7079
1716087462.4951687,515858432,7119,7119
1716087463.4963408,515858432,2154,2154
1716087464.496818,515858432,4111,4111
1716087465.4980183,515858432,5242,5242
1716087466.499184,515858432,5883,5883
1716087467.5003505,515858432,8114,8114
1716087468.5008113,515858432,7766,7766
1716087469.5019772,515858432,4751,4751
1716087470.5031497,515858432,7507,7507
1716087471.5036669,515858432,4657,4657
1716087472.504833,515858432,4701,4701
1716087473.5058029,515858432,7134,7134
1716087474.5065548,515858432,7124,7124
1716087475.50719,515858432,4251,4251
1716087476.5083637,515858432,7579,7579
1716087477.5088017,515858432,6618,6618
1716087478.5099719,515858432,7682,7682
1716087479.5111444,515858432,7759,7759
1716087480.5123153,515858432,6575,6575
1716087481.512826,515858432,3960,3960
1716087482.5140078,515858432,6482,6482
1716087483.5148268,515858432,4037,4037
1716087484.51604,515858432,5987,5987
1716087485.5169103,515858432,6151,6151
1716087486.5181344,515858432,3990,3990
1716087487.5192032,515858432,2138,2138
1716087488.5204973,515858432,854,854
1716087489.5208297,515858432,1622,1622
1716087490.5220406,515858432,0,0
1716087491.5232728,515858432,745,745
1716087492.524522,515858432,726,726
1716087493.5250742,515858432,1554,1554
1716087494.5263026,515858432,885,885
1716087495.5276158,515858432,730,730
1716087496.5289383,515858432,1514,1514
1716087497.530141,515858432,0,0
1716087498.5314345,515858432,1078,1078
1716087499.5327146,515858432,1663,1663
1716087500.5339792,515858432,0,0
1716087501.5351858,515858432,0,0
1716087502.5364008,515858432,934,934
1716087503.5368745,515858432,1570,1570
1716087504.5382087,515858432,155,155
1716087505.5394335,515858432,731,731
1716087506.5407248,515858432,1528,1528
1716087507.5421417,515858432,0,0
1716087508.5433667,515858432,1170,1170
1716087509.544591,515858432,1569,1569
1716087510.5449297,515858432,0,0
1716087511.5462036,515858432,786,786
1716087512.5474172,515858432,1424,1424
1716087513.548738,515858432,8011,8011
1716087514.5499792,515858432,9902,9902
1716087515.5512123,515858432,7058,7058
1716087516.5524447,515858432,1384,1384
1716087517.5529068,515858432,793,793
1716087518.554129,515858432,3542,3542
1716087519.5553641,515858432,552,552
1716087520.556598,515858432,0,0
1716087521.5568995,515858432,4542,4542
1716087522.5581186,515858432,614,614
1716087523.5593438,515858432,1028,1028
1716087524.5605834,515858432,2098,2098
1716087525.56095,515858432,0,0
1716087526.5621712,515858432,738,738
1716087527.56356,515858432,727,727
1716087528.5648158,515858432,404,404
1716087529.5660486,515858432,1970,1970
1716087530.5673301,515858432,950,950
1716087531.5685751,515858432,306,306
1716087532.5688558,515858432,1573,1573
1716087533.5700934,515858432,405,405
1716087534.5712953,515858432,492,492
1716087535.572545,515858432,1931,1931
1716087536.5728953,515858432,0,0
1716087537.574127,515858432,1090,1090
1716087538.5754254,515858432,1241,1241
1716087539.576658,515858432,5828,5828
1716087540.5778847,515858432,2033,2033
1716087541.5791335,515858432,501,501
1716087542.5803537,515858432,4598,4598
1716087543.5808516,515858432,4921,4921
1716087544.582065,515858432,5304,5304
1716087545.583284,515858432,7353,7353
1716087546.5844884,515858432,4460,4460
1716087547.5857127,515858432,4510,4510
1716087548.586942,515858432,5194,5194
1716087549.588178,515858432,4391,4391
1716087550.5894003,515858432,4563,4563
1716087551.5906188,515858432,5338,5338
1716087552.5918374,515858432,5625,5625
1716087553.5930703,515858432,2089,2089
1716087554.5942807,515858432,6033,6033
1716087555.595494,515858432,6441,6441
1716087556.59673,515858432,4704,4704
1716087557.5979586,515858432,6511,6511
1716087558.5991488,515858432,7620,7620
1716087559.6004016,515858432,5785,5785
1716087560.6008728,515858432,4900,4900
1716087561.6021214,515858432,3952,3952
1716087562.6033697,515858432,3790,3790
1716087563.60463,515858432,4533,4533
1716087564.6048837,515858432,4723,4723
1716087565.6062026,515858432,1906,1906
1716087566.607489,515858432,4355,4355
1716087567.6088006,515858432,3646,3646
1716087568.6100948,515858432,4782,4782
1716087569.6113255,515858432,6343,6343
1716087570.61252,515858432,4777,4777
1716087571.6137283,515858432,6445,6445
1716087572.6149216,515858432,4199,4199
1716087573.6161234,515858432,7365,7365
1716087574.6173246,515858432,6504,6504
1716087575.618531,515858432,3427,3427
1716087576.6197217,515858432,3998,3998
1716087577.6209204,515858432,6582,6582
1716087578.6221218,515858432,3708,3708
1716087579.6233048,515858432,5300,5300
1716087580.6244898,515858432,4799,4799
1716087581.624837,515858432,5657,5657
1716087582.6260612,515858432,2613,2613
1716087583.6272666,515858432,622,622
1716087584.6284857,515858432,0,0
1716087585.6288383,515858432,0,0
1716087586.6300397,515858432,0,0
1716087587.6312351,515858432,0,0
1716087588.6324337,515858432,600,600
1716087589.6328454,515858432,3230,3230
1716087590.6340542,515858432,2254,2254
1716087591.635256,515858432,0,0
1716087592.636454,515858432,501,501
1716087593.6368365,515858432,561,561
1716087594.6380515,515858432,1041,1041
1716087595.6392524,515858432,0,0
1716087596.6404598,515858432,1581,1581
1716087597.6416707,515858432,14700,14700
1716087598.643073,515858432,1584099105,1584099105
1716087599.6442547,515858432,287668592,287668592
1716087600.6454453,515858432,926,926
1716087601.646621,515858432,90983,90983
1716087602.6478,515858432,631621429,631621429
1716087603.648838,515858432,573201490,573201490
1716087604.6500318,515858432,2430516848,2430516848
1716087605.651239,515858432,67295,67295
1716087606.652415,515858432,2034,2034
1716087607.6528132,515858432,1194,1194
1716087608.6539872,515858432,19530987,19530987
1716087609.6551654,515858432,90528295,90528295
1716087610.656341,515858432,0,0
1716087611.6575356,515858432,2160,2160
1716087612.6587126,515858432,0,0
1716087613.6598902,515858432,840,840
1716087614.6608129,515858432,0,0
1716087615.6619835,515858432,3681,3681
1716087616.6631615,515858432,4402,4402
1716087617.664345,515858432,4123,4123
1716087618.665536,515858432,3875,3875
1716087619.6667113,515858432,3123,3123
1716087620.6679094,515858432,6229,6229
1716087621.6688066,515858432,3365,3365
1716087622.669252,515858432,4325,4325
1716087623.6704288,515858432,3582,3582
1716087624.6716108,515858432,5187,5187
1716087625.6728125,515858432,3251,3251
1716087626.673994,515858432,5589,5589
1716087627.6751788,515858432,3408,3408
1716087628.6763573,515858432,4071,4071
1716087629.6768186,515858432,5069,5069
1716087630.6780093,515858432,5371,5371
1716087631.6791928,515858432,4276,4276
1716087632.6803849,515858432,5460,5460
1716087633.681575,515858432,1694,1694
1716087634.6827586,515858432,4204,4204
1716087635.6839485,515858432,4100,4100
1716087636.6851523,515858432,4243,4243
1716087637.6863317,515858432,6757,6757
1716087638.6875172,515858432,3559,3559
1716087639.688715,515858432,4144,4144
1716087640.68925,515858432,4523,4523
1716087641.6904356,515858432,4178,4178
1716087642.6916173,515858432,4164,4164
1716087643.6928031,515858432,5958,5958
1716087644.6939883,515858432,1665,1665
1716087645.6951675,515858432,2863,2863
1716087646.6963449,515858432,4450,4450
1716087647.6968246,515858432,5474,5474
1716087648.698021,515858432,5165,5165
1716087649.6992064,515858432,4624,4624
1716087650.7004101,515858432,724,724
1716087651.7008097,515858432,3894,3894
1716087652.7020025,515858432,4194,4194
1716087653.7031806,515858432,2756,2756
1716087654.704358,515858432,3226,3226
1716087655.7048173,515858432,3303,3303
1716087656.706004,515858432,1753,1753
1716087657.7071834,515858432,5404,5404
1716087658.7083745,515858432,2409,2409
1716087659.7088082,515858432,5889,5889
1716087660.7099903,515858432,6146,6146
1716087661.7111905,515858432,4915,4915
1716087662.7123756,515858432,2573,2573
1716087663.7128217,515858432,6581,6581
1716087664.7140055,515858432,1877,1877
1716087665.7151868,515858432,3820,3820
1716087666.716372,515858432,4084,4084
1716087667.716816,515858432,4325,4325
1716087668.7179985,515858432,4445,4445
1716087669.719177,515858432,6791,6791
1716087670.7203536,515858432,4016,4016
1716087671.7215412,515858432,4242,4242
1716087672.7227228,515858432,6986,6986
1716087673.7239015,515858432,4776,4776
1716087674.7250855,515858432,3251,3251
1716087675.7262695,515858432,4143,4143
1716087676.7274516,515858432,1926,1926
1716087677.7286286,515858432,3491,3491
1716087678.7298112,515858432,4076,4076
1716087679.730997,515858432,3904,3904
1716087680.7321742,515858432,3084,3084
1716087681.7333534,515858432,2618,2618
1716087682.7345345,515858432,4724,4724
1716087683.735719,515858432,4731,4731
1716087684.7369022,515858432,4153,4153
1716087685.7380886,515858432,4168,4168
1716087686.739277,515858432,4191,4191
1716087687.7404616,515858432,2502,2502
1716087688.7416422,515858432,4532,4532
1716087689.7428298,515858432,3462,3462
1716087690.743087,515858432,3205,3205
1716087691.744273,515858432,4119,4119
1716087692.7448285,515858432,2468,2468
1716087693.746023,515858432,2812,2812
1716087694.747209,515858432,5193,5193
1716087695.7483985,515858432,4032,4032
1716087696.7488122,515858432,2595,2595
1716087697.7499971,515858432,4036,4036
1716087698.7511716,515858432,4640,4640
1716087699.7523477,515858432,2856,2856
1716087700.7528107,515858432,7298,7298
1716087701.7539868,515858432,4157,4157
1716087702.7551737,515858432,5147,5147
1716087703.756359,515858432,3460,3460
1716087704.7568061,515858432,3707,3707
1716087705.7579896,515858432,3836,3836
1716087706.7591813,515858432,4938,4938
1716087707.760367,515858432,3448,3448
1716087708.7608202,515858432,4558,4558
1716087709.7620015,515858432,1278,1278
1716087710.7631898,515858432,3965,3965
1716087711.764363,515858432,1195,1195
1716087712.764603,515858432,1666,1666
1716087713.76483,515858432,5858,5858
1716087714.7660446,515858432,3111,3111
1716087715.7672324,515858432,2549,2549
1716087716.7685041,515858432,2916,2916
1716087717.7696648,515858432,3634,3634
1716087718.7708583,515858432,1601,1601
1716087719.7720633,515858432,5979,5979
1716087720.7728438,515858432,5758,5758
1716087721.7740564,515858432,6130,6130
1716087722.7747126,515858432,4190,4190
1716087723.7759132,515858432,6093,6093
1716087724.776909,515858432,1363,1363
1716087725.7786372,515858432,908,908
1716087726.7802634,515858432,152,152
1716087727.780929,515858432,158,158
1716087728.7822936,515858432,611,611
1716087729.7840044,515858432,0,0
1716087730.7845175,515858432,0,0
1716087731.785791,515858432,0,0
1716087732.7871652,515858432,0,0
1716087733.7888415,515858432,600,600
1716087734.7899845,515858432,0,0
1716087735.7912393,515858432,0,0
1716087736.7925048,515858432,0,0
1716087737.7928448,515858432,1144,1144
1716087738.7940326,515858432,505,505
1716087739.7952142,515858432,0,0
1716087740.7964025,515858432,950,950
1716087741.7968173,515858432,0,0
1716087742.7980568,515858432,0,0
1716087743.7992475,515858432,600,600
1716087744.8004434,515858432,0,0
1716087745.8016365,515858432,0,0
1716087746.8028324,515858432,0,0
1716087747.8040164,515858432,0,0
1716087748.8048246,515858432,600,600
1716087749.8060253,515858432,0,0
1716087750.8072002,515858432,0,0
1716087751.808375,515858432,0,0
1716087752.808835,515858432,0,0
1716087753.810017,515858432,496,496
1716087754.8112001,515858432,0,0
1716087755.81238,515858432,0,0
1716087756.8128397,515858432,0,0
1716087757.8140285,515858432,0,0
1716087758.815205,515858432,600,600
1716087759.8163877,515858432,0,0
1716087760.8168159,515858432,0,0
1716087761.818009,515858432,0,0
1716087762.8192244,515858432,0,0
1716087763.8204424,515858432,600,600
1716087764.8208451,515858432,0,0
1716087765.82205,515858432,0,0
1716087766.8232276,515858432,4200274,4200274
1716087767.824417,515858432,0,0
1716087768.824823,515858432,600,600
1716087769.8260372,515858432,0,0
1716087770.8272116,515858432,0,0
1716087771.8283918,515858432,5248313,5248313
1716087772.82881,515858432,0,0
1716087773.8300014,515858432,496,496
1716087774.8312473,515858432,280137370,280137370
1716087775.8324962,515858432,1138316000,1138316000
1716087776.832878,515858432,880442144,880442144
1716087777.8341088,515858432,0,0
1716087778.8353367,515858432,600,600
1716087779.8365521,515858432,2523,2523
1716087780.8368664,515858432,1455451788,1455451788
1716087781.838101,515858432,3704,3704
1716087782.8394542,515858432,3991,3991
1716087783.8407502,515858432,7441,7441
1716087784.8420084,515858432,7774,7774
1716087785.8432734,515858432,3377,3377
1716087786.8445437,515858432,5287,5287
1716087787.8458202,515858432,5234,5234
1716087788.8470783,515858432,4901,4901
1716087789.8483176,515858432,7283,7283
1716087790.8488955,515858432,8033,8033
1716087791.8501663,515858432,1614,1614
1716087792.8514078,515858432,7541,7541
1716087793.8526945,515858432,7878,7878
1716087794.853936,515858432,6839,6839
1716087795.8551564,515858432,7444,7444
1716087796.8563612,515858432,6313,6313
1716087797.8568392,515858432,2360,2360
1716087798.8580554,515858432,5795,5795
1716087799.8583252,515858432,6296,6296
1716087800.8594768,515858432,7115,7115
1716087801.86071,515858432,5605,5605
1716087802.8619282,515858432,6275,6275
1716087803.8631353,515858432,4724,4724
1716087804.8643255,515858432,5999,5999
1716087805.86484,515858432,5699,5699
1716087806.8661056,515858432,6216,6216
1716087807.8672981,515858432,6219,6219
1716087808.868489,515858432,6465,6465
1716087809.8688605,515858432,4682,4682
1716087810.8700917,515858432,5213,5213
1716087811.8712883,515858432,3370,3370
1716087812.8725,515858432,5220,5220
1716087813.8728528,515858432,7242,7242
1716087814.8740706,515858432,5279,5279
1716087815.8752947,515858432,2930,2930
1716087816.876508,515858432,6307,6307
1716087817.8768535,515858432,5871,5871
1716087818.8780642,515858432,8062,8062
1716087819.8792756,515858432,7425,7425
1716087820.8804913,515858432,6500,6500
1716087821.8808486,515858432,7169,7169
1716087822.8821456,515858432,805,805
1716087823.8833776,515858432,8120,8120
1716087824.8837876,515858432,5257,5257
1716087825.8845265,515858432,4385,4385
1716087826.8849344,515858432,4508,4508
1716087827.8861744,515858432,1897,1897
1716087828.8874376,515858432,3226,3226
1716087829.8887906,515858432,287,287
1716087830.8899975,515858432,151,151
1716087831.891196,515858432,152,152
1716087832.8924086,515858432,0,0
1716087833.8936696,515858432,606,606
1716087834.8948963,515858432,0,0
1716087835.8960946,515858432,0,0
1716087836.8968244,515858432,0,0
1716087837.898016,515858432,0,0
1716087838.8992076,515858432,496,496
1716087839.9004006,515858432,0,0
1716087840.900836,515858432,0,0
1716087841.9020689,515858432,0,0
1716087842.903288,515858432,0,0
1716087843.9044845,515858432,600,600
1716087844.9048283,515858432,0,0
1716087845.906056,515858432,0,0
1716087846.9072564,515858432,0,0
1716087847.9084463,515858432,0,0
1716087848.9096532,515858432,600,600
1716087849.9108875,515858432,0,0
1716087850.91211,515858432,0,0
1716087851.912834,515858432,0,0
1716087852.914052,515858432,0,0
1716087853.9152663,515858432,600,600
1716087854.9164655,515858432,0,0
1716087855.917664,515858432,0,0
1716087856.9188612,515858432,0,0
1716087857.9200697,515858432,0,0
1716087858.9208453,515858432,5382005,5382005
1716087859.922051,515858432,0,0
1716087860.9232435,515858432,0,0
1716087861.9244413,515858432,0,0
1716087862.9248803,515858432,362071554,362071554
1716087863.9261174,515858432,773,773
1716087864.9273667,515858432,0,0
1716087865.9285858,515858432,0,0
1716087866.9288628,515858432,17841277,17841277
1716087867.930103,515858432,1460200407,1460200407
1716087868.9313114,515858432,325607404,325607404
1716087869.9325056,515858432,0,0
1716087870.9328427,515858432,0,0
1716087871.9340584,515858432,3988,3988
1716087872.9352643,515858432,1593001410,1593001410
1716087873.9364672,515858432,3856,3856
1716087874.9368453,515858432,4590,4590
1716087875.9371457,515858432,5898,5898
1716087876.938373,515858432,3584,3584
1716087877.9395788,515858432,5555,5555
1716087878.9408023,515858432,5035,5035
1716087879.9420044,515858432,6656,6656
1716087880.9432058,515858432,7708,7708
1716087881.9443967,515858432,8087,8087
1716087882.9448307,515858432,7469,7469
1716087883.9460392,515858432,2283,2283
1716087884.947229,515858432,4091,4091
1716087885.9484138,515858432,7336,7336
1716087886.9496253,515858432,4541,4541
1716087887.9508445,515858432,7614,7614
1716087888.9520607,515858432,7512,7512
1716087889.952846,515858432,7599,7599
1716087890.9540536,515858432,4409,4409
1716087891.9552631,515858432,2562,2562
1716087892.9564836,515858432,2775,2775
1716087893.9577045,515858432,711,711
1716087894.9589133,515858432,485,485
1716087895.9601243,515858432,8400,8400
1716087896.960854,515858432,6923,6923
1716087897.9620824,515858432,5321,5321
1716087898.9632854,515858432,6385,6385
1716087899.964508,515858432,7316,7316
1716087900.965728,515858432,3746,3746
1716087901.9669323,515858432,94661,94661
1716087902.968138,515858432,4572,4572
1716087903.9688435,515858432,6100,6100
1716087904.9700527,515858432,5086,5086
1716087905.971257,515858432,6383,6383
1716087906.972465,515858432,4586,4586
1716087907.972846,515858432,3448,3448
1716087908.9740515,515858432,4334,4334
1716087909.9752548,515858432,5703,5703
1716087910.9764514,515858432,5205,5205
1716087911.97684,515858432,7012,7012
1716087912.9780602,515858432,6156,6156
1716087913.9792657,515858432,5395,5395
1716087914.9805987,515858432,6348,6348
1716087915.9809492,515858432,4435,4435
1716087916.9822054,515858432,7681,7681
1716087917.9834752,515858432,6479,6479
1716087918.9847918,515858432,5176,5176
1716087919.9861565,515858432,3985,3985
1716087920.9874518,515858432,841,841
1716087921.9887738,515858432,0,0
1716087922.990025,515858432,1096,1096
1716087923.9913118,515858432,1423,1423
1716087924.9925754,515858432,733,733
1716087925.992928,515858432,0,0
1716087926.9942193,515858432,777,777
1716087927.9955006,515858432,1161,1161
1716087928.9967937,515858432,827,827
1716087929.9980693,515858432,740,740
1716087930.9993062,515858432,779,779
1716087932.0005891,515858432,0,0
1716087933.000943,515858432,1829,1829
1716087934.0022047,515858432,931,931
1716087935.003514,515858432,0,0
1716087936.0048194,515858432,303,303
1716087937.0060933,515858432,1528,1528
1716087938.0074775,515858432,1186,1186
1716087939.0088181,515858432,155,155
1716087940.0100665,515858432,221,221
1716087941.011347,515858432,656,656
1716087942.0126724,515858432,0,0
1716087943.0139453,515858432,1745,1745
1716087944.0152588,515858432,1171,1171
1716087945.0165339,515858432,190,190
1716087946.0169516,515858432,543,543
1716087947.0182126,515858432,855,855
1716087948.0194452,515858432,1363,1363
1716087949.020765,515858432,434,434
1716087950.0220516,515858432,720,720
1716087951.023325,515858432,733,733
1716087952.0246341,515858432,735,735
1716087953.0249193,515858432,890,890
1716087954.0261703,515858432,3660,3660
1716087955.0274248,515858432,2987,2987
1716087956.0278118,515858432,1502,1502
1716087957.0289974,515858432,1464,1464
1716087958.0302432,515858432,2240,2240
1716087959.0315762,515858432,2513,2513
1716087960.0329928,515858432,2008,2008
1716087961.0343933,515858432,6768,6768
1716087962.0347478,515858432,5907,5907
1716087963.035954,515858432,8043,8043
1716087964.0371687,515858432,6064,6064
1716087965.0383692,515858432,5373,5373
1716087966.0395648,515858432,6755,6755
1716087967.0408013,515858432,4530,4530
1716087968.0420084,515858432,5029,5029
1716087969.0432143,515858432,4675,4675
1716087970.04442,515858432,5351,5351
1716087971.044839,515858432,6259,6259
1716087972.0460546,515858432,4537,4537
1716087973.0472977,515858432,2917,2917
1716087974.048509,515858432,7876,7876
1716087975.0488591,515858432,7116,7116
1716087976.050056,515858432,4304,4304
1716087977.0512874,515858432,4412,4412
1716087978.052504,515858432,7211,7211
1716087979.0528429,515858432,2415,2415
1716087980.0532935,515858432,1750,1750
1716087981.054579,515858432,5891,5891
1716087982.0558598,515858432,4820,4820
1716087983.0569575,515858432,4534,4534
1716087984.0582361,515858432,3347,3347
1716087985.0596118,515858432,5983,5983
1716087986.0601752,515858432,3789,3789
1716087987.0608745,515858432,4155,4155
1716087988.0620854,515858432,3712,3712
1716087989.0632992,515858432,2713,2713
1716087990.0644977,515858432,5104,5104
1716087991.0648503,515858432,4553,4553
1716087992.0660732,515858432,3374,3374
1716087993.0672696,515858432,1845,1845
1716087994.0684693,515858432,5826,5826
1716087995.068821,515858432,4162,4162
1716087996.0699925,515858432,5935,5935
1716087997.0711992,515858432,3440,3440
1716087998.0725203,515858432,3062,3062
1716087999.0729606,515858432,1113,1113
1716088000.0742981,515858432,363,363
1716088001.0756488,515858432,592,592
1716088002.0769796,515858432,161,161
1716088003.0782814,515858432,351,351
1716088004.0795643,515858432,4932,4932
1716088005.0809312,515858432,0,0
1716088006.0822873,515858432,260,260
1716088007.0836267,515858432,0,0
1716088008.0849986,515858432,404,404
1716088009.0863488,515858432,155,155
1716088010.0877187,515858432,1102,1102
1716088011.08897,515858432,0,0
1716088012.0903141,515858432,0,0
1716088013.091136,515858432,994,994
1716088014.0923586,515858432,155,155
1716088015.0928702,515858432,0,0
1716088016.0940444,515858432,1871722808,1871722808
1716088017.0952706,515858432,0,0
1716088018.0965035,515858432,6197206,6197206
1716088019.0977304,515858432,308,308
1716088020.0989468,515858432,529873627,529873627
1716088021.1001797,515858432,1336367153,1336367153
1716088022.1008437,515858432,98628,98628
1716088023.102068,515858432,700,700
1716088024.1032975,515858432,449,449
1716088025.104513,515858432,515616397,515616397
1716088026.1057444,515858432,1356454556,1356454556
1716088027.106969,515858432,0,0
1716088028.1081908,515858432,448,448
1716088029.1088498,515858432,532,532
1716088030.1100554,515858432,0,0
1716088031.1112442,515858432,1547,1547
1716088032.1123319,515858432,6328,6328
1716088033.1128526,515858432,1694,1694
1716088034.1140447,515858432,4538,4538
1716088035.115233,515858432,6712,6712
1716088036.1164227,515858432,1560,1560
1716088037.1168208,515858432,2128,2128
1716088038.1180253,515858432,3797,3797
1716088039.11923,515858432,7317,7317
1716088040.1204178,515858432,4370,4370
1716088041.1208282,515858432,4442,4442
1716088042.1220338,515858432,3768,3768
1716088043.12322,515858432,2756,2756
1716088044.1244216,515858432,4034,4034
1716088045.1248298,515858432,1777,1777
1716088046.126042,515858432,5261,5261
1716088047.1272364,515858432,2982,2982
1716088048.1284297,515858432,3618,3618
1716088049.1288383,515858432,2327,2327
1716088050.1300302,515858432,4033,4033
1716088051.1312165,515858432,677,677
1716088052.1324008,515858432,2434,2434
1716088053.1336105,515858432,4529,4529
1716088054.1348102,515858432,3694,3694
1716088055.1360264,515858432,3209,3209
1716088056.1368349,515858432,3424,3424
1716088057.1380582,515858432,4138,4138
1716088058.1392703,515858432,1732,1732
1716088059.1404686,515858432,4727,4727
1716088060.1408687,515858432,2908,2908
1716088061.1420686,515858432,6110,6110
1716088062.14329,515858432,4343,4343
1716088063.1445017,515858432,3488,3488
1716088064.1448395,515858432,718,718
1716088065.1460764,515858432,630,630
1716088066.1472814,515858432,865,865
1716088067.148493,515858432,2310,2310
1716088068.149704,515858432,5876,5876
1716088069.15092,515858432,4403,4403
1716088070.1521442,515858432,3770,3770
1716088071.1528437,515858432,1119,1119
1716088072.1540394,515858432,5768,5768
1716088073.1552424,515858432,828,828
1716088074.1564517,515858432,3523,3523
1716088075.1573544,515858432,830,830
1716088076.1585548,515858432,4479,4479
1716088077.1592858,515858432,6647,6647
1716088078.160477,515858432,4469,4469
1716088079.160884,515858432,4281,4281
1716088080.1620898,515858432,4265,4265
1716088081.1632915,515858432,4131,4131
1716088082.1644995,515858432,701,701
1716088083.1651995,515858432,5877,5877
1716088084.1664143,515858432,4724,4724
1716088085.1676528,515858432,3960,3960
1716088086.1688411,515858432,4498,4498
1716088087.1700425,515858432,3044,3044
1716088088.171262,515858432,3825,3825
1716088089.1724637,515858432,3286,3286
1716088090.172853,515858432,2569,2569
1716088091.1740692,515858432,3634,3634
1716088092.1752727,515858432,4248,4248
1716088093.1764832,515858432,3183,3183
1716088094.1776764,515858432,5282,5282
1716088095.1789045,515858432,2526,2526
1716088096.1800954,515858432,2671,2671
1716088097.1808264,515858432,2315,2315
1716088098.1820605,515858432,971,971
1716088099.1832585,515858432,4480,4480
1716088100.18447,515858432,4109,4109
1716088101.1856704,515858432,4525,4525
1716088102.186094,515858432,4438,4438
1716088103.1872933,515858432,2890,2890
1716088104.1879268,515858432,3746,3746
1716088105.1891727,515858432,4231,4231
1716088106.1895714,515858432,1708,1708
1716088107.1907718,515858432,3657,3657
1716088108.1919987,515858432,5932,5932
1716088109.193218,515858432,4433,4433
1716088110.1944473,515858432,4166,4166
1716088111.1956418,515858432,4706,4706
1716088112.196842,515858432,4546,4546
1716088113.1980278,515858432,2042,2042
1716088114.1992311,515858432,3653,3653
1716088115.1998,515858432,4073,4073
1716088116.2008457,515858432,6537,6537
1716088117.202043,515858432,1587,1587
1716088118.203241,515858432,6898,6898
1716088119.2044342,515858432,4368,4368
1716088120.205487,515858432,4178,4178
1716088121.2066762,515858432,1825,1825
1716088122.2078717,515858432,3687,3687
1716088123.2088275,515858432,2665,2665
1716088124.2100334,515858432,3791,3791
1716088125.2112472,515858432,4074,4074
1716088126.2124622,515858432,4958,4958
1716088127.2136583,515858432,3586,3586
1716088128.214873,515858432,1471,1471
1716088129.2160616,515858432,514,514
1716088130.216831,515858432,6659,6659
1716088131.218035,515858432,1470,1470
1716088132.2192216,515858432,4214,4214
1716088133.2204018,515858432,6867,6867
1716088134.220823,515858432,4438,4438
1716088135.221668,515858432,5361,5361
1716088136.2228653,515858432,2764,2764
1716088137.224055,515858432,1465,1465
1716088138.2252464,515858432,3503,3503
1716088139.2264473,515858432,3200,3200
1716088140.2276866,515858432,5343,5343
1716088141.2289822,515858432,2484,2484
1716088142.230259,515858432,0,0
1716088143.2315447,515858432,776,776
1716088144.2328548,515858432,154,154
1716088145.2340965,515858432,0,0
1716088146.2362292,515858432,0,0
1716088147.238208,515858432,0,0
1716088148.2398994,515858432,448,448
1716088149.2409213,515858432,152,152
1716088150.2421923,515858432,0,0
1716088151.2441792,515858432,0,0
1716088152.2448869,515858432,0,0
1716088153.2463186,515858432,448,448
1716088154.2475774,515858432,152,152
1716088155.248858,515858432,0,0
1716088156.2500498,515858432,1199,1199
1716088157.251243,515858432,0,0
1716088158.252456,515858432,304,304
1716088159.253663,515858432,397,397
1716088160.2548609,515858432,0,0
1716088161.2560518,515858432,0,0
1716088162.2572346,515858432,0,0
1716088163.2578626,515858432,870,870
1716088164.2590759,515858432,300,300
1716088165.2602756,515858432,0,0
1716088166.2608402,515858432,0,0
1716088167.262028,515858432,0,0
1716088168.2632236,515858432,152,152
1716088169.2644293,515858432,344,344
1716088170.2649057,515858432,0,0
1716088171.265272,515858432,0,0
1716088172.2664638,515858432,0,0
1716088173.2676592,515858432,448,448
1716088174.2688391,515858432,152,152
1716088175.2700565,515858432,0,0
1716088176.2712567,515858432,0,0
1716088177.2724407,515858432,0,0
1716088178.2736676,515858432,448,448
1716088179.2748876,515858432,152,152
1716088180.2761123,515858432,0,0
1716088181.276852,515858432,0,0
1716088182.2780669,515858432,0,0
1716088183.2784412,515858432,448,448
1716088184.2796435,515858432,152,152
1716088185.280862,515858432,0,0
1716088186.282055,515858432,33646624,33646624
1716088187.2832398,515858432,0,0
1716088188.2844298,515858432,448,448
1716088189.284832,515858432,152,152
1716088190.286076,515858432,0,0
1716088191.287284,515858432,0,0
1716088192.288518,515858432,0,0
1716088193.2897377,515858432,448,448
1716088194.2909682,515858432,549060812,549060812
1716088195.292186,519790592,4200577,4200577
1716088196.2928815,519790592,0,0
1716088197.294104,519790592,0,0
1716088198.295315,519790592,34644658,34644658
1716088199.2965567,1068818432,1649489418,1649489418
1716088202.8623545,5049417728,1492882704,1492882704
1716088203.8881993,3902558208,7709,7709
1716088204.9044535,3902558208,2661,2661
1716088205.9082825,3903049728,4079,4079
1716088206.930794,3903049728,4095,4095
1716088207.9464946,3903541248,4947,4947
1716088208.9719615,3903541248,7194,7194
1716088209.9776096,3904032768,7684,7684
1716088210.9957383,3904524288,7783,7783
1716088212.001974,3905015808,7371,7371
1716088213.030085,3905507328,2751,2751
1716088214.0425353,3905998848,4434,4434
1716088215.059701,3908456448,8766,8766
1716088216.072918,3910914048,7685,7685
1716088217.0989017,3911897088,7309,7309
1716088218.1310308,3912388608,7621,7621
1716088219.1521661,3913371648,7333,7333
1716088220.1769683,3913371648,1692,1692
1716088221.2042468,3914354688,7897,7897
1716088222.221426,3914354688,7289,7289
1716088223.2270007,3923791872,7953,7953
1716088224.2358243,3923791872,4599,4599
1716088225.2628822,3924774912,7477,7477
1716088226.2880614,3925266432,2982,2982
1716088227.3231034,3926740992,481,481
1716088228.3324578,3927232512,9572,9572
1716088229.3503594,3938045952,4721,4721
1716088230.371409,3953512448,7311,7311
1716088231.3954113,3954003968,7480,7480
1716088232.4191191,3954495488,7477,7477
1716088233.4401257,3955478528,3514,3514
1716088234.4541907,3955478528,4853,4853
1716088235.4738443,3955970048,6147,6147
1716088236.4844627,3957444608,5267,5267
1716088237.492332,3958427648,6607,6607
1716088238.5190141,3958427648,7754,7754
1716088239.5224018,3999223808,6572,6572
1716088240.5536551,4000206848,7366,7366
1716088241.5660012,4025765888,4220,4220
1716088242.5726311,4026748928,4975,4975
1716088243.5869725,4027240448,5679,5679
1716088244.5978246,4027240448,5983,5983
1716088245.6026397,4027240448,6553,6553
1716088246.603937,4059639808,2323,2323
1716088247.604836,4070543360,871,871
1716088248.606074,2774138880,1906,1906
1716088249.6072688,2774138880,992,992
1716088250.608501,2774138880,152,152
1716088251.6088548,2774138880,152,152
1716088252.6100724,2774138880,0,0
1716088253.6105883,2774138880,451,451
1716088254.6111958,2774138880,155,155
1716088255.612372,2774138880,0,0
1716088256.6128218,2774138880,0,0
1716088257.6140022,2774138880,0,0
1716088258.6151812,2774138880,304,304
1716088259.6163604,2774138880,192,192
1716088260.6168127,2774138880,0,0
1716088261.6179836,2774138880,0,0
1716088262.619224,2774138880,0,0
1716088263.620404,2774138880,548,548
1716088264.6208143,2774138880,52,52
1716088265.621997,2774138880,0,0
1716088266.6228197,2774138880,0,0
1716088267.6240165,2774138880,0,0
1716088268.6248088,2774138880,548,548
1716088269.626018,2774138880,52,52
1716088270.6272085,2774138880,0,0
1716088271.6283996,2774138880,0,0
1716088272.629603,2774138880,0,0
1716088273.6308298,2774138880,548,548
1716088274.63132,2774138880,52,52
1716088275.6325395,2774138880,0,0
1716088276.6328528,2774138880,0,0
1716088277.634083,2774138880,0,0
1716088278.6352675,2774138880,33615190,33615190
1716088279.6364355,2774138880,52,52
1716088280.6368122,2774138880,0,0
1716088281.637991,2774138880,0,0
1716088282.6392217,2774138880,806214181,806214181
1716088283.6404054,2774138880,721,721
1716088284.6415913,2774138880,52,52
1716088285.6427763,2774138880,0,0
1716088286.6440084,2774138880,0,0
1716088287.6448703,2774138880,376858251,376858251
1716088288.646111,2774138880,548,548
1716088289.646388,2774138880,52,52
1716088290.6476145,2774138880,25503246,25503246
1716088291.6488736,2774138880,1689585393,1689585393
1716088292.6501408,2774138880,832527736,832527736
1716088293.6513572,2774138880,548,548
1716088294.6525896,2774138880,3167,3167
1716088295.6529322,2774138880,4928,4928
1716088296.6541967,2774138880,6937,6937
1716088297.6554532,2774138880,4185,4185
1716088298.6572616,2774138880,3398,3398
1716088299.6585271,2774138880,2628,2628
1716088300.6597962,2774138880,4913,4913
1716088301.660906,2774138880,4823,4823
1716088302.6621532,2774138880,7020,7020
1716088303.6634142,2774138880,5412,5412
1716088304.6648912,2774138880,7211,7211
1716088305.66616,2774138880,4305,4305
1716088306.6674192,2774138880,3569,3569
1716088307.6705356,2774138880,4822,4822
1716088308.6717858,2774138880,5524,5524
1716088309.6729114,2774138880,6912,6912
1716088310.674163,2774138880,7080,7080
1716088311.6754243,2774138880,7238,7238
1716088312.6767006,2774138880,1184,1184
1716088313.6779578,2774138880,7355,7355
1716088314.6792245,2774138880,4580,4580
1716088315.6804688,2774138880,7281,7281
1716088316.680892,2774138880,7781,7781
1716088317.6821463,2774138880,7175,7175
1716088318.682977,2774138880,4813,4813
1716088319.6842325,2774138880,4517,4517
1716088320.6848915,2774138880,4606,4606
1716088321.6861563,2774138880,4741,4741
1716088322.6874177,2774138880,5431,5431
1716088323.688701,2774138880,4560,4560
1716088324.6899502,2774138880,5884,5884
1716088325.6912246,2774138880,2969,2969
1716088326.6924963,2774138880,6111,6111
1716088327.6935723,2774138880,7250,7250
1716088328.6948206,2774138880,5697,5697
1716088329.6960855,2774138880,7267,7267
1716088330.697344,2774138880,7114,7114
1716088331.6986036,2774138880,4324,4324
1716088332.6998708,2774138880,4184,4184
1716088333.7008944,2774138880,6376,6376
1716088334.7021499,2774138880,4982,4982
1716088335.703434,2774138880,7768,7768
1716088336.7047224,2774138880,6858,6858
1716088337.706055,2774138880,8943,8943
1716088338.7075644,2774138880,4345,4345
1716088339.7083626,2774138880,9059,9059
1716088340.709537,2774138880,1557,1557
1716088341.7108555,2774138880,0,0
1716088342.7121437,2774138880,1350,1350
1716088343.7129624,2774138880,1160,1160
1716088344.71428,2774138880,742,742
1716088345.7156322,2774138880,875,875
1716088346.7169623,2774138880,810,810
1716088347.7182384,2774138880,1890,1890
1716088348.7197816,2774138880,1199,1199
1716088349.720957,2774138880,781,781
1716088350.72225,2774138880,1486,1486
1716088351.7237766,2774138880,738,738
1716088352.7252707,2774138880,980,980
1716088353.7271101,2774138880,1305,1305
1716088354.7284865,2774138880,733,733
1716088355.7289295,2774138880,356,356
1716088356.7325523,2774138880,2885,2885
1716088357.7336981,2774138880,18217,18217
1716088358.7351372,2774138880,7594,7594
1716088359.7363975,2774138880,1517,1517
1716088360.7368488,2774138880,1532,1532
1716088361.7381043,2774138880,0,0
1716088362.739327,2774138880,1279,1279
1716088363.7407072,2774138880,1132,1132
1716088364.742141,2774138880,1496,1496
1716088365.743346,2774138880,1233,1233
1716088366.7446024,2774138880,1050,1050
1716088367.7448714,2774138880,787,787
1716088368.7460914,2774138880,3079,3079
1716088369.747384,2774138880,4937,4937
1716088370.7486873,2774138880,2361,2361
1716088371.7498708,2774138880,2741,2741
1716088372.7510583,2774138880,2429,2429
1716088373.7522464,2774138880,4326,4326
1716088374.752831,2774138880,5798,5798
1716088375.7540112,2774138880,5942,5942
1716088376.7551985,2774138880,4649,4649
1716088377.7563787,2774138880,6106,6106
1716088378.756823,2774138880,4472,4472
1716088379.758003,2774138880,5557,5557
1716088380.7591803,2774138880,6549,6549
1716088381.760368,2774138880,7202,7202
1716088382.760813,2774138880,3783,3783
1716088383.7619972,2774138880,7063,7063
1716088384.7631938,2774138880,4558,4558
1716088385.7643828,2774138880,4229,4229
1716088386.7648222,2774138880,4949,4949
1716088387.7660153,2774138880,7206,7206
1716088388.7672057,2774138880,4463,4463
1716088389.7684183,2774138880,4690,4690
1716088390.7696083,2774138880,4686,4686
1716088391.7707925,2774138880,6361,6361
1716088392.7719927,2774138880,6981,6981
1716088393.7728379,2774138880,5108,5108
1716088394.7740176,2774138880,4263,4263
1716088395.7752092,2774138880,1733,1733
1716088396.77643,2774138880,5476,5476
1716088397.7768333,2774138880,993,993
1716088398.7780354,2774138880,7008,7008
1716088399.7792408,2774138880,3354,3354
1716088400.7804365,2774138880,2356,2356
1716088401.7808537,2774138880,4981,4981
1716088402.7820473,2774138880,4800,4800
1716088403.7832484,2774138880,6902,6902
1716088404.7844455,2774138880,4747,4747
1716088405.7848253,2774138880,5360,5360
1716088406.7860699,2774138880,5606,5606
1716088407.787262,2774138880,4308,4308
1716088408.788488,2774138880,4393,4393
1716088409.7888443,2774138880,3371,3371
1716088410.790044,2774138880,4570,4570
1716088411.7912295,2774138880,2802,2802
1716088412.7924206,2774138880,5550,5550
1716088413.7928545,2774138880,4968,4968
1716088414.7940323,2774138880,2767,2767
1716088415.7952042,2774138880,2011,2011
1716088416.796382,2774138880,0,0
1716088417.7975795,2774138880,158,158
1716088418.7987783,2774138880,659,659
1716088419.799967,2774138880,0,0
1716088420.8011756,2774138880,0,0
1716088421.8023598,2774138880,0,0
1716088422.8035696,2774138880,0,0
1716088423.8047845,2774138880,1506,1506
1716088424.8059945,2774138880,0,0
1716088425.807202,2774138880,303,303
1716088426.808388,2774138880,0,0
1716088427.808849,2774138880,762,762
1716088428.810054,2774138880,197214,197214
1716088429.8112528,2774138880,1871566633,1871566633
1716088430.8124504,2774138880,0,0
1716088431.8128238,2774138880,709,709
1716088432.8139997,2774138880,12292589,12292589
1716088433.8152015,2774138880,707407427,707407427
1716088434.8163977,2774138880,2766236251,2766236251
1716088435.8175924,2774138880,722494,722494
1716088436.8187757,2774138880,104,104
1716088437.8199525,2774138880,0,0
1716088438.8211458,2774138880,258544533,258544533
1716088439.8223464,2774138880,380,380
1716088440.8236082,2774138880,0,0
1716088441.824808,2774138880,0,0
1716088442.8259978,2774138880,6746,6746
1716088443.827174,2774138880,4552,4552
1716088444.8283634,2774138880,5500,5500
1716088445.828813,2774138880,2821,2821
1716088446.829998,2774138880,2567,2567
1716088447.831184,2774138880,7466,7466
1716088448.8323624,2774138880,2833,2833
1716088449.833537,2774138880,3325,3325
1716088450.834709,2774138880,5730,5730
1716088451.835952,2774138880,3403,3403
1716088452.8371415,2774138880,6382,6382
1716088453.8383212,2774138880,4820,4820
1716088454.8394914,2774138880,4240,4240
1716088455.8406892,2774138880,1664,1664
1716088456.841859,2774138880,5376,5376
1716088457.8430326,2774138880,3979,3979
1716088458.844209,2774138880,5152,5152
1716088459.844804,2774138880,4646,4646
1716088460.8459997,2774138880,4371,4371
1716088461.8471723,2774138880,2931,2931
1716088462.848356,2774138880,4659,4659
1716088463.8488145,2774138880,5240,5240
1716088464.8499908,2774138880,1748,1748
1716088465.851173,2774138880,4098,4098
1716088466.8523448,2774138880,5936,5936
1716088467.852815,2774138880,5405,5405
1716088468.8539865,2774138880,4424,4424
1716088469.8551776,2774138880,7785,7785
1716088470.8563545,2774138880,5487,5487
1716088471.8568037,2774138880,4070,4070
1716088472.8579757,2774138880,2504,2504
1716088473.859148,2774138880,6679,6679
1716088474.8603168,2774138880,4277,4277
1716088475.860827,2774138880,4675,4675
1716088476.8620088,2774138880,4387,4387
1716088477.863185,2774138880,4110,4110
1716088478.8643596,2774138880,2844,2844
1716088479.8648112,2774138880,3543,3543
1716088480.8660038,2774138880,3968,3968
1716088481.8671868,2774138880,1851,1851
1716088482.8683567,2774138880,1310,1310
1716088483.8688,2774138880,2841,2841
1716088484.8699725,2774138880,4850,4850
1716088485.8711493,2774138880,5389,5389
1716088486.8723145,2774138880,3318,3318
1716088487.8728716,2774138880,2299,2299
1716088488.8740408,2774138880,6633,6633
1716088489.8752267,2774138880,3637,3637
1716088490.8763824,2774138880,8737,8737
1716088491.8768075,2774138880,4424,4424
1716088492.8779821,2774138880,6710,6710
1716088493.8791585,2774138880,6501,6501
1716088494.8803282,2774138880,6060,6060
1716088495.8808222,2774138880,3718,3718
1716088496.8820074,2774138880,5881,5881
1716088497.8832057,2774138880,4425,4425
1716088498.8843956,2774138880,4390,4390
1716088499.8848128,2774138880,6262,6262
1716088500.8860075,2774138880,4206,4206
1716088501.8871925,2774138880,6607,6607
1716088502.8883758,2774138880,1705,1705
1716088503.889581,2774138880,92978,92978
1716088504.8907573,2774138880,3481,3481
1716088505.8919406,2774138880,4860,4860
1716088506.8931227,2774138880,4316,4316
1716088507.8943014,2774138880,4005,4005
1716088508.8954744,2774138880,3341,3341
1716088509.8966854,2774138880,4260,4260
1716088510.8978558,2774138880,3212,3212
1716088511.899046,2774138880,2109,2109
1716088512.9002335,2774138880,2248,2248
1716088513.9008317,2774138880,621,621
1716088514.9020083,2774138880,0,0
1716088515.9031885,2774138880,1661,1661
1716088516.9043658,2774138880,713,713
1716088517.904818,2774138880,547,547
1716088518.9060435,2774138880,2757,2757
1716088519.9072392,2774138880,3397,3397
1716088520.908442,2774138880,4567,4567
1716088521.9088504,2774138880,5824,5824
1716088522.910051,2774138880,4052,4052
1716088523.9112594,2774138880,4713,4713
1716088524.9124599,2774138880,1076,1076
1716088525.9128408,2774138880,7942,7942
1716088526.914046,2774138880,4156,4156
1716088527.9152486,2774138880,4361,4361
1716088528.9164505,2774138880,4306,4306
1716088529.9168382,2774138880,4320,4320
1716088530.9180446,2774138880,2147,2147
1716088531.919258,2774138880,2358,2358
1716088532.9204664,2774138880,3821,3821
1716088533.920701,2774138880,5427,5427
1716088534.9218729,2774138880,5449,5449
1716088535.923053,2774138880,3207,3207
1716088536.9242287,2774138880,2599,2599
1716088537.924813,2774138880,11062,11062
1716088538.9260108,2774138880,8802,8802
1716088539.9271805,2774138880,3708,3708
1716088540.9283597,2774138880,2600,2600
1716088541.9288182,2774138880,6995,6995
1716088542.929979,2774138880,4321,4321
1716088543.931146,2774138880,8743,8743
1716088544.9323177,2774138880,4338,4338
1716088545.933505,2774138880,4245,4245
1716088546.9346838,2774138880,2590,2590
1716088547.935856,2774138880,357,357
1716088548.9370403,2774138880,6770,6770
1716088549.9374352,2774138880,7234,7234
1716088550.938668,2774138880,4220,4220
1716088551.9398768,2774138880,5775,5775
1716088552.9411194,2774138880,4275,4275
1716088553.942344,2774138880,3538,3538
1716088554.9435668,2774138880,4355,4355
1716088555.9448173,2774138880,5761,5761
1716088556.9460666,2774138880,4264,4264
1716088557.9472766,2774138880,5741,5741
1716088558.948483,2774138880,6201,6201
1716088559.9488535,2774138880,5727,5727
1716088560.950078,2774138880,2799,2799
1716088561.9522257,2774138880,3597,3597
1716088562.9528453,2774138880,604,604
1716088563.954254,2774138880,567,567
1716088564.9558213,2774138880,5103,5103
1716088565.9568486,2774138880,1496,1496
1716088566.9582229,2774138880,3515,3515
1716088567.9594688,2774138880,1110,1110
1716088568.9610164,2774138880,566,566
1716088569.9624348,2774138880,0,0
1716088570.9636672,2774138880,0,0
1716088571.9653559,2774138880,0,0
1716088572.9670486,2774138880,248,248
1716088573.968225,2774138880,1437,1437
1716088574.969399,2774138880,0,0
1716088575.970568,2774138880,100,100
1716088576.9717345,2774138880,204,204
1716088577.9728048,2774138880,153,153
1716088578.973974,2774138880,453,453
1716088579.9751494,2774138880,0,0
1716088580.976313,2774138880,0,0
1716088581.9768088,2774138880,0,0
1716088582.9779797,2774138880,300,300
1716088583.9791436,2774138880,2591,2591
1716088584.9803107,2774138880,7535,7535
1716088585.9807987,2774138880,0,0
1716088586.9819698,2774138880,502,502
1716088587.983157,2774138880,155,155
1716088588.9843256,2774138880,353,353
1716088589.9854937,2774138880,0,0
1716088590.9866621,2774138880,0,0
1716088591.9878361,2774138880,0,0
1716088592.988815,2774138880,300,300
1716088593.989989,2774138880,745,745
1716088594.991164,2774138880,0,0
1716088595.9923372,2774138880,476,476
1716088596.9928036,2774138880,0,0
1716088597.9939764,2774138880,480,480
1716088598.9951632,2774138880,505,505
1716088599.9963465,2774138880,477,477
1716088600.997535,2774138880,0,0
1716088601.998797,2774138880,425,425
1716088602.99998,2774138880,404,404
1716088604.0008218,2774138880,51423666,51423666
1716088605.001989,2774138880,121,121
1716088606.0031557,2774138880,0,0
1716088607.0043237,2774138880,0,0
1716088608.0048628,2774138880,200033792,200033792
1716088609.006142,2774138880,382599405,382599405
1716088610.0074525,2774138880,0,0
1716088611.0087695,2774138880,0,0
1716088612.0099916,2774138880,34633238,34633238
1716088613.0112145,2774138880,465,465
1716088614.0124643,2774138880,204,204
1716088615.0137174,2774138880,0,0
1716088616.0149243,2774138880,0,0
1716088617.0162094,2774138880,1320339444,1320339444
1716088618.0175617,2774138880,1775035236,1775035236
1716088619.0189068,2774138880,152,152
1716088620.0201159,2774138880,0,0
1716088621.021353,2774138880,3958,3958
1716088622.022278,2774138880,7131,7131
1716088623.0235233,2774138880,7809,7809
1716088624.0247312,2774138880,8097,8097
1716088625.0259569,2774138880,4839,4839
1716088626.0271509,2774138880,4991,4991
1716088627.0283694,2774138880,7792,7792
1716088628.0295956,2774138880,7385,7385
1716088629.030788,2774138880,6680,6680
1716088630.0320017,2774138880,7492,7492
1716088631.0328293,2774138880,5885,5885
1716088632.034039,2774138880,6793,6793
1716088633.0352275,2774138880,8870,8870
1716088634.0364306,2774138880,6167,6167
1716088635.0376368,2774138880,7184,7184
1716088636.0388124,2774138880,7562,7562
1716088637.0399997,2774138880,6525,6525
1716088638.0408316,2774138880,4363,4363
1716088639.0420313,2774138880,4968,4968
1716088640.0432236,2774138880,4924,4924
1716088641.0444167,2774138880,6813,6813
1716088642.045624,2774138880,9250,9250
1716088643.0468078,2774138880,6300,6300
1716088644.0479953,2774138880,1188,1188
1716088645.0492132,2774138880,481,481
1716088646.0504084,2774138880,3017,3017
1716088647.051598,2774138880,4922,4922
1716088648.0528164,2774138880,5814,5814
1716088649.054018,2774138880,7512,7512
1716088650.055208,2774138880,4617,4617
1716088651.0564399,2774138880,6935,6935
1716088652.057622,2774138880,4279,4279
1716088653.0588076,2774138880,2904,2904
1716088654.059983,2774138880,6655,6655
1716088655.0611656,2774138880,4804,4804
1716088656.0623527,2774138880,7837,7837
1716088657.0635414,2774138880,6967,6967
1716088658.0647645,2774138880,7912,7912
1716088659.0659597,2774138880,4535,4535
1716088660.0671473,2774138880,7399,7399
1716088661.068314,2774138880,7748,7748
1716088662.0691295,2774138880,7669,7669
1716088663.0702994,2774138880,6493,6493
1716088664.071642,2774138880,4854,4854
1716088665.0729122,2774138880,1379,1379
1716088666.0740743,2774138880,1216,1216
