Timestamp,MemoryUsage,NetSent,NetRecv
1716086465.8804674,509976576,0,0
1716086466.8809469,516366336,5171,5171
1716086467.8821666,516366336,153,153
1716086468.8833725,516366336,558,558
1716086469.8847122,516366336,0,0
1716086470.8860545,516366336,0,0
1716086471.8873968,516366336,0,0
1716086472.8878627,516366336,152,152
1716086473.8890147,516366336,448,448
1716086474.89043,516366336,0,0
1716086475.8918734,516366336,0,0
1716086476.8928323,516366336,0,0
1716086477.894053,516366336,152,152
1716086478.8954983,516366336,448,448
1716086479.896977,516366336,479,479
1716086480.8983953,516366336,0,0
1716086481.8995752,516366336,432,432
1716086482.9009275,516366336,103,103
1716086483.902304,516366336,978,978
1716086484.9035509,516366336,0,0
1716086485.9049928,516366336,427,427
1716086486.9061608,516366336,1748,1748
1716086487.9073293,516366336,2676,2676
1716086488.9084873,516366336,3795,3795
1716086489.9088118,516366336,0,0
1716086490.9099698,516366336,310,310
1716086491.9111278,516366336,0,0
1716086492.9122932,516366336,154,154
1716086493.912795,516366336,456,456
1716086494.9139593,516366336,0,0
1716086495.915115,516366336,0,0
1716086496.9162736,516366336,0,0
1716086497.9167929,516366336,152,152
1716086498.917945,516366336,448,448
1716086499.9191015,516366336,0,0
1716086500.9202676,516366336,0,0
1716086501.9207973,516366336,0,0
1716086502.9219637,516366336,152,152
1716086503.923138,516366336,448,448
1716086504.9243178,516366336,0,0
1716086505.9248056,516366336,0,0
1716086506.926006,516366336,0,0
1716086507.9271731,516366336,152,152
1716086508.928337,516366336,448,448
1716086509.9287996,516366336,0,0
1716086510.9299614,516366336,0,0
1716086511.931118,516366336,0,0
1716086512.9322932,516366336,152,152
1716086513.932809,516366336,2776,2776
1716086514.9339662,516366336,2878,2878
1716086515.9351254,516366336,2919,2919
1716086516.9362957,516366336,2656,2656
1716086517.9367986,516366336,1215,1215
1716086518.9379632,516366336,2254,2254
1716086519.9391172,516366336,2839,2839
1716086520.9402761,516366336,4065,4065
1716086521.9407964,516366336,3430,3430
1716086522.941953,516366336,1270,1270
1716086523.9431238,516366336,4449,4449
1716086524.9443033,516366336,2341,2341
1716086525.9448032,516366336,2547,2547
1716086526.9459674,516366336,3711,3711
1716086527.947119,516366336,1972,1972
1716086528.9482744,516366336,5040,5040
1716086529.9489048,516366336,3271,3271
1716086530.9501698,516366336,4748,4748
1716086531.9514327,516366336,280,280
1716086532.952734,516366336,313,313
1716086533.9539893,516366336,616,616
1716086534.9551992,516366336,0,0
1716086535.9564967,516366336,1608,1608
1716086536.956803,516366336,280,280
1716086537.9579608,516366336,309,309
1716086538.9591174,516366336,614,614
1716086539.9602716,516366336,0,0
1716086540.9608016,516366336,0,0
1716086541.961955,516366336,0,0
1716086542.9632227,516366336,152,152
1716086543.9644828,516366336,448,448
1716086544.9648955,516366336,0,0
1716086545.966148,516366336,0,0
1716086546.9674044,516366336,0,0
1716086547.968696,516366336,300,300
1716086548.9698565,516366336,300,300
1716086549.9710088,516366336,480,480
1716086550.9721758,516366336,0,0
1716086551.9727921,516366336,423,423
1716086552.973946,516366336,308,308
1716086553.9751008,516366336,777,777
1716086554.9762592,516366336,0,0
1716086555.9768045,516366336,423,423
1716086556.9779618,516366336,0,0
1716086557.9791112,516366336,626,626
1716086558.9802675,516366336,352,352
1716086559.9808028,516366336,157,157
1716086560.981961,516366336,0,0
1716086561.9831166,516366336,0,0
1716086562.9842722,516366336,154,154
1716086563.9847975,516366336,152,152
1716086564.9859579,516366336,4200700,4200700
1716086565.987116,516366336,0,0
1716086566.9883072,516366336,0,0
1716086567.988803,516366336,448,448
1716086568.9899592,516366336,152,152
1716086569.9911184,516366336,333617930,333617930
1716086570.9922853,516366336,102033886,102033886
1716086571.9927952,516366336,0,0
1716086572.9939544,516366336,448,448
1716086573.9951117,516366336,152,152
1716086574.9962704,516366336,0,0
1716086575.9968705,516366336,631233122,631233122
1716086576.998016,516366336,2357306775,2357306775
1716086577.999167,516366336,690,690
1716086579.000323,516366336,152,152
1716086580.0007927,516366336,0,0
1716086581.0019433,516366336,0,0
1716086582.0031552,1601150976,1412128084,1412128084
1716086587.299901,5022703616,793765466,793765466
1716086588.301465,5163335680,7343,7343
1716086589.3056576,5163335680,5181,5181
1716086590.3150053,5163335680,9285,9285
1716086591.3325558,5163335680,6662,6662
1716086592.337765,5163827200,7194,7194
1716086593.3619182,5164318720,1719,1719
1716086594.3885202,5164318720,7386,7386
1716086595.3972623,5164318720,8355,8355
1716086596.4005508,5164810240,4478,4478
1716086597.40492,5165301760,4882,4882
1716086598.4374216,5165793280,7184,7184
1716086599.461592,5166284800,8493,8493
1716086600.4712057,5173215232,4558,4558
1716086601.4761765,5173215232,4467,4467
1716086602.4888663,5168328704,7044,7044
1716086603.513692,5168820224,7696,7696
1716086604.5363228,5169283072,7084,7084
1716086605.5411735,5176164352,6999,6999
1716086606.5532322,5170311168,1554,1554
1716086607.5765061,5183582208,8138,8138
1716086608.5876048,5167521792,6169,6169
1716086609.6131675,5172436992,7091,7091
1716086610.6336627,5185708032,4603,4603
1716086611.6449935,5173420032,6941,6941
1716086612.6488588,5173911552,3747,3747
1716086613.651724,5193080832,6709,6709
1716086614.6617603,5209792512,6017,6017
1716086615.667744,5232893952,7418,7418
1716086616.684076,5209440256,4260,4260
1716086617.7016208,5233524736,7304,7304
1716086618.728578,5234999296,8081,8081
1716086619.7358341,5235490816,6626,6626
1716086620.740749,5235490816,5206,5206
1716086621.7419376,5236322304,7118,7118
1716086622.7534628,5237043200,5590,5590
1716086623.7764115,5237280768,4974,4974
1716086624.7984207,5297737728,7573,7573
1716086625.8147783,5298495488,2146,2146
1716086626.8415296,5299630080,7839,7839
1716086627.86892,5337477120,3784,3784
1716086628.8717127,5337968640,7443,7443
1716086629.8776202,5338923008,5489,5489
1716086630.8814192,5338923008,5881,5881
1716086631.896258,5338923008,7911,7911
1716086632.9189086,5338923008,4005,4005
1716086633.9203587,5332619264,1145,1145
1716086634.920943,5465825280,751,751
1716086635.9222145,5356482560,752,752
1716086636.9236987,5361889280,6969,6969
1716086637.9251351,5496729600,2896,2896
1716086638.9264128,5356191744,1474,1474
1716086639.92766,5356683264,1525,1525
1716086640.9289486,5558513664,0,0
1716086641.93025,5365129216,303,303
1716086642.9314992,5365129216,1078,1078
1716086643.9328077,5365129216,1638,1638
1716086644.9339418,5440864256,0,0
1716086645.9352448,5364031488,302,302
1716086646.9364996,5364031488,1533,1533
1716086647.9369993,5362495488,952,952
1716086648.9384623,5364690944,457,457
1716086649.9397569,5364690944,1117,1117
1716086650.941037,5437587456,0,0
1716086651.9423363,5362692096,302,302
1716086652.943567,5362692096,2448,2448
1716086653.9451108,5578620928,688,688
1716086654.9464278,5364043776,725,725
1716086655.94767,5364043776,171,171
1716086656.9489403,5363249152,565,565
1716086657.9505565,5363249152,771,771
1716086658.9518352,5363249152,1439,1439
1716086659.9530742,5406232576,281,281
1716086660.9544013,5362884608,720,720
1716086661.9556205,5362884608,1239,1239
1716086662.956893,5362651136,435,435
1716086663.9583788,5356384256,1131,1131
1716086664.959729,5556928512,170,170
1716086665.960912,5361676288,1346,1346
1716086666.9623153,5361676288,731,731
1716086667.963603,5437956096,888,888
1716086668.964949,5398450176,4424,4424
1716086669.966291,5463793664,3097,3097
1716086670.9677358,5562376192,854,854
1716086671.9688656,5364531200,1761,1761
1716086672.9701285,5375455232,1278,1278
1716086673.9717011,5375741952,1730,1730
1716086674.97295,5375217664,1431,1431
1716086675.991006,5376696320,5988,5988
1716086677.006143,5376696320,3823,3823
1716086678.0300531,5376696320,3187,3187
1716086679.0476832,5376696320,3064,3064
1716086680.065389,5383086080,6509,6509
1716086681.0940275,5417492480,5389,5389
1716086682.1028488,5448949760,5674,5674
1716086683.104136,5483847680,10977,10977
1716086684.1365116,5515304960,7805,7805
1716086685.159679,5549711360,4289,4289
1716086686.1687708,5581168640,5162,5162
1716086687.1718283,5616066560,5167,5167
1716086688.1797428,5653913600,4765,4765
1716086689.1967146,5691760640,6170,6170
1716086690.2164624,5726167040,7138,7138
1716086691.2237337,5764014080,2376,2376
1716086692.2343059,5801861120,6110,6110
1716086693.2485712,5837250560,6013,6013
1716086694.2536387,5875097600,5901,5901
1716086695.2906516,5915893760,9704,9704
1716086696.3184755,5966520320,5767,5767
1716086697.3223658,6013706240,5461,5461
1716086698.3271143,6060892160,4444,4444
1716086699.3358574,6111027200,5570,5570
1716086700.3410895,6155264000,94445,94445
1716086701.358139,6196060160,4278,4278
1716086702.3918056,6249865216,4132,4132
1716086703.4032154,6328766464,7169,7169
1716086704.422711,6356783104,6224,6224
1716086705.4280572,6426345472,1403,1403
1716086706.450913,6501888000,5542,5542
1716086707.4522822,6514176000,4510,4510
1716086708.462411,6599462912,4899,4899
1716086709.4800205,6675501056,4522,4522
1716086710.4856756,6675501056,5954,5954
1716086711.5044756,6757093376,2905,2905
1716086712.523184,6842327040,2727,2727
1716086713.5499837,6889021440,5570,5570
1716086714.5834389,7003013120,6566,6566
1716086715.596373,7018250240,2674,2674
1716086716.6638439,7113023488,5165,5165
1716086734.0528681,9010917376,1871267414,1871267414
1716086735.054118,12032897024,1706188369,1706188369
1716086736.0553796,8287105024,165784942,165784942
1716086737.0566175,8287105024,98680,98680
1716086738.057849,8287105024,553,553
1716086739.0590837,8287105024,551806380,551806380
1716086740.0603466,8287105024,21316959,21316959
1716086741.0615964,8287105024,1299155270,1299155270
1716086742.0628433,8287105024,0,0
1716086743.0640576,8287105024,448,448
1716086744.0652807,8287105024,152,152
1716086745.0665133,8287105024,0,0
1716086746.067723,8287105024,1284,1284
1716086747.068866,8287105024,4082,4082
1716086748.0700748,8287105024,5558,5558
1716086749.0713084,8287105024,4361,4361
1716086750.0725327,8287105024,3084,3084
1716086751.0737498,8287105024,4090,4090
1716086752.0749602,8287105024,4337,4337
1716086753.076201,8287105024,6089,6089
1716086754.0774186,8287105024,5211,5211
1716086755.0786402,8287105024,4810,4810
1716086756.079856,8287105024,6441,6441
1716086757.0810812,8287105024,1593,1593
1716086758.0823114,8287105024,3746,3746
1716086759.083545,8287105024,4520,4520
1716086760.0847774,8287105024,5044,5044
1716086761.0860097,8287105024,2529,2529
1716086762.087232,8287105024,4365,4365
1716086763.0884488,8287105024,3661,3661
1716086764.0896568,8287105024,2914,2914
1716086765.0908787,8287105024,4155,4155
1716086766.0920925,8287105024,4296,4296
1716086767.0928483,8287105024,3266,3266
1716086768.0940528,8287105024,4260,4260
1716086769.0952675,8287105024,4943,4943
1716086770.0964713,8287105024,3797,3797
1716086771.0976925,8287105024,3908,3908
1716086772.0988994,8287105024,5627,5627
1716086773.100111,8287105024,4406,4406
1716086774.1013227,8287105024,4022,4022
1716086775.102536,8287105024,4075,4075
1716086776.103747,8287105024,2759,2759
1716086777.1049705,8287105024,5357,5357
1716086778.106196,8287105024,4903,4903
1716086779.1074038,8287105024,4331,4331
1716086780.1086044,8287105024,2845,2845
1716086781.1098254,8287105024,4133,4133
1716086782.1110363,8287105024,3447,3447
1716086783.112261,8287105024,4449,4449
1716086784.1134732,8287105024,4245,4245
1716086785.1146994,8287105024,2190,2190
1716086786.1159158,8287105024,2200,2200
1716086787.117207,8287105024,3862,3862
1716086788.1184115,8287105024,3254,3254
1716086789.1196237,8287105024,3372,3372
1716086790.120838,8287105024,3901,3901
1716086791.1220438,8287105024,3225,3225
1716086792.123257,8287105024,3673,3673
1716086793.1244862,8287105024,2819,2819
1716086794.1257193,8287105024,5792,5792
1716086795.126947,8287105024,2850,2850
1716086796.1281648,8287105024,6698,6698
1716086797.1294312,8287105024,4383,4383
1716086798.1306565,8287105024,5679,5679
1716086799.131885,8287105024,5292,5292
1716086800.1330981,8287105024,3598,3598
1716086801.134324,8287105024,2018,2018
1716086802.1355417,8287105024,5713,5713
1716086803.1367838,8287105024,4979,4979
1716086804.1380148,8287105024,4109,4109
1716086805.1392424,8287105024,4253,4253
1716086806.1404705,8287105024,4397,4397
1716086807.141693,8287105024,3449,3449
1716086808.1429095,8287105024,2646,2646
1716086809.144133,8287105024,4572,4572
1716086810.1453543,8287105024,3877,3877
1716086811.1465642,8287105024,4049,4049
1716086812.1477966,8287105024,5105,5105
1716086813.1488965,8287105024,4847,4847
1716086814.1501515,8287105024,3084,3084
1716086815.1513686,8287105024,4651,4651
1716086816.1525717,8287105024,3659,3659
1716086817.15379,8287105024,2951,2951
1716086818.1549716,8287105024,3922,3922
1716086819.1561928,8287105024,4371,4371
1716086820.15741,8287105024,2047,2047
1716086821.1586192,8287105024,3700,3700
1716086822.1598191,8287105024,4206,4206
1716086823.1610308,8287105024,4482,4482
1716086824.1622355,8287105024,4391,4391
1716086825.1634498,8287105024,3825,3825
1716086826.1646698,8287105024,2442,2442
1716086827.1658986,8287105024,4587,4587
1716086828.167105,8287105024,4048,4048
1716086829.1683133,8287105024,3308,3308
1716086830.169523,8287105024,2476,2476
1716086831.1707356,8287105024,4203,4203
1716086832.171935,8287105024,13693,13693
1716086833.1728597,8287105024,13539,13539
1716086834.174059,8287105024,9727,9727
1716086835.1752608,8287105024,3286,3286
1716086836.17645,8287105024,5010,5010
1716086837.1772387,8287105024,4232,4232
1716086838.178433,8287105024,2955,2955
1716086839.179635,8287105024,4300,4300
1716086840.1808343,8287105024,4566,4566
1716086841.1820283,8287105024,3634,3634
1716086842.183245,8287105024,3810,3810
1716086843.1844397,8287105024,4443,4443
1716086844.1856487,8287105024,3816,3816
1716086845.1868691,8287105024,2422,2422
1716086846.1880772,8287105024,3515,3515
1716086847.1888635,8287105024,3342,3342
1716086848.19007,8287105024,4917,4917
1716086849.1912768,8287105024,2698,2698
1716086850.1924827,8287105024,5389,5389
1716086851.1936874,8287105024,3261,3261
1716086852.1948943,8287105024,5168,5168
1716086853.1960948,8287105024,5356,5356
1716086854.1968408,8287105024,3269,3269
1716086855.1980717,8287105024,3963,3963
1716086856.200025,8287105024,442,442
1716086857.2008905,8287105024,158,158
1716086858.2037685,8287105024,617,617
1716086859.2048798,8287105024,154,154
1716086860.2061272,8287105024,0,0
1716086861.2077804,8287105024,0,0
1716086862.2090683,8287105024,0,0
1716086863.210797,8287105024,448,448
1716086864.2120533,8287105024,152,152
1716086865.21303,8287105024,0,0
1716086866.2165937,8287105024,0,0
1716086867.2169363,8287105024,0,0
1716086868.218309,8287105024,448,448
1716086869.219532,8287105024,1347,1347
1716086870.2207768,8287105024,0,0
1716086871.2219868,8287105024,303,303
1716086872.2232008,8287105024,0,0
1716086873.2238615,8287105024,451,451
1716086874.2248633,8287105024,152,152
1716086875.2261028,8287105024,0,0
1716086876.2273245,8287105024,0,0
1716086877.2285361,8287105024,0,0
1716086878.2288573,8287105024,448,448
1716086879.2300715,8287105024,152,152
1716086880.2312977,8287105024,0,0
1716086881.2325282,8287105024,0,0
1716086882.233519,8287105024,0,0
1716086883.2347457,8287105024,448,448
1716086884.235968,8287105024,152,152
1716086885.2372012,8287105024,0,0
1716086886.2384343,8287105024,2470,2470
1716086887.2396598,8287105024,0,0
1716086888.2408707,8287105024,448,448
1716086889.242093,8287105024,152,152
1716086890.2433136,8287105024,0,0
1716086891.2445343,8287105024,0,0
1716086892.24577,8287105024,0,0
1716086893.2471054,8287105024,448,448
1716086894.2483377,8287105024,152,152
1716086895.248855,8287105024,0,0
1716086896.2500882,8287105024,0,0
1716086897.2513106,8287105024,0,0
1716086898.252532,8287105024,392639544,392639544
1716086899.253755,8287105024,344,344
1716086900.254972,8287105024,0,0
1716086901.256189,8287105024,0,0
1716086902.2568705,8287105024,392500215,392500215
1716086903.2580798,8287105024,448,448
1716086904.2593138,8287105024,152,152
1716086905.2605307,8287105024,0,0
1716086906.2608597,8287105024,17841277,17841277
1716086907.262079,8287105024,921791427,921791427
1716086908.2633033,8287105024,448,448
1716086909.2645388,8287105024,152,152
1716086910.26487,8287105024,2069,2069
1716086911.2662647,8287105024,203267359,203267359
1716086912.267501,8287105024,1835451546,1835451546
1716086913.2687612,8287105024,4113,4113
1716086914.2699842,8287105024,7233,7233
1716086915.2712379,8287105024,3373,3373
1716086916.272489,8287105024,8498,8498
1716086917.2728732,8287105024,7144,7144
1716086918.274133,8287105024,4586,4586
1716086919.2753658,8287105024,3791,3791
1716086920.2766085,8287105024,6224,6224
1716086921.2768698,8287105024,6805,6805
1716086922.278095,8287105024,6514,6514
1716086923.2793415,8287105024,9002,9002
1716086924.2805936,8287105024,5793,5793
1716086925.2813787,8287105024,2759,2759
1716086926.2825859,8287105024,6495,6495
1716086927.283794,8287105024,5672,5672
1716086928.284877,8287105024,7160,7160
1716086929.286097,8287105024,7828,7828
1716086930.2873082,8287105024,5026,5026
1716086931.2885287,8287105024,3604,3604
1716086932.2888498,8287105024,7283,7283
1716086933.2900527,8287105024,6927,6927
1716086934.291271,8287105024,7343,7343
1716086935.2924824,8287105024,7242,7242
1716086936.2928507,8287105024,7332,7332
1716086937.2940547,8287105024,3270,3270
1716086938.2952685,8287105024,5729,5729
1716086939.2964737,8287105024,5475,5475
1716086940.2968428,8287105024,7020,7020
1716086941.298046,8287105024,7888,7888
1716086942.2992597,8287105024,6936,6936
1716086943.3004742,8287105024,3729,3729
1716086944.3008618,8287105024,3303,3303
1716086945.3020763,8287105024,4446,4446
1716086946.3032837,8287105024,6883,6883
1716086947.3045015,8287105024,4522,4522
1716086948.3048606,8287105024,7600,7600
1716086949.3061008,8287105024,7860,7860
1716086950.3073153,8287105024,6964,6964
1716086951.3085303,8287105024,4661,4661
1716086952.3088913,8287105024,4515,4515
1716086953.310286,8287105024,5169,5169
1716086954.3116832,8287105024,6816,6816
1716086955.3128462,8287105024,6108,6108
1716086956.3140638,8287105024,6833,6833
1716086957.31541,8287105024,2682,2682
1716086958.3168638,8287105024,5493,5493
1716086959.3181033,8287105024,1346,1346
1716086960.3193214,8287105024,1856,1856
1716086961.3205483,8287105024,0,0
1716086962.320852,8287105024,303,303
1716086963.3220706,8287105024,959,959
1716086964.3232853,8287105024,155,155
1716086965.324506,8287105024,0,0
1716086966.3257387,8287105024,0,0
1716086967.3269863,8287105024,0,0
1716086968.3282104,8287105024,448,448
1716086969.328873,8287105024,152,152
1716086970.3296614,8287105024,0,0
1716086971.3309197,8287105024,0,0
1716086972.3321564,8287105024,0,0
1716086973.333388,8287105024,448,448
1716086974.3346121,8287105024,152,152
1716086975.33584,8287105024,0,0
1716086976.337058,8287105024,0,0
1716086977.3382726,8287105024,0,0
1716086978.3394969,8287105024,448,448
1716086979.3407276,8287105024,152,152
1716086980.3419623,8287105024,0,0
1716086981.3431928,8287105024,0,0
1716086982.3444276,8287105024,0,0
1716086983.3456473,8287105024,344,344
1716086984.3468795,8287105024,152,152
1716086985.3480937,8287105024,0,0
1716086986.3488467,8287105024,0,0
1716086987.3500528,8287105024,0,0
1716086988.3512635,8287105024,448,448
1716086989.3525088,8287105024,152,152
1716086990.3528636,8287105024,0,0
1716086991.35408,8287105024,0,0
1716086992.3545685,8287105024,0,0
1716086993.355782,8287105024,448,448
1716086994.356847,8287105024,290840998,290840998
1716086995.3580434,8287105024,0,0
1716086996.3592482,8287105024,0,0
1716086997.3604627,8287105024,0,0
1716086998.3608599,8287105024,448,448
1716086999.3620765,8287105024,152,152
1716087000.36329,8287105024,90962,90962
1716087001.3645053,8287105024,17841247,17841247
1716087002.36501,8287105024,1005649841,1005649841
1716087003.366398,8287105024,2449321371,2449321371
1716087004.3674574,8287105024,394,394
1716087005.368715,8287105024,0,0
1716087006.3699582,8287105024,2452,2452
1716087007.371218,8287105024,6735,6735
1716087008.371464,8287105024,6623,6623
1716087009.3727243,8287105024,4189,4189
1716087010.3738756,8287105024,5085,5085
1716087011.375128,8287105024,5959,5959
1716087012.376404,8287105024,6214,6214
1716087013.3769119,8287105024,6133,6133
1716087014.3781815,8287105024,6713,6713
1716087015.379464,8287105024,4685,4685
1716087016.3807437,8287105024,5752,5752
1716087017.3820028,8287105024,4523,4523
1716087018.3832538,8287105024,6377,6377
1716087019.3845115,8287105024,4643,4643
1716087020.38489,8287105024,4496,4496
1716087021.3861482,8287105024,2264,2264
1716087022.387407,8287105024,5173,5173
1716087023.3887055,8287105024,4831,4831
1716087024.3900032,8287105024,7450,7450
1716087025.3912616,8287105024,7269,7269
1716087026.3925433,8287105024,6580,6580
1716087027.3938131,8287105024,4352,4352
1716087028.3950815,8287105024,4789,4789
1716087029.3963463,8287105024,6589,6589
1716087030.3969042,8287105024,4529,4529
1716087031.3981795,8287105024,4430,4430
1716087032.3994298,8287105024,6588,6588
1716087033.4007084,8287105024,7846,7846
1716087034.401926,8287105024,2982,2982
1716087035.4031181,8287105024,8648,8648
1716087036.4043465,8287105024,4553,4553
1716087037.404843,8287105024,5949,5949
1716087038.4060647,8287105024,4877,4877
1716087039.4072526,8287105024,5853,5853
1716087040.408521,8287105024,2823,2823
1716087041.4088955,8287105024,2265,2265
1716087042.410171,8287105024,4314,4314
1716087043.4114408,8287105024,5290,5290
1716087044.4127235,8287105024,4409,4409
1716087045.4140055,8287105024,4797,4797
1716087046.415257,8287105024,4224,4224
1716087047.4165387,8287105024,7379,7379
1716087048.4169016,8287105024,2546,2546
1716087049.4182425,8287105024,7509,7509
1716087050.4195051,8287105024,5111,5111
1716087051.42085,8287105024,10326,10326
1716087052.4221087,8287105024,10747,10747
1716087053.423376,8287105024,2419,2419
1716087054.4246871,8287105024,1241,1241
1716087055.4259477,8287105024,1756,1756
1716087056.4272692,8287105024,4733,4733
1716087057.4285874,8287105024,20466,20466
1716087058.4289453,8287105024,10140,10140
1716087059.4302073,8287105024,3958,3958
1716087060.4314845,8287105024,2566,2566
1716087061.432798,8287105024,4105,4105
1716087062.4340758,8287105024,2199,2199
1716087063.435343,8287105024,174742,174742
1716087064.4366016,8287105024,13330,13330
1716087065.4369779,8287105024,5948,5948
1716087066.4382572,8287105024,3826,3826
1716087067.4395595,8287105024,5950,5950
1716087068.440872,8287105024,7162,7162
1716087069.4421735,8287105024,5405,5405
1716087070.4434545,8287105024,2714,2714
1716087071.4447849,8287105024,3100,3100
1716087072.4461217,8287105024,8772,8772
1716087073.4474094,8287105024,2777,2777
1716087074.4488688,8287105024,1625,1625
1716087075.4501598,8287105024,5951,5951
1716087076.4509876,8287105024,4517,4517
1716087077.451982,8287105024,0,0
1716087078.4529438,8287105024,1997,1997
1716087079.4539587,8287105024,1579,1579
1716087080.4578056,8287105024,781,781
1716087081.458988,8287105024,0,0
1716087082.4599752,8287105024,1506,1506
1716087083.4609556,8287105024,325,325
1716087084.4619596,8287105024,2412,2412
1716087085.463031,8287105024,4005,4005
1716087086.4639897,8287105024,790,790
1716087087.4649377,8287105024,742,742
1716087088.465982,8287105024,1901,1901
1716087089.4670024,8287105024,157,157
1716087090.4680202,8287105024,930,930
1716087091.4689534,8287105024,486,486
1716087092.470033,8287105024,152,152
1716087093.470964,8287105024,2717,2717
1716087094.4720047,8287105024,155,155
1716087095.4729717,8287105024,778,778
1716087096.474223,8287105024,1526,1526
1716087097.4754858,8287105024,2261,2261
1716087098.4767728,8287105024,3102,3102
1716087099.478026,8287105024,1844,1844
1716087100.4793417,8287105024,452,452
1716087101.4805825,8287105024,2714,2714
1716087102.4811075,8287105024,3884,3884
1716087103.4823368,8287105024,7432,7432
1716087104.4835684,8287105024,7468,7468
1716087105.4848185,8287105024,1530,1530
1716087106.4860516,8287105024,6558,6558
1716087107.4872649,8287105024,13671,13671
1716087108.488485,8287105024,5809,5809
1716087109.4888835,8287105024,11936,11936
1716087110.4900985,8287105024,4740,4740
1716087111.4913478,8287105024,6029,6029
1716087112.492578,8287105024,4147,4147
1716087113.4928706,8287105024,4715,4715
1716087114.4940956,8287105024,4318,4318
1716087115.4953501,8287105024,6777,6777
1716087116.49659,8287105024,4490,4490
1716087117.4978538,8287105024,6875,6875
1716087118.4990685,8287105024,7222,7222
1716087119.500312,8287105024,4660,4660
1716087120.500845,8287105024,6618,6618
1716087121.5020733,8287105024,7202,7202
1716087122.5033023,8287105024,6380,6380
1716087123.5045228,8287105024,7442,7442
1716087124.5048928,8287105024,5334,5334
1716087125.5061193,8287105024,2831,2831
1716087126.5073218,8287105024,4565,4565
1716087127.5085428,8287105024,4704,4704
1716087128.5088592,8287105024,1896,1896
1716087129.5100782,8287105024,3824,3824
1716087130.511302,8287105024,3379,3379
1716087131.5125422,8287105024,3352,3352
1716087132.5128634,8287105024,4446,4446
1716087133.5140975,8287105024,6295,6295
1716087134.5153224,8287105024,4721,4721
1716087135.5165465,8287105024,3504,3504
1716087136.5168526,8287105024,3017,3017
1716087137.5177708,8287105024,4631,4631
1716087138.5190122,8287105024,3901,3901
1716087139.5202544,8287105024,5512,5512
1716087140.521487,8287105024,2964,2964
1716087141.5227396,8287105024,2527,2527
1716087142.523997,8287105024,5055,5055
1716087143.5252407,8287105024,3005,3005
1716087144.5264645,8287105024,1637,1637
1716087145.5277379,8287105024,1649,1649
1716087146.52888,8287105024,0,0
1716087147.5297503,8287105024,311,311
1716087148.530678,8287105024,456,456
1716087149.5319235,8287105024,155,155
1716087150.5328755,8287105024,0,0
1716087151.5341372,8287105024,914,914
1716087152.5354204,8287105024,0,0
1716087153.536696,8287105024,643,643
1716087154.537934,8287105024,155,155
1716087155.5391638,8287105024,0,0
1716087156.540054,8287105024,760,760
1716087157.5408797,8287105024,1871774018,1871774018
1716087158.5421274,8287105024,302,302
1716087159.5433776,8287105024,496,496
1716087160.5446188,8287105024,0,0
1716087161.545655,8287105024,707,707
1716087162.5469117,8287105024,1199424183,1199424183
1716087163.5481539,8287105024,2092458425,2092458425
1716087164.5488682,8287105024,217420487,217420487
1716087165.5500932,8287105024,52,52
1716087166.5513308,8287105024,104,104
1716087167.5525527,8287105024,104,104
1716087168.5537858,8287105024,448,448
1716087169.5550125,8287105024,238173050,238173050
1716087170.556236,8287105024,432,432
1716087171.557479,8287105024,0,0
1716087172.5587316,8287105024,0,0
1716087173.55997,8287105024,600,600
1716087174.5608666,8287105024,0,0
1716087175.5620713,8287105024,469,469
1716087176.563288,8287105024,3012,3012
1716087177.5645118,8287105024,2638,2638
1716087178.5657318,8287105024,6910,6910
1716087179.5669568,8287105024,4683,4683
1716087180.5681586,8287105024,1169,1169
1716087181.5694084,8287105024,402,402
1716087182.570623,8287105024,3636,3636
1716087183.571837,8287105024,3555,3555
1716087184.5730393,8287105024,6143,6143
1716087185.574247,8287105024,4743,4743
1716087186.575458,8287105024,2615,2615
1716087187.5766833,8287105024,2722,2722
1716087188.577893,8287105024,1691,1691
1716087189.579115,8287105024,703,703
1716087190.5803344,8287105024,3188,3188
1716087191.5808501,8287105024,5541,5541
1716087192.5820582,8287105024,4113,4113
1716087193.5832715,8287105024,2592,2592
1716087194.5844955,8287105024,4092,4092
1716087195.584872,8287105024,4109,4109
1716087196.5860949,8287105024,2554,2554
1716087197.5873158,8287105024,4717,4717
1716087198.5885313,8287105024,4549,4549
1716087199.5888615,8287105024,5300,5300
1716087200.5900652,8287105024,3951,3951
1716087201.591277,8287105024,4887,4887
1716087202.592488,8287105024,3841,3841
1716087203.5928519,8287105024,3974,3974
1716087204.5941024,8287105024,6096,6096
1716087205.5953157,8287105024,4094,4094
1716087206.5965385,8287105024,6183,6183
1716087207.5968537,8287105024,3015,3015
1716087208.5980582,8287105024,2926,2926
1716087209.5992653,8287105024,2841,2841
1716087210.6004715,8287105024,1903,1903
1716087211.6016889,8287105024,2365,2365
1716087212.602895,8287105024,2850,2850
1716087213.6041174,8287105024,5877,5877
1716087214.604852,8287105024,3667,3667
1716087215.606066,8287105024,1176,1176
1716087216.6073895,8287105024,2554,2554
1716087217.6085944,8287105024,1436,1436
1716087218.6088498,8287105024,4238,4238
1716087219.6100528,8287105024,3013,3013
1716087220.6112618,8287105024,4768,4768
1716087221.6124678,8287105024,4298,4298
1716087222.6128614,8287105024,6557,6557
1716087223.613398,8287105024,6883,6883
1716087224.6146653,8287105024,3797,3797
1716087225.6159325,8287105024,3276,3276
1716087226.6172981,8287105024,5123,5123
1716087227.6186728,8287105024,4367,4367
1716087228.6199634,8287105024,6483,6483
1716087229.6212692,8287105024,5515,5515
1716087230.6225195,8287105024,2218,2218
1716087231.6237228,8287105024,1287,1287
1716087232.624944,8287105024,3912,3912
1716087233.6261575,8287105024,4994,4994
1716087234.6273801,8287105024,3887,3887
1716087235.6285918,8287105024,3435,3435
1716087236.6297946,8287105024,2036,2036
1716087237.6310058,8287105024,2554,2554
1716087238.6322246,8287105024,1516,1516
1716087239.633444,8287105024,5214,5214
1716087240.6346424,8287105024,2382,2382
1716087241.635855,8287105024,5746,5746
1716087242.637104,8287105024,860,860
1716087243.6383114,8287105024,4960,4960
1716087244.6395235,8287105024,3371,3371
1716087245.6407554,8287105024,2203,2203
1716087246.6413755,8287105024,4291,4291
1716087247.642656,8287105024,3559,3559
1716087248.6439304,8287105024,4630,4630
1716087249.6448836,8287105024,3168,3168
1716087250.6461625,8287105024,3495,3495
1716087251.6474304,8287105024,1762,1762
1716087252.6487746,8287105024,4755,4755
1716087253.6500807,8287105024,4511,4511
1716087254.651343,8287105024,4190,4190
1716087255.6525822,8287105024,4231,4231
1716087256.6528854,8287105024,3252,3252
1716087257.6541412,8287105024,3881,3881
1716087258.6554072,8287105024,5616,5616
1716087259.6566913,8287105024,2952,2952
1716087260.6579401,8287105024,3546,3546
1716087261.6591933,8287105024,5597,5597
1716087262.6604552,8287105024,3791,3791
1716087263.6617217,8287105024,3996,3996
1716087264.662978,8287105024,2807,2807
1716087265.6642504,8287105024,4199,4199
1716087266.6649165,8287105024,3875,3875
1716087267.6661816,8287105024,4100,4100
1716087268.66747,8287105024,4579,4579
1716087269.6687405,8287105024,2111,2111
1716087270.6699944,8287105024,988,988
1716087271.6713822,8287105024,6530,6530
1716087272.6727607,8287105024,3341,3341
1716087273.6740339,8287105024,14239,14239
1716087274.6753058,8287105024,12994,12994
1716087275.6766207,8287105024,6653,6653
1716087276.6769314,8287105024,1705,1705
1716087277.6781957,8287105024,3202,3202
1716087278.6794589,8287105024,5899,5899
1716087279.68075,8287105024,3093,3093
1716087280.6820261,8287105024,5286,5286
1716087281.683294,8287105024,7180,7180
1716087282.6845443,8287105024,9565,9565
1716087283.6849148,8287105024,5558,5558
1716087284.6861844,8287105024,4335,4335
1716087285.6874495,8287105024,6537,6537
1716087286.6896405,8287105024,4134,4134
1716087287.6917765,8287105024,509,509
1716087288.692923,8287105024,618,618
1716087289.694815,8287105024,0,0
1716087290.69656,8287105024,0,0
1716087291.6978197,8287105024,0,0
1716087292.699999,8287105024,0,0
1716087293.7012334,8287105024,496,496
1716087294.7025347,8287105024,0,0
1716087295.703791,8287105024,0,0
1716087296.7049687,8287105024,0,0
1716087297.7062104,8287105024,0,0
1716087298.707624,8287105024,600,600
1716087299.7088523,8287105024,1178,1178
1716087300.7100773,8287105024,90892,90892
1716087301.7113152,8287105024,158,158
1716087302.712554,8287105024,152,152
1716087303.7128558,8287105024,612,612
1716087304.7140744,8287105024,0,0
1716087305.7153034,8287105024,0,0
1716087306.715947,8287105024,0,0
1716087307.7171795,8287105024,0,0
1716087308.7184145,8287105024,600,600
1716087309.7196522,8287105024,0,0
1716087310.7208505,8287105024,0,0
1716087311.7220948,8287105024,0,0
1716087312.7233298,8287105024,0,0
1716087313.7245655,8287105024,600,600
1716087314.7248592,8287105024,0,0
1716087315.7260954,8287105024,0,0
1716087316.7273161,8287105024,0,0
1716087317.7285414,8287105024,1520,1520
1716087318.7289267,8287105024,496,496
1716087319.7301414,8287105024,0,0
1716087320.7313654,8287105024,0,0
1716087321.732588,8287105024,0,0
1716087322.7328598,8287105024,0,0
1716087323.7340827,8287105024,600,600
1716087324.7353027,8287105024,0,0
1716087325.7364993,8287105024,0,0
1716087326.7368655,8287105024,0,0
1716087327.7380986,8287105024,0,0
1716087328.7393074,8287105024,600,600
1716087329.7405076,8287105024,0,0
1716087330.7408328,8287105024,0,0
1716087331.742062,8287105024,0,0
1716087332.7433114,8287105024,0,0
1716087333.7445414,8287105024,600,600
1716087334.7457764,8287105024,0,0
1716087335.7469904,8287105024,0,0
1716087336.7482107,8287105024,0,0
1716087337.7488647,8287105024,33608613,33608613
1716087338.7500896,8287105024,753768411,753768411
1716087339.7513065,8287105024,294,294
1716087340.7524986,8287105024,0,0
1716087341.7528412,8287105024,0,0
1716087342.7540522,8287105024,34643057,34643057
1716087343.7552931,8287105024,2445456152,2445456152
1716087344.756539,8287105024,496471026,496471026
1716087345.7568648,8287105024,0,0
1716087346.7580605,8287105024,311,311
1716087347.7592955,8287105024,6711,6711
1716087348.7605393,8287105024,4226,4226
1716087349.760889,8287105024,7521,7521
1716087350.7621346,8287105024,5968,5968
1716087351.763381,8287105024,6289,6289
1716087352.764468,8287105024,7446,7446
1716087353.7649379,8287105024,7319,7319
1716087354.7661998,8287105024,7490,7490
1716087355.7666895,8287105024,2753,2753
1716087356.7679403,8287105024,3816,3816
1716087357.7689183,8287105024,4059,4059
1716087358.7701719,8287105024,5108,5108
1716087359.7714705,8287105024,4424,4424
1716087360.7727678,8287105024,6482,6482
1716087361.7740226,8287105024,3857,3857
1716087362.775271,8287105024,4447,4447
1716087363.776534,8287105024,6633,6633
1716087364.7768993,8287105024,5676,5676
1716087365.7781463,8287105024,5007,5007
1716087366.7794027,8287105024,6636,6636
1716087367.7806733,8287105024,6920,6920
1716087368.7819288,8287105024,5528,5528
1716087369.7832074,8287105024,6851,6851
1716087370.7844572,8287105024,7662,7662
1716087371.7848947,8287105024,5854,5854
1716087372.7861474,8287105024,6667,6667
1716087373.7874017,8287105024,7153,7153
1716087374.7886784,8287105024,5412,5412
1716087375.789941,8287105024,4504,4504
1716087376.7911863,8287105024,6189,6189
1716087377.7924423,8287105024,4672,4672
1716087378.7928803,8287105024,5677,5677
1716087379.7941296,8287105024,6664,6664
1716087380.7953916,8287105024,4682,4682
1716087381.7966273,8287105024,7343,7343
1716087382.7978885,8287105024,7276,7276
1716087383.7991304,8287105024,7413,7413
1716087384.8003929,8287105024,7415,7415
1716087385.8008964,8287105024,2308,2308
1716087386.8021648,8287105024,5898,5898
1716087387.8034327,8287105024,5025,5025
1716087388.8050065,8287105024,7097,7097
1716087389.8062756,8287105024,6552,6552
1716087390.8076098,8287105024,859,859
1716087391.8089495,8287105024,3320,3320
1716087392.8103328,8287105024,2539,2539
1716087393.8116071,8287105024,2379,2379
1716087394.8129382,8287105024,2361,2361
1716087395.814158,8287105024,1959,1959
1716087396.815388,8287105024,2304,2304
1716087397.8166132,8287105024,0,0
1716087398.8178306,8287105024,774,774
1716087399.819058,8287105024,0,0
1716087400.8202744,8287105024,0,0
1716087401.8215077,8287105024,4733,4733
1716087402.8227525,8287105024,0,0
1716087403.823984,8287105024,564,564
1716087404.824865,8287105024,0,0
1716087405.8260894,8287105024,0,0
1716087406.8273096,8287105024,277,277
1716087407.8285363,8287105024,3196,3196
1716087408.8288558,8287105024,1431,1431
1716087409.830076,8287105024,0,0
1716087410.831296,8287105024,311,311
1716087411.8325264,8287105024,1963,1963
1716087412.8328614,8287105024,289,289
1716087413.8340943,8287105024,561,561
1716087414.8353214,8287105024,0,0
1716087415.8365405,8287105024,0,0
1716087416.8368938,8287105024,0,0
1716087417.838136,8287105024,0,0
1716087418.839398,8287105024,548,548
1716087419.8406825,8287105024,0,0
1716087420.8419054,8287105024,0,0
1716087421.84314,8287105024,0,0
1716087422.8443813,8287105024,0,0
1716087423.8448472,8287105024,496,496
1716087424.8461328,8287105024,0,0
1716087425.8473597,8287105024,51431227,51431227
1716087426.8485837,8287105024,0,0
1716087427.8488505,8287105024,0,0
1716087428.850087,8287105024,600,600
1716087429.8513017,8287105024,0,0
1716087430.8525703,8287105024,34644981,34644981
1716087431.852884,8287105024,0,0
1716087432.8541405,8287105024,0,0
1716087433.855421,8287105024,76228666,76228666
1716087434.856704,8287105024,456986402,456986402
1716087435.8579698,8287105024,0,0
1716087436.8592074,8287105024,0,0
1716087437.8604305,8287105024,0,0
1716087438.8609107,8287105024,4201342,4201342
1716087439.8622308,8287105024,2884017658,2884017658
1716087440.863053,8287105024,256161851,256161851
1716087441.864171,8287105024,0,0
1716087442.8649082,8287105024,2009,2009
1716087443.8662088,8287105024,6213,6213
1716087444.8675282,8287105024,2854,2854
1716087445.868844,8287105024,6793,6793
1716087446.8701508,8287105024,5011,5011
1716087447.8714488,8287105024,6907,6907
1716087448.8727129,8287105024,7442,7442
1716087449.8739614,8287105024,5144,5144
1716087450.8752015,8287105024,1363,1363
1716087451.876503,8287105024,5641,5641
1716087452.876882,8287105024,7484,7484
1716087453.87813,8287105024,7823,7823
1716087454.8793764,8287105024,5710,5710
1716087455.8806355,8287105024,6390,6390
1716087456.8818974,8287105024,2165,2165
1716087457.8831499,8287105024,6344,6344
1716087458.8843975,8287105024,5245,5245
1716087459.8849013,8287105024,7244,7244
1716087460.8859267,8287105024,5137,5137
1716087461.8869529,8287105024,6649,6649
1716087462.8882072,8287105024,4424,4424
1716087463.888891,8287105024,2880,2880
1716087464.8901649,8287105024,5646,5646
1716087465.891421,8287105024,4733,4733
1716087466.8926947,8287105024,7606,7606
1716087467.8939376,8287105024,7467,7467
1716087468.8949862,8287105024,6852,6852
1716087469.8962877,8287105024,5107,5107
1716087470.8969545,8287105024,5353,5353
1716087471.8982713,8287105024,4660,4660
1716087472.8996003,8287105024,6354,6354
1716087473.9009366,8287105024,7479,7479
1716087474.9022381,8287105024,6569,6569
1716087475.903544,8287105024,5302,5302
1716087476.9048681,8287105024,6469,6469
1716087477.9061854,8287105024,6698,6698
1716087478.9075031,8287105024,7990,7990
1716087479.908841,8287105024,8072,8072
1716087480.9101553,8287105024,7076,7076
1716087481.9114635,8287105024,3097,3097
1716087482.9126916,8287105024,4801,4801
1716087483.9139354,8287105024,6315,6315
1716087484.9151893,8287105024,5538,5538
1716087485.916451,8287105024,6526,6526
1716087486.9170809,8287105024,2759,2759
1716087487.9183552,8287105024,778,778
1716087488.9196606,8287105024,1406,1406
1716087489.9209673,8287105024,734,734
1716087490.922342,8287105024,745,745
1716087491.9235797,8287105024,726,726
1716087492.9250638,8287105024,1252,1252
1716087493.926354,8287105024,1187,1187
1716087494.9276896,8287105024,0,0
1716087495.9289577,8287105024,1506,1506
1716087496.9302866,8287105024,738,738
1716087497.9316518,8287105024,153,153
1716087498.9331818,8287105024,1861,1861
1716087499.9344587,8287105024,727,727
1716087500.9357855,8287105024,0,0
1716087501.9369175,8287105024,199,199
1716087502.9381673,8287105024,2055,2055
1716087503.9394543,8287105024,405,405
1716087504.9410594,8287105024,0,0
1716087505.9424348,8287105024,1476,1476
1716087506.9437602,8287105024,783,783
1716087507.9450057,8287105024,153,153
1716087508.9463003,8287105024,1172,1172
1716087509.9475667,8287105024,1414,1414
1716087510.948919,8287105024,0,0
1716087511.9501586,8287105024,786,786
1716087512.9514265,8287105024,2132,2132
1716087513.9527519,8287105024,12813,12813
1716087514.9540155,8287105024,5850,5850
1716087515.9552627,8287105024,6984,6984
1716087516.9565647,8287105024,0,0
1716087517.95774,8287105024,950,950
1716087518.9589968,8287105024,3937,3937
1716087519.960307,8287105024,0,0
1716087520.9609454,8287105024,167,167
1716087521.9622903,8287105024,4534,4534
1716087522.9635599,8287105024,1047,1047
1716087523.964835,8287105024,1211,1211
1716087524.9661722,8287105024,1323,1323
1716087525.9674816,8287105024,0,0
1716087526.9687793,8287105024,1465,1465
1716087527.9700701,8287105024,251,251
1716087528.9713678,8287105024,308,308
1716087529.9725976,8287105024,1815,1815
1716087530.9729168,8287105024,950,950
1716087531.9742625,8287105024,1094,1094
1716087532.9755483,8287105024,1037,1037
1716087533.97689,8287105024,308,308
1716087534.97812,8287105024,2268,2268
1716087535.9794645,8287105024,0,0
1716087536.9808474,8287105024,305,305
1716087537.9820924,8287105024,1821,1821
1716087538.9833596,8287105024,2385,2385
1716087539.9845831,8287105024,5439,5439
1716087540.9848614,8287105024,524,524
1716087541.9860823,8287105024,1461,1461
1716087542.9872975,8287105024,4154,4154
1716087543.98852,8287105024,6294,6294
1716087544.9897566,8287105024,5397,5397
1716087545.9903207,8287105024,7198,7198
1716087546.99153,8287105024,4601,4601
1716087547.9927733,8287105024,2694,2694
1716087548.9939835,8287105024,7134,7134
1716087549.9951947,8287105024,3273,3273
1716087550.9964044,8287105024,5499,5499
1716087551.9976242,8287105024,3797,3797
1716087552.9988523,8287105024,6314,6314
1716087554.0000753,8287105024,3354,3354
1716087555.0013008,8287105024,6384,6384
1716087556.0025935,8287105024,5066,5066
1716087557.0039124,8287105024,6124,6124
1716087558.0048888,8287105024,6743,6743
1716087559.006127,8287105024,7192,7192
1716087560.007331,8287105024,3966,3966
1716087561.0085542,8287105024,6846,6846
1716087562.0097868,8287105024,1920,1920
1716087563.0110083,8287105024,4681,4681
1716087564.0122316,8287105024,5609,5609
1716087565.0134568,8287105024,3494,3494
1716087566.0146713,8287105024,538,538
1716087567.0158894,8287105024,6293,6293
1716087568.016848,8287105024,4510,4510
1716087569.0180688,8287105024,4153,4153
1716087570.0192955,8287105024,5816,5816
1716087571.0205169,8287105024,5462,5462
1716087572.0208597,8287105024,4395,4395
1716087573.02209,8287105024,6788,6788
1716087574.0233154,8287105024,7148,7148
1716087575.0245602,8287105024,4245,4245
1716087576.02487,8287105024,4403,4403
1716087577.0261056,8287105024,5329,5329
1716087578.0273204,8287105024,4548,4548
1716087579.0281308,8287105024,4735,4735
1716087580.0294151,8287105024,5961,5961
1716087581.0306213,8287105024,4624,4624
1716087582.0318496,8287105024,5820,5820
1716087583.033086,8287105024,158,158
1716087584.0343344,8287105024,464,464
1716087585.0355732,8287105024,0,0
1716087586.0368474,8287105024,0,0
1716087587.0380926,8287105024,0,0
1716087588.0386689,8287105024,448,448
1716087589.0399113,8287105024,152,152
1716087590.041146,8287105024,4489,4489
1716087591.042384,8287105024,995,995
1716087592.0436141,8287105024,340,340
1716087593.0448596,8287105024,566,566
1716087594.04609,8287105024,1007,1007
1716087595.047328,8287105024,190,190
1716087596.0485542,8287105024,303,303
1716087597.0497763,8287105024,4176,4176
1716087598.050994,8287105024,13359,13359
1716087599.0522096,8287105024,1871666787,1871666787
1716087600.0528648,8287105024,99738,99738
1716087601.0540767,8287105024,9891,9891
1716087602.0552964,8287105024,81633,81633
1716087603.0565064,8287105024,631689504,631689504
1716087604.057753,8287105024,1914952344,1914952344
1716087605.0589788,8287105024,1088764900,1088764900
1716087606.060199,8287105024,314,314
1716087607.0614264,8287105024,2034,2034
1716087608.0626435,8287105024,1351,1351
1716087609.063863,8287105024,110058090,110058090
1716087610.0648525,8287105024,1035,1035
1716087611.0660684,8287105024,561,561
1716087612.0672944,8287105024,1599,1599
1716087613.0685084,8287105024,683,683
1716087614.0696619,8287105024,157,157
1716087615.0708816,8287105024,489,489
1716087616.072087,8287105024,5938,5938
1716087617.0728445,8287105024,3649,3649
1716087618.0740461,8287105024,2998,2998
1716087619.0752518,8287105024,4999,4999
1716087620.0764585,8287105024,3134,3134
1716087621.0768383,8287105024,4607,4607
1716087622.0780299,8287105024,5491,5491
1716087623.0792642,8287105024,4109,4109
1716087624.080462,8287105024,2884,2884
1716087625.0816684,8287105024,4736,4736
1716087626.0828843,8287105024,4608,4608
1716087627.0840924,8287105024,3287,3287
1716087628.0848691,8287105024,4987,4987
1716087629.0851643,8287105024,5061,5061
1716087630.086369,8287105024,4199,4199
1716087631.0875697,8287105024,5801,5801
1716087632.088794,8287105024,4234,4234
1716087633.0900009,8287105024,3687,3687
1716087634.0911944,8287105024,4052,4052
1716087635.0924072,8287105024,4208,4208
1716087636.09361,8287105024,4242,4242
1716087637.0948133,8287105024,4565,4565
1716087638.096016,8287105024,4410,4410
1716087639.097216,8287105024,3368,3368
1716087640.098417,8287105024,5710,5710
1716087641.0996213,8287105024,4142,4142
1716087642.1008444,8287105024,5172,5172
1716087643.1020436,8287105024,3539,3539
1716087644.1032403,8287105024,4374,4374
1716087645.1044583,8287105024,1093,1093
1716087646.1048355,8287105024,4585,4585
1716087647.1060612,8287105024,5628,5628
1716087648.1072712,8287105024,4052,4052
1716087649.108472,8287105024,5529,5529
1716087650.10884,8287105024,3149,3149
1716087651.110048,8287105024,1507,1507
1716087652.1112437,8287105024,4609,4609
1716087653.112444,8287105024,3726,3726
1716087654.112848,8287105024,3311,3311
1716087655.114047,8287105024,1129,1129
1716087656.1152472,8287105024,4336,4336
1716087657.1164463,8287105024,3505,3505
1716087658.1168363,8287105024,3489,3489
1716087659.1180346,8287105024,3936,3936
1716087660.1192408,8287105024,6453,6453
1716087661.1204488,8287105024,3944,3944
1716087662.1210568,8287105024,6153,6153
1716087663.12225,8287105024,3462,3462
1716087664.123447,8287105024,4394,4394
1716087665.1246688,8287105024,3378,3378
1716087666.1258783,8287105024,4044,4044
1716087667.1270723,8287105024,4260,4260
1716087668.1283035,8287105024,3711,3711
1716087669.1288476,8287105024,5294,5294
1716087670.1300483,8287105024,4832,4832
1716087671.1312506,8287105024,4267,4267
1716087672.1324449,8287105024,6619,6619
1716087673.1336513,8287105024,4529,4529
1716087674.134881,8287105024,4936,4936
1716087675.1361,8287105024,2206,2206
1716087676.1368508,8287105024,4125,4125
1716087677.138047,8287105024,3880,3880
1716087678.1392512,8287105024,3052,3052
1716087679.1404607,8287105024,3967,3967
1716087680.1408494,8287105024,3140,3140
1716087681.1420739,8287105024,2532,2532
1716087682.143279,8287105024,4492,4492
1716087683.1444721,8287105024,5907,5907
1716087684.1448364,8287105024,4368,4368
1716087685.1460502,8287105024,4218,4218
1716087686.1472447,8287105024,4137,4137
1716087687.1479945,8287105024,3162,3162
1716087688.1488512,8287105024,1529,1529
1716087689.1500573,8287105024,4030,4030
1716087690.1512663,8287105024,3524,3524
1716087691.1524925,8287105024,4161,4161
1716087692.1537015,8287105024,3262,3262
1716087693.1549318,8287105024,3938,3938
1716087694.1561198,8287105024,3626,3626
1716087695.1573315,8287105024,4297,4297
1716087696.158533,8287105024,3109,3109
1716087697.1597283,8287105024,3562,3562
1716087698.160841,8287105024,4511,4511
1716087699.1620433,8287105024,4045,4045
1716087700.1632545,8287105024,4476,4476
1716087701.1644428,8287105024,5967,5967
1716087702.1648445,8287105024,4006,4006
1716087703.1660502,8287105024,3539,3539
1716087704.1672413,8287105024,5317,5317
1716087705.1684365,8287105024,3300,3300
1716087706.1688368,8287105024,4257,4257
1716087707.170028,8287105024,3071,3071
1716087708.1712291,8287105024,4516,4516
1716087709.1724308,8287105024,3319,3319
1716087710.1728399,8287105024,3755,3755
1716087711.174053,8287105024,2141,2141
1716087712.1752748,8287105024,398,398
1716087713.176467,8287105024,4080,4080
1716087714.1768394,8287105024,5534,5534
1716087715.1780422,8287105024,1326,1326
1716087716.1792471,8287105024,2551,2551
1716087717.1804469,8287105024,3392,3392
1716087718.1816528,8287105024,3257,3257
1716087719.182855,8287105024,3865,3865
1716087720.1840727,8287105024,5174,5174
1716087721.1848493,8287105024,6531,6531
1716087722.1860785,8287105024,4907,4907
1716087723.187286,8287105024,5280,5280
1716087724.1885273,8287105024,4461,4461
1716087725.1919074,8287105024,1196,1196
1716087726.193164,8287105024,152,152
1716087727.193981,8287105024,158,158
1716087728.1955297,8287105024,456,456
1716087729.197211,8287105024,155,155
1716087730.1985044,8287105024,0,0
1716087731.1997879,8287105024,0,0
1716087732.201302,8287105024,0,0
1716087733.203733,8287105024,448,448
1716087734.2050068,8287105024,152,152
1716087735.2062638,8287105024,0,0
1716087736.207657,8287105024,0,0
1716087737.209161,8287105024,0,0
1716087738.210388,8287105024,1494,1494
1716087739.2116237,8287105024,155,155
1716087740.212866,8287105024,950,950
1716087741.2140806,8287105024,0,0
1716087742.2153027,8287105024,0,0
1716087743.2165148,8287105024,448,448
1716087744.2168589,8287105024,152,152
1716087745.2180705,8287105024,0,0
1716087746.2192798,8287105024,0,0
1716087747.22048,8287105024,0,0
1716087748.220871,8287105024,448,448
1716087749.2220833,8287105024,152,152
1716087750.2233098,8287105024,0,0
1716087751.224523,8287105024,0,0
1716087752.2248535,8287105024,0,0
1716087753.2261043,8287105024,344,344
1716087754.2273324,8287105024,152,152
1716087755.228553,8287105024,0,0
1716087756.2288527,8287105024,0,0
1716087757.2300649,8287105024,0,0
1716087758.231286,8287105024,448,448
1716087759.232505,8287105024,152,152
1716087760.2337308,8287105024,0,0
1716087761.2349443,8287105024,0,0
1716087762.236135,8287105024,0,0
1716087763.236834,8287105024,448,448
1716087764.2380214,8287105024,152,152
1716087765.2392075,8287105024,0,0
1716087766.2404337,8287105024,0,0
1716087767.2408478,8287105024,4200274,4200274
1716087768.2420576,8287105024,448,448
1716087769.242467,8287105024,152,152
1716087770.2436764,8287105024,0,0
1716087771.2448566,8287105024,5248313,5248313
1716087772.2461207,8287105024,0,0
1716087773.2473698,8287105024,152,152
1716087774.2485924,8287105024,344,344
1716087775.249822,8287105024,355775790,355775790
1716087779.0807734,11114856448,1943120324,1943120324
1716087780.0827634,8129015808,102260072,102260072
1716087781.104335,8129015808,1353196609,1353196609
1716087782.1186666,8129015808,3203,3203
1716087783.1448753,8129015808,4639,4639
1716087784.1506293,8129015808,7316,7316
1716087785.1532047,8129015808,5673,5673
1716087786.1918597,8129015808,5598,5598
1716087787.215561,8129015808,6673,6673
1716087788.2390947,8129015808,3762,3762
1716087789.2621102,8129015808,5898,5898
1716087790.2728932,8129015808,7669,7669
1716087791.2746153,8129015808,5037,5037
1716087792.287224,8129015808,4417,4417
1716087793.2970645,8129015808,5758,5758
1716087794.3228617,8129015808,9601,9601
1716087795.351025,8129015808,6937,6937
1716087796.3724854,8129015808,6671,6671
1716087797.3729167,8129015808,5179,5179
1716087798.3884444,8129015808,4905,4905
1716087799.4009356,8129015808,4597,4597
1716087800.4207628,8129015808,7941,7941
1716087801.426961,8129015808,6686,6686
1716087802.4476733,8129015808,5373,5373
1716087803.4614956,8129015808,4674,4674
1716087804.4865491,8129015808,5931,5931
1716087805.5161648,8129015808,6198,6198
1716087806.5287023,8132947968,6263,6263
1716087807.5332203,8147693568,4738,4738
1716087808.555215,8147693568,8376,8376
1716087809.5693932,8147693568,3398,3398
1716087810.5870829,8147693568,6408,6408
1716087811.6106424,8147693568,3200,3200
1716087812.6129115,8147693568,4915,4915
1716087813.634029,8147693568,7550,7550
1716087814.638364,8147693568,5213,5213
1716087815.6484833,8187506688,2382,2382
1716087816.6730237,8187506688,7908,7908
1716087817.6974177,8212922368,4803,4803
1716087818.7164164,8212922368,8381,8381
1716087819.7400732,8212922368,7406,7406
1716087820.7492115,8191901696,6771,6771
1716087821.7495053,8192393216,7391,7391
1716087822.750916,8368373760,1474,1474
1716087823.7514353,8232116224,7745,7745
1716087824.7527657,3180093440,5325,5325
1716087825.753989,3180093440,4422,4422
1716087826.755057,3180093440,4714,4714
1716087827.7563481,3180093440,2175,2175
1716087828.7568603,3180093440,3226,3226
1716087829.7581236,3180093440,287,287
1716087830.7593725,3180093440,151,151
1716087831.7605984,3180093440,152,152
1716087832.760855,3180093440,0,0
1716087833.7620792,3180093440,606,606
1716087834.7634299,3180093440,0,0
1716087835.7648106,3180093440,0,0
1716087836.7661815,3180093440,0,0
1716087837.767524,3180093440,0,0
1716087838.7688935,3180093440,496,496
1716087839.77014,3180093440,0,0
1716087840.7713711,3180093440,0,0
1716087841.7726047,3180093440,0,0
1716087842.7738597,3180093440,0,0
1716087843.775086,3180093440,600,600
1716087844.7764664,3180093440,0,0
1716087845.7778516,3180093440,0,0
1716087846.7792015,3180093440,0,0
1716087847.7805462,3180093440,0,0
1716087848.7818978,3180093440,600,600
1716087849.7831259,3180093440,0,0
1716087850.7843637,3180093440,0,0
1716087851.785605,3180093440,0,0
1716087852.7868404,3180093440,0,0
1716087853.78807,3180093440,600,600
1716087854.7893152,3180093440,0,0
1716087855.7905488,3180093440,0,0
1716087856.7917726,3180093440,0,0
1716087857.7930005,3180093440,0,0
1716087858.7942185,3180093440,5382005,5382005
1716087859.7954404,3180093440,0,0
1716087860.7967246,3180093440,0,0
1716087861.7979512,3180093440,0,0
1716087862.799212,3180093440,191985383,191985383
1716087863.8004427,3180093440,170086944,170086944
1716087864.8017118,3180093440,0,0
1716087865.8029218,3180093440,0,0
1716087866.8041456,3180093440,17841277,17841277
1716087867.8049011,3180093440,1126478491,1126478491
1716087868.8061357,3180093440,659329320,659329320
1716087869.8073874,3180093440,0,0
1716087870.808626,3180093440,0,0
1716087871.8088658,3180093440,3141,3141
1716087872.8102312,3180093440,1593001890,1593001890
1716087873.8116226,3180093440,3449,3449
1716087874.8123987,3180093440,4603,4603
1716087875.812914,3180093440,5526,5526
1716087876.814199,3180093440,4468,4468
1716087877.815482,3180093440,5342,5342
1716087878.8167775,3180093440,5303,5303
1716087879.8180444,3180093440,6850,6850
1716087880.8193145,3180093440,7527,7527
1716087881.820571,3180093440,8034,8034
1716087882.8209195,3180093440,7546,7546
1716087883.8221846,3180093440,1697,1697
1716087884.8234565,3180093440,4834,4834
1716087885.8247643,3180093440,6244,6244
1716087886.8260546,3180093440,5581,5581
1716087887.8273227,3180093440,6070,6070
1716087888.828595,3180093440,7434,7434
1716087889.8289149,3180093440,7367,7367
1716087890.8301907,3180093440,5957,5957
1716087891.8314683,3180093440,1965,1965
1716087892.832752,3180093440,3574,3574
1716087893.8340147,3180093440,867,867
1716087894.8352883,3180093440,485,485
1716087895.8365722,3180093440,6829,6829
1716087896.8369086,3180093440,7054,7054
1716087897.838149,3180093440,6603,6603
1716087898.8394186,3180093440,5631,5631
1716087899.8406916,3180093440,7570,7570
1716087900.8419485,3180093440,4404,4404
1716087901.8431768,3180093440,94661,94661
1716087902.8444378,3180093440,4092,4092
1716087903.844893,3180093440,5623,5623
1716087904.8461719,3180093440,5763,5763
1716087905.84745,3180093440,6663,6663
1716087906.8487434,3180093440,4586,4586
1716087907.8500237,3180093440,3291,3291
1716087908.851308,3180093440,4144,4144
1716087909.852581,3180093440,5486,5486
1716087910.8529315,3180093440,4730,4730
1716087911.8542113,3180093440,7162,7162
1716087912.8546126,3180093440,6296,6296
1716087913.8558857,3180093440,5109,5109
1716087914.8569267,3180093440,6289,6289
1716087915.8582654,3180093440,4525,4525
1716087916.8595393,3180093440,7644,7644
1716087917.8608708,3180093440,6908,6908
1716087918.86224,3180093440,5008,5008
1716087919.8635046,3180093440,4765,4765
1716087920.8648338,3180093440,841,841
1716087921.8661897,3180093440,0,0
1716087922.8674772,3180093440,688,688
1716087923.8688052,3180093440,1173,1173
1716087924.8700774,3180093440,658,658
1716087925.871377,3180093440,733,733
1716087926.8727703,3180093440,777,777
1716087927.8740652,3180093440,759,759
1716087928.8753402,3180093440,1229,1229
1716087929.876666,3180093440,740,740
1716087930.8779743,3180093440,444,444
1716087931.879253,3180093440,335,335
1716087932.880534,3180093440,1427,1427
1716087933.8809156,3180093440,1333,1333
1716087934.8823695,3180093440,0,0
1716087935.8836906,3180093440,99,99
1716087936.8848886,3180093440,1732,1732
1716087937.8862295,3180093440,783,783
1716087938.8875885,3180093440,558,558
1716087939.8889132,3180093440,0,0
1716087940.890153,3180093440,877,877
1716087941.8918169,3180093440,0,0
1716087942.89292,3180093440,990,990
1716087943.8941891,3180093440,1358,1358
1716087944.8956022,3180093440,568,568
1716087945.8969166,3180093440,733,733
1716087946.898218,3180093440,683,683
1716087947.8994555,3180093440,690,690
1716087948.90075,3180093440,1279,1279
1716087949.9020944,3180093440,668,668
1716087950.903351,3180093440,785,785
1716087951.9047437,3180093440,735,735
1716087952.9060674,3180093440,570,570
1716087953.9073257,3180093440,3980,3980
1716087954.9085732,3180093440,2987,2987
1716087955.9089062,3180093440,1502,1502
1716087956.9101603,3180093440,1464,1464
1716087957.9113998,3180093440,1486,1486
1716087958.912622,3180093440,2753,2753
1716087959.9138415,3180093440,2325,2325
1716087960.9151156,3180093440,6411,6411
1716087961.9163852,3180093440,5222,5222
1716087962.9168544,3180093440,8449,8449
1716087963.9180439,3180093440,6724,6724
1716087964.919238,3180093440,4998,4998
1716087965.9204535,3180093440,7056,7056
1716087966.9216826,3180093440,4573,4573
1716087967.9229033,3180093440,4615,4615
1716087968.9241142,3180093440,4780,4780
1716087969.9253588,3180093440,5197,5197
1716087970.9265935,3180093440,6874,6874
1716087971.9278123,3180093440,4331,4331
1716087972.9288628,3180093440,2085,2085
1716087973.9300919,3180093440,7570,7570
1716087974.931313,3180093440,7290,7290
1716087975.932533,3180093440,4512,4512
1716087976.9337616,3180093440,4298,4298
1716087977.934978,3180093440,6568,6568
1716087978.936179,3180093440,4186,4186
1716087979.9368765,3180093440,710,710
1716087980.9380774,3180093440,6931,6931
1716087981.9393177,3180093440,4469,4469
1716087982.9405453,3180093440,4350,4350
1716087983.9408524,3180093440,3493,3493
1716087984.9420583,3180093440,5751,5751
1716087985.9432635,3180093440,4410,4410
1716087986.944472,3180093440,4155,4155
1716087987.944872,3180093440,3459,3459
1716087988.9461014,3180093440,2966,2966
1716087989.9474137,3180093440,4373,4373
1716087990.948629,3180093440,4258,4258
1716087991.9498544,3180093440,4185,4185
1716087992.9510722,3180093440,2060,2060
1716087993.952289,3180093440,4241,4241
1716087994.9525793,3180093440,5076,5076
1716087995.953813,3180093440,6554,6554
1716087996.9550362,3180093440,3083,3083
1716087997.9562795,3180093440,2740,2740
1716087998.957509,3180093440,1643,1643
1716087999.958719,3180093440,367,367
1716088000.9599824,3180093440,395,395
1716088001.9612677,3180093440,555,555
1716088002.9625216,3180093440,351,351
1716088003.963777,3180093440,4932,4932
1716088004.9650354,3180093440,0,0
1716088005.9663174,3180093440,260,260
1716088006.9676023,3180093440,0,0
1716088007.9688752,3180093440,255,255
1716088008.9702063,3180093440,304,304
1716088009.9715197,3180093440,1102,1102
1716088010.9728699,3180093440,0,0
1716088011.9741783,3180093440,0,0
1716088012.9755137,3180093440,843,843
1716088013.9767787,3180093440,306,306
1716088014.9781005,3180093440,0,0
1716088015.9794428,3180093440,1871722808,1871722808
1716088016.9807498,3180093440,0,0
1716088017.9820979,3180093440,6197058,6197058
1716088018.983431,3180093440,456,456
1716088019.984764,3180093440,529853555,529853555
1716088020.9861295,3180093440,1336387225,1336387225
1716088021.9874508,3180093440,98628,98628
1716088022.98879,3180093440,700,700
1716088023.9900982,3180093440,259,259
1716088024.9913244,3180093440,515616587,515616587
1716088025.9925792,3180093440,1356454340,1356454340
1716088026.9938176,3180093440,216,216
1716088027.9950168,3180093440,448,448
1716088028.9962296,3180093440,532,532
1716088029.9974446,3180093440,0,0
1716088030.9986463,3180093440,1547,1547
1716088031.999855,3180093440,5824,5824
1716088033.0010672,3180093440,1996,1996
1716088034.0020099,3180093440,4290,4290
1716088035.0033162,3180093440,6764,6764
1716088036.0045168,3180093440,1573,1573
1716088037.0057282,3180093440,2513,2513
1716088038.006972,3180093440,3797,3797
1716088039.0082283,3180093440,6333,6333
1716088040.008848,3180093440,5354,5354
1716088041.0100667,3180093440,4390,4390
1716088042.0112932,3180093440,3768,3768
1716088043.012532,3180093440,2419,2419
1716088044.012853,3180093440,4068,4068
1716088045.0140984,3180093440,2132,2132
1716088046.0153677,3180093440,5261,5261
1716088047.016579,3180093440,2982,2982
1716088048.0168498,3180093440,3051,3051
1716088049.01811,3180093440,2894,2894
1716088050.0193174,3180093440,3339,3339
1716088051.0205555,3180093440,1371,1371
1716088052.0208464,3180093440,1773,1773
1716088053.0220828,3180093440,5138,5138
1716088054.0232906,3180093440,3746,3746
1716088055.0245361,3180093440,3157,3157
1716088056.024845,3180093440,3424,3424
1716088057.026064,3180093440,3675,3675
1716088058.0272725,3180093440,2049,2049
1716088059.028535,3180093440,4295,4295
1716088060.0288484,3180093440,3341,3341
1716088061.0300696,3180093440,6307,6307
1716088062.03133,3180093440,4343,4343
1716088063.0325348,3180093440,3436,3436
1716088064.0328615,3180093440,770,770
1716088065.034073,3180093440,630,630
1716088066.0353432,3180093440,352,352
1716088067.0365663,3180093440,2035,2035
1716088068.0378215,3180093440,6612,6612
1716088069.0390632,3180093440,3939,3939
1716088070.0402842,3180093440,4286,4286
1716088071.0414982,3180093440,1119,1119
1716088072.0427253,3180093440,5340,5340
1716088073.0439377,3180093440,1256,1256
1716088074.0451672,3180093440,3325,3325
1716088075.046436,3180093440,1028,1028
1716088076.04765,3180093440,3974,3974
1716088077.0488663,3180093440,6151,6151
1716088078.0500846,3180093440,4357,4357
1716088079.0513718,3180093440,4330,4330
1716088080.0525854,3180093440,4268,4268
1716088081.0538027,3180093440,4107,4107
1716088082.0550528,3180093440,1786,1786
1716088083.0562856,3180093440,5139,5139
1716088084.0575008,3180093440,5012,5012
1716088085.0587733,3180093440,3683,3683
1716088086.0600088,3180093440,5225,5225
1716088087.0612485,3180093440,2309,2309
1716088088.062471,3180093440,3753,3753
1716088089.0636854,3180093440,4041,4041
1716088090.0649123,3180093440,1926,1926
1716088091.0661356,3180093440,4329,4329
1716088092.0673494,3180093440,4248,4248
1716088093.0685608,3180093440,2441,2441
1716088094.0697787,3180093440,6024,6024
1716088095.0710115,3180093440,1915,1915
1716088096.0722163,3180093440,3282,3282
1716088097.0734756,3180093440,2315,2315
1716088098.074685,3180093440,971,971
1716088099.0759015,3180093440,4480,4480
1716088100.0771105,3180093440,3001,3001
1716088101.0783286,3180093440,5285,5285
1716088102.079531,3180093440,4233,4233
1716088103.0807824,3180093440,3443,3443
1716088104.0820098,3180093440,3746,3746
1716088105.0832357,3180093440,4231,4231
1716088106.0844772,3180093440,1708,1708
1716088107.0857058,3180093440,1865,1865
1716088108.0869274,3180093440,7672,7672
1716088109.088151,3180093440,4433,4433
1716088110.0893989,3180093440,3898,3898
1716088111.0906067,3180093440,4282,4282
1716088112.091823,3180093440,4439,4439
1716088113.0930386,3180093440,2735,2735
1716088114.0942767,3180093440,3811,3811
1716088115.0954869,3180093440,4073,4073
1716088116.096726,3180093440,6485,6485
1716088117.0979648,3180093440,1639,1639
1716088118.0991666,3180093440,5396,5396
1716088119.100372,3180093440,4885,4885
1716088120.1015801,3180093440,4238,4238
1716088121.1027832,3180093440,1628,1628
1716088122.1040146,3180093440,4809,4809
1716088123.1052635,3180093440,2665,2665
1716088124.1064858,3180093440,3791,3791
1716088125.1077023,3180093440,4022,4022
1716088126.1089325,3180093440,4458,4458
1716088127.1101685,3180093440,4138,4138
1716088128.1113904,3180093440,1471,1471
1716088129.112636,3180093440,351,351
1716088130.1139193,3180093440,5404,5404
1716088131.1151187,3180093440,2888,2888
1716088132.116338,3180093440,4214,4214
1716088133.1168473,3180093440,5600,5600
1716088134.1180623,3180093440,4671,4671
1716088135.119291,3180093440,6038,6038
1716088136.1204913,3180093440,2604,2604
1716088137.1217275,3180093440,1779,1779
1716088138.1229346,3180093440,2314,2314
1716088139.1241732,3180093440,4440,4440
1716088140.1254177,3180093440,5327,5327
1716088141.127236,3180093440,2652,2652
1716088142.128414,3180093440,0,0
1716088143.1294518,3180093440,776,776
1716088144.131441,3180093440,154,154
1716088145.1328561,3180093440,0,0
1716088146.1341078,3180093440,0,0
1716088147.1353629,3180093440,0,0
1716088148.1373672,3180093440,448,448
1716088149.1391404,3180093440,152,152
1716088150.1405716,3180093440,0,0
1716088151.1409028,3180093440,0,0
1716088152.1421685,3180093440,0,0
1716088153.1434467,3180093440,448,448
1716088154.1456048,3180093440,152,152
1716088155.1468704,3180093440,0,0
1716088156.1481006,3180093440,1199,1199
1716088157.1488707,3180093440,0,0
1716088158.1500947,3180093440,304,304
1716088159.1513364,3180093440,397,397
1716088160.152554,3180093440,0,0
1716088161.1528676,3180093440,0,0
1716088162.154081,3180093440,0,0
1716088163.1553075,3180093440,870,870
1716088164.156561,3180093440,300,300
1716088165.156858,3180093440,0,0
1716088166.1580768,3180093440,0,0
1716088167.159313,3180093440,0,0
1716088168.16053,3180093440,152,152
1716088169.1608598,3180093440,344,344
1716088170.1620932,3180093440,0,0
1716088171.1633263,3180093440,0,0
1716088172.1645517,3180093440,0,0
1716088173.1648579,3180093440,448,448
1716088174.1661048,3180093440,152,152
1716088175.1673357,3180093440,0,0
1716088176.1685565,3180093440,0,0
1716088177.168844,3180093440,0,0
1716088178.1700737,3180093440,448,448
1716088179.1713088,3180093440,152,152
1716088180.172519,3180093440,0,0
1716088181.172866,3180093440,0,0
1716088182.174084,3180093440,0,0
1716088183.1752944,3180093440,448,448
1716088184.1764963,3180093440,152,152
1716088185.1768587,3180093440,0,0
1716088186.1780798,3182551040,33646624,33646624
1716088187.179307,3182551040,0,0
1716088188.1805208,3182551040,448,448
1716088189.1808681,3182551040,152,152
1716088190.182078,3182551040,0,0
1716088191.1832936,3182551040,0,0
1716088192.1845152,3182551040,0,0
1716088193.184843,3182551040,448,448
1716088194.1860678,3182551040,549060812,549060812
1716088195.1872773,3182551040,4200577,4200577
1716088196.1884997,3182551040,0,0
1716088197.188866,3182551040,0,0
1716088198.1900883,3182551040,34644658,34644658
1716088202.3471994,5634453504,3142279074,3142279074
1716088203.3599749,5545259008,97078,97078
1716088204.3787632,5545259008,5288,5288
1716088205.3825808,5545259008,2224,2224
1716088206.4028037,5545259008,3504,3504
1716088207.4112153,5545259008,4861,4861
1716088208.4314296,5545259008,7544,7544
1716088209.4361508,5545259008,7244,7244
1716088210.454782,5545259008,6889,6889
1716088211.4604583,5545259008,7440,7440
1716088212.4864304,5545259008,5120,5120
1716088213.4978604,5545259008,4282,4282
1716088214.5108745,5545259008,7089,7089
1716088215.5232072,5545259008,7830,7830
1716088216.5456076,5545259008,7178,7178
1716088217.5491467,5545259008,7770,7770
1716088218.5688589,5545259008,7309,7309
1716088219.5808418,5545259008,5218,5218
1716088220.6064,5545259008,4286,4286
1716088221.6191254,5545259008,7410,7410
1716088222.6230001,5545259008,7658,7658
1716088223.6325111,5545259008,5114,5114
1716088224.6453369,5545259008,6988,6988
1716088225.6561012,5545259008,5944,5944
1716088226.6690176,5545259008,1091,1091
1716088227.6811645,5545259008,4567,4567
1716088228.7066422,5545259008,6387,6387
1716088229.7183175,5547716608,7063,7063
1716088230.7392418,5547716608,7213,7213
1716088231.7519357,5547716608,7298,7298
1716088232.775847,5547716608,6956,6956
1716088233.7934663,5547716608,3057,3057
1716088234.7946334,5547716608,4478,4478
1716088235.8207843,5547716608,7412,7412
1716088236.8399746,5547716608,4772,4772
1716088237.8440092,5547716608,6870,6870
1716088238.8473828,5547716608,7225,7225
1716088239.8645508,5547716608,7918,7918
1716088240.8665671,5547716608,4266,4266
1716088241.8790045,5547716608,4207,4207
1716088242.8903277,5547716608,7303,7303
1716088243.903699,5547716608,5189,5189
1716088244.9051418,5547716608,4521,4521
1716088245.9064035,4294438912,7436,7436
1716088246.907007,4294438912,717,717
1716088247.908242,4294438912,1148,1148
1716088248.9088333,4294438912,1786,1786
1716088249.910037,4294438912,835,835
1716088250.9112487,4294438912,152,152
1716088251.9124606,4294438912,152,152
1716088252.9128537,4294438912,0,0
1716088253.9140465,4294438912,606,606
1716088254.9152544,4294438912,0,0
1716088255.9156616,4294438912,0,0
1716088256.9169126,4294438912,0,0
1716088257.9181817,4294438912,0,0
1716088258.919415,4294438912,496,496
1716088259.920672,4294438912,0,0
1716088260.9219005,4294438912,0,0
1716088261.923114,4294438912,0,0
1716088262.92393,4294438912,0,0
1716088263.9248478,4294438912,600,600
1716088264.9260795,4294438912,0,0
1716088265.927286,4294438912,0,0
1716088266.9284914,4294438912,0,0
1716088267.92884,4294438912,0,0
1716088268.9300466,4294438912,600,600
1716088269.9312606,4294438912,0,0
1716088270.9324672,4294438912,0,0
1716088271.932836,4294438912,0,0
1716088272.933261,4294438912,0,0
1716088273.9344735,4294438912,600,600
1716088274.9356709,4294438912,0,0
1716088275.936831,4294438912,0,0
1716088276.938024,4294438912,0,0
1716088277.9392698,4294438912,33614642,33614642
1716088278.9404902,4294438912,600,600
1716088279.9417305,4294438912,0,0
1716088280.942954,4294438912,0,0
1716088281.9441798,4294438912,0,0
1716088282.944862,4294438912,806214354,806214354
1716088283.9460852,4294438912,600,600
1716088284.9473023,4294438912,0,0
1716088285.9485106,4294438912,0,0
1716088286.9488735,4294438912,161347304,161347304
1716088287.9500675,4294438912,215510947,215510947
1716088288.9512618,4294438912,600,600
1716088289.9524426,4294438912,0,0
1716088290.9528637,4294438912,868839308,868839308
1716088291.9541025,4294438912,1678776704,1678776704
1716088292.955327,4294438912,363,363
1716088293.9565332,4294438912,1444,1444
1716088294.9568553,4294438912,3373,3373
1716088295.958064,4294438912,6736,6736
1716088296.9592614,4294438912,4700,4700
1716088297.9604564,4294438912,4027,4027
1716088298.9608333,4294438912,4628,4628
1716088299.961532,4294438912,883,883
1716088300.9627323,4294438912,7460,7460
1716088301.963941,4294438912,4680,4680
1716088302.964844,4294438912,7616,7616
1716088303.9660542,4294438912,4963,4963
1716088304.9672394,4294438912,5017,5017
1716088305.968453,4294438912,4303,4303
1716088306.9688594,4294438912,4427,4427
1716088307.9700673,4294438912,6116,6116
1716088308.9712718,4294438912,5137,5137
1716088309.9724765,4294438912,6813,6813
1716088310.9728374,4294438912,7030,7030
1716088311.9740279,4294438912,5887,5887
1716088312.9752142,4294438912,3029,3029
1716088313.9764035,4294438912,5508,5508
1716088314.9768372,4294438912,6082,6082
1716088315.9780257,4294438912,7442,7442
1716088316.97922,4294438912,7779,7779
1716088317.9804354,4294438912,6812,6812
1716088318.9808354,4294438912,3172,3172
1716088319.9820402,4294438912,6045,6045
1716088320.9832418,4294438912,4345,4345
1716088321.9844694,4294438912,5073,5073
1716088322.9848394,4294438912,5216,5216
1716088323.9860365,4294438912,4894,4894
1716088324.9872162,4294438912,4102,4102
1716088325.9883974,4294438912,5450,5450
1716088326.988835,4294438912,5163,5163
1716088327.9897866,4294438912,6771,6771
1716088328.9910028,4294438912,6895,6895
1716088329.9922073,4294438912,6774,6774
1716088330.9928405,4294438912,7268,7268
1716088331.9937863,4294438912,2413,2413
1716088332.994948,4294438912,6083,6083
1716088333.996149,4294438912,6335,6335
1716088334.99736,4294438912,4893,4893
1716088335.998542,4294438912,7481,7481
1716088336.9998634,4294438912,8255,8255
1716088338.0009463,4294438912,8815,8815
1716088339.0022702,4294438912,3380,3380
1716088340.0035038,4294438912,7780,7780
1716088341.0053225,4294438912,837,837
1716088342.0065625,4294438912,1159,1159
1716088343.0077868,4294438912,1194,1194
1716088344.00889,4294438912,899,899
1716088345.0101404,4294438912,0,0
1716088346.0118625,4294438912,1516,1516
1716088347.013019,4294438912,169,169
1716088348.014287,4294438912,2293,2293
1716088349.0156062,4294438912,796,796
1716088350.017027,4294438912,1515,1515
1716088351.0185103,4294438912,752,752
1716088352.0197997,4294438912,738,738
1716088353.0208638,4294438912,2130,2130
1716088354.0221443,4294438912,155,155
1716088355.0234137,4294438912,733,733
1716088356.0246904,4294438912,356,356
1716088357.0260134,4294438912,10510,10510
1716088358.0273304,4294438912,11055,11055
1716088359.0285795,4294438912,7562,7562
1716088360.0291512,4294438912,1867,1867
1716088361.0304646,4294438912,751,751
1716088362.0318556,4294438912,0,0
1716088363.032866,4294438912,1628,1628
1716088364.0341806,4294438912,1514,1514
1716088365.035419,4294438912,1543,1543
1716088366.0366747,4294438912,1224,1224
1716088367.0369196,4294438912,783,783
1716088368.0382407,4294438912,689,689
1716088369.0396044,4294438912,3117,3117
1716088370.0408905,4294438912,5020,5020
1716088371.0416274,4294438912,2573,2573
1716088372.0430486,4294438912,2296,2296
1716088373.044359,4294438912,3047,3047
1716088374.0456796,4294438912,5024,5024
1716088375.04695,4294438912,6459,6459
1716088376.0482116,4294438912,5111,5111
1716088377.04953,4294438912,3803,3803
1716088378.0508165,4294438912,8409,8409
1716088379.0521111,4294438912,1819,1819
1716088380.053401,4294438912,7588,7588
1716088381.054691,4294438912,6129,6129
1716088382.0559664,4294438912,6708,6708
1716088383.0572567,4294438912,4658,4658
1716088384.0585337,4294438912,7622,7622
1716088385.0598679,4294438912,1765,1765
1716088386.0611408,4294438912,4785,4785
1716088387.0624247,4294438912,5559,5559
1716088388.0637035,4294438912,6504,6504
1716088389.0648954,4294438912,4354,4354
1716088390.0661883,4294438912,6671,6671
1716088391.0675027,4294438912,4449,4449
1716088392.0688303,4294438912,7101,7101
1716088393.0701163,4294438912,4813,4813
1716088394.0714307,4294438912,5092,5092
1716088395.0727706,4294438912,3964,3964
1716088396.0740447,4294438912,3703,3703
1716088397.07533,4294438912,3202,3202
1716088398.0766315,4294438912,2970,2970
1716088399.0768962,4294438912,5031,5031
1716088400.0781803,4294438912,4846,4846
1716088401.0794575,4294438912,2779,2779
1716088402.0807858,4294438912,3014,3014
1716088403.08212,4294438912,6806,6806
1716088404.0834143,4294438912,5300,5300
1716088405.0847638,4294438912,6014,6014
1716088406.086111,4294438912,5602,5602
1716088407.0873864,4294438912,4216,4216
1716088408.0886967,4294438912,4465,4465
1716088409.090003,4294438912,3958,3958
1716088410.0913694,4294438912,5547,5547
1716088411.0926354,4294438912,3605,3605
1716088412.093909,4294438912,3014,3014
1716088413.0951574,4294438912,5658,5658
1716088414.0964286,4294438912,4637,4637
1716088415.0976574,4294438912,2661,2661
1716088416.0988777,4294438912,672,672
1716088417.100153,4294438912,0,0
1716088418.1008854,4294438912,662,662
1716088419.102138,4294438912,155,155
1716088420.1034043,4294438912,0,0
1716088421.1046953,4294438912,0,0
1716088422.1059668,4294438912,0,0
1716088423.1072078,4294438912,448,448
1716088424.108459,4294438912,1058,1058
1716088425.1097374,4294438912,0,0
1716088426.1109796,4294438912,303,303
1716088427.1122217,4294438912,762,762
1716088428.1134791,4294438912,402,402
1716088429.11471,4294438912,948043417,948043417
1716088430.1159723,4294438912,923720028,923720028
1716088431.1168778,4294438912,0,0
1716088432.1181123,4294438912,709,709
1716088433.1193106,4294438912,12394126,12394126
1716088434.1205475,4294438912,1312993483,1312993483
1716088435.12176,4294438912,2161270003,2161270003
1716088436.122962,4294438912,1149,1149
1716088437.1232462,4294438912,104,104
1716088438.1244547,4294438912,396,396
1716088439.1256745,4294438912,258544137,258544137
1716088440.1268864,4294438912,380,380
1716088441.1280673,4294438912,0,0
1716088442.128843,4294438912,1167,1167
1716088443.1300728,4294438912,8065,8065
1716088444.131298,4294438912,3445,3445
1716088445.132496,4294438912,4750,4750
1716088446.1337037,4294438912,3637,3637
1716088447.1349308,4294438912,3732,3732
1716088448.1361382,4294438912,6784,6784
1716088449.1373577,4294438912,1100,1100
1716088450.1385636,4294438912,4629,4629
1716088451.1398041,4294438912,5766,5766
1716088452.1410248,4294438912,3530,3530
1716088453.1422238,4294438912,5667,5667
1716088454.1434221,4294438912,4485,4485
1716088455.1443527,4294438912,4237,4237
1716088456.145562,4294438912,2428,2428
1716088457.1468122,4294438912,4282,4282
1716088458.1480186,4294438912,5171,5171
1716088459.149244,4294438912,4001,4001
1716088460.150453,4294438912,5138,5138
1716088461.151675,4294438912,5220,5220
1716088462.1528876,4294438912,1548,1548
1716088463.1540842,4294438912,6073,6073
1716088464.1544387,4294438912,3548,3548
1716088465.155642,4294438912,4132,4132
1716088466.1568668,4294438912,4146,4146
1716088467.1580749,4294438912,6047,6047
1716088468.1592689,4294438912,5900,5900
1716088469.1604762,4294438912,2736,2736
1716088470.1616938,4294438912,8070,8070
1716088471.162904,4294438912,5679,5679
1716088472.1641076,4294438912,4080,4080
1716088473.165336,4294438912,2711,2711
1716088474.166542,4294438912,5148,5148
1716088475.167753,4294438912,3929,3929
1716088476.1689775,4294438912,7070,7070
1716088477.1701841,4294438912,3513,3513
1716088478.171388,4294438912,2888,2888
1716088479.1726143,4294438912,2747,2747
1716088480.1738367,4294438912,3842,3842
1716088481.175065,4294438912,3821,3821
1716088482.1762767,4294438912,1332,1332
1716088483.177509,4294438912,1466,1466
1716088484.1787074,4294438912,4061,4061
1716088485.1799285,4294438912,6251,6251
1716088486.1811626,4294438912,2868,2868
1716088487.1823997,4294438912,3416,3416
1716088488.1836302,4294438912,4026,4026
1716088489.1848652,4294438912,6900,6900
1716088490.1861007,4294438912,5219,5219
1716088491.187313,4294438912,4807,4807
1716088492.1885262,4294438912,6736,6736
1716088493.1897414,4294438912,7157,7157
1716088494.190929,4294438912,6067,6067
1716088495.1921368,4294438912,6041,6041
1716088496.1933537,4294438912,1412,1412
1716088497.1945784,4294438912,7677,7677
1716088498.1953938,4294438912,4579,4579
1716088499.196611,4294438912,5251,5251
1716088500.1978488,4294438912,3861,3861
1716088501.1990635,4294438912,6423,6423
1716088502.2002652,4294438912,4707,4707
1716088503.2014797,4294438912,1135,1135
1716088504.201917,4294438912,93054,93054
1716088505.2031353,4294438912,4558,4558
1716088506.2043543,4294438912,5370,5370
1716088507.2048469,4294438912,4078,4078
1716088508.2060876,4294438912,4617,4617
1716088509.2072778,4294438912,2143,2143
1716088510.208528,4294438912,3264,3264
1716088511.2097325,4294438912,4638,4638
1716088512.2109814,4294438912,1987,1987
1716088513.2122114,4294438912,1408,1408
1716088514.2134316,4294438912,157,157
1716088515.2146406,4294438912,0,0
1716088516.2158551,4294438912,2374,2374
1716088517.2168548,4294438912,0,0
1716088518.2180767,4294438912,864,864
1716088519.2192962,4294438912,2775,2775
1716088520.220508,4294438912,5172,5172
1716088521.221707,4294438912,4572,4572
1716088522.2229195,4294438912,4620,4620
1716088523.224146,4294438912,4066,4066
1716088524.2248325,4294438912,4356,4356
1716088525.2260718,4294438912,2658,2658
1716088526.2273061,4294438912,7279,7279
1716088527.2285166,4294438912,4484,4484
1716088528.2297316,4294438912,3950,3950
1716088529.2309608,4294438912,4700,4700
1716088530.2321942,4294438912,3142,3142
1716088531.2333992,4294438912,2603,2603
1716088532.2346046,4294438912,1680,1680
1716088533.2358046,4294438912,3579,3579
1716088534.2370117,4294438912,7210,7210
1716088535.2382138,4294438912,4024,4024
1716088536.239446,4294438912,3257,3257
1716088537.2406836,4294438912,6121,6121
1716088538.241893,4294438912,10235,10235
1716088539.2430942,4294438912,7260,7260
1716088540.244311,4294438912,3198,3198
1716088541.2455359,4294438912,3947,3947
1716088542.2467399,4294438912,6013,6013
1716088543.2479603,4294438912,5316,5316
1716088544.2491763,4294438912,6891,6891
1716088545.2504086,4294438912,4333,4333
1716088546.2516322,4294438912,4141,4141
1716088547.252862,4294438912,1984,1984
1716088548.2540803,4294438912,701,701
1716088549.2552893,4294438912,9459,9459
1716088550.2564943,4294438912,4721,4721
1716088551.2576978,4294438912,5675,5675
1716088552.2589955,4294438912,4323,4323
1716088553.2602067,4294438912,4734,4734
1716088554.2614677,4294438912,2751,2751
1716088555.2626784,4294438912,6537,6537
1716088556.2638817,4294438912,4892,4892
1716088557.2650914,4294438912,4123,4123
1716088558.2662992,4294438912,6321,6321
1716088559.2675202,4294438912,5675,5675
1716088560.2687411,4294438912,6698,6698
1716088561.269993,4294438912,1422,1422
1716088562.271569,4294438912,2582,2582
1716088563.273505,4294438912,1014,1014
1716088564.2748117,4294438912,157,157
1716088565.2768254,4294438912,6599,6599
1716088566.2780743,4294438912,0,0
1716088567.2800944,4294438912,4314,4314
1716088568.2812192,4294438912,721,721
1716088569.2824879,4294438912,156,156
1716088570.2843227,4294438912,0,0
1716088571.2848814,4294438912,0,0
1716088572.286155,4294438912,0,0
1716088573.2877471,4294438912,396,396
1716088574.2888448,4294438912,1289,1289
1716088575.290037,4294438912,0,0
1716088576.291249,4294438912,304,304
1716088577.2924714,4294438912,0,0
1716088578.2936888,4294438912,451,451
1716088579.294895,4294438912,155,155
1716088580.2961206,4294438912,0,0
1716088581.29735,4294438912,0,0
1716088582.2985773,4294438912,0,0
1716088583.2998004,4294438912,448,448
1716088584.3008547,4294438912,4419,4419
1716088585.3020637,4294438912,5559,5559
1716088586.3032672,4294438912,0,0
1716088587.304475,4294438912,502,502
1716088588.305694,4294438912,352,352
1716088589.306916,4294438912,156,156
1716088590.3081381,4294438912,0,0
1716088591.3088496,4294438912,0,0
1716088592.3100607,4294438912,0,0
1716088593.3112576,4294438912,448,448
1716088594.3124754,4294438912,597,597
1716088595.3136835,4294438912,0,0
1716088596.3148992,4294438912,476,476
1716088597.3160949,4294438912,0,0
1716088598.3173308,4294438912,833,833
1716088599.3184996,4294438912,152,152
1716088600.3196783,4294438912,477,477
1716088601.3208585,4294438912,0,0
1716088602.3220563,4294438912,425,425
1716088603.323235,4294438912,404,404
1716088604.3244565,4299354112,51423666,51423666
1716088605.3256645,4299354112,121,121
1716088606.3269007,4299354112,0,0
1716088607.328123,4299354112,0,0
1716088608.3288238,4302303232,582632706,582632706
1716088609.3300152,4302303232,491,491
1716088610.3312137,4302303232,0,0
1716088611.3324025,4302303232,0,0
1716088612.3328269,4327370752,34633238,34633238
1716088613.3340082,4327370752,517,517
1716088614.3351963,4327370752,152,152
1716088615.3364112,4327370752,0,0
1716088616.337654,4391759872,360010037,360010037
1716088620.4781263,6655074304,2735365509,2735365509
1716088621.499755,4330450944,6551,6551
1716088622.5023193,4330450944,7325,7325
1716088623.517545,4330450944,8402,8402
1716088624.526564,4330450944,7410,7410
1716088625.5376546,4330450944,1924,1924
1716088626.5662377,4330450944,8933,8933
1716088627.5749543,4330450944,7081,7081
1716088628.596989,4330450944,7258,7258
1716088629.6245039,4330450944,7352,7352
1716088630.6509106,4330450944,7109,7109
1716088631.6631243,4330450944,5329,5329
1716088632.6827433,4330450944,8852,8852
1716088633.6840336,4330450944,7429,7429
1716088634.6885087,4330450944,7179,7179
1716088635.7018898,4330450944,7636,7636
1716088636.7280157,4330450944,7754,7754
1716088637.745311,4330450944,2631,2631
1716088638.76429,4330450944,6421,6421
1716088639.7729816,4330450944,4584,4584
1716088640.7820039,4330450944,6871,6871
1716088641.7879128,4330450944,9114,9114
1716088642.8010285,4330450944,6135,6135
1716088643.8411615,4330450944,2721,2721
1716088644.8471162,4330450944,460,460
1716088645.867064,4330450944,3089,3089
1716088646.8766956,4330450944,4396,4396
1716088647.8877547,4330450944,5121,5121
1716088648.9091957,4330450944,8153,8153
1716088649.930578,4330450944,4615,4615
1716088650.9368339,4330450944,6933,6933
1716088651.9507372,4330450944,4859,4859
1716088652.9755824,4330450944,1945,1945
1716088653.9780571,4330450944,7200,7200
1716088654.9877245,4330450944,4946,4946
1716088656.001817,4330450944,7440,7440
1716088657.0114236,4369772544,7177,7177
1716088658.0165539,4369772544,8090,8090
1716088659.0306544,4395331584,4744,4744
1716088660.0394433,4395331584,7397,7397
1716088661.0458422,4345155584,8024,8024
1716088662.0586362,4375138304,7669,7669
1716088663.0610392,4375629824,6493,6493
1716088664.0624888,4557762560,4854,4854
1716088665.0638754,4690771968,1379,1379
1716088666.0648696,3111268352,994,994
