Timestamp,MemoryUsage,NetSent,NetRecv
1716086465.475977,512090112,116,116
1716086466.4771175,518479872,23560,23560
1716086467.478536,518479872,0,0
1716086468.4797826,518479872,555,555
1716086469.4809043,518479872,156,156
1716086470.4817016,518479872,0,0
1716086471.4830825,518479872,0,0
1716086472.4843671,518479872,0,0
1716086473.4848917,518479872,448,448
1716086474.4862409,518479872,152,152
1716086475.4875512,518479872,0,0
1716086476.48884,518479872,0,0
1716086477.490093,518479872,0,0
1716086478.4905796,518479872,448,448
1716086479.4917157,518479872,152,152
1716086480.4930909,518479872,479,479
1716086481.4945366,518479872,0,0
1716086482.495806,518479872,432,432
1716086483.4969342,518479872,606,606
1716086484.4982471,518479872,475,475
1716086485.4995718,518479872,0,0
1716086486.5010211,518479872,427,427
1716086487.5022259,518479872,3258,3258
1716086488.503437,518479872,3042,3042
1716086489.5047085,518479872,1919,1919
1716086490.5059183,518479872,0,0
1716086491.5071027,518479872,310,310
1716086492.508286,518479872,0,0
1716086493.5088158,518479872,610,610
1716086494.5100236,518479872,0,0
1716086495.5112226,518479872,0,0
1716086496.5124183,518479872,0,0
1716086497.5128243,518479872,0,0
1716086498.5140543,518479872,600,600
1716086499.5152438,518479872,0,0
1716086500.5164485,518479872,0,0
1716086501.5168195,518479872,0,0
1716086502.5180235,518479872,0,0
1716086503.5192373,518479872,600,600
1716086504.5204394,518479872,0,0
1716086505.5212903,518479872,0,0
1716086506.5224755,518479872,0,0
1716086507.5236561,518479872,0,0
1716086508.524831,518479872,600,600
1716086509.5260174,518479872,0,0
1716086510.5272028,518479872,0,0
1716086511.5277746,518479872,0,0
1716086512.528833,518479872,0,0
1716086513.5300462,518479872,1171,1171
1716086514.531261,518479872,3098,3098
1716086515.5324802,518479872,2431,2431
1716086516.5328305,518479872,2981,2981
1716086517.5340483,518479872,2318,2318
1716086518.5352557,518479872,2851,2851
1716086519.5364556,518479872,1513,1513
1716086520.5376847,518479872,2783,2783
1716086521.5385983,518479872,5560,5560
1716086522.5397878,518479872,1079,1079
1716086523.5408173,518479872,3151,3151
1716086524.5420532,518479872,3562,3562
1716086525.5432525,518479872,2431,2431
1716086526.5444627,518479872,2743,2743
1716086527.5452309,518479872,2899,2899
1716086528.5464287,518479872,4219,4219
1716086529.54761,518479872,2843,2843
1716086530.54881,518479872,4888,4888
1716086531.5499988,518479872,2292,2292
1716086532.5511804,518479872,0,0
1716086533.5523543,518479872,929,929
1716086534.5528195,518479872,0,0
1716086535.5538642,518479872,0,0
1716086536.5550482,518479872,1888,1888
1716086537.5562325,518479872,0,0
1716086538.556827,518479872,923,923
1716086539.557999,518479872,0,0
1716086540.559187,518479872,0,0
1716086541.560388,518479872,0,0
1716086542.5608213,518479872,0,0
1716086543.562007,518479872,600,600
1716086544.563207,518479872,0,0
1716086545.5636733,518479872,0,0
1716086546.5648737,518479872,0,0
1716086547.5660546,518479872,0,0
1716086548.5672297,518479872,600,600
1716086549.5676336,518479872,0,0
1716086550.5688438,518479872,480,480
1716086551.5700452,518479872,0,0
1716086552.5712376,518479872,423,423
1716086553.572431,518479872,608,608
1716086554.5731528,518479872,477,477
1716086555.5743692,518479872,0,0
1716086556.575578,518479872,423,423
1716086557.5767827,518479872,0,0
1716086558.577987,518479872,978,978
1716086559.5791988,518479872,0,0
1716086560.5803823,518479872,157,157
1716086561.5808532,518479872,0,0
1716086562.5821085,518479872,0,0
1716086563.5824609,518479872,306,306
1716086564.5836546,522412032,4200700,4200700
1716086565.5848556,522412032,0,0
1716086566.586069,522412032,0,0
1716086567.587256,522412032,0,0
1716086568.5884702,522412032,600,600
1716086569.5888925,857137152,333617809,333617809
1716086570.5901427,879255552,46500968,46500968
1716086571.5913265,909729792,55533039,55533039
1716086572.592513,909729792,0,0
1716086573.593016,909729792,600,600
1716086574.5942051,909729792,0,0
1716086575.5953805,909729792,0,0
1716086576.5970318,2177851392,2552021037,2552021037
1716086581.6546142,5507817472,1257414482,1257414482
1716086582.6646836,5647769600,1384967534,1384967534
1716086583.6754115,5647769600,5515,5515
1716086584.6921694,5647769600,7967,7967
1716086585.7112205,5647769600,8348,8348
1716086586.7378194,5647769600,2092,2092
1716086587.772317,5648261120,11848,11848
1716086588.7799847,5648261120,5123,5123
1716086589.796796,5648752640,7510,7510
1716086590.8277144,5649244160,8088,8088
1716086591.8417046,5649735680,7185,7185
1716086592.8592808,5650718720,3827,3827
1716086593.8817902,5654650880,4760,4760
1716086594.9028347,5652725760,9275,9275
1716086595.9074328,5653217280,6680,6680
1716086596.9122546,5653708800,4889,4889
1716086597.9362352,5654372352,4761,4761
1716086598.9634345,5654200320,7951,7951
1716086599.973212,5661081600,4208,4208
1716086600.976162,5655482368,7366,7366
1716086601.9806917,5658128384,4832,4832
1716086602.9893584,5657456640,6892,6892
1716086603.9921165,5676625920,7444,7444
1716086605.0080583,5658456064,7071,7071
1716086606.0285814,5671727104,4698,4698
1716086607.0366588,5678608384,4451,4451
1716086608.0759158,5678608384,6311,6311
1716086609.082066,5671899136,7704,7704
1716086610.0879319,5717610496,4511,4511
1716086611.0982475,5680922624,6780,6780
1716086612.1025524,5719158784,4831,4831
1716086613.1306965,5719805952,4735,4735
1716086614.1409647,5720170496,9233,9233
1716086615.153814,5721153536,4594,4594
1716086616.1825852,5711028224,6537,6537
1716086617.209902,5711028224,5719,5719
1716086618.253112,5773451264,7811,7811
1716086619.263959,5783773184,4291,4291
1716086620.2908485,5775544320,10099,10099
1716086621.295843,5823221760,4536,4536
1716086622.2979689,5823836160,8070,8070
1716086623.3122907,5824237568,4807,4807
1716086624.3263323,5824237568,4958,4958
1716086625.327592,5824237568,5559,5559
1716086626.3290336,6006038528,2115,2115
1716086627.3304436,5851463680,7983,7983
1716086628.331746,6206513152,5971,5971
1716086629.3328545,5852581888,7506,7506
1716086630.3341846,6014664704,5577,5577
1716086631.335532,5851336704,5893,5893
1716086632.3368876,5924868096,3946,3946
1716086633.3381524,5848612864,4993,4993
1716086634.3394878,5999316992,908,908
1716086635.3408425,5848100864,752,752
1716086636.3421288,5848100864,4907,4907
1716086637.3433702,5848100864,2803,2803
1716086638.3439667,5931266048,2406,2406
1716086639.3449256,5847425024,1960,1960
1716086640.3463497,5847425024,788,788
1716086641.3476348,5919330304,0,0
1716086642.3489816,5898014720,303,303
1716086643.3503633,5849550848,2561,2561
1716086644.3516872,5849550848,155,155
1716086645.3529332,6133055488,302,302
1716086646.354214,5848510464,172,172
1716086647.3554463,5848510464,2160,2160
1716086648.3559153,5848510464,455,455
1716086649.3570156,6021668864,325,325
1716086650.3583128,5894053888,947,947
1716086651.3595953,5845217280,0,0
1716086652.3608873,5845217280,1088,1088
1716086653.3614018,5845217280,2195,2195
1716086654.3626864,5845217280,155,155
1716086655.3640354,5931077632,725,725
1716086656.3649046,5848170496,736,736
1716086657.3662186,5848170496,0,0
1716086658.3674726,5848170496,1115,1115
1716086659.3687887,5848170496,1376,1376
1716086660.370134,5923033088,0,0
1716086661.371373,5846827008,720,720
1716086662.3752112,5846827008,1521,1521
1716086663.3764627,6283370496,404,404
1716086664.3770516,5848899584,880,880
1716086665.3784182,5841666048,681,681
1716086666.3798373,5841666048,1566,1566
1716086667.3809562,5849554944,0,0
1716086668.4077206,5852995584,3481,3481
1716086669.4142978,5853487104,3688,3688
1716086670.4236512,5853487104,1240,1240
1716086671.4336736,5853487104,1420,1420
1716086672.4593318,5853487104,1472,1472
1716086673.4731364,5881012224,1838,1838
1716086674.4884498,5906079744,1630,1630
1716086675.521855,5934587904,2788,2788
1716086676.5450497,5966045184,7128,7128
1716086677.5680523,6000451584,3373,3373
1716086678.5960145,6035349504,2125,2125
1716086679.6022391,6066806784,3798,3798
1716086680.6045725,6098264064,6095,6095
1716086681.6224222,6132670464,6453,6453
1716086682.6362393,6170517504,8747,8747
1716086683.63684,6211313664,7201,7201
1716086684.6683865,6242770944,8777,8777
1716086685.6948967,6284058624,2797,2797
1716086686.7002325,6315515904,6115,6115
1716086687.7204733,6359752704,4703,4703
1716086688.7502441,6401040384,5103,5103
1716086689.7620764,6444785664,7184,7184
1716086690.7764227,6473293824,4728,4728
1716086691.7807968,6533259264,2877,2877
1716086692.7843544,6564716544,7813,7813
1716086693.8154802,6605512704,7257,7257
1716086694.8510914,6652698624,8184,8184
1716086695.8600254,6706130944,5230,5230
1716086696.8654842,6750367744,6406,6406
1716086697.8927586,6806659072,2988,2988
1716086698.8939674,6895390720,4467,4467
1716086699.925554,6907678720,98120,98120
1716086700.9482782,6973882368,4946,4946
1716086701.9738224,7014678528,1558,1558
1716086702.984428,7068999680,7002,7002
1716086704.001576,7144546304,6503,6503
1716086705.0296295,7172562944,4125,4125
1716086706.1461005,7308222464,3350,3350
1716086707.175352,7314120704,4679,4679
1716086708.1998987,7399153664,4534,4534
1716086709.2127945,7468552192,4969,4969
1716086710.232108,7528026112,6588,6588
1716086728.437789,9514639360,133277,133277
1716086729.4390612,12542193664,1865575587,1865575587
1716086730.4403164,8796299264,5584362,5584362
1716086731.4408906,8796299264,1059,1059
1716086732.4421556,8796299264,0,0
1716086733.4434025,8796299264,1210,1210
1716086734.444715,8796299264,135030015,135030015
1716086735.4460018,8796299264,1736942336,1736942336
1716086736.447246,8796299264,98524,98524
1716086737.44849,8796299264,156,156
1716086738.4488633,8796299264,553,553
1716086739.4500642,8796299264,553346062,553346062
1716086740.4513152,8796299264,1139681226,1139681226
1716086741.452561,8796299264,179251321,179251321
1716086742.4529026,8796299264,0,0
1716086743.453966,8796299264,448,448
1716086744.455191,8796299264,152,152
1716086745.4564035,8796299264,237,237
1716086746.4568498,8796299264,3840,3840
1716086747.458043,8796299264,3203,3203
1716086748.4592545,8796299264,4520,4520
1716086749.4604473,8796299264,5795,5795
1716086750.4608257,8796299264,2639,2639
1716086751.4620225,8796299264,3670,3670
1716086752.4632359,8796299264,5754,5754
1716086753.4644432,8796299264,5296,5296
1716086754.4648447,8796299264,6764,6764
1716086755.465585,8796299264,4188,4188
1716086756.4668036,8796299264,4391,4391
1716086757.4680104,8796299264,801,801
1716086758.4688516,8796299264,6562,6562
1716086759.470081,8796299264,3521,3521
1716086760.4712818,8796299264,3590,3590
1716086761.472485,8796299264,4002,4002
1716086762.4728382,8796299264,4207,4207
1716086763.4740496,8796299264,1825,1825
1716086764.4752696,8796299264,4366,4366
1716086765.4764862,8796299264,3518,3518
1716086766.4768505,8796299264,4139,4139
1716086767.4780583,8796299264,2608,2608
1716086768.4792733,8796299264,7115,7115
1716086769.4804688,8796299264,2140,2140
1716086770.4808419,8796299264,5975,5975
1716086771.481924,8796299264,4147,4147
1716086772.4831493,8796299264,4100,4100
1716086773.484355,8796299264,4335,4335
1716086774.4848442,8796299264,4324,4324
1716086775.4860747,8796299264,3766,3766
1716086776.4872935,8796299264,3538,3538
1716086777.4885252,8796299264,4337,4337
1716086778.489743,8796299264,4332,4332
1716086779.4909558,8796299264,6451,6451
1716086780.4921703,8796299264,3567,3567
1716086781.4928436,8796299264,2316,2316
1716086782.4940531,8796299264,5267,5267
1716086783.4952703,8796299264,4566,4566
1716086784.4964728,8796299264,2179,2179
1716086785.4968536,8796299264,1755,1755
1716086786.4980726,8796299264,3487,3487
1716086787.4993033,8796299264,4041,4041
1716086788.5005176,8796299264,1275,1275
1716086789.500865,8796299264,4723,4723
1716086790.502085,8796299264,4402,4402
1716086791.5032983,8796299264,2367,2367
1716086792.5045083,8796299264,3584,3584
1716086793.5057259,8796299264,3974,3974
1716086794.5069747,8796299264,5979,5979
1716086795.5081983,8796299264,3302,3302
1716086796.5094347,8796299264,6284,6284
1716086797.5106635,8796299264,4553,4553
1716086798.511884,8796299264,5857,5857
1716086799.5128353,8796299264,3520,3520
1716086800.514055,8796299264,3726,3726
1716086801.5152888,8796299264,3121,3121
1716086802.5165348,8796299264,4654,4654
1716086803.516847,8796299264,4155,4155
1716086804.5180612,8796299264,4608,4608
1716086805.519282,8796299264,6620,6620
1716086806.520504,8796299264,4252,4252
1716086807.5208504,8796299264,2793,2793
1716086808.5220683,8796299264,2628,2628
1716086809.523299,8796299264,4612,4612
1716086810.5245183,8796299264,2532,2532
1716086811.5248578,8796299264,5235,5235
1716086812.525812,8796299264,4230,4230
1716086813.5270438,8796299264,4326,4326
1716086814.528272,8796299264,4568,4568
1716086815.528844,8796299264,4031,4031
1716086816.530063,8796299264,3839,3839
1716086817.5312765,8796299264,2014,2014
1716086818.5325005,8796299264,4293,4293
1716086819.5328557,8796299264,3664,3664
1716086820.53409,8796299264,1693,1693
1716086821.5352995,8796299264,4206,4206
1716086822.5365136,8796299264,4155,4155
1716086823.5377414,8796299264,4694,4694
1716086824.5389433,8796299264,4226,4226
1716086825.5401511,8796299264,4144,4144
1716086826.5408568,8796299264,2545,2545
1716086827.542085,8796299264,4071,4071
1716086828.5432968,8796299264,4154,4154
1716086829.5445068,8796299264,3202,3202
1716086830.5448582,8796299264,3539,3539
1716086831.5461004,8796299264,11164,11164
1716086832.547315,8796299264,11020,11020
1716086833.5485356,8796299264,10615,10615
1716086834.548858,8796299264,8810,8810
1716086835.5500739,8796299264,2196,2196
1716086836.5512877,8796299264,6041,6041
1716086837.5525055,8796299264,4249,4249
1716086838.5528553,8796299264,1923,1923
1716086839.554077,8796299264,5788,5788
1716086840.5552845,8796299264,4202,4202
1716086841.5564995,8796299264,4138,4138
1716086842.556834,8796299264,4141,4141
1716086843.5580344,8796299264,4460,4460
1716086844.5592613,8796299264,2486,2486
1716086845.5604873,8796299264,2224,2224
1716086846.5608993,8796299264,3711,3711
1716086847.5621288,8796299264,5395,5395
1716086848.5633612,8796299264,1741,1741
1716086849.5645866,8796299264,5024,5024
1716086850.5648775,8796299264,3841,3841
1716086851.566109,8796299264,4466,4466
1716086852.5673373,8796299264,4164,4164
1716086853.568568,8796299264,4584,4584
1716086854.5688999,8796299264,4283,4283
1716086855.5707257,8796299264,2661,2661
1716086856.5721643,8796299264,0,0
1716086857.5729768,8796299264,316,316
1716086858.574271,8796299264,613,613
1716086859.5760021,8796299264,0,0
1716086860.577284,8796299264,0,0
1716086861.578728,8796299264,0,0
1716086862.580013,8796299264,0,0
1716086863.5809307,8796299264,600,600
1716086864.5831344,8796299264,0,0
1716086865.584421,8796299264,0,0
1716086866.5857327,8796299264,0,0
1716086867.5878222,8796299264,0,0
1716086868.5888727,8796299264,1795,1795
1716086869.5901124,8796299264,0,0
1716086870.5913427,8796299264,303,303
1716086871.5922792,8796299264,0,0
1716086872.5935302,8796299264,0,0
1716086873.594775,8796299264,603,603
1716086874.5960047,8796299264,0,0
1716086875.597235,8796299264,0,0
1716086876.5984845,8796299264,0,0
1716086877.5997164,8796299264,0,0
1716086878.6009328,8796299264,600,600
1716086879.602155,8796299264,0,0
1716086880.6033926,8796299264,0,0
1716086881.6046858,8796299264,0,0
1716086882.6059432,8796299264,0,0
1716086883.607155,8796299264,600,600
1716086884.6083932,8796299264,0,0
1716086885.6096323,8796299264,950,950
1716086886.610875,8796299264,1520,1520
1716086887.612103,8796299264,0,0
1716086888.6128654,8796299264,600,600
1716086889.6140988,8796299264,0,0
1716086890.615315,8796299264,0,0
1716086891.6165223,8796299264,0,0
1716086892.6177478,8796299264,0,0
1716086893.6189666,8796299264,600,600
1716086894.6201928,8796299264,0,0
1716086895.6208467,8796299264,0,0
1716086896.6221106,8796299264,0,0
1716086897.6233678,8796299264,118195459,118195459
1716086898.6245954,8796299264,274444429,274444429
1716086899.624841,8796299264,0,0
1716086900.6260781,8796299264,0,0
1716086901.6272976,8796299264,0,0
1716086902.628543,8796299264,392500215,392500215
1716086903.6288695,8796299264,600,600
1716086904.6301343,8796299264,0,0
1716086905.631361,8796299264,0,0
1716086906.632637,8796299264,308733735,308733735
1716086907.6328914,8796299264,630898969,630898969
1716086908.6341395,8796299264,600,600
1716086909.6353633,8796299264,0,0
1716086910.6366136,8796299264,2554,2554
1716086911.6369526,8796299264,1446097185,1446097185
1716086912.6381724,8796299264,592621393,592621393
1716086913.6393876,8796299264,6321,6321
1716086914.6406062,8796299264,5315,5315
1716086915.640862,8796299264,6344,6344
1716086916.6420927,8796299264,7582,7582
1716086917.6433227,8796299264,6794,6794
1716086918.6445446,8796299264,4234,4234
1716086919.6448588,8796299264,4303,4303
1716086920.6461055,8796299264,5828,5828
1716086921.6473432,8796299264,7247,7247
1716086922.6485717,8796299264,6986,6986
1716086923.6488588,8796299264,7695,7695
1716086924.650072,8796299264,4871,4871
1716086925.651285,8796299264,4768,4768
1716086926.6524904,8796299264,6786,6786
1716086927.6528642,8796299264,5198,5198
1716086928.6533048,8796299264,8198,8198
1716086929.6545281,8796299264,6810,6810
1716086930.6547961,8796299264,4251,4251
1716086931.6560311,8796299264,4908,4908
1716086932.6568549,8796299264,6518,6518
1716086933.6581206,8796299264,7871,7871
1716086934.6593964,8796299264,7349,7349
1716086935.6606874,8796299264,6881,6881
1716086936.6621382,8796299264,7126,7126
1716086937.6633613,8796299264,2756,2756
1716086938.6645722,8796299264,4270,4270
1716086939.6656442,8796299264,7520,7520
1716086940.666862,8796299264,7314,7314
1716086941.6680894,8796299264,7609,7609
1716086942.6688874,8796299264,4781,4781
1716086943.6701207,8796299264,3924,3924
1716086944.6713488,8796299264,2633,2633
1716086945.672578,8796299264,7246,7246
1716086946.6728647,8796299264,4588,4588
1716086947.6740832,8796299264,7063,7063
1716086948.6753552,8796299264,8331,8331
1716086949.6765852,8796299264,7160,7160
1716086950.676834,8796299264,5062,5062
1716086951.678045,8796299264,6534,6534
1716086952.6783864,8796299264,3798,3798
1716086953.679831,8796299264,5158,5158
1716086954.6809323,8796299264,7290,7290
1716086955.682146,8796299264,5749,5749
1716086956.6833487,8796299264,5339,5339
1716086957.6847732,8796299264,5009,5009
1716086958.6862218,8796299264,2333,2333
1716086959.687508,8796299264,1186,1186
1716086960.6887355,8796299264,1856,1856
1716086961.6899548,8796299264,0,0
1716086962.6911697,8796299264,811,811
1716086963.6923695,8796299264,606,606
1716086964.6928146,8796299264,0,0
1716086965.6940048,8796299264,0,0
1716086966.6952035,8796299264,0,0
1716086967.6963928,8796299264,0,0
1716086968.6975846,8796299264,600,600
1716086969.6987836,8796299264,0,0
1716086970.699971,8796299264,0,0
1716086971.7008271,8796299264,0,0
1716086972.702084,8796299264,0,0
1716086973.7034273,8796299264,600,600
1716086974.7046242,8796299264,0,0
1716086975.7058804,8796299264,0,0
1716086976.707083,8796299264,0,0
1716086977.708289,8796299264,0,0
1716086978.708819,8796299264,600,600
1716086979.7100182,8796299264,0,0
1716086980.7112083,8796299264,0,0
1716086981.712421,8796299264,0,0
1716086982.713651,8796299264,0,0
1716086983.7148356,8796299264,496,496
1716086984.7160294,8796299264,0,0
1716086985.716832,8796299264,0,0
1716086986.71803,8796299264,0,0
1716086987.7192442,8796299264,0,0
1716086988.7204783,8796299264,600,600
1716086989.7216682,8796299264,0,0
1716086990.7228749,8796299264,0,0
1716086991.724073,8796299264,0,0
1716086992.7253046,8796299264,0,0
1716086993.7265048,8796299264,600,600
1716086994.7277045,8796299264,290840846,290840846
1716086995.728832,8796299264,0,0
1716086996.730047,8796299264,0,0
1716086997.7312531,8796299264,0,0
1716086998.7324579,8796299264,600,600
1716086999.7328155,8796299264,0,0
1716087000.7340264,8796299264,91120,91120
1716087001.7352307,8796299264,17841210,17841210
1716087002.7364244,8796299264,1869334627,1869334627
1716087003.7376974,8796299264,1585636858,1585636858
1716087004.738953,8796299264,0,0
1716087005.740233,8796299264,0,0
1716087006.740851,8796299264,5835,5835
1716087007.7421045,8796299264,5733,5733
1716087008.743377,8796299264,5017,5017
1716087009.7447026,8796299264,5861,5861
1716087010.7460039,8796299264,4442,4442
1716087011.747287,8796299264,7054,7054
1716087012.7485616,8796299264,4944,4944
1716087013.749095,8796299264,7447,7447
1716087014.7503633,8796299264,4395,4395
1716087015.7516434,8796299264,7519,7519
1716087016.7529352,8796299264,4435,4435
1716087017.7542002,8796299264,4957,4957
1716087018.7554533,8796299264,5162,5162
1716087019.7567115,8796299264,4365,4365
1716087020.7579966,8796299264,3764,3764
1716087021.7592802,8796299264,4692,4692
1716087022.760588,8796299264,4679,4679
1716087023.761893,8796299264,5193,5193
1716087024.7631874,8796299264,7248,7248
1716087025.7644608,8796299264,7389,7389
1716087026.765768,8796299264,7237,7237
1716087027.7670329,8796299264,3442,3442
1716087028.768307,8796299264,5326,5326
1716087029.7689135,8796299264,4429,4429
1716087030.770174,8796299264,4732,4732
1716087031.771445,8796299264,6508,6508
1716087032.772752,8796299264,7311,7311
1716087033.7740097,8796299264,6886,6886
1716087034.7752562,8796299264,5165,5165
1716087035.7765453,8796299264,4791,4791
1716087036.7778375,8796299264,5329,5329
1716087037.7791088,8796299264,6310,6310
1716087038.7803829,8796299264,4586,4586
1716087039.78166,8796299264,4978,4978
1716087040.7829432,8796299264,1963,1963
1716087041.7842264,8796299264,3358,3358
1716087042.785503,8796299264,5737,5737
1716087043.786781,8796299264,3462,3462
1716087044.7880838,8796299264,4237,4237
1716087045.7893577,8796299264,6157,6157
1716087046.7906337,8796299264,4519,4519
1716087047.7919016,8796299264,5287,5287
1716087048.792908,8796299264,4763,4763
1716087049.7941856,8796299264,6617,6617
1716087050.7954748,8796299264,11026,11026
1716087051.7967854,8796299264,8532,8532
1716087052.7980442,8796299264,6161,6161
1716087053.7993424,8796299264,2551,2551
1716087054.800609,8796299264,815,815
1716087055.800913,8796299264,2524,2524
1716087056.8021886,8796299264,3648,3648
1716087057.80359,8796299264,28394,28394
1716087058.8048697,8796299264,3694,3694
1716087059.8061483,8796299264,3132,3132
1716087060.8073788,8796299264,1412,1412
1716087061.8087785,8796299264,5966,5966
1716087062.810139,8796299264,9177,9177
1716087063.8113968,8796299264,173172,173172
1716087064.8127189,8796299264,7023,7023
1716087065.8140407,8796299264,5942,5942
1716087066.815323,8796299264,5073,5073
1716087067.816625,8796299264,6379,6379
1716087068.816926,8796299264,8005,8005
1716087069.8181896,8796299264,2215,2215
1716087070.819445,8796299264,4317,4317
1716087071.8227901,8796299264,1212,1212
1716087072.8240974,8796299264,10255,10255
1716087073.8249161,8796299264,2185,2185
1716087074.8262537,8796299264,734,734
1716087075.827571,8796299264,6605,6605
1716087076.828906,8796299264,3863,3863
1716087077.8302126,8796299264,1027,1027
1716087078.8314803,8796299264,2037,2037
1716087079.8320322,8796299264,512,512
1716087080.8329306,8796299264,781,781
1716087081.8344657,8796299264,732,732
1716087082.8357089,8796299264,774,774
1716087083.8369472,8796299264,480,480
1716087084.8381956,8796299264,5850,5850
1716087085.83946,8796299264,1202,1202
1716087086.840787,8796299264,0,0
1716087087.8420796,8796299264,742,742
1716087088.8433769,8796299264,2058,2058
1716087089.8448951,8796299264,0,0
1716087090.8461287,8796299264,930,930
1716087091.8474557,8796299264,486,486
1716087092.8487825,8796299264,152,152
1716087093.850014,8796299264,2872,2872
1716087094.851341,8796299264,778,778
1716087095.8526216,8796299264,0,0
1716087096.8529072,8796299264,1526,1526
1716087097.8541882,8796299264,2420,2420
1716087098.8555741,8796299264,3098,3098
1716087099.8570328,8796299264,1969,1969
1716087100.8583403,8796299264,1482,1482
1716087101.8596504,8796299264,2342,2342
1716087102.8609252,8796299264,5415,5415
1716087103.8621657,8796299264,8274,8274
1716087104.8626995,8796299264,4565,4565
1716087105.8630087,8796299264,1358,1358
1716087106.8642337,8796299264,12796,12796
1716087107.864875,8796299264,10208,10208
1716087108.8661218,8796299264,7183,7183
1716087109.8673594,8796299264,8532,8532
1716087110.8685746,8796299264,5960,5960
1716087111.8688865,8796299264,5890,5890
1716087112.8701136,8796299264,2367,2367
1716087113.8713248,8796299264,6572,6572
1716087114.872564,8796299264,4366,4366
1716087115.8728573,8796299264,5186,5186
1716087116.8734946,8796299264,5693,5693
1716087117.874005,8796299264,7088,7088
1716087118.8752017,8796299264,5684,5684
1716087119.876398,8796299264,5983,5983
1716087120.8768556,8796299264,6440,6440
1716087121.8774424,8796299264,7541,7541
1716087122.878658,8796299264,7298,7298
1716087123.8798635,8796299264,7046,7046
1716087124.8809202,8796299264,5099,5099
1716087125.8821468,8796299264,2471,2471
1716087126.8834023,8796299264,4301,4301
1716087127.8846292,8796299264,3946,3946
1716087128.8848765,8796299264,2200,2200
1716087129.8858159,8796299264,3944,3944
1716087130.8870535,8796299264,2796,2796
1716087131.8882709,8796299264,3472,3472
1716087132.8888772,8796299264,5691,5691
1716087133.8901176,8796299264,5537,5537
1716087134.8913438,8796299264,3765,3765
1716087135.8925729,8796299264,3149,3149
1716087136.8928397,8796299264,5459,5459
1716087137.894071,8796299264,2241,2241
1716087138.895293,8796299264,5076,5076
1716087139.8965926,8796299264,6104,6104
1716087140.8977885,8796299264,2459,2459
1716087141.8990185,8796299264,3576,3576
1716087142.900237,8796299264,4810,4810
1716087143.9008493,8796299264,2360,2360
1716087144.9020956,8796299264,1813,1813
1716087145.90334,8796299264,0,0
1716087146.904602,8796299264,311,311
1716087147.9048812,8796299264,155,155
1716087148.9061449,8796299264,456,456
1716087149.9073896,8796299264,0,0
1716087150.9086323,8796299264,0,0
1716087151.9098835,8796299264,914,914
1716087152.9111233,8796299264,152,152
1716087153.9123628,8796299264,646,646
1716087154.91289,8796299264,0,0
1716087155.914148,8796299264,0,0
1716087156.9153953,8796299264,765257547,765257547
1716087157.9166706,8796299264,1106517383,1106517383
1716087158.9179137,8796299264,646,646
1716087159.9191556,8796299264,0,0
1716087160.9204044,8796299264,0,0
1716087161.9208977,8796299264,99335,99335
1716087162.922139,8796299264,2178844362,2178844362
1716087163.923378,8796299264,1330358818,1330358818
1716087164.924619,8796299264,1339,1339
1716087165.9248672,8796299264,104,104
1716087166.9261227,8796299264,0,0
1716087167.9273722,8796299264,256,256
1716087168.9285874,8796299264,448,448
1716087169.9294543,8796299264,238173114,238173114
1716087170.9306488,8796299264,216,216
1716087171.9316728,8796299264,0,0
1716087172.9328306,8796299264,152,152
1716087173.9340286,8796299264,448,448
1716087174.9352155,8796299264,0,0
1716087175.9364085,8796299264,1377,1377
1716087176.9376178,8796299264,2672,2672
1716087177.9388306,8796299264,5263,5263
1716087178.9400346,8796299264,6994,6994
1716087179.9408374,8796299264,2053,2053
1716087180.9420621,8796299264,725,725
1716087181.9432516,8796299264,732,732
1716087182.944466,8796299264,4820,4820
1716087183.9448502,8796299264,3736,3736
1716087184.946088,8796299264,5847,5847
1716087185.946507,8796299264,3667,3667
1716087186.947034,8796299264,2660,2660
1716087187.9482222,8796299264,2474,2474
1716087188.9488502,8796299264,1874,1874
1716087189.9500625,8796299264,399,399
1716087190.9512653,8796299264,5141,5141
1716087191.9524784,8796299264,4904,4904
1716087192.953688,8796299264,3318,3318
1716087193.9548833,8796299264,3722,3722
1716087194.9560935,8796299264,3958,3958
1716087195.9572911,8796299264,3914,3914
1716087196.9584959,8796299264,2217,2217
1716087197.9597158,8796299264,5131,5131
1716087198.960938,8796299264,4623,4623
1716087199.962137,8796299264,4735,4735
1716087200.9633377,8796299264,5882,5882
1716087201.9645436,8796299264,3166,3166
1716087202.9654617,8796299264,2729,2729
1716087203.966119,8796299264,6119,6119
1716087204.9673278,8796299264,6137,6137
1716087205.968543,8796299264,4202,4202
1716087206.9688497,8796299264,4601,4601
1716087207.9700685,8796299264,2870,2870
1716087208.971284,8796299264,3884,3884
1716087209.9724734,8796299264,1303,1303
1716087210.972839,8796299264,2658,2658
1716087211.9740455,8796299264,3209,3209
1716087212.9752584,8796299264,3245,3245
1716087213.9764688,8796299264,4382,4382
1716087214.9768398,8796299264,3025,3025
1716087215.9780424,8796299264,1969,1969
1716087216.979249,8796299264,2425,2425
1716087217.9804525,8796299264,3875,3875
1716087218.980844,8796299264,1280,1280
1716087219.9820786,8796299264,5193,5193
1716087220.9832685,8796299264,4014,4014
1716087221.984483,8796299264,4726,4726
1716087222.9848502,8796299264,6574,6574
1716087223.9860945,8796299264,6560,6560
1716087224.9866173,8796299264,2253,2253
1716087225.9878302,8796299264,4177,4177
1716087226.9888432,8796299264,6250,6250
1716087227.9900582,8796299264,4648,4648
1716087228.9912624,8796299264,6519,6519
1716087229.9924655,8796299264,3837,3837
1716087230.9928272,8796299264,2440,2440
1716087231.9940283,8796299264,398,398
1716087232.9952235,8796299264,6332,6332
1716087233.9964213,8796299264,2373,2373
1716087234.9968412,8796299264,6396,6396
1716087235.9980614,8796299264,2574,2574
1716087236.9992766,8796299264,904,904
1716087238.0004816,8796299264,2958,2958
1716087239.0013545,8796299264,3494,3494
1716087240.0025797,8796299264,3526,3526
1716087241.0037866,8796299264,2998,2998
1716087242.0048652,8796299264,4280,4280
1716087243.0060935,8796299264,2866,2866
1716087244.0073016,8796299264,4149,4149
1716087245.0085177,8796299264,2251,2251
1716087246.0088441,8796299264,3494,3494
1716087247.0102196,8796299264,2948,2948
1716087248.011433,8796299264,4406,4406
1716087249.012672,8796299264,4015,4015
1716087250.0138817,8796299264,2553,2553
1716087251.0151007,8796299264,4212,4212
1716087252.0163016,8796299264,2498,2498
1716087253.0168567,8796299264,4033,4033
1716087254.0180771,8796299264,4773,4773
1716087255.0193038,8796299264,4190,4190
1716087256.0205228,8796299264,4108,4108
1716087257.0208397,8796299264,4305,4305
1716087258.0220468,8796299264,3316,3316
1716087259.0232694,8796299264,6030,6030
1716087260.0237904,8796299264,2634,2634
1716087261.0248427,8796299264,3797,3797
1716087262.0260518,8796299264,5977,5977
1716087263.0272634,8796299264,3482,3482
1716087264.028468,8796299264,2859,2859
1716087265.0288572,8796299264,4012,4012
1716087266.0300694,8796299264,4260,4260
1716087267.031274,8796299264,4103,4103
1716087268.0324905,8796299264,4552,4552
1716087269.0328536,8796299264,3432,3432
1716087270.0340645,8796299264,673,673
1716087271.0352726,8796299264,3819,3819
1716087272.0364847,8796299264,5817,5817
1716087273.0368464,8796299264,2479,2479
1716087274.0380669,8796299264,21864,21864
1716087275.0392911,8796299264,4503,4503
1716087276.040514,8796299264,6458,6458
1716087277.0408666,8796299264,1842,1842
1716087278.0421023,8796299264,5631,5631
1716087279.0433216,8796299264,4319,4319
1716087280.0445557,8796299264,3339,3339
1716087281.0448778,8796299264,4813,4813
1716087282.0461311,8796299264,10496,10496
1716087283.0473433,8796299264,8418,8418
1716087284.0485604,8796299264,4950,4950
1716087285.0497844,8796299264,4465,4465
1716087286.0510705,8796299264,5476,5476
1716087287.052512,8796299264,3059,3059
1716087288.053065,8796299264,461,461
1716087289.0543416,8796299264,157,157
1716087290.0556114,8796299264,0,0
1716087291.0569031,8796299264,0,0
1716087292.0583673,8796299264,0,0
1716087293.0598202,8796299264,152,152
1716087294.0610943,8796299264,344,344
1716087295.0626793,8796299264,0,0
1716087296.0641296,8796299264,0,0
1716087297.0650988,8796299264,0,0
1716087298.0660937,8796299264,448,448
1716087299.067393,8796299264,152,152
1716087300.068598,8796299264,1178,1178
1716087301.0688334,8796299264,91050,91050
1716087302.0700445,8796299264,152,152
1716087303.0705576,8796299264,457,457
1716087304.07176,8796299264,155,155
1716087305.0728536,8796299264,0,0
1716087306.0740583,8796299264,0,0
1716087307.0752645,8796299264,0,0
1716087308.0764668,8796299264,448,448
1716087309.0770524,8796299264,152,152
1716087310.078039,8796299264,0,0
1716087311.079225,8796299264,0,0
1716087312.0804482,8796299264,0,0
1716087313.080842,8796299264,448,448
1716087314.0820513,8796299264,152,152
1716087315.0832913,8796299264,0,0
1716087316.0844915,8796299264,0,0
1716087317.0848265,8796299264,1520,1520
1716087318.0860507,8796299264,152,152
1716087319.087264,8796299264,344,344
1716087320.0884774,8796299264,0,0
1716087321.0888383,8796299264,0,0
1716087322.0900257,8796299264,0,0
1716087323.0912292,8796299264,448,448
1716087324.0924332,8796299264,152,152
1716087325.092864,8796299264,0,0
1716087326.0940962,8796299264,0,0
1716087327.095316,8796299264,0,0
1716087328.0965352,8796299264,448,448
1716087329.0968587,8796299264,152,152
1716087330.0980828,8796299264,0,0
1716087331.0993102,8796299264,0,0
1716087332.1005287,8796299264,0,0
1716087333.1008327,8796299264,448,448
1716087334.1020427,8796299264,152,152
1716087335.1032517,8796299264,0,0
1716087336.104449,8796299264,0,0
1716087337.1048563,8796299264,0,0
1716087338.1060958,8796299264,33609061,33609061
1716087339.1073275,8796299264,753768257,753768257
1716087340.108562,8796299264,0,0
1716087341.108874,8796299264,0,0
1716087342.1091413,8796299264,0,0
1716087343.1103845,8796299264,425622411,425622411
1716087344.1116333,8796299264,2550947608,2550947608
1716087345.1128778,8796299264,216,216
1716087346.114108,8796299264,0,0
1716087347.115327,8796299264,3318,3318
1716087348.1165483,8796299264,7001,7001
1716087349.1168504,8796299264,2960,2960
1716087350.1180658,8796299264,7386,7386
1716087351.119277,8796299264,5827,5827
1716087352.1204915,8796299264,7577,7577
1716087353.1213024,8796299264,7166,7166
1716087354.1221118,8796299264,7508,7508
1716087355.123149,8796299264,5230,5230
1716087356.124366,8796299264,2690,2690
1716087357.1248631,8796299264,5687,5687
1716087358.1251504,8796299264,3823,3823
1716087359.1258798,8796299264,4972,4972
1716087360.1271207,8796299264,4544,4544
1716087361.1283255,8796299264,6364,6364
1716087362.1288412,8796299264,1950,1950
1716087363.1300352,8796299264,7341,7341
1716087364.131272,8796299264,4969,4969
1716087365.1325085,8796299264,6946,6946
1716087366.1328633,8796299264,4691,4691
1716087367.1340802,8796299264,6158,6158
1716087368.1353102,8796299264,6396,6396
1716087369.1365297,8796299264,6209,6209
1716087370.1368492,8796299264,7628,7628
1716087371.138055,8796299264,5580,5580
1716087372.1392832,8796299264,7192,7192
1716087373.140506,8796299264,7741,7741
1716087374.1408553,8796299264,4322,4322
1716087375.1420715,8796299264,7495,7495
1716087376.1432917,8796299264,4405,4405
1716087377.1445115,8796299264,4457,4457
1716087378.1448529,8796299264,6260,6260
1716087379.1460857,8796299264,6065,6065
1716087380.1473103,8796299264,4430,4430
1716087381.1485164,8796299264,7541,7541
1716087382.1488516,8796299264,7131,7131
1716087383.1500585,8796299264,7551,7551
1716087384.1512809,8796299264,7417,7417
1716087385.1525035,8796299264,4814,4814
1716087386.152853,8796299264,2548,2548
1716087387.154119,8796299264,8309,8309
1716087388.1553333,8796299264,3911,3911
1716087389.1565676,8796299264,7449,7449
1716087390.1569955,8796299264,3982,3982
1716087391.1582599,8796299264,3951,3951
1716087392.1596093,8796299264,2767,2767
1716087393.1608977,8796299264,1423,1423
1716087394.1623745,8796299264,2234,2234
1716087395.1636124,8796299264,1083,1083
1716087396.1648395,8796299264,3882,3882
1716087397.1660652,8796299264,381,381
1716087398.1672614,8796299264,461,461
1716087399.1677036,8796299264,313,313
1716087400.1688495,8796299264,0,0
1716087401.1700525,8796299264,0,0
1716087402.1712396,8796299264,4733,4733
1716087403.1724606,8796299264,408,408
1716087404.1728637,8796299264,156,156
1716087405.1740792,8796299264,0,0
1716087406.175281,8796299264,0,0
1716087407.1765,8796299264,575,575
1716087408.1768467,8796299264,3995,3995
1716087409.1780546,8796299264,334,334
1716087410.1792848,8796299264,159,159
1716087411.1804824,8796299264,1263,1263
1716087412.1808312,8796299264,852,852
1716087413.182022,8796299264,695,695
1716087414.183223,8796299264,155,155
1716087415.18442,8796299264,0,0
1716087416.184831,8796299264,0,0
1716087417.186077,8796299264,0,0
1716087418.1873026,8796299264,396,396
1716087419.1884384,8796299264,152,152
1716087420.188931,8796299264,0,0
1716087421.1901543,8796299264,0,0
1716087422.1913564,8796299264,0,0
1716087423.1925464,8796299264,344,344
1716087424.1928403,8796299264,152,152
1716087425.194205,8796299264,0,0
1716087426.1953948,8796299264,51431227,51431227
1716087427.196587,8796299264,0,0
1716087428.1968403,8796299264,448,448
1716087429.1980433,8796299264,152,152
1716087430.199272,8796299264,34644981,34644981
1716087431.1996534,8796299264,0,0
1716087432.2008858,8796299264,0,0
1716087433.2021022,8796299264,448,448
1716087434.2033432,8796299264,533214620,533214620
1716087435.2045784,8796299264,0,0
1716087436.204866,8796299264,0,0
1716087437.2061205,8796299264,0,0
1716087438.2073169,8796299264,152,152
1716087439.2085657,8796299264,402489511,402489511
1716087440.2098193,8796299264,2741891188,2741891188
1716087441.2110605,8796299264,0,0
1716087442.2123106,8796299264,0,0
1716087443.2128394,8796299264,2679,2679
1716087444.2141023,8796299264,5909,5909
1716087445.2153583,8796299264,4629,4629
1716087446.216605,8796299264,4704,4704
1716087447.21787,8796299264,7557,7557
1716087448.2191408,8796299264,6780,6780
1716087449.2204132,8796299264,8291,8291
1716087450.220931,8796299264,2441,2441
1716087451.2222116,8796299264,2813,2813
1716087452.2234714,8796299264,7130,7130
1716087453.2247763,8796299264,6338,6338
1716087454.22605,8796299264,8886,8886
1716087455.2272978,8796299264,4771,4771
1716087456.2285762,8796299264,4099,4099
1716087457.228926,8796299264,2204,2204
1716087458.2301996,8796299264,7127,7127
1716087459.2314637,8796299264,6460,6460
1716087460.2327573,8796299264,5707,5707
1716087461.2340214,8796299264,6216,6216
1716087462.2352877,8796299264,6699,6699
1716087463.236564,8796299264,4144,4144
1716087464.2369115,8796299264,4111,4111
1716087465.2381787,8796299264,4680,4680
1716087466.239478,8796299264,4854,4854
1716087467.2407773,8796299264,7622,7622
1716087468.2420409,8796299264,7523,7523
1716087469.243292,8796299264,6723,6723
1716087470.2445648,8796299264,5477,5477
1716087471.2449133,8796299264,5065,5065
1716087472.2461724,8796299264,4491,4491
1716087473.2474413,8796299264,7073,7073
1716087474.248741,8796299264,7399,7399
1716087475.2500064,8796299264,5876,5876
1716087476.2512841,8796299264,5493,5493
1716087477.2525573,8796299264,7089,7089
1716087478.2529166,8796299264,7072,7072
1716087479.2541835,8796299264,7617,7617
1716087480.2555234,8796299264,7722,7722
1716087481.2568157,8796299264,5527,5527
1716087482.2580879,8796299264,4222,4222
1716087483.2593431,8796299264,4726,4726
1716087484.2606328,8796299264,7506,7506
1716087485.2616394,8796299264,5612,5612
1716087486.2629118,8796299264,4258,4258
1716087487.2642143,8796299264,2461,2461
1716087488.2649817,8796299264,854,854
1716087489.26626,8796299264,888,888
1716087490.2675517,8796299264,734,734
1716087491.2688932,8796299264,745,745
1716087492.2701442,8796299264,726,726
1716087493.2714434,8796299264,1554,1554
1716087494.2727692,8796299264,885,885
1716087495.2740824,8796299264,450,450
1716087496.2753294,8796299264,1514,1514
1716087497.2767556,8796299264,280,280
1716087498.2780497,8796299264,1078,1078
1716087499.279301,8796299264,1332,1332
1716087500.2807903,8796299264,331,331
1716087501.2820678,8796299264,0,0
1716087502.283356,8796299264,934,934
1716087503.2847257,8796299264,1570,1570
1716087504.286093,8796299264,155,155
1716087505.2873693,8796299264,731,731
1716087506.288629,8796299264,1528,1528
1716087507.2890067,8796299264,0,0
1716087508.2902894,8796299264,1170,1170
1716087509.2915463,8796299264,1569,1569
1716087510.2928698,8796299264,0,0
1716087511.2942567,8796299264,786,786
1716087512.2955527,8796299264,686,686
1716087513.2968397,8796299264,7343,7343
1716087514.29816,8796299264,10510,10510
1716087515.2995138,8796299264,5573,5573
1716087516.3007762,8796299264,3667,3667
1716087517.3021052,8796299264,0,0
1716087518.30337,8796299264,3043,3043
1716087519.3046958,8796299264,1844,1844
1716087520.3060787,8796299264,0,0
1716087521.3072984,8796299264,1704,1704
1716087522.3086286,8796299264,2997,2997
1716087523.3089228,8796299264,1200,1200
1716087524.3102334,8796299264,1570,1570
1716087525.3117394,8796299264,811,811
1716087526.312972,8796299264,0,0
1716087527.3142564,8796299264,1465,1465
1716087528.3155289,8796299264,404,404
1716087529.3167899,8796299264,1450,1450
1716087530.31826,8796299264,1470,1470
1716087531.3197632,8796299264,100,100
1716087532.3208923,8796299264,1779,1779
1716087533.3221848,8796299264,405,405
1716087534.3234477,8796299264,325,325
1716087535.3246968,8796299264,2098,2098
1716087536.3261504,8796299264,0,0
1716087537.3274188,8796299264,1090,1090
1716087538.3287268,8796299264,1241,1241
1716087539.3300686,8796299264,3629,3629
1716087540.331282,8796299264,4232,4232
1716087541.3325245,8796299264,501,501
1716087542.3337483,8796299264,2451,2451
1716087543.33498,8796299264,5260,5260
1716087544.3362226,8796299264,6449,6449
1716087545.3368545,8796299264,5278,5278
1716087546.3380866,8796299264,6714,6714
1716087547.3393078,8796299264,4644,4644
1716087548.3397722,8796299264,3458,3458
1716087549.341002,8796299264,6477,6477
1716087550.342226,8796299264,2341,2341
1716087551.3434484,8796299264,6389,6389
1716087552.3447127,8796299264,4534,4534
1716087553.3459537,8796299264,4195,4195
1716087554.3471966,8796299264,4442,4442
1716087555.348418,8796299264,6677,6677
1716087556.3488622,8796299264,4405,4405
1716087557.3500953,8796299264,6482,6482
1716087558.3514664,8796299264,7599,7599
1716087559.3527193,8796299264,7045,7045
1716087560.3529644,8796299264,4423,4423
1716087561.3541782,8796299264,4568,4568
1716087562.3553877,8796299264,3731,3731
1716087563.356626,8796299264,3571,3571
1716087564.3578677,8796299264,4754,4754
1716087565.3590915,8796299264,3141,3141
1716087566.3603399,8796299264,2749,2749
1716087567.361577,8796299264,4408,4408
1716087568.362804,8796299264,4844,4844
1716087569.3640137,8796299264,6334,6334
1716087570.3648486,8796299264,4852,4852
1716087571.3660853,8796299264,6391,6391
1716087572.3673098,8796299264,2743,2743
1716087573.3685353,8796299264,8936,8936
1716087574.3688483,8796299264,6815,6815
1716087575.3700764,8796299264,3354,3354
1716087576.3712912,8796299264,4384,4384
1716087577.372544,8796299264,4951,4951
1716087578.3728802,8796299264,4089,4089
1716087579.3741114,8796299264,5558,5558
1716087580.3753533,8796299264,5879,5879
1716087581.3765678,8796299264,4574,4574
1716087582.377282,8796299264,3855,3855
1716087583.378529,8796299264,462,462
1716087584.3797848,8796299264,160,160
1716087585.3808925,8796299264,0,0
1716087586.3821785,8796299264,0,0
1716087587.3834465,8796299264,0,0
1716087588.38472,8796299264,448,448
1716087589.3854046,8796299264,152,152
1716087590.3863935,8796299264,4963,4963
1716087591.3876674,8796299264,521,521
1716087592.388895,8796299264,340,340
1716087593.3901484,8796299264,566,566
1716087594.3913848,8796299264,1197,1197
1716087595.3926697,8796299264,0,0
1716087596.3939297,8796299264,303,303
1716087597.3951757,8796299264,12384,12384
1716087598.396426,8796299264,659787086,659787086
1716087599.3968296,8796299264,1211984205,1211984205
1716087600.3980181,8796299264,666,666
1716087601.3992143,8796299264,91243,91243
1716087602.4004672,8796299264,368208292,368208292
1716087603.4008212,8796299264,263482103,263482103
1716087604.4013107,8796299264,2805444163,2805444163
1716087605.4025154,8796299264,198272452,198272452
1716087606.4037015,8796299264,1244,1244
1716087607.4048371,8796299264,1265,1265
1716087608.4060345,8796299264,1230,1230
1716087609.4065156,8796299264,110058543,110058543
1716087610.4076922,8796299264,280,280
1716087611.4088275,8796299264,999,999
1716087612.4100227,8796299264,1161,1161
1716087613.4112074,8796299264,683,683
1716087614.4119473,8796299264,157,157
1716087615.4131434,8796299264,1324,1324
1716087616.414359,8796299264,6759,6759
1716087617.415048,8796299264,3457,3457
1716087618.4162567,8796299264,2460,2460
1716087619.4174633,8796299264,5204,5204
1716087620.4185793,8796299264,3732,3732
1716087621.419777,8796299264,4519,4519
1716087622.4208202,8796299264,5616,5616
1716087623.421247,8796299264,3425,3425
1716087624.422432,8796299264,3898,3898
1716087625.4236248,8796299264,3336,3336
1716087626.424854,8796299264,5309,5309
1716087627.4260764,8796299264,3355,3355
1716087628.4270186,8796299264,4279,4279
1716087629.4281974,8796299264,6087,6087
1716087630.42885,8796299264,4189,4189
1716087631.4300756,8796299264,4685,4685
1716087632.4312804,8796299264,6303,6303
1716087633.4324775,8796299264,1829,1829
1716087634.4328246,8796299264,3702,3702
1716087635.4335635,8796299264,4208,4208
1716087636.4347682,8796299264,4240,4240
1716087637.4359574,8796299264,5326,5326
1716087638.4368267,8796299264,5031,5031
1716087639.4380136,8796299264,3675,3675
1716087640.4392276,8796299264,4997,4997
1716087641.4404175,8796299264,4178,4178
1716087642.4408448,8796299264,4166,4166
1716087643.4420366,8796299264,4972,4972
1716087644.44323,8796299264,3099,3099
1716087645.4444144,8796299264,3079,3079
1716087646.4448187,8796299264,3008,3008
1716087647.4460416,8796299264,6197,6197
1716087648.4472706,8796299264,4373,4373
1716087649.4484665,8796299264,4314,4314
1716087650.4488328,8796299264,2545,2545
1716087651.450029,8796299264,2434,2434
1716087652.451232,8796299264,4239,4239
1716087653.452423,8796299264,3061,3061
1716087654.4528506,8796299264,3921,3921
1716087655.4540446,8796299264,2500,2500
1716087656.455239,8796299264,2971,2971
1716087657.4564366,8796299264,4088,4088
1716087658.4568408,8796299264,2290,2290
1716087659.4580429,8796299264,6391,6391
1716087660.459238,8796299264,6497,6497
1716087661.460476,8796299264,4209,4209
1716087662.460824,8796299264,3697,3697
1716087663.4620163,8796299264,5012,5012
1716087664.4632163,8796299264,2943,2943
1716087665.464404,8796299264,3438,3438
1716087666.465601,8796299264,4046,4046
1716087667.4667945,8796299264,4274,4274
1716087668.4679773,8796299264,3383,3383
1716087669.4688265,8796299264,7059,7059
1716087670.4700072,8796299264,4828,4828
1716087671.4711955,8796299264,4081,4081
1716087672.4723978,8796299264,6408,6408
1716087673.473502,8796299264,4931,4931
1716087674.4746902,8796299264,2963,2963
1716087675.475894,8796299264,4268,4268
1716087676.4771104,8796299264,2947,2947
1716087677.4783015,8796299264,3517,3517
1716087678.47951,8796299264,4577,4577
1716087679.4807332,8796299264,2814,2814
1716087680.4819236,8796299264,3257,3257
1716087681.4831274,8796299264,3247,3247
1716087682.4836504,8796299264,4753,4753
1716087683.4848402,8796299264,4492,4492
1716087684.486051,8796299264,4314,4314
1716087685.4872408,8796299264,4219,4219
1716087686.4884481,8796299264,4138,4138
1716087687.4888492,8796299264,3160,3160
1716087688.4900444,8796299264,3472,3472
1716087689.4912581,8796299264,2415,2415
1716087690.492484,8796299264,3903,3903
1716087691.4928622,8796299264,3657,3657
1716087692.4940784,8796299264,2542,2542
1716087693.4953127,8796299264,4293,4293
1716087694.4965422,8796299264,3589,3589
1716087695.497769,8796299264,4587,4587
1716087696.4990206,8796299264,2501,2501
1716087697.5002248,8796299264,4274,4274
1716087698.5014353,8796299264,4508,4508
1716087699.5026429,8796299264,4008,4008
1716087700.5038557,8796299264,6589,6589
1716087701.504826,8796299264,4083,4083
1716087702.506059,8796299264,5485,5485
1716087703.5072706,8796299264,3224,3224
1716087704.508484,8796299264,3769,3769
1716087705.5088286,8796299264,2948,2948
1716087706.5100446,8796299264,5976,5976
1716087707.5112438,8796299264,2870,2870
1716087708.51244,8796299264,4253,4253
1716087709.5128582,8796299264,2673,2673
1716087710.5140803,8796299264,3506,3506
1716087711.5152645,8796299264,1812,1812
1716087712.5165153,8796299264,406,406
1716087713.5168412,8796299264,6961,6961
1716087714.5180473,8796299264,3268,3268
1716087715.5192425,8796299264,1355,1355
1716087716.5204399,8796299264,2087,2087
1716087717.5208445,8796299264,4228,4228
1716087718.522035,8796299264,2239,2239
1716087719.5232327,8796299264,5961,5961
1716087720.5244384,8796299264,4654,4654
1716087721.5248454,8796299264,6234,6234
1716087722.526067,8796299264,4239,4239
1716087723.5268283,8796299264,5886,5886
1716087724.5281067,8796299264,3042,3042
1716087725.5290496,8796299264,1196,1196
1716087726.530526,8796299264,152,152
1716087727.5317965,8796299264,158,158
1716087728.5330791,8796299264,456,456
1716087729.5345118,8796299264,155,155
1716087730.5358083,8796299264,0,0
1716087731.5368822,8796299264,0,0
1716087732.5381742,8796299264,0,0
1716087733.5398197,8796299264,448,448
1716087734.5418293,8796299264,152,152
1716087735.5428855,8796299264,0,0
1716087736.54416,8796299264,0,0
1716087737.5448587,8796299264,1144,1144
1716087738.5460756,8796299264,350,350
1716087739.5472796,8796299264,155,155
1716087740.5485277,8796299264,950,950
1716087741.548831,8796299264,0,0
1716087742.5500734,8796299264,0,0
1716087743.5512795,8796299264,448,448
1716087744.5524943,8796299264,152,152
1716087745.552825,8796299264,0,0
1716087746.5540824,8796299264,0,0
1716087747.555321,8796299264,0,0
1716087748.5565238,8796299264,448,448
1716087749.5568495,8796299264,152,152
1716087750.5580528,8796299264,0,0
1716087751.5592468,8796299264,0,0
1716087752.5604405,8796299264,0,0
1716087753.5608377,8796299264,344,344
1716087754.5620313,8796299264,152,152
1716087755.5632257,8796299264,0,0
1716087756.5644267,8796299264,0,0
1716087757.5648468,8796299264,0,0
1716087758.5660567,8796299264,448,448
1716087759.5672417,8796299264,152,152
1716087760.5684476,8796299264,0,0
1716087761.5688324,8796299264,0,0
1716087762.570081,8796299264,0,0
1716087763.5713258,8796299264,448,448
1716087764.5725722,8796299264,152,152
1716087765.5738204,8796299264,0,0
1716087766.5750265,8796299264,4200274,4200274
1716087767.5762436,8796299264,0,0
1716087768.5774496,8796299264,448,448
1716087769.5786552,8796299264,152,152
1716087770.579858,8796299264,0,0
1716087771.5808356,8796299264,5248313,5248313
1716087772.5820389,8796299264,0,0
1716087773.5832415,8796299264,344,344
1716087774.5844417,8796299264,152,152
1716087775.5850203,8796299264,721333634,721333634
1716087776.5862718,8796299264,1577561880,1577561880
1716087777.5875192,8796299264,0,0
1716087778.5887904,8796299264,448,448
1716087779.5900395,8796299264,1825,1825
1716087780.5912726,8796299264,1282299259,1282299259
1716087781.5925667,8796299264,173156320,173156320
1716087782.5929456,8796299264,4146,4146
1716087783.594211,8796299264,5584,5584
1716087784.59542,8796299264,8239,8239
1716087785.5966358,8796299264,3890,3890
1716087786.5978682,8796299264,6774,6774
1716087787.5990584,8796299264,4569,4569
1716087788.600244,8796299264,4910,4910
1716087789.6014285,8796299264,6068,6068
1716087790.6026247,8796299264,7363,7363
1716087791.603794,8796299264,4155,4155
1716087792.604849,8796299264,4790,4790
1716087793.6060846,8796299264,8084,8084
1716087794.607295,8796299264,7042,7042
1716087795.6085062,8796299264,7199,7199
1716087796.608854,8796299264,7226,7226
1716087797.6100864,8796299264,4034,4034
1716087798.6112952,8796299264,4846,4846
1716087799.6125088,8796299264,5735,5735
1716087800.6137326,8796299264,6935,6935
1716087801.6149614,8796299264,7243,7243
1716087802.6161985,8796299264,4598,4598
1716087803.616867,8796299264,4629,4629
1716087804.6180954,8796299264,7398,7398
1716087805.6193423,8796299264,4308,4308
1716087806.620564,8796299264,7417,7417
1716087807.6208525,8796299264,4667,4667
1716087808.6220725,8796299264,7450,7450
1716087809.6232958,8796299264,3470,3470
1716087810.6237059,8796299264,6179,6179
1716087811.624912,8796299264,3200,3200
1716087812.6260076,8796299264,4915,4915
1716087813.6272173,8796299264,7550,7550
1716087814.6284258,8796299264,5213,5213
1716087815.628852,8796299264,2382,2382
1716087816.6300755,8796299264,7908,7908
1716087817.6312938,8796299264,4803,4803
1716087818.6325347,8796299264,7949,7949
1716087819.63379,8796299264,7838,7838
1716087820.6350148,8796299264,6719,6719
1716087821.6362357,8796299264,7262,7262
1716087822.6369004,8796299264,1655,1655
1716087823.6382277,8796299264,6000,6000
1716087824.639492,8796299264,6372,6372
1716087825.6407297,8796299264,5068,5068
1716087826.6419036,8796299264,3427,3427
1716087827.643198,8796299264,3514,3514
1716087828.6444414,8796299264,3226,3226
1716087829.6456761,8796299264,287,287
1716087830.6469061,8796299264,151,151
1716087831.6481252,8796299264,152,152
1716087832.649355,8796299264,0,0
1716087833.6505744,8796299264,606,606
1716087834.6518278,8796299264,0,0
1716087835.6528366,8796299264,0,0
1716087836.6540806,8796299264,0,0
1716087837.655298,8796299264,0,0
1716087838.6565135,8796299264,496,496
1716087839.6577516,8796299264,0,0
1716087840.6589897,8796299264,0,0
1716087841.6602218,8796299264,0,0
1716087842.6614635,8796299264,0,0
1716087843.6627011,8796299264,600,600
1716087844.663915,8796299264,0,0
1716087845.6648524,8796299264,0,0
1716087846.6661186,8796299264,0,0
1716087847.6673436,8796299264,0,0
1716087848.6685681,8796299264,600,600
1716087849.6699731,8796299264,0,0
1716087850.6712065,8796299264,0,0
1716087851.6724036,8796299264,0,0
1716087852.67364,8796299264,0,0
1716087853.6748774,8796299264,600,600
1716087854.6760778,8796299264,0,0
1716087855.677311,8796299264,0,0
1716087856.6785977,8796299264,0,0
1716087857.679833,8796299264,0,0
1716087858.681097,8796299264,5382005,5382005
1716087859.682391,8796299264,0,0
1716087860.6836002,8796299264,0,0
1716087861.6848452,8796299264,0,0
1716087862.6861386,8796299264,0,0
1716087863.6873639,8796299264,362072327,362072327
1716087864.6886778,8796299264,0,0
1716087865.6899328,8796299264,0,0
1716087866.6911829,8796299264,17841156,17841156
1716087867.6924763,8796299264,826667284,826667284
1716087868.6937506,8796299264,959140648,959140648
1716087869.6949625,8796299264,0,0
1716087870.6962123,8796299264,0,0
1716087871.697529,8796299264,2203,2203
1716087872.6987984,8796299264,1593002683,1593002683
1716087873.7000725,8796299264,3396,3396
1716087874.7013311,8796299264,4801,4801
1716087875.7025843,8796299264,4053,4053
1716087876.7036674,8796299264,5941,5941
1716087877.7048428,8796299264,4110,4110
1716087878.70518,8796299264,5896,5896
1716087879.7063875,8796299264,6260,6260
1716087880.7076302,8796299264,7201,7201
1716087881.7088497,8796299264,7992,7992
1716087882.7100618,8796299264,7957,7957
1716087883.7112708,8796299264,2883,2883
1716087884.711995,8796299264,4486,4486
1716087885.7128499,8796299264,5973,5973
1716087886.714057,8796299264,4797,4797
1716087887.7152755,8796299264,6906,6906
1716087888.7164843,8796299264,7201,7201
1716087889.7168474,8796299264,7603,7603
1716087890.718054,8796299264,6521,6521
1716087891.7192752,8796299264,814,814
1716087892.7204938,8796299264,4725,4725
1716087893.7217076,8796299264,867,867
1716087894.722919,8796299264,485,485
1716087895.7241285,8796299264,6259,6259
1716087896.724852,8796299264,6745,6745
1716087897.72608,8796299264,7430,7430
1716087898.7273214,8796299264,4994,4994
1716087899.7285285,8796299264,7343,7343
1716087900.7288587,8796299264,5320,5320
1716087901.7300694,8796299264,94661,94661
1716087902.7312768,8796299264,3637,3637
1716087903.7324905,8796299264,5019,5019
1716087904.7328897,8796299264,5981,5981
1716087905.7341177,8796299264,6764,6764
1716087906.7353308,8796299264,4702,4702
1716087907.7365746,8796299264,3637,3637
1716087908.7368548,8796299264,4177,4177
1716087909.738062,8796299264,5161,5161
1716087910.7392714,8796299264,4522,4522
1716087911.740042,8796299264,7161,7161
1716087912.7408588,8796299264,6854,6854
1716087913.742066,8796299264,5052,5052
1716087914.7434132,8796299264,5666,5666
1716087915.744741,8796299264,4054,4054
1716087916.7460017,8796299264,8964,8964
1716087917.747316,8796299264,6423,6423
1716087918.7485538,8796299264,5348,5348
1716087919.7489097,8796299264,4962,4962
1716087920.7501433,8796299264,841,841
1716087921.7514179,8796299264,0,0
1716087922.752841,8796299264,688,688
1716087923.7541425,8796299264,1173,1173
1716087924.7554355,8796299264,658,658
1716087925.7566986,8796299264,733,733
1716087926.7579575,8796299264,777,777
1716087927.7592654,8796299264,759,759
1716087928.76053,8796299264,1229,1229
1716087929.7609124,8796299264,740,740
1716087930.762212,8796299264,0,0
1716087931.763477,8796299264,779,779
1716087932.7647705,8796299264,1427,1427
1716087933.7660713,8796299264,557,557
1716087934.767365,8796299264,776,776
1716087935.768751,8796299264,0,0
1716087936.770011,8796299264,1831,1831
1716087937.7713058,8796299264,783,783
1716087938.7725866,8796299264,558,558
1716087939.772957,8796299264,0,0
1716087940.7741885,8796299264,877,877
1716087941.7754924,8796299264,0,0
1716087942.7768183,8796299264,990,990
1716087943.7781377,8796299264,1190,1190
1716087944.7794352,8796299264,736,736
1716087945.7807672,8796299264,733,733
1716087946.7819946,8796299264,404,404
1716087947.7832808,8796299264,969,969
1716087948.7845929,8796299264,1279,1279
1716087949.7849424,8796299264,0,0
1716087950.7862203,8796299264,1453,1453
1716087951.7875283,8796299264,735,735
1716087952.788911,8796299264,570,570
1716087953.790179,8796299264,3928,3928
1716087954.791422,8796299264,2987,2987
1716087955.792737,8796299264,971,971
1716087956.793939,8796299264,2047,2047
1716087957.7952273,8796299264,1486,1486
1716087958.796675,8796299264,2753,2753
1716087959.7979844,8796299264,2153,2153
1716087960.7992523,8796299264,6531,6531
1716087961.8005507,8796299264,5047,5047
1716087962.800893,8796299264,7672,7672
1716087963.8021853,8796299264,6636,6636
1716087964.803446,8796299264,5537,5537
1716087965.8048136,8796299264,6327,6327
1716087966.8061147,8796299264,4623,4623
1716087967.8076005,8796299264,5494,5494
1716087968.8088932,8796299264,4711,4711
1716087969.8101597,8796299264,5619,5619
1716087970.8114517,8796299264,5932,5932
1716087971.8127728,8796299264,4924,4924
1716087972.8140378,8796299264,2434,2434
1716087973.8152916,8796299264,7115,7115
1716087974.8165665,8796299264,7178,7178
1716087975.8169003,8796299264,4511,4511
1716087976.8182902,8796299264,4299,4299
1716087977.8196235,8796299264,6262,6262
1716087978.8208957,8796299264,5059,5059
1716087979.82215,8796299264,422,422
1716087980.8234131,8796299264,7167,7167
1716087981.8247209,8796299264,4521,4521
1716087982.8260555,8796299264,4350,4350
1716087983.8273506,8796299264,2522,2522
1716087984.8287,8796299264,5958,5958
1716087985.8300145,8796299264,5174,5174
1716087986.8312814,8796299264,3859,3859
1716087987.8325655,8796299264,3431,3431
1716087988.8329964,8796299264,2924,2924
1716087989.8342884,8796299264,3700,3700
1716087990.8355627,8796299264,4556,4556
1716087991.8369393,8796299264,4277,4277
1716087992.8382573,8796299264,1324,1324
1716087993.8395436,8796299264,4931,4931
1716087994.8408632,8796299264,4889,4889
1716087995.8421588,8796299264,7016,7016
1716087996.843536,8796299264,3264,3264
1716087997.844901,8796299264,2873,2873
1716087998.8462622,8796299264,1749,1749
1716087999.8474503,8796299264,367,367
1716088000.8487165,8796299264,395,395
1716088001.8499305,8796299264,555,555
1716088002.8511968,8796299264,195,195
1716088003.8522742,8796299264,4709,4709
1716088004.8530061,8796299264,379,379
1716088005.8544285,8796299264,0,0
1716088006.855806,8796299264,260,260
1716088007.8570065,8796299264,0,0
1716088008.858383,8796299264,559,559
1716088009.8597565,8796299264,1102,1102
1716088010.861003,8796299264,0,0
1716088011.8623753,8796299264,0,0
1716088012.8637786,8796299264,592,592
1716088013.8650095,8796299264,557,557
1716088014.8663368,8796299264,0,0
1716088015.8677125,8796299264,1871722756,1871722756
1716088016.8688996,8796299264,52,52
1716088017.8701594,8796299264,6161378,6161378
1716088018.87142,8796299264,36136,36136
1716088019.8726892,8796299264,529853503,529853503
1716088020.8739576,8796299264,1336387061,1336387061
1716088021.8752015,8796299264,98740,98740
1716088022.876448,8796299264,156,156
1716088023.8768718,8796299264,907,907
1716088024.8781147,8796299264,515354262,515354262
1716088025.879362,8796299264,1227486619,1227486619
1716088026.8806176,8796299264,129230262,129230262
1716088027.8808672,8796299264,0,0
1716088028.882104,8796299264,980,980
1716088029.8832984,8796299264,0,0
1716088030.884485,8796299264,1387,1387
1716088031.884836,8796299264,4867,4867
1716088032.886058,8796299264,2705,2705
1716088033.8872414,8796299264,3501,3501
1716088034.8884408,8796299264,6991,6991
1716088035.888831,8796299264,2543,2543
1716088036.89003,8796299264,2513,2513
1716088037.8912277,8796299264,3287,3287
1716088038.8924384,8796299264,6273,6273
1716088039.8928359,8796299264,4799,4799
1716088040.8940341,8796299264,4047,4047
1716088041.895226,8796299264,4674,4674
1716088042.896418,8796299264,2301,2301
1716088043.8968349,8796299264,4748,4748
1716088044.8980234,8796299264,2132,2132
1716088045.899221,8796299264,4945,4945
1716088046.9004219,8796299264,3298,3298
1716088047.90083,8796299264,2029,2029
1716088048.9020605,8796299264,3545,3545
1716088049.9032478,8796299264,2512,2512
1716088050.9044354,8796299264,2199,2199
1716088051.9056394,8796299264,1376,1376
1716088052.9068654,8796299264,5180,5180
1716088053.9080644,8796299264,3955,3955
1716088054.908844,8796299264,3216,3216
1716088055.9100468,8796299264,3418,3418
1716088056.9112723,8796299264,4138,4138
1716088057.9124882,8796299264,1893,1893
1716088058.9128466,8796299264,3595,3595
1716088059.9140577,8796299264,4197,4197
1716088060.914937,8796299264,5290,5290
1716088061.9161475,8796299264,4180,4180
1716088062.9173672,8796299264,3971,3971
1716088063.9185708,8796299264,1052,1052
1716088064.9197922,8796299264,797,797
1716088065.9202456,8796299264,358,358
1716088066.9208643,8796299264,1350,1350
1716088067.9220777,8796299264,6615,6615
1716088068.9232893,8796299264,4811,4811
1716088069.9244957,8796299264,4234,4234
1716088070.9248724,8796299264,1171,1171
1716088071.9260933,8796299264,4585,4585
1716088072.9273083,8796299264,1702,1702
1716088073.9285107,8796299264,2638,2638
1716088074.9297502,8796299264,2024,2024
1716088075.9309618,8796299264,3922,3922
1716088076.9321737,8796299264,5470,5470
1716088077.9334078,8796299264,4377,4377
1716088078.9346602,8796299264,4209,4209
1716088079.9358754,8796299264,4313,4313
1716088080.9368374,8796299264,4163,4163
1716088081.9380555,8796299264,2519,2519
1716088082.9392788,8796299264,4315,4315
1716088083.9403079,8796299264,5112,5112
1716088084.940842,8796299264,3787,3787
1716088085.9420397,8796299264,5845,5845
1716088086.942492,8796299264,1284,1284
1716088087.9433815,8796299264,3988,3988
1716088088.9446013,8796299264,4723,4723
1716088089.9448416,8796299264,1313,1313
1716088090.9460688,8796299264,5050,5050
1716088091.9472694,8796299264,4248,4248
1716088092.948485,8796299264,1240,1240
1716088093.949278,8796299264,7225,7225
1716088094.9504886,8796299264,1069,1069
1716088095.9516945,8796299264,3556,3556
1716088096.952829,8796299264,2887,2887
1716088097.9540503,8796299264,971,971
1716088098.9552474,8796299264,4480,4480
1716088099.956426,8796299264,2263,2263
1716088100.9568248,8796299264,6023,6023
1716088101.9580326,8796299264,4233,4233
1716088102.9592533,8796299264,3075,3075
1716088103.9604595,8796299264,3795,3795
1716088104.9616754,8796299264,4028,4028
1716088105.9628985,8796299264,2032,2032
1716088106.9641175,8796299264,1871,1871
1716088107.964865,8796299264,7300,7300
1716088108.9661279,8796299264,4530,4530
1716088109.9673624,8796299264,4168,4168
1716088110.9685633,8796299264,4312,4312
1716088111.9688222,8796299264,4554,4554
1716088112.9700365,8796299264,2787,2787
1716088113.9712136,8796299264,3811,3811
1716088114.9724054,8796299264,4021,4021
1716088115.9728134,8796299264,5251,5251
1716088116.9740036,8796299264,2925,2925
1716088117.9748566,8796299264,4411,4411
1716088118.9760456,8796299264,5300,5300
1716088119.976816,8796299264,4186,4186
1716088120.9779956,8796299264,2250,2250
1716088121.9791946,8796299264,4757,4757
1716088122.9803731,8796299264,2395,2395
1716088123.9815612,8796299264,3588,3588
1716088124.982787,8796299264,4080,4080
1716088125.983965,8796299264,4243,4243
1716088126.9851646,8796299264,4655,4655
1716088127.9863522,8796299264,1474,1474
1716088128.987543,8796299264,513,513
1716088129.9887648,8796299264,4422,4422
1716088130.9899554,8796299264,3870,3870
1716088131.9911573,8796299264,3497,3497
1716088132.9923441,8796299264,5701,5701
1716088133.9928453,8796299264,4720,4720
1716088134.9942105,8796299264,6093,6093
1716088135.9954097,8796299264,2316,2316
1716088136.9966016,8796299264,2579,2579
1716088137.9968371,8796299264,934,934
1716088138.9980373,8796299264,5820,5820
1716088139.9992766,8796299264,4210,4210
1716088141.0005627,8796299264,3769,3769
1716088142.0012982,8796299264,0,0
1716088143.0025752,8796299264,776,776
1716088144.0041358,8796299264,154,154
1716088145.0055552,8796299264,0,0
1716088146.0070095,8796299264,0,0
1716088147.0085275,8796299264,0,0
1716088148.008914,8796299264,448,448
1716088149.0101948,8796299264,152,152
1716088150.0111,8796299264,0,0
1716088151.0126867,8796299264,0,0
1716088152.0141423,8796299264,0,0
1716088153.0153909,8796299264,448,448
1716088154.0175254,8796299264,152,152
1716088155.0188482,8796299264,0,0
1716088156.0200543,8796299264,1199,1199
1716088157.0208247,8796299264,0,0
1716088158.0220575,8796299264,304,304
1716088159.0232813,8796299264,397,397
1716088160.0244844,8796299264,0,0
1716088161.024842,8796299264,0,0
1716088162.026048,8796299264,0,0
1716088163.027251,8796299264,722,722
1716088164.0284543,8796299264,448,448
1716088165.028841,8796299264,0,0
1716088166.0300355,8796299264,0,0
1716088167.0312297,8796299264,0,0
1716088168.0324438,8796299264,152,152
1716088169.0328383,8796299264,344,344
1716088170.0340273,8796299264,0,0
1716088171.035261,8796299264,0,0
1716088172.036468,8796299264,0,0
1716088173.0368745,8796299264,448,448
1716088174.0375874,8796299264,152,152
1716088175.038799,8796299264,0,0
1716088176.0400152,8796299264,0,0
1716088177.0408287,8796299264,0,0
1716088178.0420554,8796299264,448,448
1716088179.0432935,8796299264,152,152
1716088180.0445364,8796299264,0,0
1716088181.045204,8796299264,0,0
1716088182.0464416,8796299264,0,0
1716088183.0476842,8796299264,448,448
1716088184.0488732,8796299264,152,152
1716088185.0501263,8796299264,0,0
1716088186.051333,8796299264,33646624,33646624
1716088187.0525274,8796299264,0,0
1716088188.0528464,8796299264,448,448
1716088189.0540442,8796299264,152,152
1716088190.0552802,8796299264,0,0
1716088191.056516,8796299264,0,0
1716088192.056855,8796299264,0,0
1716088193.0580838,8796299264,448,448
1716088194.0593162,8796299264,549060812,549060812
1716088195.0605407,8796299264,4200577,4200577
1716088196.0608754,8796299264,0,0
1716088197.0621142,8796299264,0,0
1716088198.0626426,8796299264,448,448
1716088199.0638962,8796299264,891758512,891758512
1716088200.064903,8796299264,2285160583,2285160583
1716088201.0661542,8796299264,0,0
1716088202.0673761,8796299264,310,310
1716088203.068597,8796299264,98771,98771
1716088204.0688925,8796299264,6451,6451
1716088205.0701392,8796299264,2319,2319
1716088206.0714073,8796299264,4432,4432
1716088207.072714,8796299264,3709,3709
1716088208.0740154,8796299264,5146,5146
1716088209.0753179,8796299264,7498,7498
1716088210.0766022,8796299264,7151,7151
1716088211.0768883,8796299264,7654,7654
1716088212.078174,8796299264,7319,7319
1716088213.079422,8796299264,3093,3093
1716088214.0806856,8796299264,4429,4429
1716088215.0819337,8796299264,8429,8429
1716088216.0832047,8796299264,7685,7685
1716088217.0844707,8796299264,7309,7309
1716088218.0849032,8796299264,7492,7492
1716088219.0861738,8796299264,7333,7333
1716088220.0874386,8796299264,1821,1821
1716088221.088738,8796299264,7845,7845
1716088222.0900018,8796299264,7159,7159
1716088223.091236,8796299264,6841,6841
1716088224.0925057,8796299264,5841,5841
1716088225.0928993,8796299264,6793,6793
1716088226.094168,8796299264,3502,3502
1716088227.0954459,8796299264,423,423
1716088228.0967548,8796299264,8080,8080
1716088229.0980392,8796299264,5887,5887
1716088230.0993314,8796299264,5972,5972
1716088231.1005986,8796299264,8502,8502
1716088232.1009183,8796299264,5983,5983
1716088233.1022418,8796299264,5293,5293
1716088234.103518,8796299264,5212,5212
1716088235.1048088,8796299264,5301,5301
1716088236.1061141,8796299264,4609,4609
1716088237.1067162,8796299264,6212,6212
1716088238.1079938,8796299264,6942,6942
1716088239.1089177,8796299264,7232,7232
1716088240.110257,8796299264,7842,7842
1716088241.111549,8796299264,3206,3206
1716088242.112898,8796299264,4054,4054
1716088243.1143725,8796299264,7487,7487
1716088244.1156595,8796299264,5953,5953
1716088245.1169147,8796299264,4329,4329
1716088246.1182132,8796299264,5835,5835
1716088247.119505,8796299264,717,717
1716088248.1208878,8796299264,1557,1557
1716088249.122114,8796299264,2212,2212
1716088250.1233318,8796299264,0,0
1716088251.1245413,8796299264,304,304
1716088252.12486,8796299264,0,0
1716088253.126091,8796299264,451,451
1716088254.1273036,8796299264,155,155
1716088255.128511,8796299264,0,0
1716088256.1297247,8796299264,0,0
1716088257.1309218,8796299264,0,0
1716088258.1321242,8796299264,152,152
1716088259.132843,8796299264,344,344
1716088260.1340585,8796299264,0,0
1716088261.134856,8796299264,0,0
1716088262.136048,8796299264,0,0
1716088263.1368759,8796299264,448,448
1716088264.1380832,8796299264,152,152
1716088265.1393003,8796299264,0,0
1716088266.1405182,8796299264,0,0
1716088267.1417255,8796299264,0,0
1716088268.1429286,8796299264,448,448
1716088269.144207,8796299264,152,152
1716088270.1454282,8796299264,0,0
1716088271.146634,8796299264,0,0
1716088272.147838,8796299264,0,0
1716088273.1490576,8796299264,448,448
1716088274.1503003,8796299264,152,152
1716088275.1515272,8796299264,0,0
1716088276.152769,8796299264,0,0
1716088277.1540256,8796299264,0,0
1716088278.1552165,8796299264,33615090,33615090
1716088279.1564226,8796299264,152,152
1716088280.157719,8796299264,0,0
1716088281.1589572,8796299264,0,0
1716088282.1601987,8796299264,0,0
1716088283.1614385,8796299264,806214802,806214802
1716088284.1626432,8796299264,152,152
1716088285.1638482,8796299264,0,0
1716088286.165067,8796299264,0,0
1716088287.1663167,8796299264,376857957,376857957
1716088288.167559,8796299264,742,742
1716088289.1687937,8796299264,152,152
1716088290.1700335,8796299264,0,0
1716088291.171283,8796299264,912531027,912531027
1716088292.1725385,8796299264,1635085106,1635085106
1716088293.1737797,8796299264,690,690
1716088294.1750007,8796299264,2421,2421
1716088295.1761994,8796299264,2674,2674
1716088296.176886,8796299264,7092,7092
1716088297.1776168,8796299264,4630,4630
1716088298.1788158,8796299264,3260,3260
1716088299.1800177,8796299264,4627,4627
1716088300.1808596,8796299264,2169,2169
1716088301.1821144,8796299264,6568,6568
1716088302.1833582,8796299264,5108,5108
1716088303.184595,8796299264,7365,7365
1716088304.1858594,8796299264,4955,4955
1716088305.1871266,8796299264,5251,5251
1716088306.1883981,8796299264,3516,3516
1716088307.1889875,8796299264,5795,5795
1716088308.1902134,8796299264,6540,6540
1716088309.1914253,8796299264,4774,4774
1716088310.1926801,8796299264,6921,6921
1716088311.193904,8796299264,6983,6983
1716088312.1951702,8796299264,4707,4707
1716088313.1963925,8796299264,3953,3953
1716088314.1968448,8796299264,4744,4744
1716088315.1980615,8796299264,6564,6564
1716088316.1992764,8796299264,8050,8050
1716088317.2004838,8796299264,7275,7275
1716088318.2008612,8796299264,7643,7643
1716088319.2020643,8796299264,1031,1031
1716088320.2032928,8796299264,7867,7867
1716088321.2045238,8796299264,3452,3452
1716088322.2048993,8796299264,6322,6322
1716088323.2061226,8796299264,3592,3592
1716088324.2073252,8796299264,5886,5886
1716088325.2085488,8796299264,2556,2556
1716088326.208873,8796299264,6766,6766
1716088327.2100985,8796299264,5023,5023
1716088328.2113178,8796299264,7647,7647
1716088329.2125428,8796299264,6175,6175
1716088330.2128675,8796299264,6737,6737
1716088331.2140946,8796299264,7401,7401
1716088332.2153513,8796299264,985,985
1716088333.2166011,8796299264,7565,7565
1716088334.2168858,8796299264,5252,5252
1716088335.2181177,8796299264,6168,6168
1716088336.2193382,8796299264,7512,7512
1716088337.2207594,8796299264,8424,8424
1716088338.222655,8796299264,7376,7376
1716088339.2240498,8796299264,5384,5384
1716088340.2249186,8796299264,5341,5341
1716088341.2263901,8796299264,837,837
1716088342.2280626,8796299264,1159,1159
1716088343.2289689,8796299264,1194,1194
1716088344.2302878,8796299264,899,899
1716088345.2315884,8796299264,0,0
1716088346.2330163,8796299264,1516,1516
1716088347.2343264,8796299264,1040,1040
1716088348.2356455,8796299264,1422,1422
1716088349.23698,8796299264,796,796
1716088350.2382293,8796299264,2267,2267
1716088351.239719,8796299264,0,0
1716088352.2409234,8796299264,913,913
1716088353.2421744,8796299264,1955,1955
1716088354.2445583,8796299264,155,155
1716088355.2449994,8796299264,733,733
1716088356.246244,8796299264,529,529
1716088357.2475445,8796299264,15218,15218
1716088358.2488372,8796299264,6759,6759
1716088359.250188,8796299264,7321,7321
1716088360.251571,8796299264,1523,1523
1716088361.2529445,8796299264,751,751
1716088362.2542102,8796299264,0,0
1716088363.2554495,8796299264,1628,1628
1716088364.256745,8796299264,2279,2279
1716088365.2578645,8796299264,778,778
1716088366.2591076,8796299264,1505,1505
1716088367.2607427,8796299264,787,787
1716088368.2621212,8796299264,404,404
1716088369.2633765,8796299264,4640,4640
1716088370.2646878,8796299264,3497,3497
1716088371.2659857,8796299264,2744,2744
1716088372.2672336,8796299264,3063,3063
1716088373.268481,8796299264,3178,3178
1716088374.2688508,8796299264,5084,5084
1716088375.2700589,8796299264,6748,6748
1716088376.2711713,8796299264,5119,5119
1716088377.2723718,8796299264,4744,4744
1716088378.2728522,8796299264,6334,6334
1716088379.274059,8796299264,3307,3307
1716088380.2752814,8796299264,7480,7480
1716088381.2765062,8796299264,6371,6371
1716088382.2768521,8796299264,6363,6363
1716088383.2780924,8796299264,4966,4966
1716088384.2793293,8796299264,6268,6268
1716088385.2806172,8796299264,2703,2703
1716088386.2814589,8796299264,4865,4865
1716088387.2827184,8796299264,6215,6215
1716088388.2839546,8796299264,5891,5891
1716088389.2848809,8796299264,4023,4023
1716088390.2861543,8796299264,6019,6019
1716088391.2874415,8796299264,5209,5209
1716088392.2887414,8796299264,6927,6927
1716088393.2899764,8796299264,5039,5039
1716088394.2912889,8796299264,4388,4388
1716088395.2925642,8796299264,3449,3449
1716088396.2928987,8796299264,4039,4039
1716088397.2941787,8796299264,3133,3133
1716088398.2954628,8796299264,4129,4129
1716088399.2967637,8796299264,4739,4739
1716088400.2980735,8796299264,4072,4072
1716088401.2993662,8796299264,3829,3829
1716088402.300741,8796299264,3370,3370
1716088403.3018174,8796299264,6751,6751
1716088404.3030522,8796299264,4216,4216
1716088405.3042927,8796299264,5956,5956
1716088406.3048773,8796299264,5505,5505
1716088407.3061223,8796299264,4207,4207
1716088408.3073614,8796299264,4155,4155
1716088409.3086019,8796299264,3959,3959
1716088410.308877,8796299264,6324,6324
1716088411.3101277,8796299264,3256,3256
1716088412.3113456,8796299264,3545,3545
1716088413.3125749,8796299264,5264,5264
1716088414.3128781,8796299264,4394,4394
1716088415.3141224,8796299264,2663,2663
1716088416.3148685,8796299264,0,0
1716088417.3162382,8796299264,158,158
1716088418.317019,8796299264,504,504
1716088419.3183894,8796299264,155,155
1716088420.3197849,8796299264,0,0
1716088421.3210216,8796299264,0,0
1716088422.3224127,8796299264,0,0
1716088423.3238184,8796299264,448,448
1716088424.3250663,8796299264,1058,1058
1716088425.326461,8796299264,0,0
1716088426.3278272,8796299264,303,303
1716088427.3288944,8796299264,762,762
1716088428.330133,8796299264,402,402
1716088429.331383,8796299264,1648359168,1648359168
1716088430.332674,8796299264,223404277,223404277
1716088431.33393,8796299264,0,0
1716088432.3351805,8796299264,709,709
1716088433.336452,8796299264,499764369,499764369
1716088434.3368974,8796299264,1645242377,1645242377
1716088435.3381445,8796299264,1341651859,1341651859
1716088436.3393779,8796299264,156,156
1716088437.3406148,8796299264,104,104
1716088438.3408694,8796299264,396,396
1716088439.3421178,8796299264,258544327,258544327
1716088440.3433592,8796299264,190,190
1716088441.3445985,8796299264,0,0
1716088442.3448794,8796299264,1345,1345
1716088443.346101,8796299264,9797,9797
1716088444.3473086,8796299264,2154,2154
1716088445.3485208,8796299264,4131,4131
1716088446.3488386,8796299264,3637,3637
1716088447.3500626,8796299264,5248,5248
1716088448.3512776,8796299264,5320,5320
1716088449.3524783,8796299264,1895,1895
1716088450.352841,8796299264,4678,4678
1716088451.3540795,8796299264,5769,5769
1716088452.355296,8796299264,4913,4913
1716088453.356484,8796299264,4862,4862
1716088454.3568442,8796299264,4249,4249
1716088455.358065,8796299264,3661,3661
1716088456.3592768,8796299264,3583,3583
1716088457.3604808,8796299264,2919,2919
1716088458.3608527,8796299264,5603,5603
1716088459.3620527,8796299264,4636,4636
1716088460.3628798,8796299264,4322,4322
1716088461.364083,8796299264,5212,5212
1716088462.364826,8796299264,1012,1012
1716088463.366033,8796299264,5909,5909
1716088464.36724,8796299264,4628,4628
1716088465.3684385,8796299264,3521,3521
1716088466.3688471,8796299264,4162,4162
1716088467.3700564,8796299264,6044,6044
1716088468.3712165,8796299264,6099,6099
1716088469.3724322,8796299264,4280,4280
1716088470.3728423,8796299264,6048,6048
1716088471.374045,8796299264,6664,6664
1716088472.3752759,8796299264,3051,3051
1716088473.376482,8796299264,3597,3597
1716088474.3768535,8796299264,4760,4760
1716088475.3780546,8796299264,3619,3619
1716088476.3792808,8796299264,7574,7574
1716088477.3805037,8796299264,4021,4021
1716088478.381703,8796299264,2367,2367
1716088479.3829074,8796299264,2574,2574
1716088480.384116,8796299264,3593,3593
1716088481.384837,8796299264,4070,4070
1716088482.386084,8796299264,865,865
1716088483.3872936,8796299264,1268,1268
1716088484.3884923,8796299264,4224,4224
1716088485.3888357,8796299264,7822,7822
1716088486.3900461,8796299264,1748,1748
1716088487.3912575,8796299264,3470,3470
1716088488.392458,8796299264,4396,4396
1716088489.3928401,8796299264,6069,6069
1716088490.3940434,8796299264,6748,6748
1716088491.3952546,8796299264,4656,4656
1716088492.396453,8796299264,6186,6186
1716088493.3968287,8796299264,7241,7241
1716088494.3972158,8796299264,5934,5934
1716088495.3984215,8796299264,5586,5586
1716088496.3993063,8796299264,1627,1627
1716088497.4002829,8796299264,8556,8556
1716088498.401347,8796299264,4428,4428
1716088499.4025528,8796299264,4282,4282
1716088500.4037638,8796299264,4192,4192
1716088501.4048307,8796299264,6030,6030
1716088502.4052978,8796299264,4989,4989
1716088503.4065049,8796299264,797,797
1716088504.4077177,8796299264,93358,93358
1716088505.4089239,8796299264,5631,5631
1716088506.4101343,8796299264,4126,4126
1716088507.4113362,8796299264,4080,4080
1716088508.4125502,8796299264,4095,4095
1716088509.41284,8796299264,3284,3284
1716088510.4140506,8796299264,2251,2251
1716088511.4152837,8796299264,4510,4510
1716088512.416508,8796299264,1987,1987
1716088513.4168553,8796299264,1408,1408
1716088514.418085,8796299264,157,157
1716088515.4193063,8796299264,0,0
1716088516.4205308,8796299264,2374,2374
1716088517.4208543,8796299264,0,0
1716088518.4220393,8796299264,1061,1061
1716088519.4232454,8796299264,4178,4178
1716088520.4244485,8796299264,4948,4948
1716088521.424826,8796299264,4298,4298
1716088522.4260495,8796299264,3570,3570
1716088523.4272494,8796299264,4672,4672
1716088524.428452,8796299264,4048,4048
1716088525.4288445,8796299264,4130,4130
1716088526.4300506,8796299264,5457,5457
1716088527.4312587,8796299264,4536,4536
1716088528.432461,8796299264,4219,4219
1716088529.4328353,8796299264,4860,4860
1716088530.4335659,8796299264,3173,3173
1716088531.4347546,8796299264,2666,2666
1716088532.435949,8796299264,2641,2641
1716088533.4368286,8796299264,2688,2688
1716088534.4380302,8796299264,7191,7191
1716088535.4392276,8796299264,4003,4003
1716088536.4404233,8796299264,2652,2652
1716088537.440863,8796299264,8518,8518
1716088538.4420712,8796299264,9180,9180
1716088539.443272,8796299264,5918,5918
1716088540.4445038,8796299264,3198,3198
1716088541.4457102,8796299264,5256,5256
1716088542.4469178,8796299264,4756,4756
1716088543.4481275,8796299264,7344,7344
1716088544.4488387,8796299264,6269,6269
1716088545.4500322,8796299264,4055,4055
1716088546.4512427,8796299264,3639,3639
1716088547.4524384,8796299264,1469,1469
1716088548.4528358,8796299264,2791,2791
1716088549.4540422,8796299264,8491,8491
1716088550.4552307,8796299264,4117,4117
1716088551.4564323,8796299264,5554,5554
1716088552.4574962,8796299264,4426,4426
1716088553.45874,8796299264,4627,4627
1716088554.4599586,8796299264,2195,2195
1716088555.4612143,8796299264,8103,8103
1716088556.4624536,8796299264,4507,4507
1716088557.4636877,8796299264,4230,4230
1716088558.4648392,8796299264,6316,6316
1716088559.4660425,8796299264,5575,5575
1716088560.4669442,8796299264,5567,5567
1716088561.4682455,8796299264,3564,3564
1716088562.469612,8796299264,992,992
1716088563.4708695,8796299264,410,410
1716088564.4724014,8796299264,157,157
1716088565.4729192,8796299264,6599,6599
1716088566.4742157,8796299264,0,0
1716088567.4759395,8796299264,4314,4314
1716088568.4772174,8796299264,721,721
1716088569.4795623,8796299264,156,156
1716088570.4808974,8796299264,0,0
1716088571.4822066,8796299264,0,0
1716088572.4836597,8796299264,0,0
1716088573.4852817,8796299264,396,396
1716088574.486466,8796299264,1289,1289
1716088575.4876547,8796299264,0,0
1716088576.488837,8796299264,304,304
1716088577.490022,8796299264,0,0
1716088578.4912202,8796299264,451,451
1716088579.4924157,8796299264,155,155
1716088580.4928303,8796299264,0,0
1716088581.4940226,8796299264,0,0
1716088582.4943585,8796299264,0,0
1716088583.495547,8796299264,448,448
1716088584.496771,8796299264,8268,8268
1716088585.497186,8796299264,1710,1710
1716088586.498378,8796299264,151,151
1716088587.4995954,8796299264,351,351
1716088588.5005658,8796299264,352,352
1716088589.5008237,8796299264,156,156
1716088590.5020127,8796299264,0,0
1716088591.5032089,8796299264,0,0
1716088592.504404,8796299264,0,0
1716088593.504823,8796299264,893,893
1716088594.50606,8796299264,152,152
1716088595.5072632,8796299264,476,476
1716088596.5084698,8796299264,0,0
1716088597.5088224,8796299264,325,325
1716088598.510026,8796299264,508,508
1716088599.5112593,8796299264,577,577
1716088600.512479,8796299264,52,52
1716088601.5128887,8796299264,373,373
1716088602.514126,8796299264,52,52
1716088603.5153563,8796299264,51423918,51423918
1716088604.5165544,8796299264,273,273
1716088605.5168524,8796299264,0,0
1716088606.5180705,8796299264,0,0
1716088607.519279,8796299264,0,0
1716088608.5205126,8796299264,582632706,582632706
1716088609.52087,8796299264,491,491
1716088610.5220919,8796299264,0,0
1716088611.5233164,8796299264,0,0
1716088612.5245266,8796299264,34633238,34633238
1716088613.5248625,8796299264,517,517
1716088614.526088,8796299264,152,152
1716088615.5273213,8796299264,0,0
1716088616.528861,8796299264,1057475973,1057475973
1716088617.5301263,8796299264,1821699728,1821699728
1716088618.5313637,8796299264,216198979,216198979
1716088619.532598,8796299264,152,152
1716088620.532841,8796299264,1326,1326
1716088621.5340993,8796299264,5939,5939
1716088622.5353556,8796299264,7325,7325
1716088623.5366101,8796299264,8454,8454
1716088624.5369012,8796299264,7358,7358
1716088625.5381587,8796299264,1924,1924
1716088626.5394166,8796299264,8933,8933
1716088627.5407119,8796299264,6514,6514
1716088628.5419748,8796299264,7289,7289
1716088629.54326,8796299264,7836,7836
1716088630.5445344,8796299264,7161,7161
1716088631.5458105,8796299264,3671,3671
1716088632.5471182,8796299264,10458,10458
1716088633.54837,8796299264,5879,5879
1716088634.5488925,8796299264,8729,8729
1716088635.5501952,8796299264,6080,6080
1716088636.5514457,8796299264,7691,7691
1716088637.5526192,8796299264,3232,3232
1716088638.5528347,8796299264,7332,7332
1716088639.5540762,8796299264,3441,3441
1716088640.5552907,8796299264,6811,6811
1716088641.556502,8796299264,9925,9925
1716088642.5577283,8796299264,5542,5542
1716088643.5589395,8796299264,3708,3708
1716088644.56014,8796299264,617,617
1716088645.5608394,8796299264,2741,2741
1716088646.5620973,8796299264,1833,1833
1716088647.563328,8796299264,7677,7677
1716088648.5645447,8796299264,5428,5428
1716088649.5648422,8796299264,7024,7024
1716088650.5660753,8796299264,5196,5196
1716088651.5672872,8796299264,6916,6916
1716088652.568498,8796299264,1548,1548
1716088653.5688462,8796299264,5491,5491
1716088654.570055,8796299264,5238,5238
1716088655.5712607,8796299264,6928,6928
1716088656.5724962,8796299264,6575,6575
1716088657.5728436,8796299264,7767,7767
1716088658.5740511,8796299264,4727,4727
1716088659.57447,8796299264,7826,7826
1716088660.5757496,8796299264,7603,7603
1716088661.5768974,8796299264,7730,7730
1716088662.5781262,8796299264,6929,6929
1716088663.5799468,8796299264,7453,7453
1716088664.5814147,8796299264,515,515
1716088665.5826833,8796299264,1379,1379
1716088666.647443,2105589760,12506,12506
