Timestamp,MemoryUsage,NetSent,NetRecv
1716086465.2944684,510685184,0,0
1716086466.2957993,516091904,29778,29778
1716086467.2969208,516091904,0,0
1716086468.2982786,516091904,555,555
1716086469.2995958,516091904,156,156
1716086470.3008673,516091904,0,0
1716086471.3021724,516091904,0,0
1716086472.3034253,516091904,0,0
1716086473.3050027,516091904,448,448
1716086474.3063996,516091904,152,152
1716086475.3078864,516091904,0,0
1716086476.308928,516091904,0,0
1716086477.3103442,516091904,0,0
1716086478.3114054,516091904,448,448
1716086479.3127062,516091904,152,152
1716086480.3140237,516091904,479,479
1716086481.3150818,516091904,0,0
1716086482.3163583,516091904,432,432
1716086483.3170497,516091904,454,454
1716086484.3184044,516091904,627,627
1716086485.3198142,516091904,0,0
1716086486.3209274,516091904,427,427
1716086487.3221684,516091904,1800,1800
1716086488.3234434,516091904,2981,2981
1716086489.3246784,516091904,3438,3438
1716086490.3259234,516091904,0,0
1716086491.3271375,516091904,310,310
1716086492.3283582,516091904,0,0
1716086493.329594,516091904,454,454
1716086494.3308353,516091904,156,156
1716086495.3320572,516091904,0,0
1716086496.3328693,516091904,0,0
1716086497.3340995,516091904,0,0
1716086498.3353255,516091904,448,448
1716086499.3365457,516091904,152,152
1716086500.336869,516091904,0,0
1716086501.3380933,516091904,0,0
1716086502.339321,516091904,0,0
1716086503.3405392,516091904,448,448
1716086504.3408651,516091904,152,152
1716086505.341743,516091904,0,0
1716086506.3429708,516091904,0,0
1716086507.3437805,516091904,0,0
1716086508.3450162,516091904,448,448
1716086509.3462415,516091904,152,152
1716086510.3474655,516091904,0,0
1716086511.3487017,516091904,0,0
1716086512.349931,516091904,0,0
1716086513.3504899,516091904,1016,1016
1716086514.3517408,516091904,2815,2815
1716086515.3528442,516091904,2186,2186
1716086516.354078,516091904,3222,3222
1716086517.3552873,516091904,2194,2194
1716086518.3555772,516091904,3209,3209
1716086519.3568234,516091904,1200,1200
1716086520.358079,516091904,3167,3167
1716086521.3592916,516091904,4380,4380
1716086522.3605337,516091904,2396,2396
1716086523.3617547,516091904,2479,2479
1716086524.3629956,516091904,3754,3754
1716086525.3642175,516091904,2571,2571
1716086526.3648648,516091904,1368,1368
1716086527.3660927,516091904,4562,4562
1716086528.367315,516091904,2920,2920
1716086529.368536,516091904,4194,4194
1716086530.368852,516091904,4888,4888
1716086531.3700867,516091904,2292,2292
1716086532.3713121,516091904,0,0
1716086533.3725302,516091904,775,775
1716086534.3728528,516091904,154,154
1716086535.373914,516091904,0,0
1716086536.375127,516091904,1888,1888
1716086537.3763196,516091904,0,0
1716086538.3768566,516091904,769,769
1716086539.3780618,516091904,154,154
1716086540.3792763,516091904,0,0
1716086541.3804805,516091904,0,0
1716086542.3816998,516091904,0,0
1716086543.382902,516091904,448,448
1716086544.3841188,516091904,152,152
1716086545.3848698,516091904,0,0
1716086546.3854718,516091904,0,0
1716086547.3866863,516091904,0,0
1716086548.3878949,516091904,448,448
1716086549.3888383,516091904,152,152
1716086550.390065,516091904,480,480
1716086551.3912764,516091904,0,0
1716086552.3925102,516091904,423,423
1716086553.3928597,516091904,456,456
1716086554.3940783,516091904,629,629
1716086555.395324,516091904,0,0
1716086556.396576,516091904,423,423
1716086557.3976142,516091904,0,0
1716086558.3988538,516091904,826,826
1716086559.4002657,516091904,152,152
1716086560.401274,516091904,157,157
1716086561.4025261,516091904,0,0
1716086562.4037817,516091904,0,0
1716086563.4050324,516091904,154,154
1716086564.4062858,516091904,4200852,4200852
1716086565.4075308,516091904,0,0
1716086566.408783,516091904,0,0
1716086567.4100208,516091904,0,0
1716086568.4112568,516091904,448,448
1716086569.412515,516091904,134209763,134209763
1716086570.4128773,516091904,199408319,199408319
1716086571.4135187,516091904,102033886,102033886
1716086572.4147475,516091904,0,0
1716086573.415958,516091904,448,448
1716086574.4168427,516091904,152,152
1716086575.4179313,516091904,0,0
1716086576.4191864,516091904,1959659571,1959659571
1716086577.4204433,516091904,1028880568,1028880568
1716086578.420898,516091904,448,448
1716086579.4217913,516091904,152,152
1716086580.4225404,516091904,0,0
1716086581.4238064,516091904,500051251,500051251
1716086582.4249449,516091904,1620607322,1620607322
1716086583.4261549,516091904,85206163,85206163
1716086584.4273818,516091904,8745,8745
1716086585.4286017,516091904,10663,10663
1716086586.4288528,516091904,1588,1588
1716086587.4301066,516091904,9054,9054
1716086588.431402,516091904,7587,7587
1716086589.4326875,516091904,4896,4896
1716086590.4339485,516091904,9292,9292
1716086591.4352167,516091904,7145,7145
1716086592.4364793,516091904,5863,5863
1716086593.436893,516091904,1514,1514
1716086594.4381618,516091904,7237,7237
1716086595.43943,516091904,8355,8355
1716086596.4407296,516091904,4829,4829
1716086597.44199,516091904,4880,4880
1716086598.4432533,516091904,7562,7562
1716086599.444517,516091904,7766,7766
1716086600.445395,516091904,3513,3513
1716086601.4466674,516091904,5150,5150
1716086602.4479606,516091904,7354,7354
1716086603.44891,516091904,6449,6449
1716086604.449824,516091904,6950,6950
1716086605.450646,516091904,6945,6945
1716086606.451913,516091904,3041,3041
1716086607.4529183,516091904,7571,7571
1716086608.4542177,516091904,5427,5427
1716086609.4555027,516091904,7158,7158
1716086610.4567997,516091904,4500,4500
1716086611.4580643,516091904,6709,6709
1716086612.459332,516091904,5165,5165
1716086613.4606075,516091904,5464,5464
1716086614.4614482,516091904,6636,6636
1716086615.4627109,516091904,5898,5898
1716086616.4637752,516091904,6565,6565
1716086617.4650483,516091904,5761,5761
1716086618.4663193,516091904,7504,7504
1716086619.4676032,516091904,5820,5820
1716086620.4689214,516091904,7508,7508
1716086621.470205,516091904,5535,5535
1716086622.4714866,516091904,7141,7141
1716086623.4727979,516091904,4805,4805
1716086624.474068,516091904,6031,6031
1716086625.4753275,516091904,4513,4513
1716086626.4765959,516091904,3300,3300
1716086627.4768848,516091904,6536,6536
1716086628.4780731,516091904,7285,7285
1716086629.4792988,516091904,6606,6606
1716086630.4809036,516091904,5314,5314
1716086631.4821498,516091904,6430,6430
1716086632.4834921,516091904,2876,2876
1716086633.4848614,516091904,4993,4993
1716086634.4862955,516091904,908,908
1716086635.4876459,516091904,752,752
1716086636.4889133,516091904,6165,6165
1716086637.490239,516091904,1545,1545
1716086638.491544,516091904,2406,2406
1716086639.4929416,516091904,1960,1960
1716086640.4942253,516091904,788,788
1716086641.4966853,516091904,0,0
1716086642.4979842,516091904,303,303
1716086643.4992683,516091904,2561,2561
1716086644.5005922,516091904,155,155
1716086645.5011153,516091904,302,302
1716086646.502417,516091904,805,805
1716086647.5037186,516091904,1527,1527
1716086648.5051215,516091904,455,455
1716086649.5063949,516091904,492,492
1716086650.507737,516091904,780,780
1716086651.50899,516091904,0,0
1716086652.510306,516091904,1088,1088
1716086653.5117428,516091904,2350,2350
1716086654.5130472,516091904,0,0
1716086655.5143692,516091904,725,725
1716086656.5156956,516091904,736,736
1716086657.5169284,516091904,0,0
1716086658.5182528,516091904,1270,1270
1716086659.5197,516091904,1221,1221
1716086660.5209687,516091904,0,0
1716086661.5222805,516091904,1163,1163
1716086662.5235689,516091904,1078,1078
1716086663.5248792,516091904,724,724
1716086664.5261955,516091904,560,560
1716086665.5274951,516091904,733,733
1716086666.5288305,516091904,1514,1514
1716086667.5301692,516091904,0,0
1716086668.5314767,516091904,3805,3805
1716086669.5327592,516091904,3767,3767
1716086670.534047,516091904,1192,1192
1716086671.5353768,516091904,1065,1065
1716086672.5368938,516091904,1472,1472
1716086673.5382395,516091904,1994,1994
1716086674.5397024,516091904,1474,1474
1716086675.5408843,516091904,3118,3118
1716086676.5421515,516091904,6798,6798
1716086677.5433993,516091904,3321,3321
1716086678.5446954,516091904,2177,2177
1716086679.5459707,516091904,3333,3333
1716086680.5472426,516091904,6182,6182
1716086681.5484889,516091904,5852,5852
1716086682.5489013,516091904,9088,9088
1716086683.550156,516091904,7481,7481
1716086684.5514035,516091904,7732,7732
1716086685.5541735,516091904,2564,2564
1716086686.555347,516091904,7751,7751
1716086687.556576,516091904,4703,4703
1716086688.5568619,516091904,5103,5103
1716086689.5580919,516091904,5350,5350
1716086690.5593047,516091904,5954,5954
1716086691.5605466,516091904,1875,1875
1716086692.5608532,516091904,7435,7435
1716086693.562093,516091904,6980,6980
1716086694.5633283,516091904,7841,7841
1716086695.5645669,516091904,6990,6990
1716086696.5648727,516091904,5407,5407
1716086697.56611,516091904,4307,4307
1716086698.5673375,516091904,4995,4995
1716086699.5685668,516091904,5580,5580
1716086700.5688462,516091904,94544,94544
1716086701.570086,516091904,4448,4448
1716086702.5713127,516091904,3562,3562
1716086703.5723524,516091904,7572,7572
1716086704.5731266,516091904,5589,5589
1716086705.5743668,516091904,1166,1166
1716086706.575606,516091904,5542,5542
1716086707.5768542,516091904,4510,4510
1716086708.5780907,516091904,5057,5057
1716086709.5793314,516091904,4364,4364
1716086710.5805552,516091904,6135,6135
1716086711.580854,516091904,2724,2724
1716086712.5820887,516091904,3830,3830
1716086713.5833147,516091904,4467,4467
1716086714.5845633,516091904,6566,6566
1716086715.584864,516091904,2674,2674
1716086716.586091,516091904,5165,5165
1716086717.5873332,516091904,1131,1131
1716086718.5885632,516091904,4327,4327
1716086719.5897331,516091904,0,0
1716086720.5910037,516091904,823,823
1716086721.5922496,516091904,0,0
1716086722.5928996,516091904,161,161
1716086723.5941641,516091904,555,555
1716086724.5954235,516091904,0,0
1716086725.5967002,516091904,0,0
1716086726.597965,516091904,0,0
1716086727.5992131,516091904,0,0
1716086728.5999506,516091904,306771556,306771556
1716086729.6008825,516091904,1564487310,1564487310
1716086730.6021292,516091904,544,544
1716086731.6033688,516091904,757,757
1716086732.6046114,516091904,0,0
1716086733.6048772,516091904,1365,1365
1716086734.6061478,516091904,549534744,549534744
1716086735.6073792,516091904,1322437452,1322437452
1716086736.6086266,516091904,98628,98628
1716086737.6088626,516091904,52,52
1716086738.610098,516091904,705,705
1716086739.6112907,516091904,553346014,553346014
1716086740.6125314,516091904,1318932253,1318932253
1716086741.612882,516091904,190,190
1716086742.6141217,516091904,0,0
1716086743.6153514,516091904,600,600
1716086744.6165636,516091904,0,0
1716086745.616846,516091904,434,434
1716086746.6180687,516091904,4163,4163
1716086747.6192732,516091904,3449,3449
1716086748.620484,516091904,4940,4940
1716086749.6216865,516091904,5132,5132
1716086750.6228802,516091904,2649,2649
1716086751.6240897,516091904,3351,3351
1716086752.6249046,516091904,6310,6310
1716086753.626112,516091904,6002,6002
1716086754.6273136,516091904,5648,5648
1716086755.628523,516091904,4035,4035
1716086756.629732,516091904,4365,4365
1716086757.6309257,516091904,1361,1361
1716086758.63213,516091904,6183,6183
1716086759.632839,516091904,3211,3211
1716086760.634045,516091904,4194,4194
1716086761.6352444,516091904,3398,3398
1716086762.635547,516091904,4155,4155
1716086763.6367738,516091904,2367,2367
1716086764.6379814,516091904,4780,4780
1716086765.6391907,516091904,4005,4005
1716086766.640413,516091904,3828,3828
1716086767.640831,516091904,2466,2466
1716086768.6420443,516091904,6811,6811
1716086769.6432366,516091904,1655,1655
1716086770.6444366,516091904,6299,6299
1716086771.6448476,516091904,4474,4474
1716086772.6460679,516091904,3858,3858
1716086773.6472697,516091904,4430,4430
1716086774.6484876,516091904,3949,3949
1716086775.648849,516091904,3594,3594
1716086776.6500635,516091904,3380,3380
1716086777.6512864,516091904,5173,5173
1716086778.6524901,516091904,5182,5182
1716086779.6528466,516091904,5226,5226
1716086780.6540508,516091904,3574,3574
1716086781.6552372,516091904,2048,2048
1716086782.6564353,516091904,5264,5264
1716086783.656847,516091904,4527,4527
1716086784.6580462,516091904,2360,2360
1716086785.6592548,516091904,1416,1416
1716086786.660481,516091904,3539,3539
1716086787.6608334,516091904,4041,4041
1716086788.6620505,516091904,2218,2218
1716086789.663271,516091904,4697,4697
1716086790.6644826,516091904,4233,4233
1716086791.6648407,516091904,2597,2597
1716086792.666057,516091904,2554,2554
1716086793.6672657,516091904,5273,5273
1716086794.668469,516091904,4732,4732
1716086795.6696708,516091904,4452,4452
1716086796.6708925,516091904,5082,5082
1716086797.6720998,516091904,4958,4958
1716086798.6730294,516091904,6411,6411
1716086799.674269,516091904,3641,3641
1716086800.6754737,516091904,2927,2927
1716086801.6766946,516091904,3569,3569
1716086802.6779141,516091904,4398,4398
1716086803.6791308,516091904,4854,4854
1716086804.680339,516091904,4321,4321
1716086805.6808386,516091904,6148,6148
1716086806.6820729,516091904,4003,4003
1716086807.6832993,516091904,2681,2681
1716086808.684496,516091904,3407,3407
1716086809.6848557,516091904,5187,5187
1716086810.6860666,516091904,1126,1126
1716086811.6872761,516091904,7088,7088
1716086812.6884875,516091904,3124,3124
1716086813.688841,516091904,3579,3579
1716086814.6900527,516091904,5499,5499
1716086815.691254,516091904,3259,3259
1716086816.692455,516091904,3680,3680
1716086817.6928318,516091904,2697,2697
1716086818.694038,516091904,4667,4667
1716086819.6952372,516091904,2607,2607
1716086820.6964343,516091904,2285,2285
1716086821.6968367,516091904,5076,5076
1716086822.6980317,516091904,3888,3888
1716086823.6992254,516091904,4400,4400
1716086824.699733,516091904,4169,4169
1716086825.7008328,516091904,3743,3743
1716086826.7020526,516091904,3217,3217
1716086827.7032473,516091904,2956,2956
1716086828.7044518,516091904,4809,4809
1716086829.7048337,516091904,2547,2547
1716086830.7060485,516091904,3539,3539
1716086831.7072651,516091904,14251,14251
1716086832.7084873,516091904,10108,10108
1716086833.7088454,516091904,10894,10894
1716086834.710048,516091904,6356,6356
1716086835.7112489,516091904,3349,3349
1716086836.7124507,516091904,4940,4940
1716086837.7128637,516091904,4249,4249
1716086838.714073,516091904,3238,3238
1716086839.7152586,516091904,4940,4940
1716086840.7164445,516091904,4146,4146
1716086841.7168381,516091904,4142,4142
1716086842.7180378,516091904,3868,3868
1716086843.719255,516091904,4318,4318
1716086844.7204902,516091904,2645,2645
1716086845.720849,516091904,3561,3561
1716086846.722102,516091904,2450,2450
1716086847.7233236,516091904,5108,5108
1716086848.7242932,516091904,2168,2168
1716086849.7248585,516091904,5271,5271
1716086850.726134,516091904,3485,3485
1716086851.7273333,516091904,4148,4148
1716086852.728535,516091904,4520,4520
1716086853.728846,516091904,4585,4585
1716086854.73018,516091904,4208,4208
1716086855.7314737,516091904,2379,2379
1716086856.7325773,516091904,0,0
1716086857.732953,516091904,316,316
1716086858.7345643,516583424,613,613
1716086859.735811,516583424,0,0
1716086860.7370932,516583424,0,0
1716086861.7383697,516583424,0,0
1716086862.7396429,516583424,0,0
1716086863.741928,516583424,600,600
1716086864.743197,516583424,0,0
1716086865.7446332,516583424,0,0
1716086866.7458594,516583424,0,0
1716086867.747181,516583424,0,0
1716086868.7483814,516583424,1795,1795
1716086869.7488413,516583424,0,0
1716086870.7500415,516583424,303,303
1716086871.7512338,516583424,0,0
1716086872.7524312,516583424,0,0
1716086873.7536898,516583424,603,603
1716086874.7548907,516583424,0,0
1716086875.7560987,516583424,0,0
1716086876.7568312,516583424,0,0
1716086877.7580335,516583424,0,0
1716086878.7592306,516583424,600,600
1716086879.7604308,516583424,0,0
1716086880.7608287,516583424,0,0
1716086881.7620642,516583424,0,0
1716086882.7632554,516583424,0,0
1716086883.7644513,516583424,600,600
1716086884.7648492,516583424,0,0
1716086885.7661014,516583424,1520,1520
1716086886.7673216,516583424,950,950
1716086887.7685344,516583424,0,0
1716086888.768827,516583424,600,600
1716086889.7700217,516583424,0,0
1716086890.7712119,516583424,0,0
1716086891.77219,516583424,0,0
1716086892.772821,516583424,0,0
1716086893.7740278,516583424,600,600
1716086894.7745454,516583424,0,0
1716086895.7757378,516583424,0,0
1716086896.7768354,516583424,0,0
1716086897.7780752,516583424,392639219,392639219
1716086898.7792735,516583424,669,669
1716086899.780493,516583424,0,0
1716086900.7808378,516583424,0,0
1716086901.7820418,516583424,0,0
1716086902.7832634,516583424,392500215,392500215
1716086903.7844985,516583424,600,600
1716086904.7848582,516583424,0,0
1716086905.7861211,516583424,17433211,17433211
1716086906.7873678,918155264,811951682,811951682
1716086907.788617,987951104,110247811,110247811
1716086908.7888637,987951104,600,600
1716086909.7901027,987951104,0,0
1716086910.79133,987951104,3029,3029
1716086914.9120617,3697733632,2038730795,2038730795
1716086915.9206276,3804471296,6837,6837
1716086916.9341471,3804471296,8061,8061
1716086917.9573703,3804962816,6839,6839
1716086918.9750285,3804962816,2408,2408
1716086919.9833684,3804962816,5208,5208
1716086921.0009127,3804962816,6938,6938
1716086922.0100737,3805454336,7142,7142
1716086923.029537,3805454336,8415,8415
1716086924.0331256,3805945856,7055,7055
1716086925.039211,3806437376,4082,4082
1716086926.05539,3806928896,4950,4950
1716086927.0936322,3809386496,5665,5665
1716086928.0996416,3811844096,7577,7577
1716086929.1275787,3812827136,7927,7927
1716086930.1518676,3813318656,5081,5081
1716086931.1583238,3814301696,3824,3824
1716086932.1596503,3814301696,7168,7168
1716086933.1706762,3815284736,7111,7111
1716086934.1947608,3815284736,7466,7466
1716086935.204548,3824472064,7358,7358
1716086936.2135303,3824472064,7444,7444
1716086937.2307358,3825946624,3611,3611
1716086938.2319725,3825946624,3984,3984
1716086939.251932,3826929664,6989,6989
1716086940.2735717,3827421184,7199,7199
1716086941.282491,3838234624,7940,7940
1716086942.2938747,3853647872,6936,6936
1716086943.3117304,3854139392,3961,3961
1716086944.3284106,3854630912,3123,3123
1716086945.3288312,3855613952,4394,4394
1716086946.3381033,3856105472,6935,6935
1716086947.3454769,3856596992,4709,4709
1716086948.3656666,3857580032,8015,8015
1716086949.3700745,3858071552,7944,7944
1716086950.3778572,3858071552,7054,7054
1716086951.38671,3899359232,4681,4681
1716086952.3922317,3900342272,4505,4505
1716086953.4032693,3925409792,5268,5268
1716086954.4169116,3926392832,6753,6753
1716086955.4364243,3927375872,5872,5872
1716086956.446428,3927375872,7136,7136
1716086957.4547725,3927375872,2663,2663
1716086958.456192,4036427776,4571,4571
1716086959.4570482,4317241344,1346,1346
1716086960.4582398,2769485824,1856,1856
1716086961.4594154,2769485824,0,0
1716086962.4606018,2769485824,303,303
1716086963.4608178,2769485824,959,959
1716086964.4619935,2769485824,155,155
1716086965.4631224,2769485824,0,0
1716086966.4643157,2769485824,0,0
1716086967.4655383,2769485824,0,0
1716086968.4667344,2769485824,448,448
1716086969.4679136,2769485824,152,152
1716086970.4691093,2769485824,0,0
1716086971.4702983,2769485824,0,0
1716086972.471501,2769485824,0,0
1716086973.472728,2769485824,448,448
1716086974.4739237,2769485824,152,152
1716086975.4751165,2769485824,0,0
1716086976.4763215,2769485824,0,0
1716086977.4768124,2769485824,0,0
1716086978.4780004,2769485824,448,448
1716086979.4792116,2769485824,152,152
1716086980.4803948,2769485824,0,0
1716086981.4808207,2769485824,0,0
1716086982.4820185,2769485824,0,0
1716086983.4831967,2769485824,344,344
1716086984.4843874,2769485824,152,152
1716086985.4848523,2769485824,0,0
1716086986.4859972,2769485824,0,0
1716086987.4872277,2769485824,0,0
1716086988.488467,2769485824,448,448
1716086989.4896631,2769485824,152,152
1716086990.4908588,2769485824,0,0
1716086991.4920416,2769485824,0,0
1716086992.4928179,2769485824,0,0
1716086993.494021,2769485824,448,448
1716086994.4952374,2769485824,290840998,290840998
1716086995.4964566,2769485824,0,0
1716086996.496858,2769485824,0,0
1716086997.4980836,2769485824,0,0
1716086998.4992769,2769485824,448,448
1716086999.500452,2769485824,152,152
1716087000.5008292,2769485824,90962,90962
1716087001.5020497,2769485824,17841368,17841368
1716087002.5033007,2769485824,1385280251,1385280251
1716087003.5043144,2769485824,2069691082,2069691082
1716087004.5048692,2769485824,152,152
1716087005.5060995,2769485824,0,0
1716087006.5073335,2769485824,3172,3172
1716087007.5085895,2769485824,6494,6494
1716087008.5098548,2769485824,6493,6493
1716087009.5111375,2769485824,4975,4975
1716087010.5123806,2769485824,4522,4522
1716087011.5128875,2769485824,6156,6156
1716087012.5142608,2769485824,5808,5808
1716087013.5155134,2769485824,7632,7632
1716087014.5167878,2769485824,5199,5199
1716087015.51782,2769485824,5382,5382
1716087016.5190492,2769485824,6414,6414
1716087017.5202591,2769485824,3697,3697
1716087018.5214674,2769485824,5496,5496
1716087019.5226872,2769485824,4643,4643
1716087020.5238285,2769485824,4496,4496
1716087021.524894,2769485824,2264,2264
1716087022.526154,2769485824,5958,5958
1716087023.5274527,2769485824,5185,5185
1716087024.5287676,2769485824,7448,7448
1716087025.530029,2769485824,7165,7165
1716087026.5312777,2769485824,6572,6572
1716087027.5325391,2769485824,5020,5020
1716087028.5328858,2769485824,4332,4332
1716087029.5341408,2769485824,5405,5405
1716087030.535413,2769485824,4815,4815
1716087031.536694,2769485824,5405,5405
1716087032.5379446,2769485824,6287,6287
1716087033.5391972,2769485824,8338,8338
1716087034.5404453,2769485824,3914,3914
1716087035.5417383,2769485824,6898,6898
1716087036.5429857,2769485824,4724,4724
1716087037.544267,2769485824,5797,5797
1716087038.5448782,2769485824,5800,5800
1716087039.5461535,2769485824,4398,4398
1716087040.547408,2769485824,2820,2820
1716087041.548703,2769485824,2691,2691
1716087042.549729,2769485824,4548,4548
1716087043.5509536,2769485824,4841,4841
1716087044.5521612,2769485824,4308,4308
1716087045.5528579,2769485824,4761,4761
1716087046.554067,2769485824,4382,4382
1716087047.5552685,2769485824,6977,6977
1716087048.5564926,2769485824,2703,2703
1716087049.5569022,2769485824,8693,8693
1716087050.5581458,2769485824,7273,7273
1716087051.5594397,2769485824,10347,10347
1716087052.5607374,2769485824,7952,7952
1716087053.5620985,2769485824,2098,2098
1716087054.5633707,2769485824,833,833
1716087055.5647473,2769485824,2087,2087
1716087056.566049,2769485824,4561,4561
1716087057.567317,2769485824,25355,25355
1716087058.568581,2769485824,6137,6137
1716087059.5689106,2769485824,3410,3410
1716087060.5702186,2769485824,2069,2069
1716087061.571479,2769485824,4105,4105
1716087062.572812,2769485824,2199,2199
1716087063.5740457,2769485824,179130,179130
1716087064.5753164,2769485824,9535,9535
1716087065.5766983,2769485824,5355,5355
1716087066.5779567,2769485824,4007,4007
1716087067.5792077,2769485824,6727,6727
1716087068.5804808,2769485824,6362,6362
1716087069.580939,2769485824,5532,5532
1716087070.58222,2769485824,2649,2649
1716087071.5835207,2769485824,2880,2880
1716087072.5848808,2769485824,9615,9615
1716087073.5862255,2769485824,2773,2773
1716087074.587537,2769485824,786,786
1716087075.5889208,2769485824,6605,6605
1716087076.5903676,2769485824,3863,3863
1716087077.5916812,2769485824,868,868
1716087078.5929759,2769485824,1462,1462
1716087079.594264,2769485824,1246,1246
1716087080.5955439,2769485824,781,781
1716087081.59692,2769485824,732,732
1716087082.5981731,2769485824,774,774
1716087083.599617,2769485824,480,480
1716087084.6009052,2769485824,4403,4403
1716087085.6022363,2769485824,1859,1859
1716087086.6035075,2769485824,790,790
1716087087.604863,2769485824,742,742
1716087088.606224,2769485824,2058,2058
1716087089.6075003,2769485824,0,0
1716087090.6088073,2769485824,930,930
1716087091.610186,2769485824,486,486
1716087092.6114714,2769485824,152,152
1716087093.6127284,2769485824,2872,2872
1716087094.6140773,2769485824,440,440
1716087095.6153252,2769485824,338,338
1716087096.6166184,2769485824,1526,1526
1716087097.61703,2769485824,2261,2261
1716087098.618423,2769485824,3257,3257
1716087099.6196487,2769485824,1969,1969
1716087100.62089,2769485824,913,913
1716087101.622095,2769485824,2911,2911
1716087102.6233854,2769485824,4560,4560
1716087103.624633,2769485824,7066,7066
1716087104.6252644,2769485824,6272,6272
1716087105.6264832,2769485824,1714,1714
1716087106.627701,2769485824,8062,8062
1716087107.6289372,2769485824,13527,13527
1716087108.6301641,2769485824,5093,5093
1716087109.6313941,2769485824,12037,12037
1716087110.632619,2769485824,4765,4765
1716087111.6338348,2769485824,5628,5628
1716087112.6350467,2769485824,3824,3824
1716087113.636264,2769485824,5005,5005
1716087114.6368585,2769485824,4474,4474
1716087115.6380744,2769485824,6593,6593
1716087116.6392887,2769485824,4157,4157
1716087117.6405084,2769485824,6874,6874
1716087118.640844,2769485824,7222,7222
1716087119.6420572,2769485824,4502,4502
1716087120.6432714,2769485824,6618,6618
1716087121.6444914,2769485824,7202,7202
1716087122.6448572,2769485824,7594,7594
1716087123.6453724,2769485824,7982,7982
1716087124.6465914,2769485824,4771,4771
1716087125.6478083,2769485824,1588,1588
1716087126.6488612,2769485824,4873,4873
1716087127.6500762,2769485824,4786,4786
1716087128.6512725,2769485824,1663,1663
1716087129.6524713,2769485824,4291,4291
1716087130.6528265,2769485824,2755,2755
1716087131.6540499,2769485824,3933,3933
1716087132.6552749,2769485824,5281,5281
1716087133.6557422,2769485824,5372,5372
1716087134.656845,2769485824,4228,4228
1716087135.6580646,2769485824,3504,3504
1716087136.6592798,2769485824,4024,4024
1716087137.6605072,2769485824,3676,3676
1716087138.6608717,2769485824,4917,4917
1716087139.6620977,2769485824,5368,5368
1716087140.663322,2769485824,2967,2967
1716087141.664551,2769485824,2667,2667
1716087142.6648538,2769485824,5044,5044
1716087143.6660888,2769485824,3370,3370
1716087144.6673117,2769485824,1243,1243
1716087145.66783,2769485824,622,622
1716087146.6691725,2769485824,0,0
1716087147.6705332,2769485824,311,311
1716087148.6719017,2769485824,611,611
1716087149.6732647,2769485824,0,0
1716087150.6745553,2769485824,0,0
1716087151.6759238,2769485824,914,914
1716087152.6769867,2769485824,0,0
1716087153.678341,2769485824,798,798
1716087154.6797068,2769485824,0,0
1716087155.680991,2769485824,0,0
1716087156.682231,2769485824,169907403,169907403
1716087157.6834483,2769485824,1701867375,1701867375
1716087158.684717,2769485824,457,457
1716087159.6859436,2769485824,341,341
1716087160.6871626,2769485824,0,0
1716087161.688376,2769485824,99167,99167
1716087162.6888182,2769485824,1727919991,1727919991
1716087163.6900172,2769485824,1779709967,1779709967
1716087164.6912217,2769485824,1574677,1574677
1716087165.6924086,2769485824,156,156
1716087166.692854,2769485824,0,0
1716087167.6940403,2769485824,104,104
1716087168.6951957,2769485824,600,600
1716087169.6963558,2769485824,238172898,238172898
1716087170.6968021,2769485824,432,432
1716087171.6979525,2769485824,0,0
1716087172.6991055,2769485824,0,0
1716087173.7002637,2769485824,600,600
1716087174.7007961,2769485824,0,0
1716087175.701952,2769485824,1377,1377
1716087176.7031052,2769485824,2672,2672
1716087177.7042506,2769485824,2878,2878
1716087178.7047997,2769485824,7262,7262
1716087179.705974,2769485824,3725,3725
1716087180.7071285,2769485824,1170,1170
1716087181.7082927,2769485824,732,732
1716087182.7087998,2769485824,3568,3568
1716087183.7099514,2769485824,3518,3518
1716087184.7111118,2769485824,6193,6193
1716087185.7122715,2769485824,4739,4739
1716087186.712796,2769485824,2342,2342
1716087187.7139611,2769485824,2521,2521
1716087188.715119,2769485824,1691,1691
1716087189.7162733,2769485824,703,703
1716087190.7168016,2769485824,3744,3744
1716087191.717975,2769485824,5984,5984
1716087192.719133,2769485824,3166,3166
1716087193.720283,2769485824,3993,3993
1716087194.720806,2769485824,4109,4109
1716087195.7219825,2769485824,3209,3209
1716087196.7231493,2769485824,2334,2334
1716087197.7243264,2769485824,4925,4925
1716087198.7248123,2769485824,4662,4662
1716087199.7259963,2769485824,5170,5170
1716087200.7271676,2769485824,4429,4429
1716087201.7283468,2769485824,4796,4796
1716087202.7287905,2769485824,2965,2965
1716087203.7299562,2769485824,4760,4760
1716087204.7302794,2769485824,6328,6328
1716087205.7314682,2769485824,3718,3718
1716087206.7326708,2769485824,5857,5857
1716087207.7338445,2769485824,3166,3166
1716087208.735021,2769485824,4140,4140
1716087209.7361965,2769485824,1303,1303
1716087210.7368183,2769485824,2606,2606
1716087211.738,2769485824,2413,2413
1716087212.7391763,2769485824,2585,2585
1716087213.7403538,2769485824,5377,5377
1716087214.7408087,2769485824,3538,3538
1716087215.7419822,2769485824,1124,1124
1716087216.7431626,2769485824,2940,2940
1716087217.7443361,2769485824,1934,1934
1716087218.7448199,2769485824,3354,3354
1716087219.7460093,2769485824,3854,3854
1716087220.7471857,2769485824,5029,5029
1716087221.74838,2769485824,4258,4258
1716087222.7488158,2769485824,6551,6551
1716087223.7500074,2769485824,6551,6551
1716087224.751184,2769485824,3073,3073
1716087225.7523718,2769485824,3328,3328
1716087226.7528303,2769485824,6561,6561
1716087227.7540104,2769485824,4377,4377
1716087228.7551942,2769485824,6325,6325
1716087229.7563765,2769485824,4537,4537
1716087230.7568142,2769485824,2143,2143
1716087231.7579882,2769485824,998,998
1716087232.7591636,2769485824,5219,5219
1716087233.7603252,2769485824,3687,3687
1716087234.7608004,2769485824,4861,4861
1716087235.7619615,2769485824,2461,2461
1716087236.7631307,2769485824,2036,2036
1716087237.7642865,2769485824,2554,2554
1716087238.764794,2769485824,2527,2527
1716087239.7659729,2769485824,5413,5413
1716087240.7671397,2769485824,1373,1373
1716087241.7683275,2769485824,5905,5905
1716087242.7688127,2769485824,883,883
1716087243.769977,2769485824,5170,5170
1716087244.771143,2769485824,2778,2778
1716087245.7723124,2769485824,3526,3526
1716087246.7727966,2769485824,2968,2968
1716087247.7739587,2769485824,3559,3559
1716087248.7751198,2769485824,4630,4630
1716087249.7762814,2769485824,3168,3168
1716087250.7767887,2769485824,3547,3547
1716087251.777945,2769485824,1996,1996
1716087252.779107,2769485824,4790,4790
1716087253.7802658,2769485824,4707,4707
1716087254.7807982,2769485824,4190,4190
1716087255.7819536,2769485824,4064,4064
1716087256.7831144,2769485824,2902,2902
1716087257.7842674,2769485824,3881,3881
1716087258.7848003,2769485824,6884,6884
1716087259.78598,2769485824,1684,1684
1716087260.7871351,2769485824,4264,4264
1716087261.7883015,2769485824,6503,6503
1716087262.7888012,2769485824,2455,2455
1716087263.7899537,2769485824,3708,3708
1716087264.7911215,2769485824,4208,4208
1716087265.7922812,2769485824,3535,3535
1716087266.7928057,2769485824,3982,3982
1716087267.7939694,2769485824,4098,4098
1716087268.795132,2769485824,4553,4553
1716087269.7954798,2769485824,1295,1295
1716087270.7966692,2769485824,2008,2008
1716087271.7978566,2769485824,6893,6893
1716087272.7990398,2769485824,1958,1958
1716087273.8002388,2769485824,17492,17492
1716087274.8014302,2769485824,9741,9741
1716087275.8024457,2769485824,6653,6653
1716087276.8036172,2769485824,2037,2037
1716087277.8047955,2769485824,3891,3891
1716087278.8059897,2769485824,4878,4878
1716087279.8071642,2769485824,3252,3252
1716087280.8083346,2769485824,6081,6081
1716087281.808819,2769485824,7305,7305
1716087282.8099835,2769485824,9448,9448
1716087283.8111472,2769485824,5280,5280
1716087284.8123116,2769485824,4453,4453
1716087285.812887,2769485824,6469,6469
1716087286.8142583,2769485824,3909,3909
1716087287.8154402,2769485824,0,0
1716087288.8169277,2769485824,618,618
1716087289.817936,2769485824,0,0
1716087290.8191183,2769485824,0,0
1716087291.8203433,2769485824,0,0
1716087292.820861,2769485824,0,0
1716087293.8215182,2769485824,496,496
1716087294.8230042,2769485824,0,0
1716087295.8242168,2769485824,0,0
1716087296.8250966,2769485824,0,0
1716087297.8263392,2769485824,0,0
1716087298.82755,2769485824,600,600
1716087299.8287654,2769485824,1178,1178
1716087300.8299446,2769485824,90892,90892
1716087301.8311298,2769485824,310,310
1716087302.8323562,2769485824,0,0
1716087303.832806,2769485824,612,612
1716087304.8339887,2769485824,0,0
1716087305.8351674,2769485824,0,0
1716087306.8363423,2769485824,0,0
1716087307.8368075,2769485824,0,0
1716087308.8379824,2769485824,600,600
1716087309.8391533,2769485824,0,0
1716087310.8403223,2769485824,0,0
1716087311.8415506,2769485824,0,0
1716087312.8427176,2769485824,0,0
1716087313.8438761,2769485824,600,600
1716087314.8448048,2769485824,0,0
1716087315.8459904,2769485824,0,0
1716087316.8471582,2769485824,1520,1520
1716087317.8483243,2769485824,0,0
1716087318.8488154,2769485824,496,496
1716087319.8499858,2769485824,0,0
1716087320.8511584,2769485824,0,0
1716087321.8523183,2769485824,0,0
1716087322.852811,2769485824,0,0
1716087323.853975,2769485824,600,600
1716087324.8551672,2769485824,0,0
1716087325.856351,2769485824,0,0
1716087326.8575468,2769485824,0,0
1716087327.8587306,2769485824,0,0
1716087328.8599143,2769485824,600,600
1716087329.8611097,2769485824,0,0
1716087330.8623023,2769485824,0,0
1716087331.8634946,2769485824,0,0
1716087332.8646994,2769485824,0,0
1716087333.8649914,2769485824,600,600
1716087334.8661714,2769485824,0,0
1716087335.8673468,2769485824,0,0
1716087336.8685315,2769485824,0,0
1716087337.869722,2794061824,33608613,33608613
1716087338.8710437,2794061824,753768506,753768506
1716087339.872233,2794061824,199,199
1716087340.8728352,2794061824,0,0
1716087341.8740246,2794061824,0,0
1716087342.8746653,2794061824,34643109,34643109
1716087346.8451607,5368369152,2941928292,2941928292
1716087347.8531747,4625088512,7149,7149
1716087348.8866415,4625088512,2933,2933
1716087349.906775,4625088512,8787,8787
1716087350.9335978,4625088512,4754,4754
1716087351.9608068,4625088512,7808,7808
1716087352.9795516,4625088512,7549,7549
1716087353.9857454,4625088512,7707,7707
1716087355.0002158,4625088512,6120,6120
1716087356.0012498,4625088512,2690,2690
1716087357.0212834,4625088512,4984,4984
1716087358.0447092,4625088512,4474,4474
1716087359.0719793,4625580032,3848,3848
1716087360.0866325,4625580032,5131,5131
1716087361.1003008,4625580032,6953,6953
1716087362.137839,4625580032,1950,1950
1716087363.1398115,4625580032,7341,7341
1716087364.151172,4625580032,5206,5206
1716087365.178919,4625580032,6761,6761
1716087366.1935868,4625580032,4872,4872
1716087367.1998992,4625580032,6541,6541
1716087368.2180555,4625580032,5780,5780
1716087369.2204611,4625580032,6766,6766
1716087370.220828,4625580032,7613,7613
1716087371.2386856,4625580032,6130,6130
1716087372.2539258,4625580032,7236,7236
1716087373.2681491,4625580032,7624,7624
1716087374.2932389,4625580032,4977,4977
1716087375.3060184,4625580032,6428,6428
1716087376.313188,4625580032,4818,4818
1716087377.3151798,4625580032,4552,4552
1716087378.3298676,4625580032,6795,6795
1716087379.3343527,4625580032,5780,5780
1716087380.35459,4625580032,4883,4883
1716087381.3674212,4625580032,7093,7093
1716087382.392818,4625580032,7444,7444
1716087383.4158072,4625580032,7498,7498
1716087384.432508,4625580032,7322,7322
1716087385.4344468,4625580032,4659,4659
1716087386.4611342,4625580032,3890,3890
1716087387.4730303,4625580032,6375,6375
1716087388.4932206,4625580032,6085,6085
1716087389.4945292,4625580032,6840,6840
1716087390.4958472,4624302080,1629,1629
1716087391.496939,4624302080,4179,4179
1716087392.4982579,4624302080,2539,2539
1716087393.4995751,4624302080,2222,2222
1716087394.5011282,4625698816,1435,1435
1716087395.5023599,3372519424,2180,2180
1716087396.5035608,3372519424,3166,3166
1716087397.5047877,3372519424,0,0
1716087398.5059853,3372519424,619,619
1716087399.5071683,3372519424,155,155
1716087400.5083497,3372519424,0,0
1716087401.508829,3372519424,3127,3127
1716087402.510029,3372519424,1606,1606
1716087403.5112581,3372519424,408,408
1716087404.5124462,3372519424,156,156
1716087405.5128367,3372519424,0,0
1716087406.5140285,3372519424,277,277
1716087407.5152185,3372519424,298,298
1716087408.5164032,3372519424,3995,3995
1716087409.5176017,3372519424,334,334
1716087410.518798,3372519424,159,159
1716087411.519992,3372519424,1263,1263
1716087412.5208895,3372519424,852,852
1716087413.5220807,3372519424,695,695
1716087414.5232651,3372519424,155,155
1716087415.5239606,3372519424,0,0
1716087416.5248744,3372519424,0,0
1716087417.5261214,3372519424,0,0
1716087418.5270753,3372519424,396,396
1716087419.528297,3372519424,152,152
1716087420.5288513,3372519424,0,0
1716087421.5300434,3372519424,0,0
1716087422.5312178,3372519424,0,0
1716087423.5324092,3372519424,344,344
1716087424.5328271,3372519424,152,152
1716087425.5340698,3372519424,0,0
1716087426.5351257,3372519424,51431227,51431227
1716087427.5363135,3372519424,0,0
1716087428.5368264,3372519424,448,448
1716087429.5380218,3372519424,152,152
1716087430.5392575,3372519424,34644981,34644981
1716087431.5404694,3372519424,0,0
1716087432.540874,3372519424,0,0
1716087433.5421016,3372519424,448,448
1716087434.5433054,3372519424,533214620,533214620
1716087435.5445395,3372519424,0,0
1716087436.5448616,3372519424,0,0
1716087437.5461128,3372519424,0,0
1716087438.547342,3372519424,4200894,4200894
1716087439.5486033,3372519424,1849780745,1849780745
1716087440.5488913,3372519424,1290399212,1290399212
1716087441.550139,3372519424,0,0
1716087442.5513651,3372519424,0,0
1716087443.5526776,3372519424,5921,5921
1716087444.5539289,3372519424,3277,3277
1716087445.5551918,3372519424,6134,6134
1716087446.5564485,3372519424,5243,5243
1716087447.556903,3372519424,6618,6618
1716087448.5581934,3372519424,8378,8378
1716087449.5594423,3372519424,5699,5699
1716087450.560718,3372519424,1970,1970
1716087451.5619633,3372519424,4315,4315
1716087452.5632174,3372519424,6956,6956
1716087453.5637429,3372519424,8189,8189
1716087454.5648527,3372519424,6537,6537
1716087455.5660956,3372519424,5118,5118
1716087456.5673025,3372519424,4373,4373
1716087457.568514,3372519424,4067,4067
1716087458.568891,3372519424,5375,5375
1716087459.570104,3372519424,6778,6778
1716087460.571323,3372519424,5121,5121
1716087461.5725882,3372519424,7255,7255
1716087462.57292,3372519424,6318,6318
1716087463.5741422,3372519424,2217,2217
1716087464.5753539,3372519424,4438,4438
1716087465.5765574,3372519424,5350,5350
1716087466.5777626,3372519424,5965,5965
1716087467.5789814,3372519424,7738,7738
1716087468.5801961,3372519424,7547,7547
1716087469.5808523,3372519424,4803,4803
1716087470.5820587,3372519424,7535,7535
1716087471.5832608,3372519424,4666,4666
1716087472.5844743,3372519424,4415,4415
1716087473.5856757,3372519424,7525,7525
1716087474.5868685,3372519424,6733,6733
1716087475.5880723,3372519424,4251,4251
1716087476.588855,3372519424,7631,7631
1716087477.5891154,3372519424,6566,6566
1716087478.5903523,3372519424,7788,7788
1716087479.591615,3372519424,8093,8093
1716087480.5929003,3372519424,7476,7476
1716087481.5934577,3372519424,3390,3390
1716087482.5946739,3372519424,5763,5763
1716087483.5954852,3372519424,5271,5271
1716087484.596798,3372519424,5050,5050
1716087485.5982304,3372519424,5802,5802
1716087486.5995321,3372519424,4603,4603
1716087487.600843,3372519424,1525,1525
1716087488.6021159,3372519424,1303,1303
1716087489.6033714,3372519424,1173,1173
1716087490.6047254,3372519424,0,0
1716087491.6060376,3372519424,745,745
1716087492.6073353,3372519424,915,915
1716087493.6087785,3372519424,1520,1520
1716087494.6100705,3372519424,730,730
1716087495.6113636,3372519424,730,730
1716087496.6126971,3372519424,1514,1514
1716087497.6140018,3372519424,0,0
1716087498.615416,3372519424,1233,1233
1716087499.6168222,3372519424,1508,1508
1716087500.6181338,3372519424,0,0
1716087501.6194124,3372519424,199,199
1716087502.6207104,3372519424,1315,1315
1716087503.6220345,3372519424,1145,1145
1716087504.6233215,3372519424,0,0
1716087505.6245327,3372519424,1190,1190
1716087506.6249444,3372519424,1069,1069
1716087507.6262321,3372519424,0,0
1716087508.6275566,3372519424,1325,1325
1716087509.6288447,3372519424,1414,1414
1716087510.6301563,3372519424,0,0
1716087511.6314566,3372519424,786,786
1716087512.6327136,3372519424,1424,1424
1716087513.6340127,3372519424,8474,8474
1716087514.6352942,3372519424,9439,9439
1716087515.6365385,3372519424,7874,7874
1716087516.6369872,3372519424,568,568
1716087517.6382713,3372519424,793,793
1716087518.6395066,3372519424,3816,3816
1716087519.6408522,3372519424,278,278
1716087520.6421187,3372519424,0,0
1716087521.643357,3372519424,4701,4701
1716087522.6446745,3372519424,791,791
1716087523.6459694,3372519424,1244,1244
1716087524.6471791,3372519424,1546,1546
1716087525.6484666,3372519424,0,0
1716087526.6488578,3372519424,1185,1185
1716087527.650265,3372519424,280,280
1716087528.6507633,3372519424,559,559
1716087529.6519861,3372519424,1815,1815
1716087530.6529663,3372519424,950,950
1716087531.6542397,3372519424,306,306
1716087532.6555138,3372519424,1573,1573
1716087533.656832,3372519424,560,560
1716087534.6581223,3372519424,337,337
1716087535.6594186,3372519424,1931,1931
1716087536.6608167,3372519424,0,0
1716087537.6620715,3372519424,1090,1090
1716087538.6633763,3372519424,1846,1846
1716087539.6646233,3372519424,6216,6216
1716087540.6648796,3372519424,1322,1322
1716087541.6661093,3372519424,1097,1097
1716087542.6673534,3372519424,3927,3927
1716087543.6685662,3372519424,4714,4714
1716087544.6688495,3372519424,5304,5304
1716087545.6700695,3372519424,7353,7353
1716087546.6712804,3372519424,4693,4693
1716087547.6724956,3372519424,4277,4277
1716087548.6729226,3372519424,5246,5246
1716087549.6742072,3372519424,4995,4995
1716087550.6754637,3372519424,3959,3959
1716087551.6767635,3372519424,5338,5338
1716087552.6780605,3372519424,5625,5625
1716087553.679333,3372519424,2037,2037
1716087554.6805809,3372519424,7081,7081
1716087555.680848,3372519424,6439,6439
1716087556.682074,3372519424,4810,4810
1716087557.683342,3372519424,6936,6936
1716087558.6835842,3372519424,7197,7197
1716087559.684843,3372519424,4978,4978
1716087560.6860719,3372519424,5204,5204
1716087561.6872952,3372519424,3301,3301
1716087562.688533,3372519424,3790,3790
1716087563.6897438,3372519424,4981,4981
1716087564.6909444,3372519424,4919,4919
1716087565.692161,3372519424,1262,1262
1716087566.6928644,3372519424,4631,4631
1716087567.6940866,3372519424,4114,4114
1716087568.6953218,3372519424,4543,4543
1716087569.6965537,3372519424,6307,6307
1716087570.6968513,3372519424,4969,4969
1716087571.698074,3372519424,5784,5784
1716087572.6992738,3372519424,5146,5146
1716087573.7004888,3372519424,6868,6868
1716087574.7013636,3372519424,6106,6106
1716087575.7025795,3372519424,3826,3826
1716087576.7037938,3372519424,4407,4407
1716087577.7050462,3372519424,6149,6149
1716087578.706278,3372519424,4004,4004
1716087579.7075133,3372519424,5512,5512
1716087580.708755,3372519424,4393,4393
1716087581.7099817,3372519424,5765,5765
1716087582.7112195,3372519424,1976,1976
1716087583.7124665,3372519424,622,622
1716087584.7137573,3372519424,0,0
1716087585.7150197,3372519424,0,0
1716087586.7162569,3372519424,0,0
1716087587.7169027,3372519424,0,0
1716087588.7181838,3372519424,600,600
1716087589.719421,3372519424,3696,3696
1716087590.720721,3372519424,1788,1788
1716087591.7220008,3372519424,0,0
1716087592.7232056,3372519424,501,501
1716087593.724458,3372519424,1115,1115
1716087594.7256947,3372519424,487,487
1716087595.7269084,3372519424,99,99
1716087596.7281451,3372519424,2598,2598
1716087597.7288911,3372519424,13906,13906
1716087598.730142,3372519424,1871567754,1871567754
1716087599.7313166,3372519424,199673,199673
1716087600.732499,3372519424,978,978
1716087601.732818,3372519424,90879,90879
1716087602.733995,3372519424,631687028,631687028
1716087603.7352293,3372519424,842827387,842827387
1716087604.7364206,3372519424,2160890951,2160890951
1716087605.7368023,3372519424,1696,1696
1716087606.7379766,3372519424,2034,2034
1716087607.7391515,3372519424,1194,1194
1716087608.7403822,3372519424,110058057,110058057
1716087609.7408757,3372519424,1225,1225
1716087610.7420547,3372519424,0,0
1716087611.7432365,3372519424,2160,2160
1716087612.7444131,3372519424,279,279
1716087613.745593,3372519424,561,561
1716087614.7467797,3372519424,263,263
1716087615.7479749,3372519424,4594,4594
1716087616.749163,3372519424,3226,3226
1716087617.750342,3372519424,4123,4123
1716087618.7515361,3372519424,3875,3875
1716087619.752731,3372519424,3123,3123
1716087620.753914,3372519424,6410,6410
1716087621.755102,3372519424,4097,4097
1716087622.7562928,3372519424,4087,4087
1716087623.7568157,3372519424,2907,2907
1716087624.7580013,3372519424,5620,5620
1716087625.7591772,3372519424,3811,3811
1716087626.7603614,3372519424,4596,4596
1716087627.7608309,3372519424,4512,4512
1716087628.7620068,3372519424,3427,3427
1716087629.7632034,3372519424,4977,4977
1716087630.764387,3372519424,5390,5390
1716087631.764832,3372519424,4349,4349
1716087632.7660196,3372519424,5000,5000
1716087633.767194,3372519424,2256,2256
1716087634.7683678,3372519424,4327,4327
1716087635.7688081,3372519424,4027,4027
1716087636.7699869,3372519424,3783,3783
1716087637.7711651,3372519424,7011,7011
1716087638.7723367,3372519424,3355,3355
1716087639.7728105,3372519424,4145,4145
1716087640.773977,3372519424,4432,4432
1716087641.775159,3372519424,4066,4066
1716087642.7763307,3372519424,4164,4164
1716087643.776817,3372519424,6266,6266
1716087644.7779827,3372519424,1357,1357
1716087645.7791698,3372519424,3139,3139
1716087646.780336,3372519424,4457,4457
1716087647.7808197,3372519424,5191,5191
1716087648.7820451,3372519424,6501,6501
1716087649.7832286,3372519424,3340,3340
1716087650.784419,3372519424,672,672
1716087651.7848098,3372519424,4354,4354
1716087652.7854323,3372519424,4353,4353
1716087653.7866175,3372519424,2929,2929
1716087654.7877874,3372519424,2486,2486
1716087655.7889948,3372519424,3574,3574
1716087656.7901947,3372519424,1627,1627
1716087657.7913816,3372519424,5259,5259
1716087658.792572,3372519424,2726,2726
1716087659.7928445,3372519424,6026,6026
1716087660.7940738,3372519424,5640,5640
1716087661.7953594,3372519424,5417,5417
1716087662.7965958,3372519424,3453,3453
1716087663.7978666,3372519424,5199,5199
1716087664.7990794,3372519424,2346,2346
1716087665.8002565,3372519424,4038,4038
1716087666.800823,3372519424,3959,3959
1716087667.8020172,3372519424,4602,4602
1716087668.8031938,3372519424,4097,4097
1716087669.804369,3372519424,6677,6677
1716087670.8055718,3372519424,4104,4104
1716087671.8067489,3372519424,4478,4478
1716087672.8079655,3372519424,6431,6431
1716087673.8088524,3372519424,4794,4794
1716087674.8100297,3372519424,3139,3139
1716087675.8112116,3372519424,4091,4091
1716087676.8123956,3372519424,2546,2546
1716087677.8135915,3372519424,3610,3610
1716087678.81478,3372519424,3627,3627
1716087679.8160143,3372519424,3614,3614
1716087680.8172014,3372519424,3370,3370
1716087681.818382,3372519424,2332,2332
1716087682.8195777,3372519424,5432,5432
1716087683.8207824,3372519424,4812,4812
1716087684.8219578,3372519424,3924,3924
1716087685.8231337,3372519424,3992,3992
1716087686.8243072,3372519424,3807,3807
1716087687.8248165,3372519424,2502,2502
1716087688.8258142,3372519424,4532,4532
1716087689.827072,3372519424,3514,3514
1716087690.8283334,3372519424,4163,4163
1716087691.828886,3372519424,3268,3268
1716087692.8301423,3372519424,2645,2645
1716087693.8313978,3372519424,2476,2476
1716087694.8326743,3372519424,5652,5652
1716087695.8339112,3372519424,4036,4036
1716087696.8351529,3372519424,2594,2594
1716087697.8363612,3372519424,4081,4081
1716087698.8368607,3372519424,4643,4643
1716087699.8380768,3372519424,3450,3450
1716087700.839289,3372519424,6986,6986
1716087701.8405235,3372519424,4098,4098
1716087702.8408566,3372519424,4466,4466
1716087703.8420777,3372519424,3743,3743
1716087704.84328,3372519424,4096,4096
1716087705.8444939,3372519424,3921,3921
1716087706.8448782,3372519424,4594,4594
1716087707.846109,3372519424,3184,3184
1716087708.8473222,3372519424,4357,4357
1716087709.848552,3372519424,1964,1964
1716087710.8488572,3372519424,3385,3385
1716087711.8500764,3372519424,1291,1291
1716087712.851309,3372519424,1977,1977
1716087713.852538,3372519424,5345,5345
1716087714.8528597,3372519424,3111,3111
1716087715.854098,3372519424,2549,2549
1716087716.855311,3372519424,3381,3381
1716087717.8565361,3372519424,3169,3169
1716087718.856867,3372519424,2054,2054
1716087719.858095,3372519424,5526,5526
1716087720.859333,3372519424,7139,7139
1716087721.8605995,3372519424,5782,5782
1716087722.8609157,3372519424,4180,4180
1716087723.8621473,3372519424,5229,5229
1716087724.8633857,3372519424,1901,1901
1716087725.8646877,3372519424,211,211
1716087726.866221,3372519424,152,152
1716087727.868901,3372519424,158,158
1716087728.870138,3372519424,611,611
1716087729.8713927,3372519424,0,0
1716087730.8731265,3372519424,0,0
1716087731.8751705,3372519424,0,0
1716087732.876397,3372519424,0,0
1716087733.876919,3372519424,600,600
1716087734.8783536,3372519424,0,0
1716087735.8803964,3372519424,0,0
1716087736.8811414,3372519424,0,0
1716087737.8823292,3372519424,1144,1144
1716087738.8835318,3372519424,505,505
1716087739.8847332,3372519424,0,0
1716087740.8859313,3372519424,950,950
1716087741.887108,3372519424,0,0
1716087742.8883257,3372519424,0,0
1716087743.8888075,3372519424,600,600
1716087744.8899996,3372519424,0,0
1716087745.8911805,3372519424,0,0
1716087746.8923695,3372519424,0,0
1716087747.8928137,3372519424,0,0
1716087748.8939893,3372519424,600,600
1716087749.89517,3372519424,0,0
1716087750.8963375,3372519424,0,0
1716087751.8968074,3372519424,0,0
1716087752.898003,3372519424,0,0
1716087753.8991773,3372519424,496,496
1716087754.9003494,3372519424,0,0
1716087755.9008217,3372519424,0,0
1716087756.9020092,3372519424,0,0
1716087757.9031928,3372519424,0,0
1716087758.9038854,3372519424,600,600
1716087759.9050899,3372519424,0,0
1716087760.9063196,3372519424,0,0
1716087761.9076214,3372519424,0,0
1716087762.9089377,3372519424,0,0
1716087763.9102437,3372519424,600,600
1716087764.9115522,3372519424,0,0
1716087765.912784,3372519424,0,0
1716087766.913988,3372519424,4200274,4200274
1716087767.9152029,3372519424,0,0
1716087768.9164164,3372519424,600,600
1716087769.9176233,3372519424,0,0
1716087770.9188697,3372519424,5248192,5248192
1716087771.9201496,3372519424,121,121
1716087772.9214208,3372519424,0,0
1716087773.9226944,3372519424,496,496
1716087774.9240277,3372519424,355775669,355775669
1716087775.925307,3372519424,1323609202,1323609202
1716087776.926527,3372519424,619510643,619510643
1716087777.927803,3372519424,0,0
1716087778.929046,3372519424,600,600
1716087779.9302742,3372519424,3263,3263
1716087780.931503,3372519424,1455451506,1455451506
1716087781.932767,3372519424,3933,3933
1716087782.9339943,3372519424,4149,4149
1716087783.9352515,3372519424,7679,7679
1716087784.936509,3372519424,6982,6982
1716087785.937811,3372519424,4479,4479
1716087786.9390674,3372519424,5140,5140
1716087787.940331,3372519424,4577,4577
1716087788.9415953,3372519424,4920,4920
1716087789.942871,3372519424,6959,6959
1716087790.9441347,3372519424,7996,7996
1716087791.9449027,3372519424,1367,1367
1716087792.946152,3372519424,7698,7698
1716087793.9474082,3372519424,7773,7773
1716087794.9486897,3372519424,6787,6787
1716087795.94995,3372519424,7754,7754
1716087796.9512148,3372519424,7138,7138
1716087797.9524808,3372519424,1383,1383
1716087798.9529076,3372519424,6505,6505
1716087799.9538267,3372519424,6587,6587
1716087800.9550753,3372519424,7102,7102
1716087801.9563498,3372519424,4814,4814
1716087802.957612,3372519424,7290,7290
1716087803.9588747,3372519424,3746,3746
1716087804.9601429,3372519424,5607,5607
1716087805.9608886,3372519424,6566,6566
1716087806.9621456,3372519424,5349,5349
1716087807.963383,3372519424,6694,6694
1716087808.9646676,3372519424,5990,5990
1716087809.965922,3372519424,4682,4682
1716087810.9671736,3372519424,5780,5780
1716087811.968415,3372519424,3373,3373
1716087812.968894,3372519424,6312,6312
1716087813.9701343,3372519424,6150,6150
1716087814.9713817,3372519424,5223,5223
1716087815.9726808,3372519424,3197,3197
1716087816.9739435,3372519424,5526,5526
1716087817.9751682,3372519424,6540,6540
1716087818.976398,3372519424,8199,8199
1716087819.9768732,3372519424,7363,7363
1716087820.9781313,3372519424,6503,6503
1716087821.9793732,3372519424,6422,6422
1716087822.980722,3372519424,2259,2259
1716087823.9819684,3372519424,6666,6666
1716087824.983223,3372519424,5257,5257
1716087825.9844599,3372519424,4437,4437
1716087826.9849715,3372519424,5168,5168
1716087827.9864025,3372519424,1824,1824
1716087828.9876025,3372519424,2587,2587
1716087829.9887967,3372519424,287,287
1716087830.989967,3372519424,151,151
1716087831.9911501,3372519424,152,152
1716087832.9923277,3372519424,451,451
1716087833.9935093,3372519424,155,155
1716087834.9946895,3372519424,0,0
1716087835.9958608,3372519424,0,0
1716087836.9970493,3372519424,0,0
1716087837.9982252,3372519424,152,152
1716087838.999411,3372519424,344,344
1716087840.0005958,3372519424,0,0
1716087841.0017846,3372519424,0,0
1716087842.0029728,3372519424,0,0
1716087843.0041707,3372519424,448,448
1716087844.0053537,3372519424,152,152
1716087845.0065415,3372519424,0,0
1716087846.0077221,3372519424,0,0
1716087847.0093708,3372519424,0,0
1716087848.0105493,3372519424,448,448
1716087849.0117505,3372519424,152,152
1716087850.0128436,3372519424,0,0
1716087851.0140307,3372519424,0,0
1716087852.0152152,3372519424,0,0
1716087853.0164018,3372519424,448,448
1716087854.0168233,3372519424,152,152
1716087855.0180295,3372519424,0,0
1716087856.0192297,3372519424,0,0
1716087857.020406,3372519424,0,0
1716087858.021621,3372519424,448,448
1716087859.0228026,3372519424,5381557,5381557
1716087860.0239964,3372519424,0,0
1716087861.0248282,3372519424,0,0
1716087862.02602,3372519424,0,0
1716087863.0272455,3372519424,362072123,362072123
1716087864.0284522,3372519424,204,204
1716087865.0288787,3372519424,0,0
1716087866.030109,3372519424,0,0
1716087867.0310802,3372519424,17841277,17841277
1716087868.0322988,3372519424,1732685640,1732685640
1716087869.0328138,3372519424,53122171,53122171
1716087870.0339906,3372519424,0,0
1716087871.0351799,3372519424,0,0
1716087872.0364304,3372519424,150899012,150899012
1716087873.0368388,3372519424,1442106693,1442106693
1716087874.0380409,3372519424,3549,3549
1716087875.039246,3372519424,4772,4772
1716087876.0404763,3372519424,5875,5875
1716087877.0408857,3372519424,3425,3425
1716087878.0421367,3372519424,6885,6885
1716087879.0426514,3372519424,4573,4573
1716087880.0438526,3372519424,6737,6737
1716087881.044827,3372519424,7784,7784
1716087882.0460443,3372519424,8079,8079
1716087883.0472827,3372519424,7175,7175
1716087884.048536,3372519424,2701,2701
1716087885.0488827,3372519424,3772,3772
1716087886.0501356,3372519424,6728,6728
1716087887.0511506,3372519424,4607,4607
1716087888.052345,3372519424,7745,7745
1716087889.0528398,3372519424,7153,7153
1716087890.0540268,3372519424,7547,7547
1716087891.0552216,3372519424,4409,4409
1716087892.0564067,3372519424,3808,3808
1716087893.0568357,3372519424,1529,1529
1716087894.05802,3372519424,711,711
1716087895.0592728,3372519424,485,485
1716087896.06035,3372519424,8452,8452
1716087897.0613503,3372519424,7318,7318
1716087898.0626173,3372519424,5248,5248
1716087899.0638688,3372519424,7149,7149
1716087900.0648875,3372519424,7356,7356
1716087901.06615,3372519424,2568,2568
1716087902.0673969,3372519424,94661,94661
1716087903.0686958,3372519424,5269,5269
1716087904.0694203,3372519424,6887,6887
1716087905.0700934,3372519424,4958,4958
1716087906.071339,3372519424,5027,5027
1716087907.072588,3372519424,4586,4586
1716087908.07289,3372519424,3448,3448
1716087909.074137,3372519424,4334,4334
1716087910.0753887,3372519424,6586,6586
1716087911.0766728,3372519424,4893,4893
1716087912.0779195,3372519424,7013,7013
1716087913.0788145,3372519424,5737,5737
1716087914.0800133,3372519424,5940,5940
1716087915.0810452,3372519424,5941,5941
1716087916.082292,3372519424,4707,4707
1716087917.082777,3372519424,8003,8003
1716087918.0840316,3372519424,6277,6277
1716087919.08497,3372519424,4493,4493
1716087920.0862262,3372519424,3985,3985
1716087921.0868597,3372519424,841,841
1716087922.0881512,3372519424,0,0
1716087923.0889752,3372519424,1096,1096
1716087924.0902505,3372519424,1423,1423
1716087925.0915065,3372519424,733,733
1716087926.0928633,3372519424,0,0
1716087927.094244,3372519424,949,949
1716087928.0955455,3372519424,989,989
1716087929.0967944,3372519424,1287,1287
1716087930.098082,3372519424,280,280
1716087931.0993674,3372519424,779,779
1716087932.1006956,3372519424,0,0
1716087933.1019046,3372519424,1829,1829
1716087934.1031842,3372519424,931,931
1716087935.1044834,3372519424,0,0
1716087936.104957,3372519424,303,303
1716087937.106201,3372519424,1720,1720
1716087938.107539,3372519424,994,994
1716087939.1088526,3372519424,155,155
1716087940.1100762,3372519424,391,391
1716087941.1110241,3372519424,486,486
1716087942.1123614,3372519424,99,99
1716087943.1129096,3372519424,1926,1926
1716087944.1141813,3372519424,891,891
1716087945.1155365,3372519424,681,681
1716087946.11684,3372519424,52,52
1716087947.1181037,3372519424,1321,1321
1716087948.1193666,3372519424,1176,1176
1716087949.120635,3372519424,155,155
1716087950.1219542,3372519424,720,720
1716087951.123205,3372519424,733,733
1716087952.1245146,3372519424,735,735
1716087953.124911,3372519424,890,890
1716087954.1261966,3372519424,3939,3939
1716087955.1275268,3372519424,2708,2708
1716087956.1289809,3372519424,1502,1502
1716087957.1304595,3372519424,1464,1464
1716087958.1317275,3372519424,2571,2571
1716087959.1328816,3372519424,2469,2469
1716087960.1343117,3372519424,1721,1721
1716087961.1355834,3372519424,6820,6820
1716087962.1368139,3372519424,6627,6627
1716087963.138029,3372519424,8162,8162
1716087964.139237,3372519424,5866,5866
1716087965.1404462,3372519424,5590,5590
1716087966.1417398,3372519424,5845,5845
1716087967.1429758,3372519424,5271,5271
1716087968.1441848,3372519424,5227,5227
1716087969.1448505,3372519424,5313,5313
1716087970.1461082,3372519424,4725,4725
1716087971.1473367,3372519424,6186,6186
1716087972.1485512,3372519424,4281,4281
1716087973.149778,3372519424,4046,4046
1716087974.1509905,3372519424,6315,6315
1716087975.1522179,3372519424,7131,7131
1716087976.1528478,3372519424,4307,4307
1716087977.154073,3372519424,4442,4442
1716087978.1552987,3372519424,6973,6973
1716087979.1565213,3372519424,2415,2415
1716087980.1568537,3372519424,3174,3174
1716087981.1580858,3372519424,4467,4467
1716087982.1593137,3372519424,5130,5130
1716087983.1605394,3372519424,4661,4661
1716087984.1617463,3372519424,3866,3866
1716087985.162964,3372519424,6106,6106
1716087986.164192,3372519424,2710,2710
1716087987.1654227,3372519424,4509,4509
1716087988.16666,3372519424,3358,3358
1716087989.1678925,3372519424,2713,2713
1716087990.1688576,3372519424,6425,6425
1716087991.1700964,3372519424,4271,4271
1716087992.1713228,3372519424,2335,2335
1716087993.1725535,3372519424,2035,2035
1716087994.1737692,3372519424,6324,6324
1716087995.1749868,3372519424,4093,4093
1716087996.1762183,3372519424,5316,5316
1716087997.1768482,3372519424,3440,3440
1716087998.1780906,3372519424,3062,3062
1716087999.1793334,3372519424,1113,1113
1716088000.1805677,3372519424,363,363
1716088001.1818047,3372519424,592,592
1716088002.1830323,3372519424,161,161
1716088003.1842458,3372519424,1807,1807
1716088004.1848848,3372519424,3476,3476
1716088005.186109,3372519424,0,0
1716088006.1873658,3372519424,260,260
1716088007.188592,3372519424,0,0
1716088008.1888678,3372519424,404,404
1716088009.1900957,3372519424,155,155
1716088010.1913466,3372519424,1102,1102
1716088011.1925848,3372519424,0,0
1716088012.1938384,3372519424,0,0
1716088013.1950862,3372519424,994,994
1716088014.1963315,3372519424,155,155
1716088015.1968808,3372519424,228616385,228616385
1716088016.1981282,3372519424,1643106423,1643106423
1716088017.199338,3372519424,0,0
1716088018.2005866,3372519424,6197310,6197310
1716088019.2018557,3372519424,204,204
1716088020.203059,3372519424,529873627,529873627
1716088021.2043016,3372519424,1336367153,1336367153
1716088022.2055686,3372519424,98628,98628
1716088023.2067935,3372519424,700,700
1716088024.2080123,3372519424,449,449
1716088025.2092083,3372519424,515646197,515646197
1716088026.21044,3372519424,1356424756,1356424756
1716088027.2116687,3372519424,0,0
1716088028.2128575,3372519424,448,448
1716088029.2140722,3372519424,532,532
1716088030.2152627,3372519424,0,0
1716088031.216444,3372519424,1826,1826
1716088032.217651,3372519424,6049,6049
1716088033.2188506,3372519424,2288,2288
1716088034.2200341,3372519424,4735,4735
1716088035.220816,3372519424,5973,5973
1716088036.2220197,3372519424,2262,2262
1716088037.2231948,3372519424,2305,2305
1716088038.224372,3372519424,3257,3257
1716088039.2255683,3372519424,7454,7454
1716088040.2267523,3372519424,4318,4318
1716088041.2279353,3372519424,4590,4590
1716088042.2291267,3372519424,3144,3144
1716088043.2303026,3372519424,2756,2756
1716088044.2314956,3372519424,4430,4430
1716088045.2327034,3372519424,2491,2491
1716088046.2339013,3372519424,4151,4151
1716088047.2350936,3372519424,3463,3463
1716088048.2352836,3372519424,4178,4178
1716088049.2364736,3372519424,1286,1286
1716088050.2376733,3372519424,4192,4192
1716088051.2388473,3372519424,518,518
1716088052.2400377,3372519424,3654,3654
1716088053.240821,3372519424,3309,3309
1716088054.2420173,3372519424,3694,3694
1716088055.2431965,3372519424,3209,3209
1716088056.2443979,3372519424,3424,3424
1716088057.245604,3372519424,4138,4138
1716088058.2467852,3372519424,1732,1732
1716088059.247973,3372519424,6283,6283
1716088060.2491848,3372519424,2239,2239
1716088061.250412,3372519424,5741,5741
1716088062.251613,3372519424,4293,4293
1716088063.252818,3372519424,3020,3020
1716088064.254019,3372519424,718,718
1716088065.2552009,3372519424,630,630
1716088066.2563958,3372519424,1309,1309
1716088067.2576053,3372519424,3284,3284
1716088068.2583728,3372519424,4458,4458
1716088069.259577,3372519424,4403,4403
1716088070.2608016,3372519424,3770,3770
1716088071.2620003,3372519424,1852,1852
1716088072.263188,3372519424,5035,5035
1716088073.2643733,3372519424,934,934
1716088074.2648218,3372519424,3735,3735
1716088075.2661052,3372519424,708,708
1716088076.2673097,3372519424,5077,5077
1716088077.268494,3372519424,6376,6376
1716088078.2688243,3372519424,4147,4147
1716088079.2700768,3372519424,4330,4330
1716088080.2712567,3372519424,4015,4015
1716088081.272436,3372519424,4131,4131
1716088082.2729042,3372519424,701,701
1716088083.2741115,3372519424,7037,7037
1716088084.2753322,3372519424,4509,4509
1716088085.2765462,3372519424,4298,4298
1716088086.2768338,3372519424,3698,3698
1716088087.2780373,3372519424,3668,3668
1716088088.2792222,3372519424,3465,3465
1716088089.2804198,3372519424,2539,2539
1716088090.2816262,3372519424,3848,3848
1716088091.2828195,3372519424,2355,2355
1716088092.2840626,3372519424,4610,4610
1716088093.2852542,3372519424,4096,4096
1716088094.2864532,3372519424,4007,4007
1716088095.2876587,3372519424,3093,3093
1716088096.2888632,3372519424,2104,2104
1716088097.2900658,3372519424,2315,2315
1716088098.2912545,3372519424,971,971
1716088099.2924423,3372519424,4480,4480
1716088100.2936223,3372519424,4109,4109
1716088101.2947922,3372519424,4879,4879
1716088102.2959692,3372519424,4136,4136
1716088103.2971709,3372519424,2838,2838
1716088104.2983696,3372519424,4104,4104
1716088105.2995763,3372519424,4536,4536
1716088106.3008113,3372519424,2161,2161
1716088107.3020222,3372519424,3288,3288
1716088108.3032355,3372519424,5185,5185
1716088109.3044617,3372519424,4433,4433
1716088110.3056881,3372519424,4166,4166
1716088111.3068755,3372519424,5512,5512
1716088112.3080847,3372519424,4560,4560
1716088113.3088276,3372519424,1222,1222
1716088114.310022,3372519424,3819,3819
1716088115.3112137,3372519424,4360,4360
1716088116.3124113,3372519424,6484,6484
1716088117.3136015,3372519424,1572,1572
1716088118.3147833,3372519424,6719,6719
1716088119.3159757,3372519424,4162,4162
1716088120.3171701,3372519424,4178,4178
1716088121.3183627,3372519424,2529,2529
1716088122.3195786,3372519424,2983,2983
1716088123.3207803,3372519424,2665,2665
1716088124.3219705,3372519424,4148,4148
1716088125.3231616,3372519424,3717,3717
1716088126.3243585,3372519424,5559,5559
1716088127.3248196,3372519424,2985,2985
1716088128.3260534,3372519424,1471,1471
1716088129.3272574,3372519424,514,514
1716088130.3284745,3372519424,6946,6946
1716088131.3296626,3372519424,2079,2079
1716088132.330871,3372519424,3853,3853
1716088133.3320765,3372519424,6476,6476
1716088134.3328176,3372519424,4503,4503
1716088135.3339956,3372519424,5152,5152
1716088136.3351989,3372519424,2816,2816
1716088137.3363783,3372519424,1413,1413
1716088138.3375793,3372519424,3883,3883
1716088139.3387895,3372519424,3879,3879
1716088140.340061,3372519424,5309,5309
1716088141.3408542,3372519424,1459,1459
1716088142.3421125,3372519424,0,0
1716088143.343328,3372519424,776,776
1716088144.3453736,3372519424,154,154
1716088145.346648,3372519424,0,0
1716088146.3481488,3372519424,0,0
1716088147.3488944,3372519424,0,0
1716088148.350133,3372519424,448,448
1716088149.3508053,3372519424,152,152
1716088150.3526204,3372519424,0,0
1716088151.3541903,3372519424,0,0
1716088152.355492,3372519424,0,0
1716088153.356762,3372519424,448,448
1716088154.3584375,3372519424,152,152
1716088155.3605351,3372519424,0,0
1716088156.3608162,3372519424,1199,1199
1716088157.3620365,3372519424,0,0
1716088158.3632216,3372519424,304,304
1716088159.3644173,3372519424,397,397
1716088160.3656108,3372519424,0,0
1716088161.3668106,3372519424,0,0
1716088162.367995,3372519424,0,0
1716088163.369181,3372519424,870,870
1716088164.3703632,3372519424,300,300
1716088165.3715332,3372519424,0,0
1716088166.3727434,3372519424,0,0
1716088167.3739457,3372519424,0,0
1716088168.3751576,3372519424,344,344
1716088169.3763323,3372519424,152,152
1716088170.377525,3372519424,0,0
1716088171.3787284,3372519424,0,0
1716088172.3799055,3372519424,0,0
1716088173.380822,3372519424,448,448
1716088174.382007,3372519424,152,152
1716088175.3831892,3372519424,0,0
1716088176.3843691,3372519424,0,0
1716088177.3855612,3372519424,0,0
1716088178.3867905,3372519424,448,448
1716088179.388006,3372519424,152,152
1716088180.389219,3372519424,0,0
1716088181.3899162,3372519424,0,0
1716088182.3911936,3372519424,0,0
1716088183.3924227,3372519424,448,448
1716088184.3936489,3372519424,152,152
1716088185.3949454,3372519424,30416811,30416811
1716088186.396143,3372519424,3229813,3229813
1716088187.3968189,3372519424,0,0
1716088188.3981068,3372519424,448,448
1716088189.3992922,3372519424,152,152
1716088190.400539,3372519424,0,0
1716088191.400848,3372519424,0,0
1716088192.4020743,3372519424,0,0
1716088193.4032922,3372519424,448,448
1716088194.4045296,3372519424,553261389,553261389
1716088195.4057648,3372519424,0,0
1716088196.4069965,3372519424,0,0
1716088197.408238,3372519424,0,0
1716088198.4088492,3372519424,34644658,34644658
1716088199.4100926,3372519424,2040862599,2040862599
1716088200.4113562,3372519424,1101412286,1101412286
1716088201.4125762,3372519424,0,0
1716088202.412978,3372519424,4896,4896
1716088203.4141917,3372519424,96799,96799
1716088204.4153934,3372519424,4860,4860
1716088205.4166107,3372519424,2276,2276
1716088206.4168384,3372519424,3452,3452
1716088207.4180396,3372519424,4861,4861
1716088208.4192402,3372519424,7275,7275
1716088209.4204345,3372519424,7513,7513
1716088210.4208572,3372519424,6100,6100
1716088211.4220653,3372519424,7601,7601
1716088212.4232676,3372519424,5384,5384
1716088213.4245281,3372519424,4646,4646
1716088214.4248955,3372519424,6100,6100
1716088215.4261467,3372519424,7166,7166
1716088216.4274049,3372519424,7759,7759
1716088217.4286928,3372519424,7051,7051
1716088218.4299417,3372519424,7862,7862
1716088219.4312031,3372519424,5787,5787
1716088220.4324498,3372519424,3620,3620
1716088221.4328842,3372519424,7223,7223
1716088222.4341388,3372519424,7057,7057
1716088223.4354053,3372519424,6873,6873
1716088224.4366884,3372519424,5843,5843
1716088225.437949,3372519424,6529,6529
1716088226.439202,3372519424,2015,2015
1716088227.4404273,3372519424,2111,2111
1716088228.4408796,3372519424,7994,7994
1716088229.4421432,3372519424,5126,5126
1716088230.4433832,3372519424,7426,7426
1716088231.4446144,3372519424,7124,7124
1716088232.4448845,3372519424,7477,7477
1716088233.4461243,3372519424,3298,3298
1716088234.4473722,3372519424,4853,4853
1716088235.4486349,3372519424,5931,5931
1716088236.4499063,3372519424,5266,5266
1716088237.451168,3372519424,6592,6592
1716088238.452433,3372519424,7518,7518
1716088239.4529243,3372519424,6691,6691
1716088240.4542036,3372519424,7715,7715
1716088241.455466,3372519424,4220,4220
1716088242.4567463,3372519424,4609,4609
1716088243.4579935,3372519424,5011,5011
1716088244.459261,3372519424,6965,6965
1716088245.4604816,3372519424,5051,5051
1716088246.4610214,3372519424,3877,3877
1716088247.4623654,3372519424,0,0
1716088248.4635732,3372519424,2777,2777
1716088249.4647849,3372519424,992,992
1716088250.465995,3372519424,152,152
1716088251.4662879,3372519424,152,152
1716088252.4674876,3372519424,0,0
1716088253.4687006,3372519424,451,451
1716088254.4698968,3372519424,155,155
1716088255.4710972,3372519424,0,0
1716088256.4723065,3372519424,0,0
1716088257.472829,3372519424,0,0
1716088258.4740248,3372519424,152,152
1716088259.475227,3372519424,344,344
1716088260.4764156,3372519424,0,0
1716088261.4768453,3372519424,0,0
1716088262.4780402,3372519424,0,0
1716088263.4792578,3372519424,448,448
1716088264.480457,3372519424,152,152
1716088265.4816573,3372519424,0,0
1716088266.4828677,3372519424,0,0
1716088267.484063,3372519424,0,0
1716088268.4848297,3372519424,448,448
1716088269.4860454,3372519424,152,152
1716088270.4872446,3372519424,0,0
1716088271.488448,3372519424,0,0
1716088272.4888327,3372519424,0,0
1716088273.49005,3372519424,448,448
1716088274.4912713,3372519424,152,152
1716088275.4924853,3372519424,0,0
1716088276.4937117,3372519424,0,0
1716088277.4949257,3372519424,0,0
1716088278.4961293,3372519424,33615090,33615090
1716088279.4968407,3372519424,152,152
1716088280.4980462,3372519424,0,0
1716088281.4992723,3372519424,0,0
1716088282.5005128,3372519424,537634191,537634191
1716088283.5008433,3372519424,268580611,268580611
1716088284.5020635,3372519424,152,152
1716088285.5032635,3372519424,0,0
1716088286.5044885,3372519424,0,0
1716088287.5048795,3372519424,376858251,376858251
1716088288.506111,3372519424,448,448
1716088289.5073237,3372519424,152,152
1716088290.5085304,3372519424,0,0
1716088291.5097814,3372519424,1036684340,1036684340
1716088292.5110219,3372519424,1510932035,1510932035
1716088293.5122404,3372519424,448,448
1716088294.512921,3372519424,2421,2421
1716088295.5141585,3372519424,4466,4466
1716088296.5153847,3372519424,7692,7692
1716088297.5166368,3372519424,4488,4488
1716088298.5179014,3372519424,2396,2396
1716088299.5191293,3372519424,3595,3595
1716088300.5203753,3372519424,4258,4258
1716088301.5208921,3372519424,4754,4754
1716088302.5221422,3372519424,7312,7312
1716088303.523409,3372519424,5134,5134
1716088304.524676,3372519424,7577,7577
1716088305.5259454,3372519424,4691,4691
1716088306.5271847,3372519424,2436,2436
1716088307.5284483,3372519424,5973,5973
1716088308.528889,3372519424,4830,4830
1716088309.5301433,3372519424,7586,7586
1716088310.531042,3372519424,7273,7273
1716088311.532292,3372519424,6844,6844
1716088312.5335574,3372519424,1630,1630
1716088313.5349278,3372519424,6108,6108
1716088314.5362065,3372519424,4764,4764
1716088315.5368752,3372519424,7417,7417
1716088316.5381181,3372519424,7129,7129
1716088317.539354,3372519424,7289,7289
1716088318.539971,3372519424,5768,5768
1716088319.540908,3372519424,3517,3517
1716088320.5421655,3372519424,5759,5759
1716088321.5434256,3372519424,4814,4814
1716088322.5447729,3372519424,5194,5194
1716088323.5460575,3372519424,4363,4363
1716088324.5473335,3372519424,5959,5959
1716088325.548612,3372519424,1801,1801
1716088326.5489779,3372519424,7922,7922
1716088327.5502577,3372519424,5578,5578
1716088328.5515153,3372519424,6220,6220
1716088329.5528095,3372519424,7796,7796
1716088330.554083,3372519424,6588,6588
1716088331.5553591,3372519424,5470,5470
1716088332.5567021,3372519424,3303,3303
1716088333.5579693,3372519424,6132,6132
1716088334.5592275,3372519424,5201,5201
1716088335.5604994,3372519424,7537,7537
1716088336.560879,3372519424,7298,7298
1716088337.5622218,3372519424,8695,8695
1716088338.563215,3372519424,5134,5134
1716088339.5638168,3372519424,8451,8451
1716088340.564904,3372519424,1484,1484
1716088341.5661738,3372519424,837,837
1716088342.56744,3372519424,1159,1159
1716088343.568775,3372519424,1194,1194
1716088344.5700598,3372519424,899,899
1716088345.5713644,3372519424,0,0
1716088346.57263,3372519424,1685,1685
1716088347.5730104,3372519424,1153,1153
1716088348.574245,3372519424,1780,1780
1716088349.5755343,3372519424,937,937
1716088350.575806,3372519424,1486,1486
1716088351.5770063,3372519424,738,738
1716088352.5782363,3372519424,980,980
1716088353.579531,3372519424,1150,1150
1716088354.5809019,3372519424,888,888
1716088355.5821772,3372519424,356,356
1716088356.5834947,3372519424,803,803
1716088357.5848231,3372519424,18705,18705
1716088358.586209,3372519424,7247,7247
1716088359.587553,3372519424,3458,3458
1716088360.5888243,3372519424,1532,1532
1716088361.5901425,3372519424,0,0
1716088362.591396,3372519424,473,473
1716088363.5927126,3372519424,1782,1782
1716088364.594002,3372519424,1652,1652
1716088365.595411,3372519424,778,778
1716088366.5967355,3372519424,1505,1505
1716088367.5980544,3372519424,787,787
1716088368.5992837,3372519424,2528,2528
1716088369.6008418,3372519424,5314,5314
1716088370.6024365,3372519424,2254,2254
1716088371.6037898,3372519424,1929,1929
1716088372.6050034,3372519424,3522,3522
1716088373.6062272,3372519424,4169,4169
1716088374.6074286,3372519424,5034,5034
1716088375.6087182,3372519424,6863,6863
1716088376.60995,3372519424,4649,4649
1716088377.6111674,3372519424,5189,5189
1716088378.6123838,3372519424,5180,5180
1716088379.6128483,3372519424,4605,4605
1716088380.6140609,3372519424,6659,6659
1716088381.6152802,3372519424,7173,7173
1716088382.616514,3372519424,4863,4863
1716088383.6168628,3372519424,6370,6370
1716088384.6180747,3372519424,4897,4897
1716088385.6192753,3372519424,4221,4221
1716088386.6204958,3372519424,3278,3278
1716088387.6217313,3372519424,6798,6798
1716088388.622954,3372519424,6653,6653
1716088389.6241655,3372519424,4191,4191
1716088390.6253927,3372519424,4363,4363
1716088391.626604,3372519424,6366,6366
1716088392.6270971,3372519424,7495,7495
1716088393.628303,3372519424,5061,5061
1716088394.6288514,3372519424,4397,4397
1716088395.6300654,3372519424,1492,1492
1716088396.6312783,3372519424,5659,5659
1716088397.6324818,3372519424,1090,1090
1716088398.6328552,3372519424,6869,6869
1716088399.634088,3372519424,3386,3386
1716088400.6353068,3372519424,2685,2685
1716088401.636538,3372519424,4977,4977
1716088402.636867,3372519424,4808,4808
1716088403.6380954,3372519424,6828,6828
1716088404.6393113,3372519424,4814,4814
1716088405.640533,3372519424,5517,5517
1716088406.6408617,3372519424,4726,4726
1716088407.6420782,3372519424,4252,4252
1716088408.6433022,3372519424,3922,3922
1716088409.644536,3372519424,3827,3827
1716088410.6448605,3372519424,5573,5573
1716088411.6460974,3372519424,2802,2802
1716088412.6472912,3372519424,4825,4825
1716088413.6485093,3372519424,5087,5087
1716088414.6488438,3372519424,3373,3373
1716088415.6500833,3372519424,2011,2011
1716088416.651323,3372519424,0,0
1716088417.652591,3372519424,158,158
1716088418.6528678,3372519424,659,659
1716088419.654093,3372519424,0,0
1716088420.6553228,3372519424,0,0
1716088421.6565595,3372519424,0,0
1716088422.6568673,3372519424,0,0
1716088423.6581073,3372519424,1506,1506
1716088424.6593451,3372519424,0,0
1716088425.6605833,3372519424,303,303
1716088426.6618278,3372519424,0,0
1716088427.663086,3372519424,762,762
1716088428.6643193,3372519424,557,557
1716088429.6648898,3372519424,1871763290,1871763290
1716088430.6661558,3372519424,0,0
1716088431.6673913,3372519424,709,709
1716088432.6686003,3372519424,6882263,6882263
1716088433.668821,3372519424,712817632,712817632
1716088434.670047,3372519424,2664642636,2664642636
1716088435.6712632,3372519424,102316178,102316178
1716088436.6724494,3372519424,52,52
1716088437.6728156,3372519424,104,104
1716088438.6739902,3372519424,258544533,258544533
1716088439.6751943,3372519424,380,380
1716088440.6763813,3372519424,0,0
1716088441.6775749,3372519424,0,0
1716088442.6787686,3372519424,5081,5081
1716088443.6799748,3372519424,6217,6217
1716088444.680814,3372519424,4694,4694
1716088445.6819904,3372519424,2608,2608
1716088446.6832135,3372519424,3586,3586
1716088447.6843913,3372519424,6495,6495
1716088448.6848245,3372519424,3804,3804
1716088449.686015,3372519424,3044,3044
1716088450.6871948,3372519424,5224,5224
1716088451.68838,3372519424,4138,4138
1716088452.6895702,3372519424,6114,6114
1716088453.6907537,3372519424,4618,4618
1716088454.691933,3372519424,4244,4244
1716088455.6928158,3372519424,1982,1982
1716088456.6939962,3372519424,4848,4848
1716088457.6951764,3372519424,4226,4226
1716088458.6963506,3372519424,5382,5382
1716088459.6968107,3372519424,4430,4430
1716088460.697988,3372519424,4447,4447
1716088461.699175,3372519424,3120,3120
1716088462.700348,3372519424,3546,3546
1716088463.7008233,3372519424,5486,5486
1716088464.7020054,3372519424,2201,2201
1716088465.7031865,3372519424,4185,4185
1716088466.7043762,3372519424,6035,6035
1716088467.705564,3372519424,5395,5395
1716088468.7067468,3372519424,4663,4663
1716088469.707929,3372519424,6690,6690
1716088470.7091138,3372519424,5621,5621
1716088471.7103052,3372519424,4870,4870
1716088472.7114809,3372519424,2866,2866
1716088473.712737,3372519424,5277,5277
1716088474.71391,3372519424,4681,4681
1716088475.7151098,3372519424,4461,4461
1716088476.7162948,3372519424,5599,5599
1716088477.716827,3372519424,3045,3045
1716088478.7180057,3372519424,3713,3713
1716088479.7191927,3372519424,3540,3540
1716088480.7203753,3372519424,4115,4115
1716088481.7215636,3372519424,1903,1903
1716088482.722087,3372519424,985,985
1716088483.723263,3372519424,2608,2608
1716088484.7244444,3372519424,4431,4431
1716088485.7248118,3372519424,5540,5540
1716088486.7260127,3372519424,4144,4144
1716088487.7271996,3372519424,1022,1022
1716088488.7283823,3372519424,6925,6925
1716088489.728814,3372519424,3890,3890
1716088490.7299874,3372519424,8883,8883
1716088491.73117,3372519424,4239,4239
1716088492.7320383,3372519424,6661,6661
1716088493.7328234,3372519424,6555,6555
1716088494.7335162,3372519424,6123,6123
1716088495.7347617,3372519424,4218,4218
1716088496.7359548,3372519424,4488,4488
1716088497.7371504,3372519424,5017,5017
1716088498.7383451,3372519424,4637,4637
1716088499.739525,3372519424,6552,6552
1716088500.7407181,3372519424,4245,4245
1716088501.7418964,3372519424,6655,6655
1716088502.7430887,3372519424,1884,1884
1716088503.7442718,3372519424,93179,93179
1716088504.7454598,3372519424,3144,3144
1716088505.746647,3372519424,4031,4031
1716088506.7478383,3372519424,4280,4280
1716088507.7490284,3372519424,4024,4024
1716088508.7502124,3372519424,4524,4524
1716088509.751403,3372519424,3642,3642
1716088510.752598,3372519424,3524,3524
1716088511.7528267,3372519424,1732,1732
1716088512.7540214,3372519424,2672,2672
1716088513.755214,3372519424,880,880
1716088514.7564113,3372519424,0,0
1716088515.7568302,3372519424,381,381
1716088516.758025,3372519424,1993,1993
1716088517.759228,3372519424,0,0
1716088518.7604465,3372519424,3136,3136
1716088519.7616658,3372519424,3565,3565
1716088520.762892,3372519424,4007,4007
1716088521.7641137,3372519424,5778,5778
1716088522.765335,3372519424,3595,3595
1716088523.7665498,3372519424,4490,4490
1716088524.7677717,3372519424,2362,2362
1716088525.7688515,3372519424,7217,7217
1716088526.770091,3372519424,4023,4023
1716088527.7713141,3372519424,4138,4138
1716088528.7725365,3372519424,4400,4400
1716088529.7737541,3372519424,4272,4272
1716088530.7749786,3372519424,2167,2167
1716088531.7762036,3372519424,2666,2666
1716088532.7768576,3372519424,4366,4366
1716088533.7780766,3372519424,4332,4332
1716088534.779295,3372519424,6654,6654
1716088535.7805176,3372519424,3207,3207
1716088536.780855,3372519424,2492,2492
1716088537.7820866,3372519424,9540,9540
1716088538.7833323,3372519424,8851,8851
1716088539.784565,3372519424,3546,3546
1716088540.7848494,3372519424,3195,3195
1716088541.7860782,3372519424,7171,7171
1716088542.7873006,3372519424,4399,4399
1716088543.788519,3372519424,9300,9300
1716088544.7897463,3372519424,4210,4210
1716088545.7909756,3372519424,4245,4245
1716088546.7922041,3372519424,2909,2909
1716088547.7928672,3372519424,360,360
1716088548.7937157,3372519424,5909,5909
1716088549.7949107,3372519424,8237,8237
1716088550.7961042,3372519424,3318,3318
1716088551.7968104,3372519424,5624,5624
1716088552.7979982,3372519424,3997,3997
1716088553.7991807,3372519424,4314,4314
1716088554.8003633,3372519424,4081,4081
1716088555.8015623,3372519424,6642,6642
1716088556.8027542,3372519424,4264,4264
1716088557.8039382,3372519424,4942,4942
1716088558.8051283,3372519424,6073,6073
1716088559.8063126,3372519424,5474,5474
1716088560.8077197,3372519424,3979,3979
1716088561.8088439,3372519424,3597,3597
1716088562.8102746,3372519424,604,604
1716088563.810924,3372519424,567,567
1716088564.8122046,3372519424,3120,3120
1716088565.8133678,3372519424,3479,3479
1716088566.8145745,3372519424,2487,2487
1716088567.8160274,3372519424,1827,1827
1716088568.8168802,3372519424,877,877
1716088569.8181117,3372519424,0,0
1716088570.8202374,3372519424,0,0
1716088571.8214593,3372519424,0,0
1716088572.8227322,3372519424,0,0
1716088573.8242002,3372519424,548,548
1716088574.8248127,3372519424,1137,1137
1716088575.8260336,3372519424,0,0
1716088576.827208,3372519424,304,304
1716088577.8283887,3372519424,0,0
1716088578.8288195,3372519424,606,606
1716088579.8299935,3372519424,0,0
1716088580.831163,3372519424,0,0
1716088581.8323395,3372519424,0,0
1716088582.8335166,3372519424,0,0
1716088583.83469,3372519424,1720,1720
1716088584.8358545,3372519424,8706,8706
1716088585.836805,3372519424,0,0
1716088586.8379712,3372519424,502,502
1716088587.839152,3372519424,0,0
1716088588.8403528,3372519424,508,508
1716088589.8408072,3372519424,0,0
1716088590.8419843,3372519424,0,0
1716088591.8431652,3372519424,0,0
1716088592.84435,3372519424,0,0
1716088593.8448114,3372519424,1045,1045
1716088594.8459988,3372519424,0,0
1716088595.8471675,3372519424,476,476
1716088596.8483367,3372519424,0,0
1716088597.8495173,3372519424,325,325
1716088598.850704,3372519424,660,660
1716088599.8518982,3372519424,477,477
1716088600.8528233,3372519424,0,0
1716088601.8540154,3372519424,425,425
1716088602.8552058,3372519424,0,0
1716088603.856384,3372519424,51424070,51424070
1716088604.8575618,3372519424,121,121
1716088605.858735,3372519424,0,0
1716088606.8599074,3372519424,0,0
1716088607.8610976,3372519424,0,0
1716088608.8622882,3372519424,582633050,582633050
1716088609.8635163,3372519424,147,147
1716088610.8647182,3372519424,0,0
1716088611.865922,3372519424,34633238,34633238
1716088612.8671272,3372519424,0,0
1716088613.8683176,3372519424,669,669
1716088614.8688242,3372519424,0,0
1716088615.8700166,3372519424,0,0
1716088616.8712184,3372519424,1267900057,1267900057
1716088617.8724363,3372519424,1827474123,1827474123
1716088618.8728344,3372519424,652,652
1716088619.874021,3372519424,0,0
1716088620.8752475,3372519424,3958,3958
1716088621.8765051,3372519424,5540,5540
1716088622.8777485,3372519424,7456,7456
1716088623.8789964,3372519424,8330,8330
1716088624.8802323,3372519424,6187,6187
1716088625.8808773,3372519424,4396,4396
1716088626.8820958,3372519424,7279,7279
1716088627.883334,3372519424,7268,7268
1716088628.8845727,3372519424,6982,6982
1716088629.8848739,3372519424,7114,7114
1716088630.8861406,3372519424,7140,7140
1716088631.8873804,3372519424,5408,5408
1716088632.8886101,3372519424,8879,8879
1716088633.8888586,3372519424,7080,7080
1716088634.890087,3372519424,7179,7179
1716088635.8913279,3372519424,7298,7298
1716088636.8925803,3372519424,7614,7614
1716088637.8938246,3372519424,3772,3772
1716088638.8950856,3372519424,4946,4946
1716088639.8963456,3372519424,4589,4589
1716088640.8968716,3372519424,6814,6814
1716088641.8981102,3372519424,8873,8873
1716088642.8993409,3372519424,6578,6578
1716088643.900585,3372519424,2035,2035
1716088644.9018161,3372519424,460,460
1716088645.9030435,3372519424,3089,3089
1716088646.9042678,3372519424,4448,4448
1716088647.9048789,3372519424,5069,5069
1716088648.906112,3372519424,8153,8153
1716088649.9073381,3372519424,4615,4615
1716088650.9085705,3372519424,6933,6933
1716088651.909339,3372519424,4859,4859
1716088652.9105344,3372519424,1197,1197
1716088653.9117248,3372519424,7948,7948
1716088654.9128299,3372519424,4946,4946
1716088655.9140162,3372519424,7440,7440
1716088656.9152129,3372519424,7125,7125
1716088657.9164069,3372519424,7680,7680
1716088658.9168215,3372519424,3938,3938
1716088659.9180071,3372519424,8665,8665
1716088660.919199,3372519424,7813,7813
1716088661.9203866,3372519424,7828,7828
1716088662.920894,3372519424,5785,5785
1716088663.922091,3372519424,5256,5256
1716088664.9233449,3372519424,1737,1737
1716088665.924601,3372519424,0,0
