Timestamp,MemoryUsage,NetSent,NetRecv
1716086465.8420725,513126400,769,769
1716086466.8433485,518533120,10682,10682
1716086467.8446054,518533120,0,0
1716086468.845953,519024640,711,711
1716086469.8472917,519024640,0,0
1716086470.848773,519024640,0,0
1716086471.8501608,519024640,0,0
1716086472.8514106,519024640,0,0
1716086473.852819,519024640,600,600
1716086474.8543253,519024640,0,0
1716086475.8556473,519024640,0,0
1716086476.856854,519024640,0,0
1716086477.8582978,519024640,0,0
1716086478.8595786,519024640,600,600
1716086479.8609233,519024640,479,479
1716086480.8622487,519024640,0,0
1716086481.8629994,519024640,432,432
1716086482.8643105,519024640,103,103
1716086483.8651407,519024640,978,978
1716086484.8666008,519024640,0,0
1716086485.867999,519024640,427,427
1716086486.8692362,519024640,1293,1293
1716086487.8704412,519024640,3131,3131
1716086488.87168,519024640,3795,3795
1716086489.872929,519024640,0,0
1716086490.8741257,519024640,310,310
1716086491.8753407,519024640,0,0
1716086492.8765533,519024640,154,154
1716086493.8777661,519024640,456,456
1716086494.8790054,519024640,0,0
1716086495.8802056,519024640,0,0
1716086496.881406,519024640,0,0
1716086497.8826156,519024640,152,152
1716086498.8838208,519024640,448,448
1716086499.8850214,519024640,0,0
1716086500.8862238,519024640,0,0
1716086501.8874161,519024640,0,0
1716086502.8886266,519024640,152,152
1716086503.888838,519024640,448,448
1716086504.8900337,519024640,0,0
1716086505.8912401,519024640,0,0
1716086506.8924458,519024640,0,0
1716086507.892842,519024640,152,152
1716086508.8940473,519024640,448,448
1716086509.8952696,519024640,0,0
1716086510.8964915,519024640,0,0
1716086511.8977165,519024640,0,0
1716086512.8989377,519024640,152,152
1716086513.9001436,519024640,2544,2544
1716086514.9013574,519024640,2881,2881
1716086515.9025724,519024640,3096,3096
1716086516.9038022,519024640,2549,2549
1716086517.9050207,519024640,1374,1374
1716086518.906248,519024640,2254,2254
1716086519.907449,519024640,2432,2432
1716086520.908676,519024640,4472,4472
1716086521.909881,519024640,3430,3430
1716086522.9110847,519024640,1270,1270
1716086523.9123087,519024640,4449,4449
1716086524.9128506,519024640,2341,2341
1716086525.9140515,519024640,2547,2547
1716086526.9152546,519024640,3711,3711
1716086527.9164608,519024640,1702,1702
1716086528.9168713,519024640,5310,5310
1716086529.9181654,519024640,3271,3271
1716086530.9194624,519024640,4748,4748
1716086531.9208136,519024640,280,280
1716086532.9220605,519024640,313,313
1716086533.9233618,519024640,616,616
1716086534.924704,519024640,0,0
1716086535.9260154,519024640,1608,1608
1716086536.9272137,519024640,280,280
1716086537.9284015,519024640,309,309
1716086538.9296072,519024640,614,614
1716086539.9308093,519024640,0,0
1716086540.9320025,519024640,0,0
1716086541.9331915,519024640,0,0
1716086542.9343758,519024640,152,152
1716086543.9356513,519024640,448,448
1716086544.9369452,519024640,0,0
1716086545.9382224,519024640,0,0
1716086546.9394937,519024640,0,0
1716086547.940807,519024640,152,152
1716086548.9419816,519024640,448,448
1716086549.9431503,519024640,480,480
1716086550.9443283,519024640,0,0
1716086551.944812,519024640,423,423
1716086552.9459822,519024640,157,157
1716086553.947176,519024640,928,928
1716086554.9483845,519024640,0,0
1716086555.9495673,519024640,423,423
1716086556.950751,519024640,0,0
1716086557.9519289,519024640,527,527
1716086558.9531176,519024640,451,451
1716086559.9543066,519024640,157,157
1716086560.9554834,519024640,0,0
1716086561.9566934,519024640,0,0
1716086562.957877,519024640,154,154
1716086563.9590616,519024640,152,152
1716086564.9602587,519024640,4200700,4200700
1716086565.9608185,519024640,0,0
1716086566.9619946,519024640,0,0
1716086567.9631896,519024640,300,300
1716086568.9643683,519024640,300,300
1716086569.9648135,519024640,333617930,333617930
1716086570.9659956,568668160,102033886,102033886
1716086571.967174,568668160,0,0
1716086572.9683683,568668160,300,300
1716086573.9695551,568668160,300,300
1716086574.9707406,568668160,0,0
1716086575.9719474,838021120,550943095,550943095
1716086576.9731364,2071244800,2437596802,2437596802
1716086577.9743197,2071244800,542,542
1716086578.9755025,2071244800,300,300
1716086579.9767096,2071244800,0,0
1716086580.9778914,2071244800,0,0
1716086586.29724,5640540160,2205885364,2205885364
1716086587.298961,5781655552,8186,8186
1716086588.3169081,5781655552,7343,7343
1716086589.347527,5782147072,5181,5181
1716086590.3619728,5782147072,10435,10435
1716086591.3835847,5782147072,5879,5879
1716086592.410108,5782147072,7181,7181
1716086593.4175289,5782638592,1514,1514
1716086594.4375744,5782638592,7237,7237
1716086595.454642,5783130112,8355,8355
1716086596.4853892,5783621632,4956,4956
1716086597.5007915,5784113152,5114,5114
1716086598.5061138,5775290368,7862,7862
1716086599.5190964,5791510528,7105,7105
1716086600.534672,5782138880,4610,4610
1716086601.560816,5787131904,4676,4676
1716086602.5718057,5787545600,6783,6783
1716086603.586779,5787545600,7748,7748
1716086604.6142833,5788037120,7084,7084
1716086605.6338422,5788606464,6999,6999
1716086606.6438103,5791588352,1502,1502
1716086607.653707,5790208000,9272,9272
1716086608.666392,5808885760,5035,5035
1716086609.6703045,5809377280,7091,7091
1716086610.6851735,5791014912,4603,4603
1716086611.6936154,5800845312,6941,6941
1716086612.6995056,5811404800,3747,3747
1716086613.7149673,5805088768,7926,7926
1716086614.736963,5850800128,4800,4800
1716086615.7410126,5802233856,7418,7418
1716086616.7628398,5851877376,4464,4464
1716086617.7796793,5852860416,7346,7346
1716086618.809137,5853319168,7835,7835
1716086619.8136148,5853319168,7243,7243
1716086620.8538353,5854511104,4739,4739
1716086621.8562949,5845606400,7642,7642
1716086622.8982522,5846200320,5522,5522
1716086623.906743,5916401664,5328,5328
1716086624.9102495,5917409280,7431,7431
1716086625.926713,5955883008,1762,1762
1716086626.9279785,5956374528,7877,7877
1716086627.946605,5957324800,4751,4751
1716086628.9687064,5957459968,6692,6692
1716086629.9715915,5957459968,5595,5595
1716086630.9852896,5957459968,6155,6155
1716086631.9856927,6022832128,6843,6843
1716086632.9869454,5957394432,4410,4410
1716086633.9882357,6126157824,1074,1074
1716086634.988944,6000607232,417,417
1716086635.9905694,6000607232,752,752
1716086636.9918516,6250356736,7551,7551
1716086637.9929748,5997060096,2565,2565
1716086638.9942684,5998686208,1223,1223
1716086639.9954796,5998686208,1525,1525
1716086640.9967937,6031314944,0,0
1716086641.9981003,5997731840,303,303
1716086642.999345,5999087616,1412,1412
1716086644.000666,6197833728,1304,1304
1716086645.0019665,6080331776,0,0
1716086646.0028152,5998264320,302,302
1716086647.0040917,5998264320,1533,1533
1716086648.0049698,6306467840,1254,1254
1716086649.0063088,6036455424,155,155
1716086650.007569,5998051328,1117,1117
1716086651.0089524,6073856000,0,0
1716086652.010232,5979848704,302,302
1716086653.011575,5999910912,2981,2981
1716086654.0129108,6133116928,155,155
1716086655.0142412,6054412288,725,725
1716086656.0155947,5999775744,459,459
1716086657.0169234,5999775744,277,277
1716086658.018223,6254694400,922,922
1716086659.01947,5996605440,1569,1569
1716086660.0208516,5996605440,0,0
1716086661.0221567,6148202496,720,720
1716086662.023384,6000816128,1521,1521
1716086663.0246935,6000816128,404,404
1716086664.0259635,5999452160,880,880
1716086665.027242,5999030272,170,170
1716086666.028543,5999030272,1346,1346
1716086667.0292187,6057340928,731,731
1716086668.0305722,5998383104,1191,1191
1716086669.0319295,6074945536,4228,4228
1716086670.0330865,6126592000,2990,2990
1716086671.0345545,5999882240,854,854
1716086672.0358465,5999058944,2038,2038
1716086673.0369112,5996314624,1154,1154
1716086674.0381806,5998850048,1577,1577
1716086675.0396552,6292189184,1431,1431
1716086676.0684247,6013034496,6040,6040
1716086677.0717783,6013526016,4251,4251
1716086678.108002,6013526016,2707,2707
1716086679.112544,6013526016,3064,3064
1716086680.1256115,6013526016,7484,7484
1716086681.1453319,6022864896,4466,4466
1716086682.1493504,6054322176,7059,7059
1716086683.1717405,6088728576,9699,9699
1716086684.1886344,6120185856,7698,7698
1716086685.2206326,6152134656,4237,4237
1716086686.2354898,6186541056,5738,5738
1716086687.2481,6217998336,4591,4591
1716086688.274022,6252896256,5382,5382
1716086689.2778566,6287302656,5553,5553
1716086690.3010523,6325149696,7190,7190
1716086691.3297668,6362996736,2324,2324
1716086692.3398952,6394454016,6162,6162
1716086693.361608,6435250176,7294,7294
1716086694.3875616,6474080256,7421,7421
1716086695.4022639,6508978176,8038,8038
1716086696.420037,6549282816,4580,4580
1716086697.4545949,6596960256,5461,5461
1716086698.4861019,6643654656,4698,4698
1716086699.517151,6690840576,5861,5861
1716086700.5463786,6738518016,94717,94717
1716086701.5772946,6785703936,4500,4500
1716086702.5940409,6829940736,3871,3871
1716086703.6236854,6880243712,7546,7546
1716086704.6480062,6943412224,5306,5306
1716086705.673722,6984208384,1369,1369
1716086706.7062275,7041015808,5996,5996
1716086707.7080395,7116390400,4376,4376
1716086708.7232304,7135068160,5062,5062
1716086709.7426221,7213969408,5104,5104
1716086710.7698145,7290003456,5841,5841
1716086711.7790968,7302291456,2823,2823
1716086712.810623,7368155136,2979,2979
1716086713.811882,7444238336,5257,5257
1716086714.8230217,7494373376,6108,6108
1716086715.8409784,7575965696,3104,3104
1716086716.864361,7655129088,4181,4181
1716086717.8665178,7702315008,2298,2298
1716086736.2134752,9656950784,3532895771,3532895771
1716086737.2146704,12684767232,210441336,210441336
1716086738.2158663,12684767232,553,553
1716086739.2168422,12684767232,553313958,553313958
1716086740.2180767,12684767232,473260249,473260249
1716086741.2192702,8938684416,845704402,845704402
1716086742.2204726,8938684416,0,0
1716086743.2208323,8938684416,448,448
1716086744.222019,8938684416,152,152
1716086745.2232218,8938684416,0,0
1716086746.2244382,8938684416,2539,2539
1716086747.2248836,8938684416,4122,4122
1716086748.2261264,8938684416,4585,4585
1716086749.22744,8938684416,5283,5283
1716086750.228709,8938684416,2855,2855
1716086751.2299466,8938684416,4468,4468
1716086752.2312012,8938684416,4169,4169
1716086753.232433,8938684416,6027,6027
1716086754.23288,8938684416,5225,5225
1716086755.2341852,8938684416,4848,4848
1716086756.235426,8938684416,5692,5692
1716086757.2360377,8938684416,1285,1285
1716086758.2368402,8938684416,4206,4206
1716086759.2380462,8938684416,4615,4615
1716086760.239254,8938684416,4331,4331
1716086761.2404487,8938684416,4003,4003
1716086762.2416477,8938684416,4152,4152
1716086763.2428465,8938684416,2400,2400
1716086764.2440438,8938684416,2914,2914
1716086765.245254,8938684416,4504,4504
1716086766.2464387,8938684416,3947,3947
1716086767.247635,8938684416,3266,3266
1716086768.2488456,8938684416,5217,5217
1716086769.2500362,8938684416,4038,4038
1716086770.2512305,8938684416,4689,4689
1716086771.252428,8938684416,3920,3920
1716086772.253649,8938684416,4993,4993
1716086773.2548506,8938684416,4400,4400
1716086774.256061,8938684416,4221,4221
1716086775.2572768,8938684416,4075,4075
1716086776.2584908,8938684416,3835,3835
1716086777.2596846,8938684416,4217,4217
1716086778.2608936,8938684416,4504,4504
1716086779.262086,8938684416,5554,5554
1716086780.2632878,8938684416,2866,2866
1716086781.264547,8938684416,3914,3914
1716086782.2657547,8938684416,3588,3588
1716086783.2669487,8938684416,4407,4407
1716086784.2681472,8938684416,3069,3069
1716086785.2693539,8938684416,2190,2190
1716086786.270559,8938684416,3535,3535
1716086787.2717705,8938684416,3989,3989
1716086788.272876,8938684416,1792,1792
1716086789.2734652,8938684416,3372,3372
1716086790.2747347,8938684416,4386,4386
1716086791.2749658,8938684416,2740,2740
1716086792.276181,8938684416,4060,4060
1716086793.2768426,8938684416,3722,3722
1716086794.278037,8938684416,5764,5764
1716086795.2792575,8938684416,2808,2808
1716086796.2804544,8938684416,7176,7176
1716086797.2808444,8938684416,4156,4156
1716086798.2818816,8938684416,5092,5092
1716086799.283128,8938684416,4408,4408
1716086800.2844167,8938684416,3945,3945
1716086801.285704,8938684416,2654,2654
1716086802.287128,8938684416,5102,5102
1716086803.2884073,8938684416,4659,4659
1716086804.2888985,8938684416,4109,4109
1716086805.2901511,8938684416,5158,5158
1716086806.29138,8938684416,4832,4832
1716086807.292585,8938684416,2248,2248
1716086808.292865,8938684416,2562,2562
1716086809.2940707,8938684416,5188,5188
1716086810.2952757,8938684416,4105,4105
1716086811.2964742,8938684416,3725,3725
1716086812.2968478,8938684416,5131,5131
1716086813.2980304,8938684416,4194,4194
1716086814.2992256,8938684416,4071,4071
1716086815.300407,8938684416,3953,3953
1716086816.3008475,8938684416,4650,4650
1716086817.3020368,8938684416,1671,1671
1716086818.3032386,8938684416,3922,3922
1716086819.3044312,8938684416,4371,4371
1716086820.304847,8938684416,2047,2047
1716086821.3060524,8938684416,3700,3700
1716086822.3072464,8938684416,4206,4206
1716086823.3084645,8938684416,4534,4534
1716086824.308844,8938684416,4391,4391
1716086825.3100438,8938684416,4091,4091
1716086826.3112519,8938684416,2321,2321
1716086827.312441,8938684416,4956,4956
1716086828.3128445,8938684416,3945,3945
1716086829.314049,8938684416,2991,2991
1716086830.3147848,8938684416,3441,3441
1716086831.3160822,8938684416,5775,5775
1716086832.3173387,8938684416,11010,11010
1716086833.3185887,8938684416,14587,14587
1716086834.319846,8938684416,9299,9299
1716086835.3211293,8938684416,2666,2666
1716086836.3223774,8938684416,6509,6509
1716086837.3236148,8938684416,4250,4250
1716086838.3248813,8938684416,1438,1438
1716086839.326132,8938684416,5354,5354
1716086840.3273878,8938684416,4467,4467
1716086841.3286498,8938684416,3744,3744
1716086842.3298883,8938684416,3879,3879
1716086843.331126,8938684416,4242,4242
1716086844.3323612,8938684416,3168,3168
1716086845.3328807,8938684416,2137,2137
1716086846.3341808,8938684416,4077,4077
1716086847.3354242,8938684416,4689,4689
1716086848.3367264,8938684416,3374,3374
1716086849.3379724,8938684416,3394,3394
1716086850.3389666,8938684416,4327,4327
1716086851.3401551,8938684416,4229,4229
1716086852.3413541,8938684416,5173,5173
1716086853.3425465,8938684416,4435,4435
1716086854.3435557,8938684416,4279,4279
1716086855.3457472,8938684416,3343,3343
1716086856.347005,8938684416,0,0
1716086857.3488462,8938684416,316,316
1716086858.350122,8938684416,459,459
1716086859.351664,8938684416,154,154
1716086860.3543274,8938684416,0,0
1716086861.3556268,8938684416,0,0
1716086862.357335,8938684416,0,0
1716086863.3586109,8938684416,448,448
1716086864.360156,8938684416,152,152
1716086865.3610582,8938684416,0,0
1716086866.36231,8938684416,0,0
1716086867.3637567,8938684416,0,0
1716086868.3649664,8938684416,1640,1640
1716086869.3661647,8938684416,155,155
1716086870.367394,8938684416,303,303
1716086871.368593,8938684416,0,0
1716086872.368832,8938684416,0,0
1716086873.3691814,8938684416,451,451
1716086874.3704407,8938684416,152,152
1716086875.3716433,8938684416,0,0
1716086876.3728435,8938684416,0,0
1716086877.3740454,8938684416,0,0
1716086878.3752406,8938684416,448,448
1716086879.3764408,8938684416,152,152
1716086880.376836,8938684416,0,0
1716086881.3780334,8938684416,0,0
1716086882.3792186,8938684416,0,0
1716086883.3804064,8938684416,448,448
1716086884.3816013,8938684416,152,152
1716086885.382793,8938684416,380,380
1716086886.3839874,8938684416,2090,2090
1716086887.3848312,8938684416,0,0
1716086888.3860428,8938684416,448,448
1716086889.3872445,8938684416,152,152
1716086890.3884544,8938684416,0,0
1716086891.3888345,8938684416,0,0
1716086892.3901482,8938684416,0,0
1716086893.391359,8938684416,448,448
1716086894.3924696,8938684416,152,152
1716086895.3936732,8938684416,0,0
1716086896.3948746,8938684416,0,0
1716086897.396079,8938684416,0,0
1716086898.3968425,8938684416,392639544,392639544
1716086899.3980546,8938684416,344,344
1716086900.3992515,8938684416,0,0
1716086901.4004464,8938684416,0,0
1716086902.4016445,8938684416,392500215,392500215
1716086903.4028397,8938684416,448,448
1716086904.4040456,8938684416,152,152
1716086905.4052448,8938684416,0,0
1716086906.4064467,8938684416,17841277,17841277
1716086907.407654,8938684416,921791427,921791427
1716086908.4088414,8938684416,448,448
1716086909.410041,8938684416,152,152
1716086910.411254,8938684416,2554,2554
1716086911.4126036,8938684416,693563028,693563028
1716086912.4138632,8938684416,1345155550,1345155550
1716086913.4150798,8938684416,4808,4808
1716086914.4163277,8938684416,6776,6776
1716086915.4175391,8938684416,4408,4408
1716086916.4188232,8938684416,7872,7872
1716086917.4200857,8938684416,6588,6588
1716086918.4213376,8938684416,4569,4569
1716086919.4226282,8938684416,5063,5063
1716086920.4238796,8938684416,4772,4772
1716086921.4251382,8938684416,7203,7203
1716086922.42638,8938684416,7346,7346
1716086923.4276354,8938684416,7772,7772
1716086924.428887,8938684416,6091,6091
1716086925.4301512,8938684416,2757,2757
1716086926.4314263,8938684416,7119,7119
1716086927.4327326,8938684416,5937,5937
1716086928.434004,8938684416,7833,7833
1716086929.4352732,8938684416,7758,7758
1716086930.436527,8938684416,4654,4654
1716086931.4368894,8938684416,3238,3238
1716086932.4381788,8938684416,7508,7508
1716086933.4394588,8938684416,6631,6631
1716086934.4407635,8938684416,7218,7218
1716086935.442037,8938684416,7305,7305
1716086936.4433107,8938684416,7290,7290
1716086937.4445794,8938684416,3568,3568
1716086938.4448962,8938684416,4715,4715
1716086939.4461765,8938684416,6273,6273
1716086940.4474614,8938684416,7311,7311
1716086941.448714,8938684416,7793,7793
1716086942.4499962,8938684416,5731,5731
1716086943.4512517,8938684416,4013,4013
1716086944.45252,8938684416,3071,3071
1716086945.4538383,8938684416,5484,5484
1716086946.4551084,8938684416,5845,5845
1716086947.4563856,8938684416,5503,5503
1716086948.456917,8938684416,7725,7725
1716086949.4581723,8938684416,8092,8092
1716086950.4594655,8938684416,6454,6454
1716086951.460778,8938684416,4965,4965
1716086952.4619856,8938684416,4506,4506
1716086953.4632523,8938684416,5274,5274
1716086954.4646075,8938684416,6751,6751
1716086955.465845,8938684416,6102,6102
1716086956.46707,8938684416,6565,6565
1716086957.4683418,8938684416,3751,3751
1716086958.468912,8938684416,3483,3483
1716086959.4701612,8938684416,1346,1346
1716086960.4714887,8938684416,1856,1856
1716086961.4728549,8938684416,0,0
1716086962.4741936,8938684416,303,303
1716086963.475532,8938684416,959,959
1716086964.4769018,8938684416,155,155
1716086965.4781144,8938684416,0,0
1716086966.479357,8938684416,0,0
1716086967.4805796,8938684416,0,0
1716086968.4808667,8938684416,448,448
1716086969.4820855,8938684416,152,152
1716086970.483302,8938684416,0,0
1716086971.4845207,8938684416,0,0
1716086972.484871,8938684416,0,0
1716086973.486103,8938684416,448,448
1716086974.48735,8938684416,152,152
1716086975.487755,8938684416,0,0
1716086976.4890468,8938684416,0,0
1716086977.4904149,8938684416,0,0
1716086978.491719,8938684416,448,448
1716086979.4930825,8938684416,152,152
1716086980.494309,8938684416,0,0
1716086981.4955082,8938684416,0,0
1716086982.496754,8938684416,0,0
1716086983.4979913,8938684416,344,344
1716086984.499241,8938684416,152,152
1716086985.5004466,8938684416,0,0
1716086986.501647,8938684416,0,0
1716086987.5028608,8938684416,0,0
1716086988.504072,8938684416,448,448
1716086989.5055,8938684416,152,152
1716086990.5068605,8938684416,0,0
1716086991.508166,8938684416,0,0
1716086992.5094864,8938684416,0,0
1716086993.5107398,8938684416,448,448
1716086994.5119452,8938684416,290840998,290840998
1716086995.5131564,8938684416,0,0
1716086996.5143492,8938684416,0,0
1716086997.5155418,8938684416,0,0
1716086998.5167804,8938684416,448,448
1716086999.5179925,8938684416,152,152
1716087000.5191994,8938684416,90962,90962
1716087001.5204108,8938684416,17841368,17841368
1716087002.5209036,8938684416,1433819427,1433819427
1716087003.522159,8938684416,2021151906,2021151906
1716087004.5234044,8938684416,152,152
1716087005.5246346,8938684416,0,0
1716087006.525959,8938684416,3378,3378
1716087007.527231,8938684416,6288,6288
1716087008.5284934,8938684416,6493,6493
1716087009.528898,8938684416,4975,4975
1716087010.5301821,8938684416,4574,4574
1716087011.5314457,8938684416,7079,7079
1716087012.5327554,8938684416,4833,4833
1716087013.534022,8938684416,7761,7761
1716087014.535327,8938684416,5070,5070
1716087015.53659,8938684416,5612,5612
1716087016.5369096,8938684416,6184,6184
1716087017.538171,8938684416,3697,3697
1716087018.5394375,8938684416,5496,5496
1716087019.5407305,8938684416,4643,4643
1716087020.5419827,8938684416,4496,4496
1716087021.5432382,8938684416,2826,2826
1716087022.544503,8938684416,5626,5626
1716087023.5449028,8938684416,4955,4955
1716087024.5461752,8938684416,7448,7448
1716087025.5474324,8938684416,7165,7165
1716087026.548759,8938684416,6804,6804
1716087027.5500643,8938684416,4788,4788
1716087028.5513296,8938684416,4554,4554
1716087029.55258,8938684416,5183,5183
1716087030.5529246,8938684416,4815,4815
1716087031.5545301,8938684416,5405,5405
1716087032.5557897,8938684416,6628,6628
1716087033.5569031,8938684416,7997,7997
1716087034.5581627,8938684416,4251,4251
1716087035.559441,8938684416,6561,6561
1716087036.5607345,8938684416,4724,4724
1716087037.5619977,8938684416,5797,5797
1716087038.5632694,8938684416,5800,5800
1716087039.564543,8938684416,4398,4398
1716087040.5649204,8938684416,2820,2820
1716087041.5661726,8938684416,2691,2691
1716087042.5674531,8938684416,4934,4934
1716087043.5687468,8938684416,4711,4711
1716087044.5700283,8938684416,4406,4406
1716087045.571298,8938684416,4782,4782
1716087046.5725584,8938684416,4450,4450
1716087047.5729249,8938684416,6783,6783
1716087048.5741894,8938684416,2657,2657
1716087049.5754683,8938684416,8490,8490
1716087050.5767589,8938684416,7273,7273
1716087051.5780406,8938684416,10738,10738
1716087052.5793102,8938684416,7561,7561
1716087053.5805974,8938684416,2538,2538
1716087054.5809393,8938684416,393,393
1716087055.582197,8938684416,2346,2346
1716087056.5834959,8938684416,4302,4302
1716087057.5848186,8938684416,25355,25355
1716087058.5861645,8938684416,6447,6447
1716087059.5875502,8938684416,3487,3487
1716087060.588938,8938684416,1682,1682
1716087061.5902374,8938684416,4105,4105
1716087062.5915353,8938684416,2199,2199
1716087063.5928028,8938684416,179130,179130
1716087064.5940676,8938684416,9535,9535
1716087065.5953465,8938684416,5355,5355
1716087066.5966232,8938684416,4007,4007
1716087067.5969331,8938684416,6727,6727
1716087068.5982165,8938684416,6362,6362
1716087069.5993621,8938684416,5532,5532
1716087070.6000426,8938684416,2649,2649
1716087071.6009712,8938684416,2880,2880
1716087072.6022615,8938684416,9615,9615
1716087073.6035411,8938684416,2825,2825
1716087074.6048799,8938684416,734,734
1716087075.6062543,8938684416,6605,6605
1716087076.606951,8938684416,3863,3863
1716087077.6082547,8938684416,868,868
1716087078.6089103,8938684416,1462,1462
1716087079.610176,8938684416,1246,1246
1716087080.6115835,8938684416,781,781
1716087081.6129384,8938684416,732,732
1716087082.614263,8938684416,774,774
1716087083.6155503,8938684416,480,480
1716087084.6168334,8938684416,4403,4403
1716087085.6182425,8938684416,1859,1859
1716087086.6195292,8938684416,790,790
1716087087.6208143,8938684416,742,742
1716087088.6220937,8938684416,2058,2058
1716087089.6234004,8938684416,0,0
1716087090.6247163,8938684416,930,930
1716087091.6261165,8938684416,486,486
1716087092.627465,8938684416,152,152
1716087093.628744,8938684416,2872,2872
1716087094.6300275,8938684416,778,778
1716087095.631422,8938684416,0,0
1716087096.6327555,8938684416,1526,1526
1716087097.634114,8938684416,2420,2420
1716087098.6353557,8938684416,3098,3098
1716087099.636583,8938684416,1969,1969
1716087100.6368876,8938684416,1203,1203
1716087101.638287,8938684416,2621,2621
1716087102.6396022,8938684416,4560,4560
1716087103.6408708,8938684416,7066,7066
1716087104.6420963,8938684416,6272,6272
1716087105.6433122,8938684416,1714,1714
1716087106.6445355,8938684416,8517,8517
1716087107.6457672,8938684416,13072,13072
1716087108.646975,8938684416,5263,5263
1716087109.6482131,8938684416,11867,11867
1716087110.648845,8938684416,4765,4765
1716087111.6500685,8938684416,5628,5628
1716087112.651297,8938684416,3824,3824
1716087113.65252,8938684416,5005,5005
1716087114.653754,8938684416,4474,4474
1716087115.654965,8938684416,6593,6593
1716087116.6561778,8938684416,4380,4380
1716087117.6568747,8938684416,6651,6651
1716087118.6580994,8938684416,7486,7486
1716087119.6593306,8938684416,4238,4238
1716087120.6605499,8938684416,6618,6618
1716087121.660871,8938684416,7202,7202
1716087122.6620922,8938684416,7594,7594
1716087123.6633122,8938684416,7982,7982
1716087124.664535,8938684416,4771,4771
1716087125.6657698,8938684416,1588,1588
1716087126.6670122,8938684416,4873,4873
1716087127.668246,8938684416,4786,4786
1716087128.6688576,8938684416,1663,1663
1716087129.66986,8938684416,4291,4291
1716087130.6710885,8938684416,2755,2755
1716087131.672307,8938684416,3933,3933
1716087132.6735227,8938684416,5281,5281
1716087133.6747258,8938684416,5372,5372
1716087134.6759562,8938684416,4228,4228
1716087135.6768832,8938684416,3504,3504
1716087136.6781032,8938684416,4024,4024
1716087137.6793244,8938684416,3676,3676
1716087138.680558,8938684416,4917,4917
1716087139.681814,8938684416,5368,5368
1716087140.6830497,8938684416,2967,2967
1716087141.6842844,8938684416,2667,2667
1716087142.6848688,8938684416,5044,5044
1716087143.686118,8938684416,3370,3370
1716087144.6873367,8938684416,1243,1243
1716087145.6885598,8938684416,622,622
1716087146.6888802,8938684416,152,152
1716087147.6901143,8938684416,159,159
1716087148.6913562,8938684416,611,611
1716087149.692599,8938684416,0,0
1716087150.6938422,8938684416,0,0
1716087151.6950715,8938684416,914,914
1716087152.6963022,8938684416,0,0
1716087153.6968784,8938684416,798,798
1716087154.6981096,8938684416,0,0
1716087155.699337,8938684416,0,0
1716087156.700572,8938684416,210331853,210331853
1716087157.7017043,8938684416,1661442925,1661442925
1716087158.7029624,8938684416,457,457
1716087159.7042005,8938684416,341,341
1716087160.7048736,8938684416,0,0
1716087161.7061381,8938684416,99231,99231
1716087162.7073872,8938684416,1766419823,1766419823
1716087163.7086236,8938684416,1741210071,1741210071
1716087164.7088408,8938684416,1574677,1574677
1716087165.7100375,8938684416,156,156
1716087166.7112353,8938684416,0,0
1716087167.7124403,8938684416,104,104
1716087168.7136712,8938684416,600,600
1716087169.7150326,8938684416,238173114,238173114
1716087170.7162843,8938684416,216,216
1716087171.7175195,8938684416,0,0
1716087172.7187467,8938684416,0,0
1716087173.719965,8938684416,600,600
1716087174.721177,8938684416,0,0
1716087175.72238,8938684416,1377,1377
1716087176.7230072,8938684416,2672,2672
1716087177.7242634,8938684416,3094,3094
1716087178.724894,8938684416,7046,7046
1716087179.7261467,8938684416,3725,3725
1716087180.727395,8938684416,1170,1170
1716087181.7286777,8938684416,732,732
1716087182.7299347,8938684416,3620,3620
1716087183.730338,8938684416,3737,3737
1716087184.7315571,8938684416,5922,5922
1716087185.7327943,8938684416,4739,4739
1716087186.734014,8938684416,2342,2342
1716087187.73523,8938684416,2636,2636
1716087188.736444,8938684416,1576,1576
1716087189.737663,8938684416,703,703
1716087190.7388957,8938684416,3979,3979
1716087191.7401097,8938684416,5749,5749
1716087192.7413313,8938684416,3166,3166
1716087193.7425334,8938684416,3993,3993
1716087194.7437527,8938684416,4109,4109
1716087195.7449658,8938684416,4111,4111
1716087196.7461643,8938684416,1432,1432
1716087197.7473834,8938684416,4977,4977
1716087198.7485952,8938684416,5048,5048
1716087199.74982,8938684416,4732,4732
1716087200.751044,8938684416,4429,4429
1716087201.752269,8938684416,5029,5029
1716087202.7534904,8938684416,2732,2732
1716087203.7547045,8938684416,4993,4993
1716087204.7559319,8938684416,6323,6323
1716087205.757147,8938684416,3760,3760
1716087206.7583718,8938684416,5587,5587
1716087207.7595854,8938684416,3166,3166
1716087208.760862,8938684416,4140,4140
1716087209.7620695,8938684416,1303,1303
1716087210.763301,8938684416,2658,2658
1716087211.7645175,8938684416,2361,2361
1716087212.7657437,8938684416,2818,2818
1716087213.7669642,8938684416,5144,5144
1716087214.7681708,8938684416,3538,3538
1716087215.769384,8938684416,1124,1124
1716087216.7705994,8938684416,2992,2992
1716087217.7718225,8938684416,2099,2099
1716087218.7730467,8938684416,3137,3137
1716087219.7742615,8938684416,3854,3854
1716087220.7754784,8938684416,5029,5029
1716087221.7767231,8938684416,4258,4258
1716087222.7779698,8938684416,6551,6551
1716087223.7791789,8938684416,6807,6807
1716087224.7803977,8938684416,2817,2817
1716087225.7816133,8938684416,3328,3328
1716087226.7828417,8938684416,6767,6767
1716087227.7840548,8938684416,4171,4171
1716087228.7848623,8938684416,7001,7001
1716087229.7860875,8938684416,3988,3988
1716087230.7873046,8938684416,2016,2016
1716087231.7885132,8938684416,998,998
1716087232.788857,8938684416,5219,5219
1716087233.7900581,8938684416,3687,3687
1716087234.7912757,8938684416,4968,4968
1716087235.7925205,8938684416,2354,2354
1716087236.7928514,8938684416,2036,2036
1716087237.7940693,8938684416,2554,2554
1716087238.795287,8938684416,2760,2760
1716087239.7965007,8938684416,5180,5180
1716087240.7968564,8938684416,1373,1373
1716087241.798085,8938684416,5905,5905
1716087242.79932,8938684416,1114,1114
1716087243.8005886,8938684416,5120,5120
1716087244.8008976,8938684416,2597,2597
1716087245.8021488,8938684416,3526,3526
1716087246.803409,8938684416,2968,2968
1716087247.8046927,8938684416,3559,3559
1716087248.8059847,8938684416,4805,4805
1716087249.8072448,8938684416,2993,2993
1716087250.8085215,8938684416,3547,3547
1716087251.8088958,8938684416,2325,2325
1716087252.810165,8938684416,4461,4461
1716087253.8114266,8938684416,4707,4707
1716087254.812712,8938684416,4190,4190
1716087255.8139732,8938684416,4182,4182
1716087256.8152356,8938684416,3173,3173
1716087257.8164968,8938684416,3650,3650
1716087258.817756,8938684416,6778,6778
1716087259.819014,8938684416,1632,1632
1716087260.8202739,8938684416,4264,4264
1716087261.8215466,8938684416,6503,6503
1716087262.8228087,8938684416,2455,2455
1716087263.8240674,8938684416,3993,3993
1716087264.8249047,8938684416,4155,4155
1716087265.8261552,8938684416,3462,3462
1716087266.8274162,8938684416,4054,4054
1716087267.8286989,8938684416,4097,4097
1716087268.8295121,8938684416,4556,4556
1716087269.8307135,8938684416,1062,1062
1716087270.831915,8938684416,2236,2236
1716087271.832847,8938684416,6898,6898
1716087272.834049,8938684416,1725,1725
1716087273.8352628,8938684416,18593,18593
1716087274.8364732,8938684416,8640,8640
1716087275.8368576,8938684416,6653,6653
1716087276.8380654,8938684416,2037,2037
1716087277.8392777,8938684416,3998,3998
1716087278.8404903,8938684416,4771,4771
1716087279.8408518,8938684416,3252,3252
1716087280.8422966,8938684416,6081,6081
1716087281.8435035,8938684416,7702,7702
1716087282.8447437,8938684416,9220,9220
1716087283.845993,8938684416,5380,5380
1716087284.8472018,8938684416,4570,4570
1716087285.848449,8938684416,6314,6314
1716087286.8489342,8938684416,3678,3678
1716087287.8501737,8938684416,0,0
1716087288.851568,8938684416,618,618
1716087289.852879,8938684416,0,0
1716087290.8553762,8938684416,0,0
1716087291.8571568,8938684416,0,0
1716087292.858452,8938684416,0,0
1716087293.8597522,8938684416,496,496
1716087294.8609116,8938684416,0,0
1716087295.8622284,8938684416,0,0
1716087296.86349,8938684416,0,0
1716087297.8650198,8938684416,0,0
1716087298.8662643,8938684416,600,600
1716087299.8674664,8938684416,1178,1178
1716087300.86871,8938684416,90892,90892
1716087301.8699443,8938684416,310,310
1716087302.8708358,8938684416,0,0
1716087303.8720572,8938684416,612,612
1716087304.8728645,8938684416,0,0
1716087305.8740816,8938684416,0,0
1716087306.8753054,8938684416,0,0
1716087307.8765266,8938684416,0,0
1716087308.8768525,8938684416,600,600
1716087309.8780603,8938684416,0,0
1716087310.879268,8938684416,0,0
1716087311.8804834,8938684416,0,0
1716087312.8808687,8938684416,0,0
1716087313.8820887,8938684416,600,600
1716087314.8833091,8938684416,0,0
1716087315.884528,8938684416,0,0
1716087316.8848624,8938684416,1520,1520
1716087317.8860939,8938684416,0,0
1716087318.8873117,8938684416,496,496
1716087319.888523,8938684416,0,0
1716087320.8888535,8938684416,0,0
1716087321.8900762,8938684416,0,0
1716087322.8913255,8938684416,0,0
1716087323.8925273,8938684416,600,600
1716087324.8928323,8938684416,0,0
1716087325.8940213,8938684416,0,0
1716087326.8952148,8938684416,0,0
1716087327.896418,8938684416,0,0
1716087328.8968349,8938684416,600,600
1716087329.8980196,8938684416,0,0
1716087330.8992147,8938684416,0,0
1716087331.9004068,8938684416,0,0
1716087332.9008617,8938684416,0,0
1716087333.9020753,8938684416,600,600
1716087334.9033096,8938684416,0,0
1716087335.904525,8938684416,0,0
1716087336.905761,8938684416,0,0
1716087337.9069777,8938684416,33608765,33608765
1716087338.9081655,8938684416,753768406,753768406
1716087339.9088361,8938684416,147,147
1716087340.9100173,8938684416,0,0
1716087341.9111974,8938684416,0,0
1716087342.9124086,8938684416,34643261,34643261
1716087343.9129045,8938684416,2690372949,2690372949
1716087344.9141545,8938684416,251554025,251554025
1716087345.9153888,8938684416,0,0
1716087346.9166265,8938684416,1960,1960
1716087347.9169226,8938684416,6812,6812
1716087348.9181945,8938684416,2476,2476
1716087349.9194531,8938684416,8787,8787
1716087350.920741,8938684416,4754,4754
1716087351.9210877,8938684416,7650,7650
1716087352.9223046,8938684416,7322,7322
1716087353.9235158,8938684416,7808,7808
1716087354.9247558,8938684416,6127,6127
1716087355.9254787,8938684416,2692,2692
1716087356.9267242,8938684416,4771,4771
1716087357.9279704,8938684416,4319,4319
1716087358.9288864,8938684416,3823,3823
1716087359.930009,8938684416,4528,4528
1716087360.9312205,8938684416,7669,7669
1716087361.9324317,8938684416,2282,2282
1716087362.9332545,8938684416,6274,6274
1716087363.9345088,8938684416,5179,5179
1716087364.935756,8938684416,7206,7206
1716087365.936902,8938684416,4738,4738
1716087366.9381783,8938684416,6631,6631
1716087367.9394448,8938684416,6071,6071
1716087368.9407322,8938684416,5425,5425
1716087369.9420047,8938684416,6826,6826
1716087370.943276,8938684416,7010,7010
1716087371.9445732,8938684416,6842,6842
1716087372.9458718,8938684416,6977,6977
1716087373.9471457,8938684416,5855,5855
1716087374.948423,8938684416,6382,6382
1716087375.9497123,8938684416,4729,4729
1716087376.9510424,8938684416,4994,4994
1716087377.952314,8938684416,5669,5669
1716087378.952909,8938684416,5931,5931
1716087379.9541693,8938684416,5413,5413
1716087380.9554384,8938684416,5917,5917
1716087381.9567282,8938684416,7254,7254
1716087382.9579968,8938684416,7132,7132
1716087383.9592507,8938684416,7664,7664
1716087384.9605153,8938684416,6496,6496
1716087385.960907,8938684416,1974,1974
1716087386.9622233,8938684416,7166,7166
1716087387.9635096,8938684416,4926,4926
1716087388.9647977,8938684416,7241,7241
1716087389.9660635,8938684416,5239,5239
1716087390.967345,8938684416,3104,3104
1716087391.9686224,8938684416,1075,1075
1716087392.9689476,8938684416,2696,2696
1716087393.9698842,8938684416,2222,2222
1716087394.971167,8938684416,2361,2361
1716087395.9723916,8938684416,2823,2823
1716087396.9731236,8938684416,1440,1440
1716087397.9743547,8938684416,309,309
1716087398.9755883,8938684416,465,465
1716087399.9768455,8938684416,0,0
1716087400.9780717,8938684416,0,0
1716087401.9793134,8938684416,4733,4733
1716087402.9805443,8938684416,257,257
1716087403.9817953,8938684416,307,307
1716087404.9830174,8938684416,0,0
1716087405.9842243,8938684416,0,0
1716087406.985472,8938684416,575,575
1716087407.9867034,8938684416,3843,3843
1716087408.9879642,8938684416,486,486
1716087409.989196,8938684416,159,159
1716087410.9904175,8938684416,152,152
1716087411.991653,8938684416,1963,1963
1716087412.9928668,8938684416,544,544
1716087413.9940903,8938684416,306,306
1716087414.9953227,8938684416,0,0
1716087415.996566,8938684416,0,0
1716087416.9977808,8938684416,0,0
1716087417.999001,8938684416,396,396
1716087419.0002131,8938684416,152,152
1716087420.000838,8938684416,0,0
1716087421.0020835,8938684416,0,0
1716087422.003322,8938684416,0,0
1716087423.004578,8938684416,152,152
1716087424.0048637,8938684416,344,344
1716087425.006091,8938684416,0,0
1716087426.0073245,8938684416,51431227,51431227
1716087427.0085566,8938684416,0,0
1716087428.009566,8938684416,448,448
1716087429.0108008,8938684416,152,152
1716087430.0120306,8938684416,0,0
1716087431.0128608,8938684416,34644981,34644981
1716087432.0140803,8938684416,0,0
1716087433.0153053,8938684416,448,448
1716087434.0165572,8938684416,458549925,458549925
1716087435.0168483,8938684416,74664695,74664695
1716087436.0180523,8938684416,0,0
1716087437.019268,8938684416,0,0
1716087438.0204942,8938684416,152,152
1716087439.0208585,8938684416,4201190,4201190
1716087440.0221221,8938684416,3140179077,3140179077
1716087441.0233693,8938684416,432,432
1716087442.0246146,8938684416,0,0
1716087443.024863,8938684416,2411,2411
1716087444.0261202,8938684416,6177,6177
1716087445.0270846,8938684416,3492,3492
1716087446.0283456,8938684416,5841,5841
1716087447.0291243,8938684416,5889,5889
1716087448.0303402,8938684416,6831,6831
1716087449.0315528,8938684416,7895,7895
1716087450.0328164,8938684416,4454,4454
1716087451.0340486,8938684416,2033,2033
1716087452.03526,8938684416,5798,5798
1716087453.0364802,8938684416,7193,7193
1716087454.0377162,8938684416,8039,8039
1716087455.038944,8938684416,5240,5240
1716087456.0401652,8938684416,5734,5734
1716087457.0408604,8938684416,2204,2204
1716087458.0420873,8938684416,7075,7075
1716087459.0433106,8938684416,5125,5125
1716087460.0445395,8938684416,7042,7042
1716087461.0448537,8938684416,4920,4920
1716087462.046075,8938684416,6787,6787
1716087463.0472894,8938684416,4182,4182
1716087464.0485234,8938684416,3829,3829
1716087465.0488718,8938684416,5813,5813
1716087466.0500839,8938684416,3501,3501
1716087467.0509405,8938684416,7599,7599
1716087468.052142,8938684416,7880,7880
1716087469.0528626,8938684416,7837,7837
1716087470.0540566,8938684416,4701,4701
1716087471.055252,8938684416,4740,4740
1716087472.0564525,8938684416,4696,4696
1716087473.0568793,8938684416,7063,7063
1716087474.0581346,8938684416,7214,7214
1716087475.0586305,8938684416,6999,6999
1716087476.059851,8938684416,4790,4790
1716087477.0608573,8938684416,6728,6728
1716087478.062099,8938684416,7195,7195
1716087479.0633242,8938684416,7901,7901
1716087480.0645673,8938684416,7664,7664
1716087481.064857,8938684416,6192,6192
1716087482.0660996,8938684416,2698,2698
1716087483.067321,8938684416,5693,5693
1716087484.0685368,8938684416,7551,7551
1716087485.0695243,8938684416,4462,4462
1716087486.0707755,8938684416,5758,5758
1716087487.0720823,8938684416,2917,2917
1716087488.072969,8938684416,854,854
1716087489.0742917,8938684416,888,888
1716087490.0755649,8938684416,734,734
1716087491.07698,8938684416,745,745
1716087492.078264,8938684416,726,726
1716087493.0795445,8938684416,1554,1554
1716087494.0810087,8938684416,885,885
1716087495.0823102,8938684416,0,0
1716087496.083609,8938684416,1506,1506
1716087497.0854578,8938684416,738,738
1716087498.0867555,8938684416,1026,1026
1716087499.0880134,8938684416,988,988
1716087500.088948,8938684416,727,727
1716087501.0902507,8938684416,0,0
1716087502.0915432,8938684416,655,655
1716087503.0928185,8938684416,1849,1849
1716087504.0941129,8938684416,155,155
1716087505.095405,8938684416,451,451
1716087506.0967133,8938684416,1025,1025
1716087507.0980258,8938684416,783,783
1716087508.0993133,8938684416,402,402
1716087509.100815,8938684416,1324,1324
1716087510.1021202,8938684416,1013,1013
1716087511.1033554,8938684416,504,504
1716087512.1048393,8938684416,916,916
1716087513.106144,8938684416,5813,5813
1716087514.1074507,8938684416,8860,8860
1716087515.108534,8938684416,7195,7195
1716087516.1091273,8938684416,5277,5277
1716087517.1104517,8938684416,0,0
1716087518.1117582,8938684416,1151,1151
1716087519.1129687,8938684416,3736,3736
1716087520.1143873,8938684416,0,0
1716087521.1156719,8938684416,335,335
1716087522.1169744,8938684416,4366,4366
1716087523.1182292,8938684416,1200,1200
1716087524.1195316,8938684416,1570,1570
1716087525.120925,8938684416,811,811
1716087526.1223435,8938684416,0,0
1716087527.12358,8938684416,1465,1465
1716087528.1249104,8938684416,404,404
1716087529.126192,8938684416,155,155
1716087530.1274855,8938684416,1815,1815
1716087531.1288223,8938684416,950,950
1716087532.130111,8938684416,1879,1879
1716087533.131395,8938684416,405,405
1716087534.1326928,8938684416,155,155
1716087535.1339715,8938684416,2268,2268
1716087536.1348636,8938684416,0,0
1716087537.1356142,8938684416,475,475
1716087538.136928,8938684416,1856,1856
1716087539.1381686,8938684416,2578,2578
1716087540.1393962,8938684416,5283,5283
1716087541.1406157,8938684416,501,501
1716087542.140856,8938684416,1242,1242
1716087543.1420786,8938684416,4971,4971
1716087544.1432877,8938684416,7332,7332
1716087545.1444972,8938684416,4745,4745
1716087546.1457276,8938684416,7302,7302
1716087547.146944,8938684416,4588,4588
1716087548.1481597,8938684416,2539,2539
1716087549.1488683,8938684416,7542,7542
1716087550.1500704,8938684416,1726,1726
1716087551.1512973,8938684416,6475,6475
1716087552.1525726,8938684416,4399,4399
1716087553.1538033,8938684416,5087,5087
1716087554.1550186,8938684416,4148,4148
1716087555.1562228,8938684416,6570,6570
1716087556.1574426,8938684416,4225,4225
1716087557.1586945,8938684416,7060,7060
1716087558.159919,8938684416,6192,6192
1716087559.1608484,8938684416,6939,6939
1716087560.1620731,8938684416,4735,4735
1716087561.163289,8938684416,5455,5455
1716087562.164506,8938684416,3080,3080
1716087563.1648784,8938684416,4340,4340
1716087564.166125,8938684416,4842,4842
1716087565.1673493,8938684416,3494,3494
1716087566.1685684,8938684416,1421,1421
1716087567.168867,8938684416,5736,5736
1716087568.1700928,8938684416,4184,4184
1716087569.17132,8938684416,5259,5259
1716087570.1725533,8938684416,5965,5965
1716087571.1728568,8938684416,5193,5193
1716087572.1740847,8938684416,3357,3357
1716087573.1744132,8938684416,8245,8245
1716087574.1756299,8938684416,6898,6898
1716087575.1768627,8938684416,4027,4027
1716087576.1780822,8938684416,4387,4387
1716087577.1793137,8938684416,4893,4893
1716087578.1805515,8938684416,4210,4210
1716087579.1808689,8938684416,5285,5285
1716087580.182093,8938684416,5692,5692
1716087581.1833305,8938684416,4297,4297
1716087582.1845596,8938684416,5667,5667
1716087583.1848948,8938684416,462,462
1716087584.1861317,8938684416,160,160
1716087585.1873593,8938684416,0,0
1716087586.1885858,8938684416,0,0
1716087587.188872,8938684416,0,0
1716087588.190121,8938684416,448,448
1716087589.1913726,8938684416,152,152
1716087590.1925957,8938684416,4489,4489
1716087591.1928663,8938684416,995,995
1716087592.194084,8938684416,340,340
1716087593.1953092,8938684416,566,566
1716087594.1965806,8938684416,1007,1007
1716087595.1968665,8938684416,190,190
1716087596.1980991,8938684416,303,303
1716087597.1993454,8938684416,7658,7658
1716087598.2005875,8938684416,10490,10490
1716087599.201822,8938684416,1871764762,1871764762
1716087600.2030363,8938684416,1431,1431
1716087601.2042649,8938684416,91085,91085
1716087602.204855,8938684416,158,158
1716087603.2060895,8938684416,631689870,631689870
1716087604.2073774,8938684416,2432941634,2432941634
1716087605.2086282,8938684416,570775506,570775506
1716087606.2088633,8938684416,52,52
1716087607.2100842,8938684416,2457,2457
1716087608.2112906,8938684416,1032,1032
1716087609.2125082,8938684416,110058411,110058411
1716087610.2137284,8938684416,610,610
1716087611.2149494,8938684416,719,719
1716087612.216144,8938684416,1441,1441
1716087613.2168498,8938684416,683,683
1716087614.21806,8938684416,157,157
1716087615.219254,8938684416,489,489
1716087616.220451,8938684416,6501,6501
1716087617.2208254,8938684416,4091,4091
1716087618.2220328,8938684416,1993,1993
1716087619.223231,8938684416,5562,5562
1716087620.2244344,8938684416,3676,3676
1716087621.224857,8938684416,3853,3853
1716087622.22606,8938684416,6435,6435
1716087623.2272704,8938684416,3432,3432
1716087624.2284656,8938684416,3883,3883
1716087625.22967,8938684416,3119,3119
1716087626.2308695,8938684416,5548,5548
1716087627.2320678,8938684416,2347,2347
1716087628.232839,8938684416,4987,4987
1716087629.2340431,8938684416,5897,5897
1716087630.2352624,8938684416,4202,4202
1716087631.2364664,8938684416,4962,4962
1716087632.236829,8938684416,5204,5204
1716087633.2380412,8938684416,3167,3167
1716087634.2392523,8938684416,4068,4068
1716087635.2404518,8938684416,4208,4208
1716087636.2416677,8938684416,3974,3974
1716087637.2428675,8938684416,4575,4575
1716087638.2440646,8938684416,4852,4852
1716087639.2452726,8938684416,3702,3702
1716087640.2464721,8938684416,5687,5687
1716087641.2476757,8938684416,4180,4180
1716087642.2488391,8938684416,4173,4173
1716087643.2500339,8938684416,4639,4639
1716087644.2512445,8938684416,3274,3274
1716087645.252461,8938684416,2203,2203
1716087646.2528367,8938684416,4080,4080
1716087647.2540371,8938684416,6053,6053
1716087648.25524,8938684416,4325,4325
1716087649.256452,8938684416,4226,4226
1716087650.2568438,8938684416,3149,3149
1716087651.2580426,8938684416,2435,2435
1716087652.2592442,8938684416,3681,3681
1716087653.2604449,8938684416,3778,3778
1716087654.2608302,8938684416,3259,3259
1716087655.262098,8938684416,1979,1979
1716087656.2633011,8938684416,3872,3872
1716087657.264512,8938684416,3335,3335
1716087658.265502,8938684416,3325,3325
1716087659.2667098,8938684416,4900,4900
1716087660.267912,8938684416,6182,6182
1716087661.269127,8938684416,4216,4216
1716087662.2703407,8938684416,5136,5136
1716087663.2715394,8938684416,4111,4111
1716087664.272792,8938684416,4204,4204
1716087665.273997,8938684416,3438,3438
1716087666.2752042,8938684416,4046,4046
1716087667.2764096,8938684416,4274,4274
1716087668.2776248,8938684416,3383,3383
1716087669.2788396,8938684416,5818,5818
1716087670.2800412,8938684416,4867,4867
1716087671.280847,8938684416,3704,3704
1716087672.282052,8938684416,6581,6581
1716087673.2833052,8938684416,4797,4797
1716087674.2845032,8938684416,4503,4503
1716087675.284861,8938684416,2206,2206
1716087676.2860985,8938684416,4827,4827
1716087677.2872999,8938684416,3699,3699
1716087678.2885,8938684416,3013,3013
1716087679.2897267,8938684416,3812,3812
1716087680.2909205,8938684416,3142,3142
1716087681.2921388,8938684416,2203,2203
1716087682.292851,8938684416,6201,6201
1716087683.2934008,8938684416,4717,4717
1716087684.2946463,8938684416,4314,4314
1716087685.295892,8938684416,3951,3951
1716087686.2971377,8938684416,3939,3939
1716087687.2983928,8938684416,3162,3162
1716087688.299632,8938684416,2521,2521
1716087689.300892,8938684416,3038,3038
1716087690.3021443,8938684416,4006,4006
1716087691.3034122,8938684416,4239,4239
1716087692.304686,8938684416,2702,2702
1716087693.3060148,8938684416,3938,3938
1716087694.3072617,8938684416,3944,3944
1716087695.3085334,8938684416,3979,3979
1716087696.3088927,8938684416,3109,3109
1716087697.310141,8938684416,3562,3562
1716087698.3113832,8938684416,4563,4563
1716087699.3126178,8938684416,4315,4315
1716087700.3128803,8938684416,5271,5271
1716087701.3141088,8938684416,5172,5172
1716087702.3153553,8938684416,5002,5002
1716087703.3165994,8938684416,3198,3198
1716087704.3172567,8938684416,4857,4857
1716087705.3184469,8938684416,2948,2948
1716087706.319647,8938684416,4715,4715
1716087707.320845,8938684416,2606,2606
1716087708.3220375,8938684416,4464,4464
1716087709.3230917,8938684416,3987,3987
1716087710.324336,8938684416,3181,3181
1716087711.3255918,8938684416,1941,1941
1716087712.3268375,8938684416,398,398
1716087713.3280876,8938684416,5342,5342
1716087714.3293772,8938684416,4596,4596
1716087715.330619,8938684416,1002,1002
1716087716.3318574,8938684416,2551,2551
1716087717.3328793,8938684416,3949,3949
1716087718.3341303,8938684416,2700,2700
1716087719.335414,8938684416,4612,4612
1716087720.3366985,8938684416,6002,6002
1716087721.3379643,8938684416,6030,6030
1716087722.339208,8938684416,3833,3833
1716087723.3404481,8938684416,6085,6085
1716087724.3411818,8938684416,3656,3656
1716087725.3424447,8938684416,1196,1196
1716087726.3438382,8938684416,152,152
1716087727.3454387,8938684416,158,158
1716087728.3467011,8938684416,456,456
1716087729.3479478,8938684416,155,155
1716087730.350381,8938684416,0,0
1716087731.3533275,8938684416,0,0
1716087732.3546848,8938684416,0,0
1716087733.3559535,8938684416,448,448
1716087734.3574395,8938684416,152,152
1716087735.359061,8938684416,0,0
1716087736.3615005,8938684416,0,0
1716087737.3627193,8938684416,1092,1092
1716087738.3639326,8938684416,402,402
1716087739.3648388,8938684416,155,155
1716087740.3660722,8938684416,950,950
1716087741.3672743,8938684416,0,0
1716087742.3684843,8938684416,0,0
1716087743.368836,8938684416,448,448
1716087744.370044,8938684416,152,152
1716087745.3712628,8938684416,0,0
1716087746.3717964,8938684416,0,0
1716087747.3732116,8938684416,0,0
1716087748.3744793,8938684416,448,448
1716087749.3757832,8938684416,152,152
1716087750.3770971,8938684416,0,0
1716087751.3784025,8938684416,0,0
1716087752.3796577,8938684416,0,0
1716087753.3810933,8938684416,344,344
1716087754.3825226,8938684416,152,152
1716087755.3839512,8938684416,0,0
1716087756.385318,8938684416,0,0
1716087757.3866293,8938684416,0,0
1716087758.3879535,8938684416,448,448
1716087759.3892658,8938684416,152,152
1716087760.3906221,8938684416,0,0
1716087761.3918376,8938684416,0,0
1716087762.392863,8938684416,0,0
1716087763.3940704,8938684416,448,448
1716087764.3952618,8938684416,152,152
1716087765.39647,8938684416,0,0
1716087766.396855,8938684416,4200222,4200222
1716087767.3980994,8938684416,52,52
1716087768.3993511,8938684416,448,448
1716087769.4005578,8938684416,152,152
1716087770.4017644,8938684416,0,0
1716087771.4030116,8938684416,5248313,5248313
1716087772.404242,8938684416,0,0
1716087773.4054635,8938684416,152,152
1716087774.4066975,8938684416,344,344
1716087775.4079304,8938684416,355775790,355775790
1716087776.4091783,8938684416,1943119620,1943119620
1716087777.410424,8938684416,104,104
1716087778.4116464,8938684416,448,448
1716087779.4128945,8938684416,1773,1773
1716087780.4142048,8938684416,918605755,918605755
1716087781.4154663,8938684416,536849876,536849876
1716087782.4167624,8938684416,4146,4146
1716087783.418014,8938684416,4629,4629
1716087784.4192603,8938684416,8001,8001
1716087785.4205828,8938684416,4097,4097
1716087786.421834,8938684416,7359,7359
1716087787.423118,8938684416,4795,4795
1716087788.424376,8938684416,4590,4590
1716087789.4256573,8938684416,4852,4852
1716087790.4269493,8938684416,7648,7648
1716087791.4282093,8938684416,5308,5308
1716087792.4294777,8938684416,3941,3941
1716087793.430745,8938684416,6796,6796
1716087794.4319994,8938684416,8511,8511
1716087795.4332726,8938684416,7118,7118
1716087796.4345498,8938684416,7532,7532
1716087797.435818,8938684416,4491,4491
1716087798.4370925,8938684416,4551,4551
1716087799.4383242,8938684416,4597,4597
1716087800.4395902,8938684416,8070,8070
1716087801.4408746,8938684416,7122,7122
1716087802.442124,8938684416,4808,4808
1716087803.4433916,8938684416,4674,4674
1716087804.4446862,8938684416,5879,5879
1716087805.4460044,8938684416,6250,6250
1716087806.4472919,8938684416,5981,5981
1716087807.448569,8938684416,4737,4737
1716087808.4498713,8938684416,7436,7436
1716087809.4511235,8938684416,3186,3186
1716087810.4523976,8938684416,6811,6811
1716087811.45366,8938684416,4232,4232
1716087812.4549289,8938684416,4203,4203
1716087813.4562163,8938684416,6427,6427
1716087814.4575038,8938684416,6445,6445
1716087815.4587843,8938684416,2985,2985
1716087816.4600692,8938684416,6461,6461
1716087817.4613647,8938684416,4955,4955
1716087818.4626586,8938684416,7456,7456
1716087819.4639568,8938684416,7537,7537
1716087820.465232,8938684416,7135,7135
1716087821.4665372,8938684416,7002,7002
1716087822.4677536,8938684416,3588,3588
1716087823.4690273,8938684416,5035,5035
1716087824.4703894,8938684416,5324,5324
1716087825.471177,8938684416,5138,5138
1716087826.4724126,8938684416,4422,4422
1716087827.4729972,8938684416,4462,4462
1716087828.4742658,8938684416,2075,2075
1716087829.475567,8938684416,1438,1438
1716087830.4768755,8938684416,0,0
1716087831.4781823,8938684416,303,303
1716087832.479455,8938684416,0,0
1716087833.4807239,8938684416,451,451
1716087834.4820673,8938684416,155,155
1716087835.48337,8938684416,0,0
1716087836.4846718,8938684416,0,0
1716087837.4860177,8938684416,0,0
1716087838.4872775,8938684416,152,152
1716087839.4886017,8938684416,344,344
1716087840.4898868,8938684416,0,0
1716087841.4911244,8938684416,0,0
1716087842.4923453,8938684416,0,0
1716087843.4928558,8938684416,448,448
1716087844.4941027,8938684416,152,152
1716087845.4953692,8938684416,0,0
1716087846.4966037,8938684416,0,0
1716087847.4968972,8938684416,0,0
1716087848.4981296,8938684416,448,448
1716087849.4993448,8938684416,152,152
1716087850.500565,8938684416,0,0
1716087851.5018122,8938684416,0,0
1716087852.5030599,8938684416,0,0
1716087853.5043228,8938684416,448,448
1716087854.5055614,8938684416,152,152
1716087855.5068178,8938684416,0,0
1716087856.508042,8938684416,0,0
1716087857.5092857,8938684416,0,0
1716087858.510554,8938684416,5381853,5381853
1716087859.5117939,8938684416,152,152
1716087860.5130293,8938684416,0,0
1716087861.5142686,8938684416,0,0
1716087862.5155413,8938684416,0,0
1716087863.5167646,8938684416,362072175,362072175
1716087864.5179937,8938684416,152,152
1716087865.5192018,8938684416,0,0
1716087866.5204206,8938684416,0,0
1716087867.5217047,8952446976,406099500,406099500
1716087871.0503924,11400585216,1397549588,1397549588
1716087872.0750747,8414330880,257209605,257209605
1716087873.085657,8414330880,1335796218,1335796218
1716087874.092624,8414330880,3431,3431
1716087875.094115,8414330880,4772,4772
1716087876.1085184,8414330880,6327,6327
1716087877.13594,8414330880,2973,2973
1716087878.1484315,8414330880,7684,7684
1716087879.1656272,8414330880,4853,4853
1716087880.1882565,8414330880,6857,6857
1716087881.1923351,8414330880,7833,7833
1716087882.19825,8414330880,7747,7747
1716087883.2172499,8414330880,6311,6311
1716087884.2283554,8414330880,3829,3829
1716087885.2524922,8414330880,4190,4190
1716087886.2651536,8414330880,5474,5474
1716087887.2883346,8414330880,6210,6210
1716087888.3016863,8414330880,7776,7776
1716087889.3300948,8414330880,7421,7421
1716087890.3395362,8414330880,7386,7386
1716087891.3507679,8414330880,2571,2571
1716087892.3738132,8414330880,4383,4383
1716087893.394148,8414330880,978,978
1716087894.4025981,8414330880,653,653
1716087895.407559,8414330880,5038,5038
1716087896.4169948,8414330880,6089,6089
1716087897.4263158,8414330880,6947,6947
1716087898.4427612,8414330880,5734,5734
1716087899.4439685,8414330880,6767,6767
1716087900.469954,8414330880,7190,7190
1716087901.4846005,8414330880,94605,94605
1716087902.4889123,8414330880,1953,1953
1716087903.5113869,8414330880,6955,6955
1716087904.5179877,8414330880,5147,5147
1716087905.521093,8414330880,5940,5940
1716087906.546196,8414330880,5561,5561
1716087907.5690587,8451194880,4838,4838
1716087908.5840318,8451194880,3739,3739
1716087909.5854526,8476659712,4211,4211
1716087910.5898108,8476659712,5408,5408
1716087911.5933506,8413868032,6297,6297
1716087912.615892,8455647232,6769,6769
1716087913.6398244,8455647232,6451,6451
1716087914.6409724,8559685632,5240,5240
1716087915.642356,8822464512,3525,3525
1716087916.6438835,8516235264,8316,8316
1716087917.6449695,8593518592,6817,6817
1716087918.6462185,8541794304,6609,6609
1716087919.6475358,8674529280,4803,4803
1716087920.6489506,8428519424,1000,1000
1716087921.6496506,8432943104,0,0
1716087922.6506927,8508751872,688,688
1716087923.6520934,8521601024,1173,1173
1716087924.6529913,8701620224,658,658
1716087925.6545095,8509919232,733,733
1716087926.6557586,8428818432,777,777
1716087927.6569946,8696803328,759,759
1716087928.6583073,8515637248,1009,1009
1716087929.659766,8638517248,960,960
1716087930.660965,8521125888,0,0
1716087931.662912,8521125888,779,779
1716087932.6645002,8748175360,1427,1427
1716087933.665115,8506671104,557,557
1716087934.666405,8506671104,776,776
1716087935.6677742,8636354560,0,0
1716087936.6689591,8514945024,1549,1549
1716087937.6703792,8445124608,1065,1065
1716087938.6716955,8552550400,558,558
1716087939.6729755,8500600832,0,0
1716087940.6742818,8500600832,877,877
1716087941.6756544,8500715520,0,0
1716087942.6769726,8493969408,990,990
1716087943.6787572,8493969408,1190,1190
1716087944.6801422,8536674304,736,736
1716087945.6810122,8492548096,733,733
1716087946.6823094,8492548096,0,0
1716087947.683616,8495181824,1373,1373
1716087948.6850407,8526147584,1279,1279
1716087949.686419,8828145664,0,0
1716087950.6877124,8472903680,1453,1453
1716087951.6890488,8490942464,735,735
1716087952.6903923,8478867456,570,570
1716087953.7001266,8455958528,3072,3072
1716087954.701324,8455958528,3383,3383
1716087955.7113569,8455958528,1252,1252
1716087956.7408657,8469229568,2226,2226
1716087957.7535398,8494297088,1434,1434
1716087958.778501,8522313728,2805,2805
1716087959.8022554,8557211648,2153,2153
1716087960.8275704,8588668928,6531,6531
1716087961.838851,8620126208,5099,5099
1716087962.8597784,8651583488,8572,8572
1716087963.8972323,8683040768,6776,6776
1716087964.9257362,8717447168,4794,4794
1716087965.926952,8748904448,7260,7260
1716087966.9326146,8783802368,4573,4573
1716087967.9402921,8824598528,4615,4615
1716087968.950972,8859496448,4780,4780
1716087969.9671774,8893902848,5682,5682
1716087970.9839895,8928800768,6441,6441
1716087972.0198088,8966156288,4537,4537
1716087973.0430446,9007443968,2754,2754
1716087974.0776,9038901248,8039,8039
1716087975.089952,9079697408,7116,7116
1716087976.100913,9129832448,4304,4304
1716087977.1120102,9174069248,4412,4412
1716087978.1148188,9221255168,7211,7211
1716087979.1262372,9271881728,2415,2415
1716087980.1387064,9312677888,2210,2210
1716087981.1708992,9347084288,5431,5431
1716087982.1724186,9394282496,5130,5130
1716087983.1893635,9476624384,4661,4661
1716087984.2146454,9495302144,3866,3866
1716087985.2200394,9574199296,6106,6106
1716087986.2240088,9649745920,2710,2710
1716087987.2517502,9658593280,4819,4819
1716087988.2664735,9747320832,3048,3048
1716087989.2728994,9768947712,2713,2713
1716087990.2950654,9822863360,6606,6606
1716087991.319734,9869557760,4142,4142
1716087992.3710327,9977102336,2283,2283
1716087993.3722804,9998729216,2282,2282
1716087994.410184,10077372416,7324,7324
1716087995.4181173,10187988992,4119,4119
1716087996.4404202,10200276992,4859,4859
1716087997.4629893,10298159104,2873,2873
1716088015.1196046,12190072832,13395,13395
1716088016.120966,8368218112,1871722808,1871722808
1716088017.1221988,8368218112,0,0
1716088018.123438,8368218112,6197206,6197206
1716088019.1246374,8368218112,308,308
1716088020.125916,8368218112,529873627,529873627
1716088021.1271322,8368218112,1336367153,1336367153
1716088022.1276526,8368218112,98628,98628
1716088023.1288462,8368218112,700,700
1716088024.1298811,8368218112,449,449
1716088025.1311033,8368218112,515646145,515646145
1716088026.1323073,8368218112,1356424808,1356424808
1716088027.1334798,8368218112,0,0
1716088028.133802,8368218112,448,448
1716088029.1349945,8368218112,532,532
1716088030.1362114,8368218112,0,0
1716088031.1368537,8368218112,1547,1547
1716088032.1380613,8368218112,6328,6328
1716088033.1392744,8368218112,1694,1694
1716088034.1404886,8368218112,4538,4538
1716088035.1408582,8368218112,6712,6712
1716088036.1420627,8368218112,1857,1857
1716088037.1432714,8368218112,2034,2034
1716088038.1444762,8368218112,3985,3985
1716088039.1448534,8368218112,7131,7131
1716088040.1460724,8368218112,4165,4165
1716088041.1472955,8368218112,4442,4442
1716088042.148504,8368218112,3768,3768
1716088043.1488497,8368218112,2756,2756
1716088044.1491075,8368218112,4229,4229
1716088045.1503308,8368218112,1909,1909
1716088046.1515517,8368218112,4934,4934
1716088047.1527908,8368218112,2982,2982
1716088048.154006,8368218112,3725,3725
1716088049.155238,8368218112,2220,2220
1716088050.156464,8368218112,4033,4033
1716088051.1568687,8368218112,677,677
1716088052.1580846,8368218112,2547,2547
1716088053.1593068,8368218112,4416,4416
1716088054.1605465,8368218112,3694,3694
1716088055.1610448,8368218112,3209,3209
1716088056.1619291,8368218112,3424,3424
1716088057.1631522,8368218112,4138,4138
1716088058.1643739,8368218112,1732,1732
1716088059.1648798,8368218112,4993,4993
1716088060.1661077,8368218112,2866,2866
1716088061.1673265,8368218112,6084,6084
1716088062.1685436,8368218112,4145,4145
1716088063.1688492,8368218112,3488,3488
1716088064.1700618,8368218112,718,718
1716088065.1712837,8368218112,630,630
1716088066.1724925,8368218112,1309,1309
1716088067.1728587,8368218112,1866,1866
1716088068.1740718,8368218112,5876,5876
1716088069.1752968,8368218112,4403,4403
1716088070.176533,8368218112,3770,3770
1716088071.1768608,8368218112,1119,1119
1716088072.1780782,8368218112,5768,5768
1716088073.1792994,8368218112,828,828
1716088074.1805253,8368218112,3789,3789
1716088075.1808565,8368218112,760,760
1716088076.182082,8368218112,4517,4517
1716088077.1833088,8368218112,6413,6413
1716088078.1845329,8368218112,4469,4469
1716088079.184867,8368218112,4333,4333
1716088080.1861084,8368218112,4213,4213
1716088081.1873326,8368218112,4131,4131
1716088082.1879091,8368218112,701,701
1716088083.1888626,8368218112,5877,5877
1716088084.1900792,8368218112,5617,5617
1716088085.1912906,8368218112,3296,3296
1716088086.1922393,8368218112,4269,4269
1716088087.1934528,8368218112,3203,3203
1716088088.1946685,8368218112,3946,3946
1716088089.1958895,8368218112,3006,3006
1716088090.1968687,8368218112,2785,2785
1716088091.1980822,8368218112,3418,3418
1716088092.1993136,8368218112,4248,4248
1716088093.2005315,8368218112,3411,3411
1716088094.2008579,8368218112,5054,5054
1716088095.2020698,8368218112,2757,2757
1716088096.2032897,8368218112,2440,2440
1716088097.2045338,8368218112,2315,2315
1716088098.2058184,8368218112,971,971
1716088099.2062337,8368218112,4480,4480
1716088100.207452,8368218112,4109,4109
1716088101.208687,8368218112,4638,4638
1716088102.2099154,8368218112,4325,4325
1716088103.2111402,8368218112,2890,2890
1716088104.212385,8368218112,3746,3746
1716088105.2128587,8368218112,4231,4231
1716088106.2140894,8368218112,1708,1708
1716088107.2153237,8368218112,3894,3894
1716088108.216539,8368218112,5695,5695
1716088109.2168894,8368218112,4433,4433
1716088110.2181017,8368218112,4166,4166
1716088111.2193084,8368218112,4997,4997
1716088112.2197886,8368218112,4307,4307
1716088113.2208843,8368218112,1990,1990
1716088114.2221484,8368218112,3819,3819
1716088115.2233987,8368218112,3907,3907
1716088116.2246842,8368218112,6537,6537
1716088117.2259676,8368218112,1587,1587
1716088118.227234,8368218112,6898,6898
1716088119.228508,8368218112,4368,4368
1716088120.228892,8368218112,4178,4178
1716088121.2301452,8368218112,1825,1825
1716088122.2314115,8368218112,3687,3687
1716088123.2326884,8368218112,2665,2665
1716088124.2339647,8368218112,3791,3791
1716088125.2352438,8368218112,4074,4074
1716088126.2365048,8368218112,4958,4958
1716088127.2375677,8368218112,3586,3586
1716088128.238784,8368218112,1471,1471
1716088129.2400045,8368218112,514,514
1716088130.2408674,8368218112,6659,6659
1716088131.2420716,8368218112,1628,1628
1716088132.2432916,8368218112,4056,4056
1716088133.2444844,8368218112,6867,6867
1716088134.2449088,8368218112,4438,4438
1716088135.245703,8368218112,5361,5361
1716088136.246917,8368218112,2764,2764
1716088137.2481515,8368218112,1465,1465
1716088138.24938,8368218112,3883,3883
1716088139.2506092,8368218112,3193,3193
1716088140.2518382,8368218112,5192,5192
1716088141.2530773,8368218112,2262,2262
1716088142.254485,8368218112,0,0
1716088143.2557194,8368218112,776,776
1716088144.2568996,8368218112,154,154
1716088145.2576528,8368218112,0,0
1716088146.2592359,8368218112,0,0
1716088147.2608151,8368218112,0,0
1716088148.2622557,8368218112,448,448
1716088149.263614,8368218112,152,152
1716088150.264964,8368218112,0,0
1716088151.266519,8368218112,0,0
1716088152.2680225,8368218112,0,0
1716088153.2689157,8368218112,448,448
1716088154.2701895,8368218112,152,152
1716088155.2727003,8368218112,0,0
1716088156.2739153,8368218112,1199,1199
1716088157.275133,8368218112,0,0
1716088158.276369,8368218112,304,304
1716088159.2768674,8368218112,397,397
1716088160.2781,8368218112,0,0
1716088161.2793083,8368218112,0,0
1716088162.2805283,8368218112,0,0
1716088163.28087,8368218112,870,870
1716088164.2820969,8368218112,300,300
1716088165.2833104,8368218112,0,0
1716088166.2845333,8368218112,0,0
1716088167.284864,8368218112,0,0
1716088168.2861261,8368218112,152,152
1716088169.2873518,8368218112,344,344
1716088170.2885735,8368218112,0,0
1716088171.2888498,8368218112,0,0
1716088172.29012,8368218112,0,0
1716088173.291358,8368218112,448,448
1716088174.2925916,8368218112,152,152
1716088175.2928596,8368218112,0,0
1716088176.2940757,8368218112,0,0
1716088177.2951438,8368218112,0,0
1716088178.2963707,8368218112,448,448
1716088179.29758,8368218112,152,152
1716088180.2987761,8368218112,0,0
1716088181.2999706,8368218112,0,0
1716088182.3008356,8368218112,0,0
1716088183.3020234,8368218112,448,448
1716088184.3032207,8368218112,152,152
1716088185.3044226,8368218112,0,0
1716088186.3048635,8368218112,33646624,33646624
1716088187.3061035,8368218112,0,0
1716088188.3073215,8368218112,448,448
1716088189.3085454,8368218112,152,152
1716088190.3097546,8368218112,0,0
1716088191.3109636,8368218112,0,0
1716088192.3121824,8368218112,0,0
1716088193.3134427,8368218112,448,448
1716088194.3146515,8368218112,549060907,549060907
1716088195.3158548,8368218112,4200482,4200482
1716088196.3168395,8368218112,0,0
1716088197.3180466,8368218112,0,0
1716088198.3192465,8368218112,34644658,34644658
1716088199.3205252,8368218112,1734482553,1734482553
1716088200.3217847,8368218112,1407792332,1407792332
1716088201.3230526,8368218112,0,0
1716088202.3242822,8368218112,4189,4189
1716088203.324892,8368218112,96803,96803
1716088204.3261707,8368218112,5563,5563
1716088205.3274386,8368218112,1296,1296
1716088206.3287218,8368218112,4432,4432
1716088207.329998,8368218112,4376,4376
1716088208.3312593,8368218112,6475,6475
1716088209.3325737,8368218112,7566,7566
1716088210.3329134,8368218112,6995,6995
1716088211.3341765,8368218112,7367,7367
1716088212.3354623,8368218112,5955,5955
1716088213.3367765,8368218112,4646,4646
1716088214.3380592,8368218112,5524,5524
1716088215.3393168,8368218112,6940,6940
1716088216.3406224,8368218112,7994,7994
1716088217.3409069,8368218112,6842,6842
1716088218.3421721,8368218112,7830,7830
1716088219.3434331,8368218112,6595,6595
1716088220.3448093,8368218112,2809,2809
1716088221.3461113,8368218112,7465,7465
1716088222.347354,8368218112,7045,7045
1716088223.348611,8368218112,7454,7454
1716088224.3488991,8368218112,4956,4956
1716088225.3501809,8368218112,7012,7012
1716088226.3514733,8368218112,2419,2419
1716088227.352775,8368218112,1656,1656
1716088228.3540456,8368218112,8397,8397
1716088229.3553193,8368218112,4721,4721
1716088230.3562284,8368218112,6965,6965
1716088231.3568673,8368218112,7588,7588
1716088232.3580954,8368218112,7478,7478
1716088233.3593206,8368218112,3751,3751
1716088234.360564,8368218112,4853,4853
1716088235.36086,8368218112,5279,5279
1716088236.3620815,8368218112,5267,5267
1716088237.3632905,8368218112,6713,6713
1716088238.3645263,8368218112,7198,7198
1716088239.3648925,8368218112,6748,6748
1716088240.3661158,8368218112,8212,8212
1716088241.3673532,8368218112,4219,4219
1716088242.3685963,8368218112,3432,3432
1716088243.3698277,8368218112,5668,5668
1716088244.371052,8368218112,7209,7209
1716088245.3724287,8368218112,4578,4578
1716088246.3729427,8368218112,4923,4923
1716088247.374437,8368218112,0,0
1716088248.375685,8368218112,2587,2587
1716088249.3768806,8368218112,1182,1182
1716088250.3781002,8368218112,152,152
1716088251.3793828,8368218112,152,152
1716088252.3806098,8368218112,0,0
1716088253.3808668,8368218112,451,451
1716088254.3821018,8368218112,155,155
1716088255.3833559,8368218112,0,0
1716088256.3845897,8368218112,0,0
1716088257.38583,8368218112,0,0
1716088258.3870523,8368218112,152,152
1716088259.388274,8368218112,344,344
1716088260.3895113,8368218112,0,0
1716088261.3907545,8368218112,0,0
1716088262.3919814,8368218112,0,0
1716088263.393222,8368218112,448,448
1716088264.3944478,8368218112,152,152
1716088265.3956804,8368218112,0,0
1716088266.3968766,8368218112,0,0
1716088267.3981054,8368218112,0,0
1716088268.3993535,8368218112,448,448
1716088269.4005823,8368218112,152,152
1716088270.4018424,8368218112,0,0
1716088271.4030907,8368218112,0,0
1716088272.4043436,8368218112,0,0
1716088273.4055834,8368218112,448,448
1716088274.4068203,8368218112,152,152
1716088275.4080505,8368218112,0,0
1716088276.409272,8368218112,0,0
1716088277.4104834,8368218112,0,0
1716088278.4117153,8368218112,33615090,33615090
1716088279.4129612,8368218112,152,152
1716088280.4142067,8368218112,0,0
1716088281.4151106,8368218112,0,0
1716088282.4163587,8368218112,184231328,184231328
1716088283.4176104,8368218112,621983474,621983474
1716088284.418843,8368218112,152,152
1716088285.420068,8368218112,0,0
1716088286.4208763,8368218112,0,0
1716088287.4220781,8368218112,376858052,376858052
1716088288.423286,8368218112,647,647
1716088289.4244902,8368218112,152,152
1716088290.4248674,8368218112,0,0
1716088291.426084,8368218112,912531269,912531269
1716088292.4272926,8368218112,1635085106,1635085106
1716088293.428546,8368218112,448,448
1716088294.4288533,8368218112,2421,2421
1716088295.430083,8368218112,3992,3992
1716088296.431372,8368218112,8166,8166
1716088297.4326746,8368218112,4436,4436
1716088298.4339452,8368218112,1750,1750
1716088299.4352105,8368218112,4293,4293
1716088300.4365087,8368218112,4206,4206
1716088301.4378202,8368218112,4754,4754
1716088302.4390879,8368218112,6754,6754
1716088303.44035,8368218112,5488,5488
1716088304.4416187,8368218112,7570,7570
1716088305.4428897,8368218112,3868,3868
1716088306.4441671,8368218112,2940,2940
1716088307.4454532,8368218112,6555,6555
1716088308.4467263,8368218112,4830,4830
1716088309.4479992,8368218112,6502,6502
1716088310.4488997,8368218112,7247,7247
1716088311.4501772,8368218112,6726,6726
1716088312.4514546,8368218112,2858,2858
1716088313.45276,8368218112,5770,5770
1716088314.4540362,8368218112,4714,4714
1716088315.455289,8368218112,6945,6945
1716088316.4565852,8368218112,7651,7651
1716088317.4578583,8368218112,7055,7055
1716088318.4591289,8368218112,6340,6340
1716088319.4603908,8368218112,2700,2700
1716088320.4616456,8368218112,6576,6576
1716088321.4629345,8368218112,4762,4762
1716088322.4641938,8368218112,4971,4971
1716088323.4654658,8368218112,4638,4638
1716088324.466726,8368218112,5386,5386
1716088325.4680107,8368218112,1665,1665
1716088326.4692743,8368218112,8631,8631
1716088327.4705334,8368218112,5001,5001
1716088328.471802,8368218112,6332,6332
1716088329.4730601,8368218112,7580,7580
1716088330.4743278,8368218112,6664,6664
1716088331.4755883,8368218112,6075,6075
1716088332.4768791,8368218112,2351,2351
1716088333.4781353,8368218112,6430,6430
1716088334.4794047,8368218112,5187,5187
1716088335.4807043,8368218112,7497,7497
1716088336.4819717,8368218112,7058,7058
1716088337.4834177,8368218112,8922,8922
1716088338.4847386,8368218112,5609,5609
1716088339.486031,8368218112,8244,8244
1716088340.4873426,8368218112,1937,1937
1716088341.4882202,8368218112,837,837
1716088342.4889636,8368218112,1159,1159
1716088343.4896271,8368218112,1194,1194
1716088344.4905276,8368218112,899,899
1716088345.4918103,8368218112,0,0
1716088346.4929097,8368218112,1685,1685
1716088347.494611,8368218112,1153,1153
1716088348.4958854,8368218112,1780,1780
1716088349.497032,8368218112,348,348
1716088350.498305,8368218112,2075,2075
1716088351.4996023,8368218112,738,738
1716088352.5009696,8368218112,980,980
1716088353.5022736,8368218112,1150,1150
1716088354.5036182,8368218112,888,888
1716088355.5047617,8368218112,356,356
1716088356.5061543,8368218112,803,803
1716088357.5074697,8368218112,17737,17737
1716088358.5089796,8368218112,7552,7552
1716088359.510334,8368218112,4121,4121
1716088360.5115862,8368218112,1532,1532
1716088361.5129504,8368218112,0,0
1716088362.514264,8368218112,306,306
1716088363.5155466,8368218112,1322,1322
1716088364.5168934,8368218112,2279,2279
1716088365.5182223,8368218112,778,778
1716088366.519547,8368218112,1505,1505
1716088367.5209265,8368218112,787,787
1716088368.5221558,8368218112,1636,1636
1716088369.5236232,8368218112,6206,6206
1716088370.5249457,8368218112,1789,1789
1716088371.5263724,8368218112,2225,2225
1716088372.527611,8368218112,3639,3639
1716088373.528886,8368218112,4169,4169
1716088374.5301325,8368218112,4522,4522
1716088375.53138,8368218112,7050,7050
1716088376.5326018,8368218112,5026,5026
1716088377.5328727,8368218112,4658,4658
1716088378.53409,8368218112,5241,5241
1716088379.5353317,8368218112,4228,4228
1716088380.5365493,8368218112,6897,6897
1716088381.5371435,8368218112,6929,6929
1716088382.5383866,8368218112,5519,5519
1716088383.5396395,8368218112,5940,5940
1716088384.5400887,8368218112,5113,5113
1716088385.5408885,8368218112,4382,4382
1716088386.5421274,8368218112,3244,3244
1716088387.543372,8368218112,7030,7030
1716088388.5445917,8368218112,6548,6548
1716088389.5448759,8368218112,4296,4296
1716088390.546119,8368218112,4107,4107
1716088391.5473466,8368218112,6674,6674
1716088392.54858,8368218112,7495,7495
1716088393.5488894,8368218112,4905,4905
1716088394.5501394,8368218112,4501,4501
1716088395.5513935,8368218112,1544,1544
1716088396.5526338,8368218112,5300,5300
1716088397.5528853,8368218112,1449,1449
1716088398.5541277,8368218112,5769,5769
1716088399.555371,8368218112,4434,4434
1716088400.5566082,8368218112,2737,2737
1716088401.5568807,8368218112,4623,4623
1716088402.5581295,8368218112,4686,4686
1716088403.559361,8368218112,6062,6062
1716088404.5606043,8368218112,6056,6056
1716088405.560892,8368218112,4552,4552
1716088406.5621595,8368218112,5532,5532
1716088407.5634096,8368218112,4075,4075
1716088408.5646663,8368218112,3525,3525
1716088409.5659473,8368218112,3941,3941
1716088410.567196,8368218112,6192,6192
1716088411.568438,8368218112,2802,2802
1716088412.5688682,8368218112,4245,4245
1716088413.5700984,8368218112,5214,5214
1716088414.5713556,8368218112,3826,3826
1716088415.572611,8368218112,2011,2011
1716088416.573877,8368218112,0,0
1716088417.5751357,8368218112,158,158
1716088418.5763907,8368218112,504,504
1716088419.576924,8368218112,155,155
1716088420.578177,8368218112,0,0
1716088421.579421,8368218112,0,0
1716088422.5806859,8368218112,0,0
1716088423.581934,8368218112,1351,1351
1716088424.5831747,8368218112,155,155
1716088425.5844126,8368218112,303,303
1716088426.584868,8368218112,0,0
1716088427.5861068,8368218112,762,762
1716088428.5873196,8368218112,402,402
1716088429.5885794,8368218112,1871763255,1871763255
1716088430.5898392,8368218112,190,190
1716088431.5910814,8368218112,709,709
1716088432.5922837,8368218112,6161378,6161378
1716088433.5929954,8368218112,713538241,713538241
1716088434.5942574,8368218112,2371767076,2371767076
1716088435.5954754,8368218112,395192014,395192014
1716088436.5967124,8368218112,52,52
1716088437.597941,8368218112,104,104
1716088438.5991747,8368218112,258544381,258544381
1716088439.600395,8368218112,532,532
1716088440.6015964,8368218112,0,0
1716088441.602792,8368218112,0,0
1716088442.6040077,8368218112,3582,3582
1716088443.6048899,8368218112,7560,7560
1716088444.606122,8368218112,4380,4380
1716088445.6073616,8368218112,2609,2609
1716088446.608597,8368218112,4003,4003
1716088447.6098444,8368218112,6092,6092
1716088448.611072,8368218112,4049,4049
1716088449.6122875,8368218112,2703,2703
1716088450.6128595,8368218112,4398,4398
1716088451.6140912,8368218112,4979,4979
1716088452.6153157,8368218112,6450,6450
1716088453.6165383,8368218112,4818,4818
1716088454.6168551,8368218112,4244,4244
1716088455.6180727,8368218112,1982,1982
1716088456.61931,8368218112,4384,4384
1716088457.6205344,8368218112,3737,3737
1716088458.6217659,8368218112,5488,5488
1716088459.622986,8368218112,5225,5225
1716088460.6242087,8368218112,3568,3568
1716088461.6248608,8368218112,4051,4051
1716088462.6261277,8368218112,2890,2890
1716088463.62736,8368218112,5701,5701
1716088464.6285837,8368218112,2642,2642
1716088465.628869,8368218112,3876,3876
1716088466.6301079,8368218112,5347,5347
1716088467.6313384,8368218112,6003,6003
1716088468.6325595,8368218112,4706,4706
1716088469.6328773,8368218112,6761,6761
1716088470.634125,8368218112,5509,5509
1716088471.6353593,8368218112,4894,4894
1716088472.6365895,8368218112,3229,3229
1716088473.6378245,8368218112,4831,4831
1716088474.63905,8368218112,4908,4908
1716088475.6402833,8368218112,4123,4123
1716088476.6408706,8368218112,6156,6156
1716088477.642109,8368218112,3045,3045
1716088478.6433425,8368218112,3661,3661
1716088479.6445885,8368218112,2586,2586
1716088480.6458373,8368218112,4149,4149
1716088481.6470942,8368218112,2875,2875
1716088482.6483393,8368218112,985,985
1716088483.6488638,8368218112,1799,1799
1716088484.6500998,8368218112,4918,4918
1716088485.651259,8368218112,5862,5862
1716088486.6525261,8368218112,3107,3107
1716088487.652882,8368218112,2059,2059
1716088488.65411,8368218112,6873,6873
1716088489.6553402,8368218112,3942,3942
1716088490.6565619,8368218112,7885,7885
1716088491.65723,8368218112,5185,5185
1716088492.6584668,8368218112,6532,6532
1716088493.6597092,8368218112,6072,6072
1716088494.660862,8368218112,6787,6787
1716088495.6620858,8368218112,4038,4038
1716088496.6633146,8368218112,4066,4066
1716088497.664545,8368218112,5619,5619
1716088498.6648767,8368218112,4637,4637
1716088499.6661122,8368218112,5607,5607
1716088500.6673632,8368218112,4192,4192
1716088501.6685922,8368218112,6259,6259
1716088502.6688778,8368218112,3278,3278
1716088503.6701114,8368218112,92957,92957
1716088504.6713426,8368218112,2941,2941
1716088505.6725664,8368218112,3836,3836
1716088506.67288,8368218112,4794,4794
1716088507.6741235,8368218112,4130,4130
1716088508.6753552,8368218112,4163,4163
1716088509.6766107,8368218112,3504,3504
1716088510.6778655,8368218112,3682,3682
1716088511.6790895,8368218112,2073,2073
1716088512.680327,8368218112,2672,2672
1716088513.6815717,8368218112,880,880
1716088514.6828053,8368218112,0,0
1716088515.6840348,8368218112,188,188
1716088516.6848693,8368218112,2186,2186
1716088517.6861,8368218112,0,0
1716088518.6873498,8368218112,1216,1216
1716088519.6885805,8368218112,5485,5485
1716088520.6898248,8368218112,4007,4007
1716088521.691048,8368218112,5441,5441
1716088522.6922894,8368218112,3365,3365
1716088523.693523,8368218112,4449,4449
1716088524.6947446,8368218112,2970,2970
1716088525.6959898,8368218112,6865,6865
1716088526.6972196,8368218112,4034,4034
1716088527.6984577,8368218112,3739,3739
1716088528.6996813,8368218112,4421,4421
1716088529.7009075,8368218112,4651,4651
1716088530.702131,8368218112,2507,2507
1716088531.7033436,8368218112,2666,2666
1716088532.704575,8368218112,4366,4366
1716088533.7057936,8368218112,3866,3866
1716088534.7070057,8368218112,5974,5974
1716088535.7082298,8368218112,4246,4246
1716088536.709467,8368218112,2139,2139
1716088537.7106938,8368218112,9425,9425
1716088538.7119956,8368218112,9139,9139
1716088539.7132628,8368218112,3833,3833
1716088540.7144885,8368218112,3195,3195
1716088541.7157226,8368218112,6345,6345
1716088542.7168815,8368218112,4346,4346
1716088543.7181053,8368218112,9710,9710
1716088544.7193296,8368218112,4679,4679
1716088545.7205622,8368218112,4245,4245
1716088546.7217941,8368218112,2909,2909
1716088547.7230272,8368218112,360,360
1716088548.7242882,8368218112,5268,5268
1716088549.7255154,8368218112,7780,7780
1716088550.7267442,8368218112,4080,4080
1716088551.7279773,8368218112,5625,5625
1716088552.7288642,8368218112,4097,4097
1716088553.7300785,8368218112,4211,4211
1716088554.7313101,8368218112,2567,2567
1716088555.732541,8368218112,8494,8494
1716088556.7337663,8368218112,4212,4212
1716088557.7349858,8368218112,4656,4656
1716088558.7362056,8368218112,5905,5905
1716088559.7368586,8368218112,5742,5742
1716088560.7381248,8368218112,4217,4217
1716088561.7394142,8368218112,3597,3597
1716088562.741694,8368218112,604,604
1716088563.7429848,8368218112,567,567
1716088564.7455025,8368218112,1906,1906
1716088565.746772,8368218112,4693,4693
1716088566.7481935,8368218112,1998,1998
1716088567.751098,8368218112,2316,2316
1716088568.7523904,8368218112,877,877
1716088569.7545767,8368218112,0,0
1716088570.7567894,8368218112,0,0
1716088571.7580676,8368218112,0,0
1716088572.7595077,8368218112,0,0
1716088573.7617064,8368218112,548,548
1716088574.7629502,8368218112,1137,1137
1716088575.764187,8368218112,0,0
1716088576.764882,8368218112,304,304
1716088577.7661202,8368218112,0,0
1716088578.7673538,8368218112,606,606
1716088579.7685883,8368218112,0,0
1716088580.768878,8368218112,0,0
1716088581.770111,8368218112,0,0
1716088582.7713778,8368218112,0,0
1716088583.7726178,8368218112,1364,1364
1716088584.7728825,8368218112,9062,9062
1716088585.7741287,8368218112,0,0
1716088586.775385,8368218112,502,502
1716088587.7766116,8368218112,0,0
1716088588.7769303,8368218112,508,508
1716088589.7781556,8368218112,0,0
1716088590.779426,8368218112,0,0
1716088591.7806816,8368218112,0,0
1716088592.78193,8368218112,0,0
1716088593.7831624,8368218112,1045,1045
1716088594.784406,8368218112,0,0
1716088595.785648,8368218112,476,476
1716088596.7868853,8368218112,0,0
1716088597.7879775,8368218112,325,325
1716088598.7888706,8368218112,660,660
1716088599.790073,8368218112,477,477
1716088600.7912738,8368218112,0,0
1716088601.7924874,8368218112,425,425
1716088602.7928529,8368218112,0,0
1716088603.7940874,8368218112,51424070,51424070
1716088604.7952979,8368218112,121,121
1716088605.7965438,8368218112,0,0
1716088606.7977746,8368218112,0,0
1716088607.7990124,8368218112,0,0
1716088608.8002176,8368218112,582633050,582633050
1716088609.8008392,8368218112,147,147
1716088610.8020535,8368218112,0,0
1716088611.8032975,8368218112,34633238,34633238
1716088612.8045297,8368218112,0,0
1716088613.8057475,8368218112,669,669
1716088614.8069596,8368218112,0,0
1716088615.8081641,8368218112,0,0
1716088616.8093815,8368218112,1267900057,1267900057
1716088617.8106463,8368218112,1827473959,1827473959
1716088618.8119292,8368218112,816,816
1716088619.812868,8368218112,0,0
1716088620.8140938,8368218112,3958,3958
1716088621.8153057,8368218112,5205,5205
1716088622.8165286,8368218112,7402,7402
1716088623.8168626,8368218112,8369,8369
1716088624.8180974,8368218112,6537,6537
1716088625.8193207,8368218112,4159,4159
1716088626.820571,8368218112,7284,7284
1716088627.820882,8368218112,6960,6960
1716088628.8221142,8368218112,6943,6943
1716088629.8233402,8368218112,7146,7146
1716088630.8245697,8368218112,7112,7112
1716088631.824891,8368218112,5698,5698
1716088632.8261328,8368218112,8487,8487
1716088633.8273728,8368218112,7418,7418
1716088634.8285952,8368218112,7179,7179
1716088635.8288763,8368218112,7099,7099
1716088636.8301141,8368218112,7580,7580
1716088637.8313456,8368218112,3088,3088
1716088638.8325725,8368218112,5666,5666
1716088639.832865,8368218112,4584,4584
1716088640.8340926,8368218112,6871,6871
1716088641.8353121,8368218112,9166,9166
1716088642.8365352,8368218112,6496,6496
1716088643.8368464,8368218112,2308,2308
1716088644.8380778,8368218112,460,460
1716088645.8393154,8368218112,3089,3089
1716088646.8405418,8368218112,4289,4289
1716088647.840878,8368218112,4873,4873
1716088648.8421123,8368218112,8456,8456
1716088649.843338,8368218112,4485,4485
1716088650.8445644,8368218112,7115,7115
1716088651.8455606,8368218112,4859,4859
1716088652.8468413,8368218112,1197,1197
1716088653.848075,8368218112,7948,7948
1716088654.8488648,8368218112,4946,4946
1716088655.8500998,8368218112,7388,7388
1716088656.8513105,8368218112,7048,7048
1716088657.852518,8368218112,6275,6275
1716088658.8528707,8368218112,4903,4903
1716088659.8540642,8368218112,8142,8142
1716088660.8553243,8368218112,7584,7584
1716088661.856557,8368218112,7873,7873
1716088662.8570867,8368218112,6782,6782
1716088663.858339,8368218112,5535,5535
1716088664.8595674,8368218112,1685,1685
1716088665.8609223,8368218112,52,52
1716088667.0222642,3106717696,26941,26941
