Timestamp,MemoryUsage,NetSent,NetRecv
1716086465.6722028,512208896,0,0
1716086466.672971,518107136,17840,17840
1716086467.674237,518107136,0,0
1716086468.6755915,518107136,711,711
1716086469.6767673,518107136,0,0
1716086470.678004,518107136,0,0
1716086471.6792552,518107136,0,0
1716086472.6805694,518107136,0,0
1716086473.6810458,518107136,600,600
1716086474.682476,518107136,0,0
1716086475.683768,518107136,0,0
1716086476.6850917,518107136,0,0
1716086477.6864467,518107136,0,0
1716086478.687753,518107136,600,600
1716086479.688902,518107136,479,479
1716086480.69014,518107136,0,0
1716086481.6915572,518107136,432,432
1716086482.6929843,518107136,0,0
1716086483.6944327,518107136,1081,1081
1716086484.6957097,518107136,0,0
1716086485.6969442,518107136,375,375
1716086486.698271,518107136,52,52
1716086487.6994658,518107136,4161,4161
1716086488.7007024,518107136,3388,3388
1716086489.7019112,518107136,670,670
1716086490.703112,518107136,158,158
1716086491.7043118,518107136,152,152
1716086492.704862,518107136,0,0
1716086493.7060616,518107136,610,610
1716086494.7072608,518107136,0,0
1716086495.708462,518107136,0,0
1716086496.7088475,518107136,0,0
1716086497.710047,518107136,0,0
1716086498.7112556,518107136,600,600
1716086499.7124538,518107136,0,0
1716086500.7128375,518107136,0,0
1716086501.714036,518107136,0,0
1716086502.7152436,518107136,0,0
1716086503.7160885,518107136,600,600
1716086504.7168312,518107136,0,0
1716086505.7180445,518107136,0,0
1716086506.7192495,518107136,0,0
1716086507.720453,518107136,0,0
1716086508.7208304,518107136,600,600
1716086509.7220352,518107136,0,0
1716086510.7232268,518107136,0,0
1716086511.7244291,518107136,0,0
1716086512.7248232,518107136,0,0
1716086513.7260256,518107136,1555,1555
1716086514.7272294,518107136,2990,2990
1716086515.72844,518107136,3564,3564
1716086516.728836,518107136,2081,2081
1716086517.7300303,518107136,1969,1969
1716086518.7312303,518107136,2691,2691
1716086519.7324228,518107136,1955,1955
1716086520.7336624,518107136,3973,3973
1716086521.734913,518107136,4406,4406
1716086522.736126,518107136,1062,1062
1716086523.7368383,518107136,3465,3465
1716086524.738053,518107136,3164,3164
1716086525.739297,518107136,2551,2551
1716086526.7405143,518107136,4024,4024
1716086527.740859,518107136,1121,1121
1716086528.742065,518107136,5943,5943
1716086529.7432647,518107136,1837,1837
1716086530.7444932,518107136,6016,6016
1716086531.7448297,518107136,446,446
1716086532.7460244,518107136,0,0
1716086533.7472105,518107136,929,929
1716086534.7478828,518107136,0,0
1716086535.7488708,518107136,777,777
1716086536.750072,518107136,1111,1111
1716086537.7512743,518107136,0,0
1716086538.7524726,518107136,923,923
1716086539.7528336,518107136,0,0
1716086540.754025,518107136,0,0
1716086541.7552214,518107136,0,0
1716086542.756402,518107136,0,0
1716086543.7568521,518107136,600,600
1716086544.7580802,518107136,0,0
1716086545.7592793,518107136,0,0
1716086546.7603004,518107136,0,0
1716086547.7614949,518107136,0,0
1716086548.7626755,518107136,600,600
1716086549.7638524,518107136,428,428
1716086550.7648265,518107136,52,52
1716086551.7660215,518107136,265,265
1716086552.7672095,518107136,158,158
1716086553.7683957,518107136,608,608
1716086554.769491,518107136,477,477
1716086555.7707257,518107136,0,0
1716086556.7719665,518107136,423,423
1716086557.7728753,518107136,0,0
1716086558.7741034,518107136,978,978
1716086559.7753267,518107136,0,0
1716086560.776574,518107136,157,157
1716086561.7776856,518107136,0,0
1716086562.7789347,518107136,0,0
1716086563.7801821,518107136,306,306
1716086564.7808487,518107136,4200700,4200700
1716086565.781635,518107136,0,0
1716086566.7828548,518107136,0,0
1716086567.784081,518107136,0,0
1716086568.784856,518107136,600,600
1716086569.7860966,518107136,333617930,333617930
1716086570.787351,518107136,102033886,102033886
1716086571.7885737,518107136,0,0
1716086572.7897606,518107136,0,0
1716086573.7909567,518107136,600,600
1716086574.79214,518107136,0,0
1716086575.7933455,518107136,0,0
1716086576.7945979,518107136,2969571309,2969571309
1716086577.7958412,518107136,18968830,18968830
1716086578.797091,518107136,600,600
1716086579.7983565,518107136,0,0
1716086580.799598,518107136,0,0
1716086581.8008683,518107136,1056184964,1056184964
1716086582.802103,518107136,1149677402,1149677402
1716086583.80333,518107136,7412,7412
1716086584.804551,518107136,6921,6921
1716086585.80485,518107136,7445,7445
1716086586.8060615,518107136,2946,2946
1716086587.8072703,518107136,10994,10994
1716086588.8084733,518107136,5123,5123
1716086589.808903,518107136,7510,7510
1716086590.8101697,518107136,8088,8088
1716086591.8114622,518107136,7185,7185
1716086592.8127024,518107136,3827,3827
1716086593.8139417,518107136,4474,4474
1716086594.815167,518107136,8976,8976
1716086595.816401,518107136,5898,5898
1716086596.8168824,518107136,4629,4629
1716086597.8181143,518107136,5077,5077
1716086598.8193405,518107136,7715,7715
1716086599.8205686,518107136,5405,5405
1716086600.8217392,518107136,6216,6216
1716086601.8229525,518107136,4578,4578
1716086602.8241768,518107136,6996,6996
1716086603.8248658,518107136,7480,7480
1716086604.826096,518107136,6882,6882
1716086605.8273423,518107136,6146,6146
1716086606.8276408,518107136,3350,3350
1716086607.8288617,518107136,7356,7356
1716086608.8301086,518107136,5670,5670
1716086609.8312857,518107136,6395,6395
1716086610.83244,518107136,5331,5331
1716086611.8328779,518107136,6357,6357
1716086612.8341005,518107136,3306,3306
1716086613.8347263,518107136,8568,8568
1716086614.8359427,518107136,4737,4737
1716086615.8368647,518107136,7379,7379
1716086616.838107,518107136,4676,4676
1716086617.8393283,518107136,6887,6887
1716086618.8405666,518107136,7501,7501
1716086619.840875,518107136,7353,7353
1716086620.8421025,518107136,4798,4798
1716086621.8433397,518107136,7263,7263
1716086622.844572,518107136,5522,5522
1716086623.8448868,518107136,4561,4561
1716086624.84612,518107136,7537,7537
1716086625.847392,518107136,2241,2241
1716086626.8486972,518107136,7587,7587
1716086627.8498557,518107136,3567,3567
1716086628.8511415,518107136,7660,7660
1716086629.8525124,518107136,5437,5437
1716086630.853062,518107136,5755,5755
1716086631.8543544,518107136,8089,8089
1716086632.8556013,518107136,3352,3352
1716086633.8569448,518107136,1798,1798
1716086634.8582456,518107136,751,751
1716086635.8595498,518107136,752,752
1716086636.8608894,518107136,6386,6386
1716086637.8622022,518107136,3322,3322
1716086638.8635182,518107136,1631,1631
1716086639.864802,518107136,1525,1525
1716086640.8662953,518107136,0,0
1716086641.86762,518107136,303,303
1716086642.8689198,518107136,756,756
1716086643.870188,518107136,1960,1960
1716086644.8715315,518107136,0,0
1716086645.8728526,518107136,302,302
1716086646.8741353,518107136,1533,1533
1716086647.8754818,518107136,952,952
1716086648.875949,518107136,457,457
1716086649.8769186,518107136,838,838
1716086650.8782167,518107136,279,279
1716086651.8795953,518107136,151,151
1716086652.8808634,518107136,2351,2351
1716086653.8821537,518107136,936,936
1716086654.883483,518107136,725,725
1716086655.884794,518107136,171,171
1716086656.886133,518107136,565,565
1716086657.887414,518107136,547,547
1716086658.8887224,518107136,1204,1204
1716086659.8900473,518107136,740,740
1716086660.8913896,518107136,720,720
1716086661.8927445,518107136,780,780
1716086662.8940241,518107136,894,894
1716086663.8952897,518107136,1131,1131
1716086664.8966353,518107136,170,170
1716086665.897943,518107136,754,754
1716086666.8992684,518107136,1323,1323
1716086667.9005537,518107136,558,558
1716086668.90104,518107136,4288,4288
1716086669.9023933,518107136,3563,3563
1716086670.903668,518107136,854,854
1716086671.9053495,518107136,1476,1476
1716086672.906646,518107136,1132,1132
1716086673.9079359,518107136,2161,2161
1716086674.9090755,518107136,1379,1379
1716086675.9103394,518107136,5445,5445
1716086676.9116173,518107136,4418,4418
1716086677.912892,518107136,3187,3187
1716086678.9141512,518107136,3064,3064
1716086679.9154296,518107136,5669,5669
1716086680.9167209,518107136,4439,4439
1716086681.9212227,518107136,5962,5962
1716086682.9225585,518107136,11306,11306
1716086683.9238384,518107136,6754,6754
1716086684.925132,518107136,6159,6159
1716086685.9263904,518107136,4903,4903
1716086686.9276707,518107136,4578,4578
1716086687.9289272,518107136,4407,4407
1716086688.9301946,518107136,5672,5672
1716086689.9314752,518107136,6575,6575
1716086690.9327877,518107136,4779,4779
1716086691.9340785,518107136,3704,3704
1716086692.9353893,518107136,6595,6595
1716086693.936687,518107136,7139,7139
1716086694.9379535,518107136,8094,8094
1716086695.9392037,518107136,5037,5037
1716086696.940467,518107136,6354,6354
1716086697.9417346,518107136,2988,2988
1716086698.943019,518107136,4467,4467
1716086699.9442806,518107136,98120,98120
1716086700.9449086,518107136,4006,4006
1716086701.9461825,518107136,2498,2498
1716086702.9474785,518107136,6645,6645
1716086703.9487793,518107136,6860,6860
1716086704.9501095,518107136,3546,3546
1716086705.9513946,518107136,2854,2854
1716086706.9527113,518107136,4685,4685
1716086707.9539776,518107136,4638,4638
1716086708.955262,518107136,4597,4597
1716086709.956532,518107136,6825,6825
1716086710.9569142,518107136,4853,4853
1716086711.958154,518107136,1739,1739
1716086712.9594276,518107136,3135,3135
1716086713.9606624,518107136,6172,6172
1716086714.9619071,518107136,5037,5037
1716086715.9631422,518107136,3970,3970
1716086716.9643726,518107136,3315,3315
1716086717.9656231,518107136,3079,3079
1716086718.966861,518107136,2379,2379
1716086719.968115,518107136,0,0
1716086720.968887,518107136,823,823
1716086721.9701512,518107136,0,0
1716086722.9714022,518107136,415,415
1716086723.9726858,518107136,301,301
1716086724.9739697,518107136,0,0
1716086725.9752257,518107136,0,0
1716086726.9764872,518107136,0,0
1716086727.977746,518107136,152,152
1716086728.9790037,518107136,1024605230,1024605230
1716086729.9802704,518107136,846653726,846653726
1716086730.9815238,518107136,1007,1007
1716086731.9827843,518107136,52,52
1716086732.9837859,518107136,685,685
1716086733.9850247,518107136,680,680
1716086734.9862847,518107136,1531118437,1531118437
1716086735.987523,518107136,340853759,340853759
1716086736.9887824,518107136,98680,98680
1716086737.9899893,518107136,553,553
1716086738.9912274,518107136,550161096,550161096
1716086739.9924097,518107136,3185070,3185070
1716086740.993665,518107136,1318932443,1318932443
1716086741.9948964,518107136,0,0
1716086742.996129,518107136,448,448
1716086743.997324,518107136,152,152
1716086744.9985037,518107136,0,0
1716086745.9996784,518107136,434,434
1716086747.0008223,518107136,4778,4778
1716086748.0020273,518107136,5508,5508
1716086749.003219,518107136,4357,4357
1716086750.0043929,518107136,3093,3093
1716086751.0048156,518107136,4135,4135
1716086752.0060055,518107136,3984,3984
1716086753.0071867,518107136,6274,6274
1716086754.00837,518107136,5533,5533
1716086755.0088267,518107136,4810,4810
1716086756.0100193,518107136,6389,6389
1716086757.0112016,518107136,1645,1645
1716086758.0124018,518107136,3746,3746
1716086759.012859,518107136,4520,4520
1716086760.0140486,518107136,4992,4992
1716086761.0152311,518107136,2192,2192
1716086762.016419,518107136,4248,4248
1716086763.0168312,518107136,4167,4167
1716086764.0180182,518107136,2914,2914
1716086765.019199,518107136,4103,4103
1716086766.0198176,518107136,4029,4029
1716086767.020823,518107136,3220,3220
1716086768.022003,518107136,4063,4063
1716086769.0231972,518107136,4959,4959
1716086770.0243807,518107136,3488,3488
1716086771.025574,518107136,4285,4285
1716086772.026757,518107136,5909,5909
1716086773.0279527,518107136,4401,4401
1716086774.0288258,518107136,4223,4223
1716086775.0300303,518107136,4075,4075
1716086776.0312197,518107136,2250,2250
1716086777.0324042,518107136,5866,5866
1716086778.0335877,518107136,4430,4430
1716086779.034791,518107136,4415,4415
1716086780.0359766,518107136,3074,3074
1716086781.0371597,518107136,4185,4185
1716086782.0383594,518107136,3503,3503
1716086783.0395627,518107136,4501,4501
1716086784.0407734,518107136,4193,4193
1716086785.0419567,518107136,2242,2242
1716086786.0423958,518107136,1696,1696
1716086787.04367,518107136,3861,3861
1716086788.044862,518107136,3759,3759
1716086789.0460584,518107136,3372,3372
1716086790.0472505,518107136,3901,3901
1716086791.048435,518107136,3225,3225
1716086792.0488794,518107136,3213,3213
1716086793.0500627,518107136,2780,2780
1716086794.0512433,518107136,5556,5556
1716086795.0524242,518107136,3585,3585
1716086796.053593,518107136,5962,5962
1716086797.0548196,518107136,4611,4611
1716086798.055999,518107136,5900,5900
1716086799.0568047,518107136,5579,5579
1716086800.0579846,518107136,3598,3598
1716086801.0591664,518107136,1469,1469
1716086802.0603373,518107136,6210,6210
1716086803.060818,518107136,4503,4503
1716086804.0620017,518107136,4170,4170
1716086805.0631847,518107136,4266,4266
1716086806.0643694,518107136,4702,4702
1716086807.0655682,518107136,3598,3598
1716086808.0667434,518107136,2646,2646
1716086809.0679238,518107136,4572,4572
1716086810.0691106,518107136,3702,3702
1716086811.0702949,518107136,4224,4224
1716086812.071493,518107136,4338,4338
1716086813.0727077,518107136,5614,5614
1716086814.0738883,518107136,2746,2746
1716086815.0750825,518107136,4705,4705
1716086816.0762684,518107136,3430,3430
1716086817.076821,518107136,3464,3464
1716086818.0780041,518107136,3922,3922
1716086819.0791905,518107136,4371,4371
1716086820.0804024,518107136,2047,2047
1716086821.080815,518107136,3648,3648
1716086822.082004,518107136,3939,3939
1716086823.0831847,518107136,4286,4286
1716086824.0843797,518107136,4441,4441
1716086825.0848124,518107136,4092,4092
1716086826.0860145,518107136,2640,2640
1716086827.087197,518107136,4206,4206
1716086828.0883753,518107136,3439,3439
1716086829.0895774,518107136,4246,4246
1716086830.0907767,518107136,2069,2069
1716086831.091972,518107136,4610,4610
1716086832.0928128,518107136,13745,13745
1716086833.0939898,518107136,12662,12662
1716086834.0951602,518107136,10097,10097
1716086835.0963416,518107136,3793,3793
1716086836.0968096,518107136,4395,4395
1716086837.0979922,518107136,4235,4235
1716086838.0991793,518107136,3567,3567
1716086839.100356,518107136,3845,3845
1716086840.1015582,518107136,4177,4177
1716086841.1027355,518107136,4093,4093
1716086842.103913,518107136,4195,4195
1716086843.1048071,518107136,4443,4443
1716086844.106028,518107136,3816,3816
1716086845.1072147,518107136,2422,2422
1716086846.1075723,518107136,3515,3515
1716086847.108778,518107136,3342,3342
1716086848.1099613,518107136,4775,4775
1716086849.1111457,518107136,2685,2685
1716086850.1123292,518107136,5544,5544
1716086851.1128745,518107136,2849,2849
1716086852.114059,518107136,5421,5421
1716086853.115277,518107136,4505,4505
1716086854.1164658,518107136,3539,3539
1716086855.1169817,518107136,4234,4234
1716086856.1182327,518107136,911,911
1716086857.1197805,518107136,158,158
1716086858.1208663,518107136,617,617
1716086859.1218617,518107136,154,154
1716086860.1243057,518107136,0,0
1716086861.124913,518107136,0,0
1716086862.1262572,518107136,0,0
1716086863.1272924,518107136,448,448
1716086864.127625,518107136,152,152
1716086865.1290462,518107136,0,0
1716086866.1300783,518107136,0,0
1716086867.1313872,518107136,0,0
1716086868.1333957,518107136,448,448
1716086869.134578,518107136,1347,1347
1716086870.1357517,518107136,0,0
1716086871.1369264,518107136,303,303
1716086872.1381106,518107136,0,0
1716086873.1392877,518107136,451,451
1716086874.1404707,518107136,152,152
1716086875.1408126,518107136,0,0
1716086876.14143,518107136,0,0
1716086877.1426115,518107136,0,0
1716086878.14378,518107136,448,448
1716086879.1448033,518107136,152,152
1716086880.145998,518107136,0,0
1716086881.1472042,518107136,0,0
1716086882.148379,518107136,0,0
1716086883.1488178,518107136,448,448
1716086884.1499896,518107136,152,152
1716086885.1512117,518107136,0,0
1716086886.1524348,518107136,2470,2470
1716086887.1528468,518107136,0,0
1716086888.154027,518107136,448,448
1716086889.1552029,518107136,152,152
1716086890.1563766,518107136,0,0
1716086891.1568382,518107136,0,0
1716086892.1576571,518107136,0,0
1716086893.1588256,518107136,448,448
1716086894.16002,518107136,152,152
1716086895.1608026,518107136,0,0
1716086896.161976,518107136,0,0
1716086897.163192,518107136,0,0
1716086898.1643653,518107136,392639544,392639544
1716086899.164806,518107136,344,344
1716086900.1659992,518107136,0,0
1716086901.1671736,518107136,0,0
1716086902.1684184,518107136,276068188,276068188
1716086903.168861,518107136,116432475,116432475
1716086904.169367,518107136,152,152
1716086905.1696877,518107136,0,0
1716086906.1709125,518107136,17841277,17841277
1716086907.1722503,518107136,921791427,921791427
1716086908.1729906,518107136,448,448
1716086909.1743505,518107136,152,152
1716086910.1754928,518107136,1268,1268
1716086911.1767292,518107136,4321,4321
1716086912.1779628,518107136,2038715385,2038715385
1716086913.179186,518107136,4113,4113
1716086914.1803944,518107136,6033,6033
1716086915.180852,518107136,4573,4573
1716086916.182102,518107136,6945,6945
1716086917.1833029,518107136,8697,8697
1716086918.1844895,518107136,4226,4226
1716086919.1848257,518107136,3348,3348
1716086920.1860666,518107136,5767,5767
1716086921.1872845,518107136,6812,6812
1716086922.188498,518107136,7013,7013
1716086923.1889825,518107136,8331,8331
1716086924.1901886,518107136,6932,6932
1716086925.1914008,518107136,3045,3045
1716086926.1926196,518107136,6062,6062
1716086927.1928558,518107136,5289,5289
1716086928.194122,518107136,7299,7299
1716086929.194607,518107136,7700,7700
1716086930.19582,518107136,5190,5190
1716086931.1968472,518107136,3484,3484
1716086932.198064,518107136,7220,7220
1716086933.1992702,518107136,7300,7300
1716086934.2004678,518107136,7225,7225
1716086935.2008486,518107136,7358,7358
1716086936.2020726,518107136,7213,7213
1716086937.2032962,518107136,3842,3842
1716086938.2045112,518107136,3984,3984
1716086939.2048624,518107136,6667,6667
1716086940.2060978,518107136,6754,6754
1716086941.2073164,518107136,8115,8115
1716086942.2085369,518107136,7143,7143
1716086943.2088592,518107136,3190,3190
1716086944.2100854,518107136,1898,1898
1716086945.211298,518107136,6061,6061
1716086946.2125273,518107136,7111,7111
1716086947.2128658,518107136,4300,4300
1716086948.2131503,518107136,8061,8061
1716086949.214357,518107136,7893,7893
1716086950.2155645,518107136,6981,6981
1716086951.216815,518107136,3567,3567
1716086952.2180243,518107136,5573,5573
1716086953.219484,518107136,5146,5146
1716086954.220767,518107136,7072,7072
1716086955.2219782,518107136,5875,5875
1716086956.2231812,518107136,7014,7014
1716086957.2244186,518107136,1652,1652
1716086958.224952,518107136,5906,5906
1716086959.226208,518107136,2015,2015
1716086960.227403,518107136,1856,1856
1716086961.2286072,518107136,0,0
1716086962.2288203,518107136,303,303
1716086963.2300067,518107136,959,959
1716086964.2312007,518107136,155,155
1716086965.232399,518107136,0,0
1716086966.2328315,518107136,0,0
1716086967.2341826,518107136,0,0
1716086968.2353704,518107136,448,448
1716086969.2365654,518107136,152,152
1716086970.2377553,518107136,0,0
1716086971.2389524,518107136,0,0
1716086972.240133,518107136,0,0
1716086973.2408245,518107136,448,448
1716086974.2420104,518107136,152,152
1716086975.2432058,518107136,0,0
1716086976.2441027,518107136,0,0
1716086977.244813,518107136,0,0
1716086978.2460167,518107136,448,448
1716086979.2471945,518107136,152,152
1716086980.2483833,518107136,0,0
1716086981.2488139,518107136,0,0
1716086982.2500103,518107136,0,0
1716086983.2511902,518107136,344,344
1716086984.2523835,518107136,152,152
1716086985.2529795,518107136,0,0
1716086986.254298,518107136,0,0
1716086987.2552915,518107136,0,0
1716086988.2565267,518107136,448,448
1716086989.2568254,518107136,152,152
1716086990.2580373,518107136,0,0
1716086991.2592487,518107136,0,0
1716086992.2604444,518107136,0,0
1716086993.260827,518107136,448,448
1716086994.26206,518107136,290840998,290840998
1716086995.2632701,518107136,0,0
1716086996.264495,518107136,0,0
1716086997.264853,518107136,0,0
1716086998.2660615,518107136,448,448
1716086999.2672405,518107136,152,152
1716087000.2684639,518107136,187,187
1716087001.2688642,518107136,17932022,17932022
1716087002.2701228,518107136,742554336,742554336
1716087003.271373,518107136,2612948426,2612948426
1716087004.2726307,518107136,99468844,99468844
1716087005.272862,518107136,0,0
1716087006.2742145,518107136,1927,1927
1716087007.2754872,518107136,7260,7260
1716087008.2768068,518107136,6343,6343
1716087009.2780716,518107136,3731,3731
1716087010.2793548,518107136,5823,5823
1716087011.2806168,518107136,5309,5309
1716087012.2808983,518107136,6864,6864
1716087013.282194,518107136,5439,5439
1716087014.2834702,518107136,7407,7407
1716087015.284775,518107136,4408,4408
1716087016.2860796,518107136,5233,5233
1716087017.287366,518107136,4865,4865
1716087018.2886183,518107136,6779,6779
1716087019.2889018,518107136,4643,4643
1716087020.2901635,518107136,4548,4548
1716087021.2914176,518107136,2264,2264
1716087022.292716,518107136,4412,4412
1716087023.2939653,518107136,4597,4597
1716087024.295229,518107136,7428,7428
1716087025.296237,518107136,7391,7391
1716087026.296896,518107136,6869,6869
1716087027.298153,518107136,4709,4709
1716087028.2994463,518107136,2968,2968
1716087029.3007329,518107136,8040,8040
1716087030.3015518,518107136,4931,4931
1716087031.3021507,518107136,4399,4399
1716087032.3033988,518107136,6584,6584
1716087033.3047116,518107136,7857,7857
1716087034.3060217,518107136,3223,3223
1716087035.307294,518107136,8648,8648
1716087036.3085556,518107136,4553,4553
1716087037.3088949,518107136,5666,5666
1716087038.3101215,518107136,4879,4879
1716087039.3113854,518107136,4842,4842
1716087040.312637,518107136,4115,4115
1716087041.3138971,518107136,2265,2265
1716087042.3142512,518107136,4314,4314
1716087043.3153355,518107136,4812,4812
1716087044.316566,518107136,3660,3660
1716087045.3169072,518107136,4666,4666
1716087046.318139,518107136,5086,5086
1716087047.319403,518107136,6428,6428
1716087048.3207092,518107136,3993,3993
1716087049.3219287,518107136,6653,6653
1716087050.3231506,518107136,3237,3237
1716087051.3243906,518107136,13056,13056
1716087052.3248863,518107136,9921,9921
1716087053.326141,518107136,3245,3245
1716087054.3273838,518107136,1241,1241
1716087055.3286994,518107136,1756,1756
1716087056.32992,518107136,3928,3928
1716087057.3312297,518107136,14477,14477
1716087058.3318894,518107136,16364,16364
1716087059.3328831,518107136,4097,4097
1716087060.3341167,518107136,2997,2997
1716087061.3353407,518107136,4105,4105
1716087062.3366168,518107136,2029,2029
1716087063.336884,518107136,160922,160922
1716087064.3381426,518107136,26029,26029
1716087065.339432,518107136,7239,7239
1716087066.3407333,518107136,3542,3542
1716087067.3419998,518107136,5516,5516
1716087068.343263,518107136,7880,7880
1716087069.3446362,518107136,4550,4550
1716087070.3459597,518107136,3234,3234
1716087071.3471637,518107136,3435,3435
1716087072.3483799,518107136,5934,5934
1716087073.3488836,518107136,5615,5615
1716087074.3501155,518107136,1625,1625
1716087075.3514655,518107136,4685,4685
1716087076.3527753,518107136,5624,5624
1716087077.3540642,518107136,159,159
1716087078.3553598,518107136,1997,1997
1716087079.3567505,518107136,1579,1579
1716087080.3580298,518107136,781,781
1716087081.3593194,518107136,0,0
1716087082.3605614,518107136,1506,1506
1716087083.3610218,518107136,325,325
1716087084.362287,518107136,1453,1453
1716087085.3635645,518107136,4604,4604
1716087086.364883,518107136,1150,1150
1716087087.3661754,518107136,459,459
1716087088.367284,518107136,2184,2184
1716087089.3685794,518107136,157,157
1716087090.3689306,518107136,930,930
1716087091.3702216,518107136,486,486
1716087092.3714592,518107136,152,152
1716087093.3727038,518107136,2436,2436
1716087094.373932,518107136,436,436
1716087095.3751574,518107136,778,778
1716087096.3763723,518107136,1246,1246
1716087097.3768923,518107136,2541,2541
1716087098.3781192,518107136,3102,3102
1716087099.3793428,518107136,1108,1108
1716087100.3805985,518107136,1016,1016
1716087101.380927,518107136,2289,2289
1716087102.382218,518107136,3963,3963
1716087103.3834295,518107136,6444,6444
1716087104.384703,518107136,8667,8667
1716087105.3859365,518107136,1258,1258
1716087106.3871634,518107136,5983,5983
1716087107.3883817,518107136,13964,13964
1716087108.3888438,518107136,5951,5951
1716087109.3900383,518107136,11329,11329
1716087110.3912346,518107136,6014,6014
1716087111.3924787,518107136,6029,6029
1716087112.392852,518107136,2777,2777
1716087113.3940575,518107136,5152,5152
1716087114.3953,518107136,4819,4819
1716087115.3964987,518107136,6065,6065
1716087116.3968668,518107136,4658,4658
1716087117.3981297,518107136,6947,6947
1716087118.3993437,518107136,6584,6584
1716087119.4005694,518107136,5004,5004
1716087120.400848,518107136,6882,6882
1716087121.402073,518107136,6760,6760
1716087122.4032824,518107136,6831,6831
1716087123.4044948,518107136,7881,7881
1716087124.404863,518107136,5099,5099
1716087125.4060934,518107136,3604,3604
1716087126.407302,518107136,4215,4215
1716087127.4085133,518107136,4349,4349
1716087128.4088552,518107136,2601,2601
1716087129.410071,518107136,3137,3137
1716087130.4112887,518107136,4066,4066
1716087131.4125183,518107136,2897,2897
1716087132.4128447,518107136,4216,4216
1716087133.4140968,518107136,6428,6428
1716087134.415305,518107136,4786,4786
1716087135.4165356,518107136,3568,3568
1716087136.4168475,518107136,2856,2856
1716087137.4180815,518107136,4155,4155
1716087138.419322,518107136,4176,4176
1716087139.4205356,518107136,5592,5592
1716087140.4208493,518107136,3047,3047
1716087141.422077,518107136,2455,2455
1716087142.4233086,518107136,5604,5604
1716087143.4245346,518107136,3150,3150
1716087144.424873,518107136,1637,1637
1716087145.426131,518107136,1649,1649
1716087146.4273744,518107136,0,0
1716087147.4286244,518107136,311,311
1716087148.4292703,518107136,456,456
1716087149.430514,518107136,155,155
1716087150.4308138,518107136,0,0
1716087151.432058,518107136,914,914
1716087152.4328954,518107136,0,0
1716087153.4341412,518107136,643,643
1716087154.4349728,518107136,155,155
1716087155.436215,518107136,0,0
1716087156.4368877,518107136,760,760
1716087157.437901,518107136,1871773776,1871773776
1716087158.4391594,518107136,544,544
1716087159.4404428,518107136,496,496
1716087160.4415529,518107136,0,0
1716087161.4423785,518107136,707,707
1716087162.4436202,518107136,841889897,841889897
1716087163.4448776,518107136,2280568883,2280568883
1716087164.4461305,518107136,386844315,386844315
1716087165.4473565,518107136,52,52
1716087166.448593,518107136,104,104
1716087167.448852,518107136,104,104
1716087168.450051,518107136,448,448
1716087169.4505365,518107136,38764403,38764403
1716087170.4517102,518107136,199409079,199409079
1716087171.4528308,518107136,0,0
1716087172.4540064,518107136,0,0
1716087173.4551823,518107136,448,448
1716087174.4563546,518107136,152,152
1716087175.4568217,518107136,0,0
1716087176.4580128,518107136,3481,3481
1716087177.4591258,518107136,2638,2638
1716087178.4603193,518107136,5739,5739
1716087179.4609902,518107136,5854,5854
1716087180.4621775,518107136,1169,1169
1716087181.46335,518107136,402,402
1716087182.4645474,518107136,2455,2455
1716087183.4648135,518107136,4579,4579
1716087184.4652386,518107136,5375,5375
1716087185.4664512,518107136,5616,5616
1716087186.4676452,518107136,2615,2615
1716087187.4688265,518107136,2615,2615
1716087188.4700172,518107136,1692,1692
1716087189.4712198,518107136,861,861
1716087190.4724045,518107136,3136,3136
1716087191.4728348,518107136,4677,4677
1716087192.4740355,518107136,4461,4461
1716087193.4752436,518107136,2331,2331
1716087194.4763768,518107136,4311,4311
1716087195.4768229,518107136,3874,3874
1716087196.478025,518107136,2919,2919
1716087197.4792073,518107136,4422,4422
1716087198.4803925,518107136,4696,4696
1716087199.480824,518107136,4930,4930
1716087200.4820163,518107136,4418,4418
1716087201.4832373,518107136,4502,4502
1716087202.4844255,518107136,4292,4292
1716087203.4848247,518107136,2828,2828
1716087204.4860437,518107136,7083,7083
1716087205.487234,518107136,4239,4239
1716087206.4884524,518107136,6514,6514
1716087207.4888332,518107136,3163,3163
1716087208.4900393,518107136,1926,1926
1716087209.4912279,518107136,3841,3841
1716087210.492421,518107136,1202,1202
1716087211.49283,518107136,2325,2325
1716087212.494027,518107136,3591,3591
1716087213.495235,518107136,5361,5361
1716087214.4964235,518107136,2903,2903
1716087215.4968371,518107136,2456,2456
1716087216.498062,518107136,2502,2502
1716087217.499256,518107136,1488,1488
1716087218.5004618,518107136,4082,4082
1716087219.5008376,518107136,2420,2420
1716087220.5020533,518107136,4777,4777
1716087221.5032556,518107136,4252,4252
1716087222.5042322,518107136,6611,6611
1716087223.504835,518107136,6927,6927
1716087224.5060546,518107136,4485,4485
1716087225.5072544,518107136,2066,2066
1716087226.5084531,518107136,5429,5429
1716087227.5088449,518107136,4555,4555
1716087228.5100646,518107136,6439,6439
1716087229.511282,518107136,6223,6223
1716087230.5125575,518107136,1872,1872
1716087231.5128388,518107136,1685,1685
1716087232.5140567,518107136,2799,2799
1716087233.5152476,518107136,5582,5582
1716087234.5164351,518107136,3723,3723
1716087235.51684,518107136,4124,4124
1716087236.5180428,518107136,2036,2036
1716087237.51924,518107136,2166,2166
1716087238.5197206,518107136,1466,1466
1716087239.5208483,518107136,4791,4791
1716087240.5220382,518107136,3243,3243
1716087241.523249,518107136,4995,4995
1716087242.524447,518107136,1611,1611
1716087243.524839,518107136,4803,4803
1716087244.5260634,518107136,3528,3528
1716087245.5272698,518107136,1466,1466
1716087246.5284796,518107136,4976,4976
1716087247.5288267,518107136,3288,3288
1716087248.5300584,518107136,4625,4625
1716087249.5312908,518107136,2980,2980
1716087250.5319414,518107136,3540,3540
1716087251.5328343,518107136,2033,2033
1716087252.5332153,518107136,3798,3798
1716087253.534408,518107136,5511,5511
1716087254.5355985,518107136,4347,4347
1716087255.5368028,518107136,4179,4179
1716087256.537697,518107136,3252,3252
1716087257.5388827,518107136,3583,3583
1716087258.5392542,518107136,4962,4962
1716087259.5404513,518107136,3956,3956
1716087260.54083,518107136,3546,3546
1716087261.5420165,518107136,4746,4746
1716087262.543204,518107136,4309,4309
1716087263.5441766,518107136,3825,3825
1716087264.544836,518107136,2237,2237
1716087265.5458117,518107136,4249,4249
1716087266.5470583,518107136,4106,4106
1716087267.5482707,518107136,4101,4101
1716087268.5488303,518107136,4548,4548
1716087269.5500433,518107136,2776,2776
1716087270.5502558,518107136,1146,1146
1716087271.5514445,518107136,5908,5908
1716087272.5526605,518107136,3963,3963
1716087273.5538757,518107136,10381,10381
1716087274.5551195,518107136,16800,16800
1716087275.5563288,518107136,6317,6317
1716087276.5568638,518107136,1060,1060
1716087277.55809,518107136,3302,3302
1716087278.5592914,518107136,6832,6832
1716087279.5605137,518107136,2398,2398
1716087280.560856,518107136,5144,5144
1716087281.5621042,518107136,7130,7130
1716087282.5632985,518107136,9975,9975
1716087283.564495,518107136,4379,4379
1716087284.5648365,518107136,5551,5551
1716087285.56618,518107136,6548,6548
1716087286.5674365,518107136,4093,4093
1716087287.5687494,518107136,979,979
1716087288.5699656,518107136,618,618
1716087289.570896,518107136,0,0
1716087290.5718865,518107136,0,0
1716087291.5732055,518107136,0,0
1716087292.5744886,518107136,0,0
1716087293.5758207,518107136,496,496
1716087294.576925,518107136,0,0
1716087295.578234,518107136,0,0
1716087296.5795333,518107136,0,0
1716087297.5807862,518107136,0,0
1716087298.5820549,518107136,600,600
1716087299.5834327,518107136,0,0
1716087300.5846338,518107136,1178,1178
1716087301.5848284,518107136,91050,91050
1716087302.586037,518107136,152,152
1716087303.587237,518107136,612,612
1716087304.5884306,518107136,0,0
1716087305.5888321,518107136,0,0
1716087306.5900445,518107136,0,0
1716087307.5912294,518107136,0,0
1716087308.592427,518107136,600,600
1716087309.592819,518107136,0,0
1716087310.5940495,518107136,0,0
1716087311.5952947,518107136,0,0
1716087312.5964985,518107136,0,0
1716087313.5968196,518107136,600,600
1716087314.5980148,518107136,0,0
1716087315.5992138,518107136,0,0
1716087316.600424,518107136,0,0
1716087317.6008496,518107136,1520,1520
1716087318.6020472,518107136,304,304
1716087319.603248,518107136,192,192
1716087320.6044314,518107136,0,0
1716087321.605203,518107136,0,0
1716087322.6063957,518107136,0,0
1716087323.60758,518107136,600,600
1716087324.608777,518107136,0,0
1716087325.6099894,518107136,0,0
1716087326.6112432,518107136,0,0
1716087327.6124873,518107136,0,0
1716087328.6128757,518107136,600,600
1716087329.6141016,518107136,0,0
1716087330.6153264,518107136,0,0
1716087331.6165507,518107136,0,0
1716087332.6168392,518107136,0,0
1716087333.61803,518107136,600,600
1716087334.6192236,518107136,0,0
1716087335.6204154,518107136,0,0
1716087336.6208403,518107136,0,0
1716087337.6220706,518107136,0,0
1716087338.6233177,518107136,592301481,592301481
1716087339.6245358,518107136,195075837,195075837
1716087340.6248558,518107136,0,0
1716087341.6261022,518107136,0,0
1716087342.627327,518107136,34642962,34642962
1716087343.628587,518107136,2250377585,2250377585
1716087344.6296844,518107136,691549688,691549688
1716087345.6309106,518107136,0,0
1716087346.63215,518107136,0,0
1716087347.6329002,518107136,6025,6025
1716087348.6341567,518107136,5223,5223
1716087349.635413,518107136,6727,6727
1716087350.636701,518107136,5263,5263
1716087351.6379666,518107136,7099,7099
1716087352.6392262,518107136,7568,7568
1716087353.6405025,518107136,7000,7000
1716087354.6409066,518107136,7575,7575
1716087355.6421766,518107136,3554,3554
1716087356.6434479,518107136,3816,3816
1716087357.644737,518107136,3778,3778
1716087358.646016,518107136,5389,5389
1716087359.6469386,518107136,4031,4031
1716087360.6481557,518107136,6068,6068
1716087361.6488469,518107136,4612,4612
1716087362.6500552,518107136,3703,3703
1716087363.6512647,518107136,7429,7429
1716087364.6524742,518107136,4899,4899
1716087365.6536844,518107136,4777,4777
1716087366.6548955,518107136,6759,6759
1716087367.656117,518107136,7109,7109
1716087368.656862,518107136,4890,4890
1716087369.6580749,518107136,7356,7356
1716087370.659289,518107136,8076,8076
1716087371.6604977,518107136,5161,5161
1716087372.6608486,518107136,6818,6818
1716087373.6620748,518107136,7829,7829
1716087374.663296,518107136,4665,4665
1716087375.664513,518107136,4740,4740
1716087376.6648488,518107136,6439,6439
1716087377.6661065,518107136,4412,4412
1716087378.6673205,518107136,5158,5158
1716087379.667968,518107136,7738,7738
1716087380.6689014,518107136,4277,4277
1716087381.6701603,518107136,7198,7198
1716087382.6714334,518107136,7594,7594
1716087383.672738,518107136,7389,7389
1716087384.6733253,518107136,7579,7579
1716087385.674544,518107136,2399,2399
1716087386.6757526,518107136,5978,5978
1716087387.6768613,518107136,4642,4642
1716087388.678068,518107136,7647,7647
1716087389.6793506,518107136,5840,5840
1716087390.6805,518107136,712,712
1716087391.6809204,518107136,4179,4179
1716087392.682238,518107136,2539,2539
1716087393.6835153,518107136,2379,2379
1716087394.6847863,518107136,2086,2086
1716087395.685986,518107136,2234,2234
1716087396.6871915,518107136,2304,2304
1716087397.6883755,518107136,0,0
1716087398.6888287,518107136,774,774
1716087399.690016,518107136,0,0
1716087400.6912038,518107136,0,0
1716087401.6923888,518107136,4223,4223
1716087402.6928277,518107136,510,510
1716087403.69405,518107136,564,564
1716087404.6952295,518107136,0,0
1716087405.696424,518107136,0,0
1716087406.6968296,518107136,277,277
1716087407.6980596,518107136,1985,1985
1716087408.6992626,518107136,2642,2642
1716087409.700441,518107136,0,0
1716087410.7008576,518107136,311,311
1716087411.7020628,518107136,1614,1614
1716087412.7032487,518107136,638,638
1716087413.7044303,518107136,561,561
1716087414.7048213,518107136,0,0
1716087415.7060168,518107136,0,0
1716087416.7072437,518107136,0,0
1716087417.7084622,518107136,0,0
1716087418.7088614,518107136,548,548
1716087419.710074,518107136,0,0
1716087420.7112656,518107136,0,0
1716087421.712458,518107136,0,0
1716087422.7128263,518107136,0,0
1716087423.714021,518107136,496,496
1716087424.7152066,518107136,0,0
1716087425.7164023,518107136,51431227,51431227
1716087426.7168305,518107136,0,0
1716087427.7180157,518107136,0,0
1716087428.7191951,518107136,600,600
1716087429.7203698,518107136,0,0
1716087430.7208567,518107136,34644981,34644981
1716087431.7220697,518107136,0,0
1716087432.7232914,518107136,0,0
1716087433.7245085,518107136,600,600
1716087434.724875,518107136,533214468,533214468
1716087435.7261212,518107136,0,0
1716087436.7273345,518107136,0,0
1716087437.7285573,518107136,0,0
1716087438.7288828,518107136,4201342,4201342
1716087439.7301362,518107136,2442217522,2442217522
1716087440.7313704,518107136,697961987,697961987
1716087441.732606,518107136,0,0
1716087442.7328691,518107136,1067,1067
1716087443.7341368,518107136,5664,5664
1716087444.7353864,518107136,3142,3142
1716087445.736772,518107136,7379,7379
1716087446.7380407,518107136,4849,4849
1716087447.7393005,518107136,7162,7162
1716087448.740558,518107136,7524,7524
1716087449.741814,518107136,4963,4963
1716087450.7430813,518107136,1490,1490
1716087451.7443156,518107136,6137,6137
1716087452.7448895,518107136,7250,7250
1716087453.7461596,518107136,6904,6904
1716087454.747416,518107136,6360,6360
1716087455.7487092,518107136,5383,5383
1716087456.749966,518107136,3675,3675
1716087457.7512424,518107136,5072,5072
1716087458.7525294,518107136,5386,5386
1716087459.753793,518107136,6789,6789
1716087460.7550707,518107136,5254,5254
1716087461.7563324,518107136,6880,6880
1716087462.7568972,518107136,5312,5312
1716087463.7581694,518107136,2374,2374
1716087464.7594445,518107136,5654,5654
1716087465.7607396,518107136,5141,5141
1716087466.7620056,518107136,6044,6044
1716087467.7632818,518107136,7957,7957
1716087468.7645419,518107136,7746,7746
1716087469.7658062,518107136,4953,4953
1716087470.7670686,518107136,6125,6125
1716087471.768342,518107136,4660,4660
1716087472.7689142,518107136,5733,5733
1716087473.770165,518107136,7531,7531
1716087474.7714157,518107136,6263,6263
1716087475.7727408,518107136,5505,5505
1716087476.7740088,518107136,6373,6373
1716087477.775275,518107136,6558,6558
1716087478.776526,518107136,7959,7959
1716087479.7769077,518107136,7925,7925
1716087480.7781506,518107136,7352,7352
1716087481.7794023,518107136,3907,3907
1716087482.7807078,518107136,4801,4801
1716087483.781952,518107136,5276,5276
1716087484.782805,518107136,5759,5759
1716087485.7839897,518107136,6499,6499
1716087486.7848806,518107136,3319,3319
1716087487.7861223,518107136,727,727
1716087488.7873955,518107136,1742,1742
1716087489.7885907,518107136,734,734
1716087490.7888951,518107136,461,461
1716087491.7901325,518107136,446,446
1716087492.7914338,518107136,1658,1658
1716087493.7927434,518107136,1293,1293
1716087494.794048,518107136,52,52
1716087495.7952826,518107136,1506,1506
1716087496.796563,518107136,738,738
1716087497.796916,518107136,0,0
1716087498.7981982,518107136,2014,2014
1716087499.799462,518107136,727,727
1716087500.8007762,518107136,0,0
1716087501.802002,518107136,199,199
1716087502.8032134,518107136,1902,1902
1716087503.8044703,518107136,558,558
1716087504.804943,518107136,0,0
1716087505.8061638,518107136,1476,1476
1716087506.807513,518107136,783,783
1716087507.8089402,518107136,0,0
1716087508.8102195,518107136,1325,1325
1716087509.8114614,518107136,1414,1414
1716087510.8127525,518107136,0,0
1716087511.8141723,518107136,786,786
1716087512.8153913,518107136,1424,1424
1716087513.8167138,518107136,12981,12981
1716087514.8179567,518107136,5099,5099
1716087515.8191798,518107136,8275,8275
1716087516.8205087,518107136,0,0
1716087517.820915,518107136,793,793
1716087518.8221145,518107136,4094,4094
1716087519.8233676,518107136,0,0
1716087520.8244898,518107136,0,0
1716087521.824962,518107136,4701,4701
1716087522.826252,518107136,791,791
1716087523.8274877,518107136,1296,1296
1716087524.828733,518107136,1494,1494
1716087525.8299952,518107136,0,0
1716087526.831221,518107136,1465,1465
1716087527.8330746,518107136,0,0
1716087528.834344,518107136,559,559
1716087529.8355813,518107136,1815,1815
1716087530.836923,518107136,950,950
1716087531.8381684,518107136,1094,1094
1716087532.8393848,518107136,785,785
1716087533.8407083,518107136,560,560
1716087534.8419242,518107136,1629,1629
1716087535.8432815,518107136,639,639
1716087536.8445191,518107136,0,0
1716087537.8448513,518107136,1284,1284
1716087538.846326,518107136,3227,3227
1716087539.8475397,518107136,5439,5439
1716087540.8487606,518107136,524,524
1716087541.8499742,518107136,1461,1461
1716087542.8511903,518107136,3897,3897
1716087543.8523896,518107136,5933,5933
1716087544.852844,518107136,5449,5449
1716087545.8540595,518107136,6967,6967
1716087546.8552709,518107136,4603,4603
1716087547.8564806,518107136,3331,3331
1716087548.8568554,518107136,6148,6148
1716087549.8580842,518107136,4417,4417
1716087550.8593001,518107136,4652,4652
1716087551.8605096,518107136,4644,4644
1716087552.8617473,518107136,5903,5903
1716087553.8629572,518107136,2922,2922
1716087554.864211,518107136,6378,6378
1716087555.8648472,518107136,5863,5863
1716087556.866085,518107136,5097,5097
1716087557.8672984,518107136,6827,6827
1716087558.8685105,518107136,7054,7054
1716087559.8688421,518107136,4662,4662
1716087560.8700764,518107136,6983,6983
1716087561.8712976,518107136,1320,1320
1716087562.8725057,518107136,4403,4403
1716087563.8737297,518107136,6170,6170
1716087564.874947,518107136,3505,3505
1716087565.8761559,518107136,874,874
1716087566.876877,518107136,5789,5789
1716087567.878096,518107136,4308,4308
1716087568.8793185,518107136,4703,4703
1716087569.880558,518107136,6085,6085
1716087570.880855,518107136,5346,5346
1716087571.882086,518107136,4465,4465
1716087572.8833058,518107136,6529,6529
1716087573.8845363,518107136,7345,7345
1716087574.8848693,518107136,4254,4254
1716087575.8861053,518107136,4500,4500
1716087576.887305,518107136,4559,4559
1716087577.8885167,518107136,4967,4967
1716087578.8888571,518107136,5034,5034
1716087579.8900797,518107136,5512,5512
1716087580.8912938,518107136,4515,4515
1716087581.8925064,518107136,5774,5774
1716087582.8928738,518107136,815,815
1716087583.8941166,518107136,622,622
1716087584.8953567,518107136,0,0
1716087585.8966243,518107136,0,0
1716087586.897866,518107136,0,0
1716087587.8991134,518107136,0,0
1716087588.9001505,518107136,600,600
1716087589.900825,518107136,4489,4489
1716087590.9020724,518107136,995,995
1716087591.903304,518107136,340,340
1716087592.9045339,518107136,161,161
1716087593.904879,518107136,1412,1412
1716087594.9061215,518107136,190,190
1716087595.907358,518107136,303,303
1716087596.9086072,518107136,3417,3417
1716087597.9088924,518107136,13213,13213
1716087598.9101355,518107136,1871568293,1871568293
1716087599.911309,518107136,198856,198856
1716087600.9124959,518107136,926,926
1716087601.91367,518107136,90879,90879
1716087602.9148674,518107136,631688772,631688772
1716087603.916116,518107136,1451864708,1451864708
1716087604.9173028,518107136,1551853000,1551853000
1716087605.918476,518107136,582,582
1716087606.9196649,518107136,2034,2034
1716087607.9208095,518107136,1194,1194
1716087608.922027,518107136,110058057,110058057
1716087609.9232264,518107136,1225,1225
1716087610.9243953,518107136,282,282
1716087611.9248085,518107136,1878,1878
1716087612.9260175,518107136,433,433
1716087613.9272146,518107136,407,407
1716087614.9283967,518107136,489,489
1716087615.9288244,518107136,4956,4956
1716087616.93001,518107136,3793,3793
1716087617.9312282,518107136,3583,3583
1716087618.9324286,518107136,4455,4455
1716087619.9328208,518107136,2911,2911
1716087620.9340217,518107136,5627,5627
1716087621.9352,518107136,4520,4520
1716087622.9363835,518107136,4092,4092
1716087623.936817,518107136,3211,3211
1716087624.938002,518107136,5345,5345
1716087625.9392,518107136,3582,3582
1716087626.9403799,518107136,4365,4365
1716087627.9408188,518107136,4520,4520
1716087628.942008,518107136,4333,4333
1716087629.943189,518107136,4123,4123
1716087630.9443738,518107136,6551,6551
1716087631.9448268,518107136,4061,4061
1716087632.9460416,518107136,4381,4381
1716087633.9472191,518107136,2942,2942
1716087634.948412,518107136,4305,4305
1716087635.9496074,518107136,4149,4149
1716087636.9507856,518107136,4037,4037
1716087637.9519677,518107136,5791,5791
1716087638.952817,518107136,3024,3024
1716087639.953771,518107136,5634,5634
1716087640.9549506,518107136,4246,4246
1716087641.9561307,518107136,4179,4179
1716087642.956827,518107136,4389,4389
1716087643.9580233,518107136,5086,5086
1716087644.9592025,518107136,1093,1093
1716087645.9603956,518107136,4165,4165
1716087646.9608145,518107136,4489,4489
1716087647.961991,518107136,4658,4658
1716087648.963193,518107136,6430,6430
1716087649.964374,518107136,2835,2835
1716087650.9656017,518107136,720,720
1716087651.9667845,518107136,5240,5240
1716087652.9679837,518107136,3635,3635
1716087653.9688246,518107136,3924,3924
1716087654.970007,518107136,1129,1129
1716087655.971195,518107136,3574,3574
1716087656.972377,518107136,2788,2788
1716087657.9728057,518107136,4356,4356
1716087658.973988,518107136,4068,4068
1716087659.9751863,518107136,6142,6142
1716087660.9758255,518107136,4406,4406
1716087661.9770794,518107136,6275,6275
1716087662.9782813,518107136,3369,3369
1716087663.979454,518107136,3943,3943
1716087664.980634,518107136,4077,4077
1716087665.9808307,518107136,4044,4044
1716087666.9820032,518107136,3303,3303
1716087667.9832158,518107136,4668,4668
1716087668.9843953,518107136,4125,4125
1716087669.9848108,518107136,5502,5502
1716087670.9859953,518107136,4156,4156
1716087671.987189,518107136,5734,5734
1716087672.9883778,518107136,5751,5751
1716087673.9888136,518107136,4910,4910
1716087674.9899855,518107136,2395,2395
1716087675.9911594,518107136,4091,4091
1716087676.9923446,518107136,3113,3113
1716087677.9928212,518107136,4015,4015
1716087678.9931226,518107136,3288,3288
1716087679.9943092,518107136,2981,2981
1716087680.9952056,518107136,3370,3370
1716087681.9963973,518107136,2683,2683
1716087682.9968185,518107136,6368,6368
1716087683.9979975,518107136,4599,4599
1716087684.9991815,518107136,4177,4177
1716087686.0003674,518107136,3981,3981
1716087687.0008302,518107136,3859,3859
1716087688.0020196,518107136,1494,1494
1716087689.003205,518107136,4682,4682
1716087690.004463,518107136,3524,3524
1716087691.0049024,518107136,4109,4109
1716087692.0061624,518107136,2802,2802
1716087693.0074394,518107136,3987,3987
1716087694.0087266,518107136,2760,2760
1716087695.0099967,518107136,5111,5111
1716087696.0112665,518107136,3110,3110
1716087697.0124981,518107136,3561,3561
1716087698.012861,518107136,4606,4606
1716087699.0140877,518107136,4268,4268
1716087700.0153174,518107136,3237,3237
1716087701.0165353,518107136,7202,7202
1716087702.0177684,518107136,4207,4207
1716087703.019017,518107136,3539,3539
1716087704.020246,518107136,4355,4355
1716087705.0208802,518107136,4210,4210
1716087706.0221014,518107136,4257,4257
1716087707.0231383,518107136,3123,3123
1716087708.024373,518107136,3860,3860
1716087709.0248637,518107136,3629,3629
1716087710.0261133,518107136,3138,3138
1716087711.027329,518107136,2821,2821
1716087712.028697,518107136,681,681
1716087713.0299404,518107136,4028,4028
1716087714.031194,518107136,4533,4533
1716087715.0324183,518107136,2379,2379
1716087716.0328717,518107136,2551,2551
1716087717.034092,518107136,3340,3340
1716087718.035331,518107136,3309,3309
1716087719.0365825,518107136,3541,3541
1716087720.0378416,518107136,4222,4222
1716087721.0390768,518107136,6554,6554
1716087722.040319,518107136,5834,5834
1716087723.041568,518107136,4589,4589
1716087724.0428045,518107136,4562,4562
1716087725.0441422,518107136,2112,2112
1716087726.045776,518107136,0,0
1716087727.0469189,518107136,310,310
1716087728.0482147,518107136,456,456
1716087729.0489004,518107136,155,155
1716087730.0507407,518107136,0,0
1716087731.0520108,518107136,0,0
1716087732.0529132,518107136,0,0
1716087733.0543444,518107136,448,448
1716087734.055811,518107136,152,152
1716087735.057332,518107136,0,0
1716087736.0586064,518107136,0,0
1716087737.0598667,518107136,0,0
1716087738.0608137,518107136,1297,1297
1716087739.0619993,518107136,352,352
1716087740.063183,518107136,0,0
1716087741.0643713,518107136,950,950
1716087742.0648115,518107136,0,0
1716087743.0660286,518107136,448,448
1716087744.0672178,518107136,152,152
1716087745.0684063,518107136,0,0
1716087746.0688138,518107136,0,0
1716087747.0690107,518107136,0,0
1716087748.0701842,518107136,448,448
1716087749.0713565,518107136,152,152
1716087750.0725486,518107136,0,0
1716087751.0727992,518107136,0,0
1716087752.0739946,518107136,0,0
1716087753.0751789,518107136,344,344
1716087754.0763564,518107136,152,152
1716087755.076829,518107136,0,0
1716087756.07802,518107136,0,0
1716087757.0792055,518107136,0,0
1716087758.0804024,518107136,448,448
1716087759.081354,518107136,152,152
1716087760.0820115,518107136,0,0
1716087761.083192,518107136,0,0
1716087762.0844035,518107136,0,0
1716087763.084851,518107136,448,448
1716087764.0860357,518107136,152,152
1716087765.0868838,518107136,0,0
1716087766.088073,518107136,0,0
1716087767.0888164,518107136,4200274,4200274
1716087768.0900145,518107136,448,448
1716087769.0907526,518107136,152,152
1716087770.091949,518107136,0,0
1716087771.09282,518107136,5248313,5248313
1716087772.0940108,518107136,0,0
1716087773.0952287,518107136,152,152
1716087774.0963707,518107136,344,344
1716087775.0974014,518107136,355775790,355775790
1716087776.0986087,518107136,1816347331,1816347331
1716087777.0998027,518107136,126772393,126772393
1716087778.1008286,518107136,448,448
1716087779.1020145,518107136,423,423
1716087780.103221,518107136,160972404,160972404
1716087781.104449,518107136,1294484006,1294484006
1716087782.1048596,518107136,3203,3203
1716087783.1061265,518107136,4219,4219
1716087784.1073227,518107136,7506,7506
1716087785.1085062,518107136,5903,5903
1716087786.108866,518107136,5130,5130
1716087787.110077,518107136,5738,5738
1716087788.1112843,518107136,4287,4287
1716087789.112495,518107136,5361,5361
1716087790.1128561,518107136,7245,7245
1716087791.1140645,518107136,6876,6876
1716087792.1152732,518107136,2454,2454
1716087793.1164763,518107136,7432,7432
1716087794.11686,518107136,7743,7743
1716087795.1180677,518107136,6495,6495
1716087796.119273,518107136,7193,7193
1716087797.1204765,518107136,7246,7246
1716087798.120844,518107136,2651,2651
1716087799.1220534,518107136,6799,6799
1716087800.122861,518107136,4882,4882
1716087801.12406,518107136,7191,7191
1716087802.1248307,518107136,5118,5118
1716087803.1260571,518107136,6853,6853
1716087804.1272788,518107136,4750,4750
1716087805.1284802,518107136,5036,5036
1716087806.1288462,518107136,6182,6182
1716087807.130059,518107136,5233,5233
1716087808.131264,518107136,7490,7490
1716087809.1324632,518107136,5209,5209
1716087810.1336927,518107136,4309,4309
1716087811.134896,518107136,6392,6392
1716087812.1358614,518107136,3989,3989
1716087813.137037,518107136,5238,5238
1716087814.138237,518107136,7822,7822
1716087815.1394353,518107136,3397,3397
1716087816.140675,518107136,4700,4700
1716087817.1418808,518107136,4597,4597
1716087818.1430936,518107136,7664,7664
1716087819.1443,518107136,7782,7782
1716087820.1448443,518107136,7205,7205
1716087821.14592,518107136,7033,7033
1716087822.1471293,518107136,5118,5118
1716087823.148375,518107136,2955,2955
1716087824.1488805,518107136,5621,5621
1716087825.150068,518107136,5742,5742
1716087826.1509767,518107136,4309,4309
1716087827.152361,518107136,5433,5433
1716087828.1532004,518107136,1828,1828
1716087829.1543837,518107136,1961,1961
1716087830.1555688,518107136,287,287
1716087831.156926,518107136,151,151
1716087832.1580968,518107136,152,152
1716087833.159264,518107136,451,451
1716087834.160492,518107136,155,155
1716087835.160811,518107136,0,0
1716087836.1619916,518107136,0,0
1716087837.163175,518107136,0,0
1716087838.1643515,518107136,152,152
1716087839.1648307,518107136,344,344
1716087840.166016,518107136,0,0
1716087841.1671968,518107136,0,0
1716087842.1683784,518107136,0,0
1716087843.1695724,518107136,448,448
1716087844.1707468,518107136,152,152
1716087845.1719115,518107136,0,0
1716087846.1730862,518107136,0,0
1716087847.1742525,518107136,0,0
1716087848.175418,518107136,448,448
1716087849.1765924,518107136,152,152
1716087850.1768496,518107136,0,0
1716087851.1780217,518107136,0,0
1716087852.179193,518107136,0,0
1716087853.1803694,518107136,448,448
1716087854.1808317,518107136,152,152
1716087855.1811955,518107136,0,0
1716087856.1823647,518107136,0,0
1716087857.1835434,518107136,0,0
1716087858.1847456,518107136,5381680,5381680
1716087859.185938,518107136,325,325
1716087860.1871188,518107136,0,0
1716087861.1882975,518107136,0,0
1716087862.188803,518107136,0,0
1716087863.190019,518107136,362072175,362072175
1716087864.1912103,518107136,152,152
1716087865.1924117,518107136,0,0
1716087866.19361,518107136,0,0
1716087867.1948028,518107136,17841277,17841277
1716087868.1959982,518107136,1785807538,1785807538
1716087869.196807,518107136,273,273
1716087870.1979916,518107136,0,0
1716087871.1991932,518107136,1181,1181
1716087872.2004316,518107136,624325996,624325996
1716087873.2016542,518107136,968679285,968679285
1716087874.2028704,518107136,4379,4379
1716087875.2040648,518107136,3185,3185
1716087876.2048483,518107136,6379,6379
1716087877.2060745,518107136,2921,2921
1716087878.2072883,518107136,8453,8453
1716087879.2084858,518107136,4191,4191
1716087880.2088294,518107136,6857,6857
1716087881.210045,518107136,7726,7726
1716087882.2112458,518107136,7976,7976
1716087883.2124703,518107136,6082,6082
1716087884.2128494,518107136,3829,3829
1716087885.2140427,518107136,3959,3959
1716087886.215238,518107136,5705,5705
1716087887.2164328,518107136,5874,5874
1716087888.2168345,518107136,7545,7545
1716087889.2180417,518107136,7421,7421
1716087890.2192302,518107136,7388,7388
1716087891.2204363,518107136,3136,3136
1716087892.2209039,518107136,4106,4106
1716087893.2221117,518107136,1255,1255
1716087894.2233272,518107136,653,653
1716087895.224533,518107136,3159,3159
1716087896.2248616,518107136,6569,6569
1716087897.2260792,518107136,6994,6994
1716087898.227261,518107136,5660,5660
1716087899.228439,518107136,6682,6682
1716087900.2288225,518107136,7193,7193
1716087901.230029,518107136,4538,4538
1716087902.231247,518107136,92463,92463
1716087903.232451,518107136,6224,6224
1716087904.232844,518107136,5985,5985
1716087905.2340732,518107136,5112,5112
1716087906.2352788,518107136,4934,4934
1716087907.236476,518107136,4947,4947
1716087908.236838,518107136,2739,2739
1716087909.2380476,518107136,4334,4334
1716087910.2392404,518107136,8040,8040
1716087911.2404442,518107136,4685,4685
1716087912.2408428,518107136,6894,6894
1716087913.2420459,518107136,5114,5114
1716087914.243274,518107136,7760,7760
1716087915.2447288,518107136,3617,3617
1716087916.2461371,518107136,6835,6835
1716087917.2474678,518107136,7612,7612
1716087918.2487845,518107136,5815,5815
1716087919.2501016,518107136,3910,3910
1716087920.2513528,518107136,3293,3293
1716087921.2526119,518107136,841,841
1716087922.2530422,518107136,0,0
1716087923.254264,518107136,1533,1533
1716087924.255663,518107136,986,986
1716087925.2569332,518107136,733,733
1716087926.2582097,518107136,0,0
1716087927.2595077,518107136,1536,1536
1716087928.2608497,518107136,402,402
1716087929.2620857,518107136,1567,1567
1716087930.2633827,518107136,0,0
1716087931.264599,518107136,779,779
1716087932.2649705,518107136,0,0
1716087933.266251,518107136,1829,1829
1716087934.2675047,518107136,931,931
1716087935.2688365,518107136,0,0
1716087936.2700732,518107136,303,303
1716087937.27129,518107136,2311,2311
1716087938.2728543,518107136,403,403
1716087939.2741532,518107136,155,155
1716087940.2753615,518107136,391,391
1716087941.276716,518107136,486,486
1716087942.2780285,518107136,151,151
1716087943.2792823,518107136,1874,1874
1716087944.2805529,518107136,891,891
1716087945.2809336,518107136,733,733
1716087946.282225,518107136,0,0
1716087947.2835119,518107136,1373,1373
1716087948.284808,518107136,1124,1124
1716087949.28611,518107136,155,155
1716087950.287383,518107136,1453,1453
1716087951.2886076,518107136,735,735
1716087952.2889466,518107136,0,0
1716087953.290192,518107136,890,890
1716087954.2915254,518107136,5122,5122
1716087955.29214,518107136,1525,1525
1716087956.2928576,518107136,2230,2230
1716087957.2941093,518107136,1425,1425
1716087958.2953076,518107136,2350,2350
1716087959.2960079,518107136,2451,2451
1716087960.2969005,518107136,2778,2778
1716087961.2981176,518107136,5773,5773
1716087962.2993312,518107136,7776,7776
1716087963.3005369,518107136,7355,7355
1716087964.3011098,518107136,6370,6370
1716087965.3023188,518107136,6329,6329
1716087966.3035254,518107136,3800,3800
1716087967.3047557,518107136,6383,6383
1716087968.3060093,518107136,4688,4688
1716087969.3072193,518107136,5706,5706
1716087970.3084297,518107136,4910,4910
1716087971.3088562,518107136,6237,6237
1716087972.310071,518107136,4034,4034
1716087973.3112788,518107136,4058,4058
1716087974.3124897,518107136,6495,6495
1716087975.3128366,518107136,6318,6318
1716087976.3140569,518107136,4301,4301
1716087977.315282,518107136,5527,5527
1716087978.316497,518107136,6061,6061
1716087979.3168547,518107136,2166,2166
1716087980.3180683,518107136,3810,3810
1716087981.319296,518107136,5012,5012
1716087982.3205225,518107136,4819,4819
1716087983.3208442,518107136,4174,4174
1716087984.322067,518107136,4237,4237
1716087985.3232753,518107136,5971,5971
1716087986.3239048,518107136,2725,2725
1716087987.3248587,518107136,4129,4129
1716087988.3253837,518107136,2969,2969
1716087989.3266,518107136,2839,2839
1716087990.3277957,518107136,6510,6510
1716087991.328857,518107136,3995,3995
1716087992.3300798,518107136,2283,2283
1716087993.3312964,518107136,2035,2035
1716087994.3325057,518107136,6996,6996
1716087995.332829,518107136,4526,4526
1716087996.3340409,518107136,4921,4921
1716087997.3352542,518107136,2730,2730
1716087998.3364727,518107136,3062,3062
1716087999.3368447,518107136,1113,1113
1716088000.3380637,518107136,363,363
1716088001.3392787,518107136,592,592
1716088002.3404918,518107136,161,161
1716088003.340842,518107136,3085,3085
1716088004.3420382,518107136,2198,2198
1716088005.3432357,518107136,0,0
1716088006.3444529,518107136,260,260
1716088007.3448482,518107136,0,0
1716088008.346089,518107136,404,404
1716088009.3472896,518107136,155,155
1716088010.3485105,518107136,1102,1102
1716088011.3488784,518107136,0,0
1716088012.350116,518107136,156,156
1716088013.3513496,518107136,838,838
1716088014.3525825,518107136,155,155
1716088015.3538294,518107136,683423587,683423587
1716088016.3550813,518107136,1188299221,1188299221
1716088017.3562944,518107136,0,0
1716088018.3568468,518107136,6197310,6197310
1716088019.3580565,518107136,204,204
1716088020.3588436,518107136,584487474,584487474
1716088021.3600872,518107136,1281753306,1281753306
1716088022.3608327,518107136,98680,98680
1716088023.3620355,518107136,752,752
1716088024.3632412,518107136,345,345
1716088025.3644168,518107136,515646197,515646197
1716088026.3648632,518107136,1356424756,1356424756
1716088027.3660975,518107136,0,0
1716088028.3673189,518107136,448,448
1716088029.3685172,518107136,532,532
1716088030.3688133,518107136,0,0
1716088031.3699956,518107136,2852,2852
1716088032.371173,518107136,5023,5023
1716088033.372274,518107136,2574,2574
1716088034.3728812,518107136,5018,5018
1716088035.3740544,518107136,5404,5404
1716088036.3752396,518107136,3069,3069
1716088037.3764293,518107136,2575,2575
1716088038.3768094,518107136,3790,3790
1716088039.3779976,518107136,5844,5844
1716088040.379181,518107136,4370,4370
1716088041.380356,518107136,5719,5719
1716088042.380824,518107136,2478,2478
1716088043.3820088,518107136,3144,3144
1716088044.3831856,518107136,4424,4424
1716088045.3843658,518107136,3574,3574
1716088046.3848155,518107136,2329,2329
1716088047.386011,518107136,3955,3955
1716088048.3872147,518107136,3528,3528
1716088049.3883843,518107136,1490,1490
1716088050.3895688,518107136,3988,3988
1716088051.3907418,518107136,518,518
1716088052.3919284,518107136,3654,3654
1716088053.3931208,518107136,3309,3309
1716088054.3943176,518107136,4226,4226
1716088055.3955035,518107136,2677,2677
1716088056.39673,518107136,4084,4084
1716088057.3979118,518107136,3956,3956
1716088058.3991096,518107136,1538,1538
1716088059.4002943,518107136,6051,6051
1716088060.401508,518107136,3233,3233
1716088061.4027023,518107136,4695,4695
1716088062.40389,518107136,4345,4345
1716088063.4050758,518107136,2968,2968
1716088064.4062526,518107136,718,718
1716088065.407437,518107136,630,630
1716088066.4086356,518107136,1309,1309
1716088067.4098582,518107136,3443,3443
1716088068.4110365,518107136,4954,4954
1716088069.4122295,518107136,4098,4098
1716088070.4128246,518107136,3766,3766
1716088071.4140186,518107136,2682,2682
1716088072.4151964,518107136,3859,3859
1716088073.4163759,518107136,986,986
1716088074.4175773,518107136,3683,3683
1716088075.418762,518107136,708,708
1716088076.419966,518107136,6327,6327
1716088077.4211502,518107136,5126,5126
1716088078.4223263,518107136,4470,4470
1716088079.4235246,518107136,4328,4328
1716088080.4247413,518107136,4212,4212
1716088081.4259286,518107136,3810,3810
1716088082.427107,518107136,1908,1908
1716088083.4280074,518107136,6358,6358
1716088084.4288216,518107136,3986,3986
1716088085.4300165,518107136,4316,4316
1716088086.431192,518107136,3804,3804
1716088087.4323668,518107136,3342,3342
1716088088.432819,518107136,4603,4603
1716088089.4339871,518107136,1401,1401
1716088090.4351664,518107136,3900,3900
1716088091.4363391,518107136,3688,3688
1716088092.437481,518107136,3585,3585
1716088093.4386683,518107136,3788,3788
1716088094.4398546,518107136,4458,4458
1716088095.4410427,518107136,3575,3575
1716088096.4422185,518107136,1325,1325
1716088097.443392,518107136,2109,2109
1716088098.4446266,518107136,971,971
1716088099.4448545,518107136,5054,5054
1716088100.4452503,518107136,4443,4443
1716088101.4464157,518107136,4817,4817
1716088102.4476004,518107136,4135,4135
1716088103.4487982,518107136,2099,2099
1716088104.4499838,518107136,4358,4358
1716088105.4511824,518107136,4176,4176
1716088106.452376,518107136,2551,2551
1716088107.4528255,518107136,4182,4182
1716088108.4540293,518107136,4577,4577
1716088109.4552424,518107136,4364,4364
1716088110.4564345,518107136,4215,4215
1716088111.4568026,518107136,6566,6566
1716088112.4579842,518107136,3239,3239
1716088113.4589145,518107136,833,833
1716088114.4601483,518107136,3819,3819
1716088115.460857,518107136,5428,5428
1716088116.462086,518107136,5468,5468
1716088117.4633062,518107136,2645,2645
1716088118.4645333,518107136,5977,5977
1716088119.4648523,518107136,4296,4296
1716088120.4660764,518107136,3860,3860
1716088121.467297,518107136,3079,3079
1716088122.4685173,518107136,2804,2804
1716088123.4688613,518107136,2253,2253
1716088124.470091,518107136,4300,4300
1716088125.4713085,518107136,4072,4072
1716088126.472529,518107136,6573,6573
1716088127.4728594,518107136,1667,1667
1716088128.474078,518107136,1110,1110
1716088129.4752913,518107136,1705,1705
1716088130.4765077,518107136,5755,5755
1716088131.476856,518107136,3102,3102
1716088132.4780834,518107136,3787,3787
1716088133.4792988,518107136,5892,5892
1716088134.4805143,518107136,5150,5150
1716088135.480855,518107136,4296,4296
1716088136.4820724,518107136,2652,2652
1716088137.4832938,518107136,1413,1413
1716088138.4845212,518107136,3883,3883
1716088139.4848576,518107136,4730,4730
1716088140.4862251,518107136,5257,5257
1716088141.4874709,518107136,660,660
1716088142.488738,518107136,158,158
1716088143.4903808,518107136,618,618
1716088144.4917378,518107136,154,154
1716088145.4929254,518107136,0,0
1716088146.494162,518107136,0,0
1716088147.4960868,518107136,0,0
1716088148.4978523,518107136,448,448
1716088149.4992712,518107136,152,152
1716088150.5005505,518107136,0,0
1716088151.500865,518107136,0,0
1716088152.5022597,518107136,0,0
1716088153.5040853,518107136,448,448
1716088154.5048869,518107136,152,152
1716088155.5061402,518107136,0,0
1716088156.5073445,518107136,1199,1199
1716088157.5081224,518107136,0,0
1716088158.5094013,518107136,546,546
1716088159.5106876,518107136,155,155
1716088160.5119371,518107136,0,0
1716088161.5132172,518107136,0,0
1716088162.5145051,518107136,570,570
1716088163.515782,518107136,300,300
1716088164.5170379,518107136,300,300
1716088165.5183182,518107136,0,0
1716088166.5196097,518107136,0,0
1716088167.5208879,518107136,0,0
1716088168.52209,518107136,344,344
1716088169.5233085,518107136,152,152
1716088170.5245194,518107136,0,0
1716088171.5257022,518107136,0,0
1716088172.5268984,518107136,0,0
1716088173.5273256,518107136,448,448
1716088174.5285099,518107136,152,152
1716088175.5288072,518107136,0,0
1716088176.529138,518107136,0,0
1716088177.5303183,518107136,0,0
1716088178.5315464,518107136,448,448
1716088179.532775,518107136,152,152
1716088180.5339806,518107136,0,0
1716088181.5352123,518107136,0,0
1716088182.5364127,518107136,0,0
1716088183.5368516,518107136,448,448
1716088184.538065,518107136,152,152
1716088185.539254,518107136,33646624,33646624
1716088186.5404303,518107136,0,0
1716088187.5416124,518107136,0,0
1716088188.5427916,518107136,448,448
1716088189.5439925,518107136,152,152
1716088190.5451891,518107136,0,0
1716088191.5463996,518107136,0,0
1716088192.5475109,518107136,0,0
1716088193.5484593,518107136,448,448
1716088194.5488455,518107136,553261389,553261389
1716088195.5497205,518107136,0,0
1716088196.550931,518107136,0,0
1716088197.5521276,518107136,0,0
1716088198.5528398,518107136,34644658,34644658
1716088199.5541058,518107136,2538687831,2538687831
1716088200.5553184,518107136,603587054,603587054
1716088201.5565689,518107136,0,0
1716088202.5568519,518107136,96867,96867
1716088203.5581024,518107136,6565,6565
1716088204.5593648,518107136,3313,3313
1716088205.5606167,518107136,3611,3611
1716088206.5608802,518107136,1927,1927
1716088207.562138,518107136,5095,5095
1716088208.5633383,518107136,7492,7492
1716088209.5645502,518107136,7114,7114
1716088210.564829,518107136,7566,7566
1716088211.566049,518107136,7571,7571
1716088212.567249,518107136,4260,4260
1716088213.5684862,518107136,4282,4282
1716088214.568894,518107136,7580,7580
1716088215.5701463,518107136,7391,7391
1716088216.5713978,518107136,7126,7126
1716088217.572687,518107136,7770,7770
1716088218.5739312,518107136,7309,7309
1716088219.5752046,518107136,5218,5218
1716088220.5764737,518107136,4286,4286
1716088221.5777316,518107136,7410,7410
1716088222.5790226,518107136,7528,7528
1716088223.5802355,518107136,4880,4880
1716088224.5808525,518107136,7352,7352
1716088225.5820622,518107136,5593,5593
1716088226.5832646,518107136,1442,1442
1716088227.584467,518107136,4059,4059
1716088228.5848517,518107136,6046,6046
1716088229.585164,518107136,6337,6337
1716088230.5864053,518107136,7130,7130
1716088231.5876355,518107136,7244,7244
1716088232.588862,518107136,7550,7550
1716088233.5901012,518107136,2190,2190
1716088234.5913105,518107136,5579,5579
1716088235.5925329,518107136,6573,6573
1716088236.592861,518107136,5161,5161
1716088237.5940676,518107136,6344,6344
1716088238.5952823,518107136,7550,7550
1716088239.5964968,518107136,7156,7156
1716088240.5968463,518107136,6203,6203
1716088241.5980546,518107136,4220,4220
1716088242.5992537,518107136,5252,5252
1716088243.6004782,518107136,5708,5708
1716088244.6009648,518107136,5677,5677
1716088245.6022768,518107136,6553,6553
1716088246.603738,518107136,2323,2323
1716088247.604856,518107136,871,871
1716088248.6060827,518107136,1906,1906
1716088249.6072779,518107136,992,992
1716088250.6085014,518107136,152,152
1716088251.608859,518107136,152,152
1716088252.6100729,518107136,0,0
1716088253.611303,518107136,451,451
1716088254.6124692,518107136,155,155
1716088255.613636,518107136,0,0
1716088256.6148129,518107136,0,0
1716088257.6159832,518107136,0,0
1716088258.6171458,518107136,304,304
1716088259.6183078,518107136,192,192
1716088260.6194642,518107136,0,0
1716088261.6206288,518107136,0,0
1716088262.6208105,518107136,0,0
1716088263.621973,518107136,548,548
1716088264.6231413,518107136,52,52
1716088265.6243002,518107136,0,0
1716088266.6248622,518107136,0,0
1716088267.626099,518107136,0,0
1716088268.6273153,518107136,548,548
1716088269.628535,518107136,52,52
1716088270.6291935,518107136,0,0
1716088271.6303666,518107136,0,0
1716088272.6315455,518107136,0,0
1716088273.6327584,518107136,548,548
1716088274.6339462,518107136,52,52
1716088275.63513,518107136,0,0
1716088276.6363077,518107136,0,0
1716088277.6368175,518107136,0,0
1716088278.6379938,518107136,33615190,33615190
1716088279.639171,518107136,52,52
1716088280.6403465,518107136,0,0
1716088281.640817,518107136,0,0
1716088282.6419954,518107136,806214233,806214233
1716088283.6431706,518107136,669,669
1716088284.6443477,518107136,52,52
1716088285.6448236,518107136,0,0
1716088286.646041,518107136,0,0
1716088287.6472402,518107136,376858251,376858251
1716088288.6484334,518107136,548,548
1716088289.6488285,518107136,52,52
1716088290.6500266,518107136,29043592,29043592
1716088291.6512396,518107136,1700728761,1700728761
1716088292.6524458,518107136,817844022,817844022
1716088293.6528316,518107136,548,548
1716088294.6540277,518107136,3167,3167
1716088295.6552634,518107136,4928,4928
1716088296.6564844,518107136,6937,6937
1716088297.6568522,518107136,4185,4185
1716088298.6574507,518107136,3398,3398
1716088299.658657,518107136,2628,2628
1716088300.6598904,518107136,4913,4913
1716088301.660853,518107136,4823,4823
1716088302.6620634,518107136,7020,7020
1716088303.663278,518107136,5412,5412
1716088304.6645067,518107136,7211,7211
1716088305.6648533,518107136,4305,4305
1716088306.6661031,518107136,3569,3569
1716088307.6673152,518107136,4822,4822
1716088308.6685276,518107136,5524,5524
1716088309.6688244,518107136,6667,6667
1716088310.66926,518107136,7325,7325
1716088311.6704779,518107136,7238,7238
1716088312.6716986,518107136,1184,1184
1716088313.6728566,518107136,7355,7355
1716088314.674069,518107136,4580,4580
1716088315.675283,518107136,7281,7281
1716088316.6764886,518107136,7781,7781
1716088317.6768522,518107136,7175,7175
1716088318.6780672,518107136,4813,4813
1716088319.679278,518107136,4517,4517
1716088320.680493,518107136,4606,4606
1716088321.6808512,518107136,4741,4741
1716088322.6820657,518107136,5431,5431
1716088323.6832888,518107136,4560,4560
1716088324.6844985,518107136,5884,5884
1716088325.6848507,518107136,2969,2969
1716088326.686099,518107136,6111,6111
1716088327.687311,518107136,7250,7250
1716088328.6885202,518107136,5697,5697
1716088329.6888592,518107136,7267,7267
1716088330.6900647,518107136,7114,7114
1716088331.6908197,518107136,4324,4324
1716088332.6920412,518107136,4184,4184
1716088333.692867,518107136,6376,6376
1716088334.694087,518107136,4982,4982
1716088335.6953032,518107136,7768,7768
1716088336.696558,518107136,6858,6858
1716088337.6968842,518107136,8943,8943
1716088338.6982892,518107136,4345,4345
1716088339.6994967,518107136,9059,9059
1716088340.7011256,518107136,1557,1557
1716088341.7024,518107136,0,0
1716088342.7036424,518107136,1350,1350
1716088343.7049432,518107136,1160,1160
1716088344.7062252,518107136,742,742
1716088345.70748,518107136,649,649
1716088346.7087028,518107136,1036,1036
1716088347.7098935,518107136,1612,1612
1716088348.711083,518107136,1477,1477
1716088349.712404,518107136,781,781
1716088350.712833,518107136,1486,1486
1716088351.71327,518107136,738,738
1716088352.71454,518107136,980,980
1716088353.715804,518107136,1305,1305
1716088354.7170126,518107136,733,733
1716088355.718707,518107136,356,356
1716088356.7199757,518107136,2542,2542
1716088357.7216854,518107136,18336,18336
1716088358.72353,518107136,7689,7689
1716088359.7248695,518107136,1646,1646
1716088360.7263808,518107136,1532,1532
1716088361.7275796,518107136,0,0
1716088362.7288067,518107136,1087,1087
1716088363.7302752,518107136,1324,1324
1716088364.731882,518107136,1496,1496
1716088365.7329092,518107136,949,949
1716088366.734137,518107136,1334,1334
1716088367.7354612,518107136,787,787
1716088368.736727,518107136,3079,3079
1716088369.7379866,518107136,4937,4937
1716088370.7392943,518107136,2361,2361
1716088371.7405102,518107136,2741,2741
1716088372.7408657,518107136,2429,2429
1716088373.741906,518107136,4326,4326
1716088374.7431257,518107136,5798,5798
1716088375.744345,518107136,5942,5942
1716088376.7448575,518107136,4649,4649
1716088377.7460868,518107136,6106,6106
1716088378.7472913,518107136,4472,4472
1716088379.7485538,518107136,5326,5326
1716088380.7488549,518107136,6588,6588
1716088381.7500753,518107136,7163,7163
1716088382.7512689,518107136,4014,4014
1716088383.752488,518107136,7063,7063
1716088384.7536783,518107136,4558,4558
1716088385.7548852,518107136,4229,4229
1716088386.756107,518107136,4949,4949
1716088387.7573166,518107136,7002,7002
1716088388.7585292,518107136,4667,4667
1716088389.7597485,518107136,4690,4690
1716088390.7608466,518107136,4686,4686
1716088391.7620726,518107136,6361,6361
1716088392.7632437,518107136,6981,6981
1716088393.7644165,518107136,5056,5056
1716088394.7648768,518107136,4263,4263
1716088395.7661405,518107136,1785,1785
1716088396.7673993,518107136,5476,5476
1716088397.7686865,518107136,993,993
1716088398.769939,518107136,6689,6689
1716088399.7712116,518107136,3292,3292
1716088400.7724519,518107136,2737,2737
1716088401.7728953,518107136,4981,4981
1716088402.7741477,518107136,4800,4800
1716088403.7753825,518107136,6902,6902
1716088404.7766793,518107136,4538,4538
1716088405.7778845,518107136,5569,5569
1716088406.7790773,518107136,5606,5606
1716088407.7802663,518107136,4308,4308
1716088408.7808645,518107136,3435,3435
1716088409.7820818,518107136,4329,4329
1716088410.7832878,518107136,4570,4570
1716088411.7844877,518107136,2802,2802
1716088412.7856915,518107136,5550,5550
1716088413.7868972,518107136,4968,4968
1716088414.7881,518107136,2767,2767
1716088415.7888305,518107136,2011,2011
1716088416.790024,518107136,0,0
1716088417.7907538,518107136,158,158
1716088418.7920072,518107136,659,659
1716088419.7932434,518107136,0,0
1716088420.7944458,518107136,0,0
1716088421.7956533,518107136,0,0
1716088422.79684,518107136,0,0
1716088423.7973533,518107136,1506,1506
1716088424.7975729,518107136,0,0
1716088425.7987854,518107136,303,303
1716088426.800045,518107136,0,0
1716088427.8013916,518107136,762,762
1716088428.802749,518107136,557,557
1716088429.8039608,518107136,1871763290,1871763290
1716088430.8048527,518107136,0,0
1716088431.806096,518107136,709,709
1716088432.8072958,518107136,11964850,11964850
1716088433.8084903,518107136,707735114,707735114
1716088434.809707,518107136,2766170768,2766170768
1716088435.8109093,518107136,787977,787977
1716088436.8121164,518107136,156,156
1716088437.8133051,518107136,0,0
1716088438.8145003,518107136,258544533,258544533
1716088439.815704,518107136,380,380
1716088440.816898,518107136,0,0
1716088441.8181021,518107136,0,0
1716088442.8192964,518107136,6746,6746
1716088443.8204916,518107136,4552,4552
1716088444.82169,518107136,5500,5500
1716088445.8228738,518107136,2821,2821
1716088446.8240623,518107136,2567,2567
1716088447.824829,518107136,7466,7466
1716088448.8260424,518107136,2833,2833
1716088449.8272395,518107136,3325,3325
1716088450.8284554,518107136,5730,5730
1716088451.8296514,518107136,3403,3403
1716088452.8308926,518107136,6382,6382
1716088453.8320882,518107136,4820,4820
1716088454.8332918,518107136,4240,4240
1716088455.834489,518107136,1664,1664
1716088456.835678,518107136,5376,5376
1716088457.8368642,518107136,3979,3979
1716088458.8380613,518107136,5152,5152
1716088459.8392491,518107136,4377,4377
1716088460.8404465,518107136,4416,4416
1716088461.8416345,518107136,3155,3155
1716088462.8428302,518107136,4659,4659
1716088463.8440247,518107136,5240,5240
1716088464.845216,518107136,1748,1748
1716088465.84642,518107136,3772,3772
1716088466.8476536,518107136,6038,6038
1716088467.8488433,518107136,5629,5629
1716088468.8500247,518107136,4424,4424
1716088469.8512375,518107136,7547,7547
1716088470.8524215,518107136,5725,5725
1716088471.8536277,518107136,4070,4070
1716088472.8548238,518107136,2504,2504
1716088473.8560276,518107136,6679,6679
1716088474.857226,518107136,4277,4277
1716088475.858442,518107136,4675,4675
1716088476.8596683,518107136,4387,4387
1716088477.860877,518107136,4110,4110
1716088478.8621154,518107136,2844,2844
1716088479.8633568,518107136,3543,3543
1716088480.8645592,518107136,3968,3968
1716088481.8657594,518107136,1851,1851
1716088482.8669653,518107136,1310,1310
1716088483.8681657,518107136,2841,2841
1716088484.8693612,518107136,4850,4850
1716088485.8705828,518107136,5389,5389
1716088486.8718004,518107136,3318,3318
1716088487.8729985,518107136,2299,2299
1716088488.8742166,518107136,6633,6633
1716088489.87544,518107136,3637,3637
1716088490.876637,518107136,8737,8737
1716088491.8778625,518107136,4424,4424
1716088492.8790605,518107136,6710,6710
1716088493.8802462,518107136,6501,6501
1716088494.8814523,518107136,6060,6060
1716088495.8826566,518107136,3718,3718
1716088496.8838453,518107136,5881,5881
1716088497.8848457,518107136,4425,4425
1716088498.8861241,518107136,4653,4653
1716088499.8873487,518107136,5999,5999
1716088500.8885467,518107136,4206,4206
1716088501.8897505,518107136,6607,6607
1716088502.8909523,518107136,1705,1705
1716088503.8921523,518107136,92978,92978
1716088504.8933537,518107136,3481,3481
1716088505.894558,518107136,4860,4860
1716088506.8959143,518107136,4316,4316
1716088507.8971121,518107136,4005,4005
1716088508.8983357,518107136,3341,3341
1716088509.8995156,518107136,4260,4260
1716088510.900731,518107136,3212,3212
1716088511.9019177,518107136,2109,2109
1716088512.9030921,518107136,2248,2248
1716088513.9042566,518107136,621,621
1716088514.9048102,518107136,0,0
1716088515.9060004,518107136,1661,1661
1716088516.907204,518107136,713,713
1716088517.9084015,518107136,547,547
1716088518.9095988,518107136,2757,2757
1716088519.9107704,518107136,3397,3397
1716088520.911943,518107136,4619,4619
1716088521.9131207,518107136,5772,5772
1716088522.9143004,518107136,4052,4052
1716088523.9154992,518107136,4713,4713
1716088524.9167042,518107136,1076,1076
1716088525.9178855,518107136,7942,7942
1716088526.9190922,518107136,4156,4156
1716088527.9202719,518107136,4361,4361
1716088528.9208066,518107136,4306,4306
1716088529.9219825,518107136,4320,4320
1716088530.923165,518107136,2318,2318
1716088531.9243445,518107136,2187,2187
1716088532.9255254,518107136,3821,3821
1716088533.9266977,518107136,5427,5427
1716088534.9278631,518107136,5449,5449
1716088535.928811,518107136,3207,3207
1716088536.9300003,518107136,2599,2599
1716088537.931185,518107136,11062,11062
1716088538.932361,518107136,8802,8802
1716088539.9328175,518107136,3708,3708
1716088540.9339972,518107136,2600,2600
1716088541.9351733,518107136,6995,6995
1716088542.9363425,518107136,4321,4321
1716088543.9368193,518107136,8743,8743
1716088544.9379866,518107136,4338,4338
1716088545.9391587,518107136,4245,4245
1716088546.9403257,518107136,2590,2590
1716088547.9408138,518107136,357,357
1716088548.9419858,518107136,6770,6770
1716088549.943159,518107136,7234,7234
1716088550.9443254,518107136,4220,4220
1716088551.944812,518107136,5775,5775
1716088552.946,518107136,4327,4327
1716088553.9471686,518107136,3486,3486
1716088554.9483361,518107136,4355,4355
1716088555.9488146,518107136,5761,5761
1716088556.9499822,518107136,4264,4264
1716088557.9511545,518107136,5741,5741
1716088558.9523182,518107136,6201,6201
1716088559.9528105,518107136,5727,5727
1716088560.9540067,518107136,2799,2799
1716088561.9559703,518107136,3597,3597
1716088562.9568367,518107136,604,604
1716088563.9582849,518107136,567,567
1716088564.9602923,518107136,5103,5103
1716088565.9608524,518107136,1496,1496
1716088566.9625561,518107136,3515,3515
1716088567.963768,518107136,1110,1110
1716088568.9648821,518107136,566,566
1716088569.9668753,518107136,0,0
1716088570.9680912,518107136,0,0
1716088571.9694967,518107136,0,0
1716088572.9716475,518107136,248,248
1716088573.9728415,518107136,1437,1437
1716088574.9740095,518107136,0,0
1716088575.9751832,518107136,152,152
1716088576.9763513,518107136,152,152
1716088577.9768062,518107136,153,153
1716088578.9779887,518107136,453,453
1716088579.9790237,518107136,0,0
1716088580.9802012,518107136,0,0
1716088581.9808085,518107136,0,0
1716088582.9819937,518107136,300,300
1716088583.9831693,518107136,2591,2591
1716088584.9843562,518107136,7535,7535
1716088585.985537,518107136,0,0
1716088586.986501,518107136,502,502
1716088587.9876773,518107136,155,155
1716088588.988844,518107136,353,353
1716088589.9900122,518107136,0,0
1716088590.9911826,518107136,0,0
1716088591.9923544,518107136,0,0
1716088592.9935324,518107136,300,300
1716088593.9947188,518107136,745,745
1716088594.9958885,518107136,0,0
1716088595.997061,518107136,476,476
1716088596.9982297,518107136,0,0
1716088597.9994059,518107136,480,480
1716088599.0007274,518107136,505,505
1716088600.002008,518107136,477,477
1716088601.0032895,518107136,0,0
1716088602.0045834,518107136,425,425
1716088603.0049143,518107136,404,404
1716088604.006079,518107136,51423666,51423666
1716088605.0072505,518107136,121,121
1716088606.0084243,518107136,0,0
1716088607.0088112,518107136,0,0
1716088608.0100014,518107136,212818161,212818161
1716088609.0111885,518107136,369815036,369815036
1716088610.0123644,518107136,0,0
1716088611.0128136,518107136,0,0
1716088612.0140045,518107136,34633238,34633238
1716088613.0151951,518107136,465,465
1716088614.016369,518107136,204,204
1716088615.017558,518107136,0,0
1716088616.0184479,518107136,0,0
1716088617.0196362,518107136,1334921321,1334921321
1716088618.0208092,518107136,1760453359,1760453359
1716088619.0218482,518107136,152,152
1716088620.0230405,518107136,0,0
1716088621.0242226,518107136,3958,3958
1716088622.0248203,518107136,7183,7183
1716088623.0260258,518107136,7757,7757
1716088624.027216,518107136,8097,8097
1716088625.0284004,518107136,4839,4839
1716088626.029534,518107136,4991,4991
1716088627.0307474,518107136,7792,7792
1716088628.0319622,518107136,7385,7385
1716088629.0328755,518107136,6680,6680
1716088630.0340931,518107136,7492,7492
1716088631.0353081,518107136,5885,5885
1716088632.0365336,518107136,6793,6793
1716088633.036858,518107136,8870,8870
1716088634.0380812,518107136,6167,6167
1716088635.0393012,518107136,7184,7184
1716088636.040519,518107136,7562,7562
1716088637.0417228,518107136,6525,6525
1716088638.0429425,518107136,4363,4363
1716088639.0441492,518107136,4968,4968
1716088640.0448375,518107136,4924,4924
1716088641.0460637,518107136,6813,6813
1716088642.0472832,518107136,9368,9368
1716088643.0475843,518107136,6182,6182
1716088644.0487838,518107136,1188,1188
1716088645.0499735,518107136,481,481
1716088646.0511587,518107136,3017,3017
1716088647.0523818,518107136,4922,4922
1716088648.05287,518107136,5814,5814
1716088649.0540838,518107136,7512,7512
1716088650.0553062,518107136,4617,4617
1716088651.056555,518107136,6935,6935
1716088652.0568435,518107136,4279,4279
1716088653.058076,518107136,2904,2904
1716088654.0593019,518107136,6655,6655
1716088655.0605237,518107136,4804,4804
1716088656.0608735,518107136,7837,7837
1716088657.062109,518107136,6967,6967
1716088658.0633116,518107136,7912,7912
1716088659.064525,518107136,4535,4535
1716088660.0648289,518107136,7399,7399
1716088661.0660515,518107136,7748,7748
1716088662.0672722,518107136,7669,7669
1716088663.068474,518107136,6493,6493
1716088664.0689573,518107136,4854,4854
1716088665.0703278,518107136,1379,1379
1716088666.0715098,518107136,1216,1216
