Timestamp,MemoryUsage,NetSent,NetRecv
1716086465.8537948,512081920,846,846
1716086466.855049,514539520,8628,8628
1716086467.8562899,514539520,0,0
1716086468.8570197,514539520,711,711
1716086469.858436,514539520,0,0
1716086470.859648,514539520,0,0
1716086471.8609543,514539520,0,0
1716086472.8621666,514539520,152,152
1716086473.8634052,514539520,448,448
1716086474.8647566,514539520,0,0
1716086475.8661358,514539520,0,0
1716086476.8670876,514539520,0,0
1716086477.868495,514539520,152,152
1716086478.8697038,514539520,448,448
1716086479.8709772,514539520,479,479
1716086480.8724036,514539520,0,0
1716086481.8728688,514539520,432,432
1716086482.8742034,514539520,103,103
1716086483.8755517,514539520,978,978
1716086484.8760254,514539520,0,0
1716086485.8769307,514539520,427,427
1716086486.878128,514539520,1293,1293
1716086487.8793025,514539520,3131,3131
1716086488.8804808,514539520,3795,3795
1716086489.8808136,514539520,0,0
1716086490.8811111,514539520,310,310
1716086491.88229,514539520,0,0
1716086492.8834593,514539520,154,154
1716086493.8846736,514539520,456,456
1716086494.8858664,514539520,0,0
1716086495.88704,514539520,0,0
1716086496.8882225,514539520,0,0
1716086497.8888426,514539520,152,152
1716086498.8900108,514539520,448,448
1716086499.891174,514539520,0,0
1716086500.8923361,514539520,0,0
1716086501.8928115,514539520,0,0
1716086502.8939788,514539520,152,152
1716086503.895146,514539520,448,448
1716086504.8963208,514539520,0,0
1716086505.8968065,514539520,0,0
1716086506.8979795,514539520,0,0
1716086507.899185,514539520,152,152
1716086508.900347,514539520,448,448
1716086509.9008045,514539520,0,0
1716086510.9019792,514539520,0,0
1716086511.9031477,514539520,0,0
1716086512.9043264,514539520,152,152
1716086513.9048083,514539520,2544,2544
1716086514.9059768,514539520,2881,2881
1716086515.907152,514539520,3096,3096
1716086516.9083204,514539520,2549,2549
1716086517.908802,514539520,1374,1374
1716086518.9099698,514539520,2254,2254
1716086519.911143,514539520,2432,2432
1716086520.9119217,514539520,4472,4472
1716086521.9127789,514539520,3430,3430
1716086522.9139214,514539520,1270,1270
1716086523.9150617,514539520,4449,4449
1716086524.9162107,514539520,2341,2341
1716086525.9167845,514539520,2547,2547
1716086526.9175158,514539520,3711,3711
1716086527.9187005,514539520,1702,1702
1716086528.9198666,514539520,5310,5310
1716086529.921055,514539520,3271,3271
1716086530.922234,514539520,4748,4748
1716086531.9234064,514539520,280,280
1716086532.9245727,514539520,313,313
1716086533.9248016,514539520,616,616
1716086534.9259663,514539520,0,0
1716086535.9271445,514539520,1608,1608
1716086536.9283075,514539520,280,280
1716086537.928799,514539520,309,309
1716086538.9299614,514539520,614,614
1716086539.931132,514539520,0,0
1716086540.932297,514539520,0,0
1716086541.9328058,514539520,0,0
1716086542.933979,514539520,152,152
1716086543.9351552,514539520,448,448
1716086544.9363346,514539520,0,0
1716086545.93681,514539520,0,0
1716086546.9379828,514539520,0,0
1716086547.9391592,514539520,152,152
1716086548.9403353,514539520,448,448
1716086549.9408195,514539520,480,480
1716086550.9419985,514539520,0,0
1716086551.94318,514539520,423,423
1716086552.9443557,514539520,157,157
1716086553.9448054,514539520,928,928
1716086554.9459755,514539520,0,0
1716086555.9471467,514539520,423,423
1716086556.9483202,514539520,0,0
1716086557.948814,514539520,527,527
1716086558.9500015,514539520,451,451
1716086559.951204,514539520,157,157
1716086560.9523816,514539520,0,0
1716086561.9528146,514539520,0,0
1716086562.9539945,514539520,154,154
1716086563.9551787,514539520,152,152
1716086564.9563668,514539520,4200700,4200700
1716086565.9575622,514539520,0,0
1716086566.95874,514539520,0,0
1716086567.9599142,514539520,300,300
1716086568.9608164,514539520,300,300
1716086569.961997,514539520,333617930,333617930
1716086570.963189,514539520,102033886,102033886
1716086571.9643745,514539520,0,0
1716086572.9648128,514539520,300,300
1716086573.9659956,514539520,300,300
1716086574.967177,514539520,0,0
1716086575.9683712,514539520,535672972,535672972
1716086576.9688148,514539520,2452866925,2452866925
1716086577.9699907,514539520,542,542
1716086578.9711735,514539520,300,300
1716086579.9723482,514539520,0,0
1716086580.972844,514539520,0,0
1716086581.9740534,514539520,1362619042,1362619042
1716086582.9751961,514539520,843244093,843244093
1716086583.9758718,514539520,7694,7694
1716086584.9768634,514539520,6862,6862
1716086585.9780915,514539520,6646,6646
1716086586.9792943,514539520,6127,6127
1716086587.9805312,514539520,7879,7879
1716086588.9808826,514539520,5530,5530
1716086589.9813855,514539520,9212,9212
1716086590.9820285,514539520,6844,6844
1716086591.9832976,514539520,7291,7291
1716086592.9845543,514539520,2754,2754
1716086593.9848928,514539520,4887,4887
1716086594.986156,514539520,9843,9843
1716086595.9874141,514539520,5828,5828
1716086596.9886806,514539520,4889,4889
1716086597.9899278,514539520,4913,4913
1716086598.9913564,514539520,7799,7799
1716086599.9919589,514539520,4208,4208
1716086600.9928448,514539520,7418,7418
1716086601.994037,514539520,4780,4780
1716086602.9952285,514539520,6892,6892
1716086603.9964378,514539520,7496,7496
1716086604.9968526,514539520,7019,7019
1716086605.9980896,514539520,4518,4518
1716086606.9993036,514539520,4397,4397
1716086607.9996753,514539520,6545,6545
1716086609.000904,514539520,6165,6165
1716086610.0021582,514539520,5489,5489
1716086611.0034487,514539520,6216,6216
1716086612.0043774,514539520,5472,5472
1716086613.0048425,514539520,3464,3464
1716086614.006048,514539520,9674,9674
1716086615.0072603,514539520,4752,4752
1716086616.0084734,514539520,6955,6955
1716086617.008843,514539520,5198,5198
1716086618.010063,514539520,6778,6778
1716086619.011279,514539520,6233,6233
1716086620.0124896,514539520,8792,8792
1716086621.0128543,514539520,4625,4625
1716086622.014053,514539520,7248,7248
1716086623.0152552,514539520,5161,5161
1716086624.0164654,514539520,5319,5319
1716086625.0168579,514539520,6602,6602
1716086626.0181162,514539520,2107,2107
1716086627.019421,514539520,7984,7984
1716086628.020715,514539520,4807,4807
1716086629.0220034,514539520,6691,6691
1716086630.0227246,514539520,5512,5512
1716086631.0239842,514539520,5731,5731
1716086632.0249803,514539520,6791,6791
1716086633.0262089,514539520,4664,4664
1716086634.0274322,514539520,1185,1185
1716086635.028227,514539520,52,52
1716086636.0288906,514539520,1761,1761
1716086637.030107,514539520,6649,6649
1716086638.0314028,514539520,2458,2458
1716086639.032732,514539520,1223,1223
1716086640.033956,514539520,1525,1525
1716086641.0352058,514539520,0,0
1716086642.0365086,514539520,303,303
1716086643.0368612,514539520,1736,1736
1716086644.038097,514539520,980,980
1716086645.0393388,514539520,0,0
1716086646.0405674,514539520,302,302
1716086647.0408525,514539520,1533,1533
1716086648.0445426,514539520,1254,1254
1716086649.0448656,514539520,155,155
1716086650.0460458,514539520,1117,1117
1716086651.0472746,514539520,0,0
1716086652.0485153,514539520,302,302
1716086653.0488517,514539520,2981,2981
1716086654.0500696,514539520,155,155
1716086655.0512772,514539520,725,725
1716086656.0524752,514539520,459,459
1716086657.0529873,514539520,277,277
1716086658.0542133,514539520,922,922
1716086659.0554414,514539520,1569,1569
1716086660.0567546,514539520,0,0
1716086661.0579727,514539520,720,720
1716086662.0591822,514539520,1521,1521
1716086663.060432,514539520,404,404
1716086664.0608828,514539520,880,880
1716086665.062133,514539520,170,170
1716086666.0633945,514539520,1346,1346
1716086667.0646777,514539520,731,731
1716086668.065926,514539520,1191,1191
1716086669.0671585,514539520,5187,5187
1716086670.068531,514539520,2031,2031
1716086671.0689235,514539520,854,854
1716086672.0701265,514539520,2038,2038
1716086673.0713086,514539520,1274,1274
1716086674.0725267,514539520,1457,1457
1716086675.072923,514539520,1431,1431
1716086676.0740929,514539520,6040,6040
1716086677.075264,514539520,4251,4251
1716086678.0764644,514539520,2707,2707
1716086679.077659,514539520,3064,3064
1716086680.078835,514539520,6509,6509
1716086681.0800312,514539520,4432,4432
1716086682.0808315,514539520,6631,6631
1716086683.0834012,514539520,10745,10745
1716086684.08458,514539520,6948,6948
1716086685.0848272,514539520,5024,5024
1716086686.0858881,514539520,4955,4955
1716086687.0870948,514539520,5365,5365
1716086688.0883074,514539520,4333,4333
1716086689.0894969,514539520,6034,6034
1716086690.0907273,514539520,6646,6646
1716086691.0919118,514539520,3799,3799
1716086692.0931046,514539520,4788,4788
1716086693.0942998,514539520,6647,6647
1716086694.0955234,514539520,6167,6167
1716086695.0962322,514539520,8991,8991
1716086696.0968196,514539520,5046,5046
1716086697.0979981,514539520,6670,6670
1716086698.0991898,514539520,3796,3796
1716086699.1003659,514539520,4368,4368
1716086700.100818,514539520,96095,96095
1716086701.1020055,514539520,5125,5125
1716086702.1032043,514539520,1884,1884
1716086703.104386,514539520,6996,6996
1716086704.1053195,514539520,6589,6589
1716086705.1065261,514539520,3407,3407
1716086706.1077702,514539520,2623,2623
1716086707.1089878,514539520,4353,4353
1716086708.1102028,514539520,4818,4818
1716086709.111382,514539520,4754,4754
1716086710.1125853,514539520,6498,6498
1716086711.1128302,514539520,4724,4724
1716086712.1140153,514539520,1687,1687
1716086713.1150968,514539520,3490,3490
1716086714.1162832,514539520,7504,7504
1716086715.116829,514539520,3350,3350
1716086716.1180193,514539520,4240,4240
1716086717.1192088,514539520,3602,3602
1716086718.1203966,514539520,3067,3067
1716086719.120832,514539520,1834,1834
1716086720.122023,514539520,0,0
1716086721.1232288,514539520,823,823
1716086722.1244445,514539520,0,0
1716086723.1256819,514539520,564,564
1716086724.126881,514539520,152,152
1716086725.128077,514539520,0,0
1716086726.1288688,514539520,0,0
1716086727.1300936,514539520,0,0
1716086728.1311772,514539520,396,396
1716086729.1324253,514539520,1314050270,1314050270
1716086730.1336699,514539520,557208442,557208442
1716086731.1349192,514539520,1059,1059
1716086732.1361427,514539520,0,0
1716086733.1373694,514539520,1210,1210
1716086734.138571,514539520,98679,98679
1716086735.1398046,514539520,1855582957,1855582957
1716086736.140839,514539520,16290715,16290715
1716086737.1412365,514539520,98680,98680
1716086738.1424246,514539520,553,553
1716086739.1437194,514539520,553248359,553248359
1716086740.144836,514539520,266058303,266058303
1716086741.1460254,514539520,1052971947,1052971947
1716086742.1472113,514539520,0,0
1716086743.1483839,514539520,448,448
1716086744.148824,514539520,152,152
1716086745.1500235,514539520,0,0
1716086746.1512136,514539520,2025,2025
1716086747.152411,514539520,4171,4171
1716086748.1528387,514539520,5050,5050
1716086749.1540318,514539520,4705,4705
1716086750.1552286,514539520,2976,2976
1716086751.1564183,514539520,4308,4308
1716086752.1568396,514539520,4337,4337
1716086753.1580422,514539520,5895,5895
1716086754.1592376,514539520,5335,5335
1716086755.160428,514539520,4979,4979
1716086756.1608305,514539520,5980,5980
1716086757.1620169,514539520,1337,1337
1716086758.1632102,514539520,3750,3750
1716086759.1644027,514539520,4507,4507
1716086760.1648326,514539520,4895,4895
1716086761.1660657,514539520,3105,3105
1716086762.1672595,514539520,4126,4126
1716086763.1684403,514539520,3324,3324
1716086764.1688333,514539520,2914,2914
1716086765.1700215,514539520,4155,4155
1716086766.1712158,514539520,4296,4296
1716086767.1724045,514539520,3266,3266
1716086768.1728277,514539520,4714,4714
1716086769.1740158,514539520,4541,4541
1716086770.1752176,514539520,4086,4086
1716086771.1763983,514539520,4023,4023
1716086772.1768248,514539520,5493,5493
1716086773.1780078,514539520,4348,4348
1716086774.179191,514539520,4221,4221
1716086775.180391,514539520,4075,4075
1716086776.180827,514539520,2778,2778
1716086777.1820116,514539520,5041,5041
1716086778.1831934,514539520,4789,4789
1716086779.1843958,514539520,4917,4917
1716086780.1848307,514539520,2893,2893
1716086781.1860342,514539520,4185,4185
1716086782.1872232,514539520,3566,3566
1716086783.188405,514539520,4201,4201
1716086784.1888254,514539520,3636,3636
1716086785.1900172,514539520,2190,2190
1716086786.1912084,514539520,2536,2536
1716086787.1924021,514539520,3987,3987
1716086788.1928248,514539520,2793,2793
1716086789.1940076,514539520,3372,3372
1716086790.1951954,514539520,3901,3901
1716086791.196388,514539520,3225,3225
1716086792.196831,514539520,4008,4008
1716086793.1980212,514539520,2820,2820
1716086794.1992233,514539520,5791,5791
1716086795.2004488,514539520,2877,2877
1716086796.200829,514539520,6672,6672
1716086797.2018526,514539520,4509,4509
1716086798.2030382,514539520,5767,5767
1716086799.2042289,514539520,4742,4742
1716086800.2054248,514539520,3598,3598
1716086801.2066705,514539520,2533,2533
1716086802.2078674,514539520,5198,5198
1716086803.2090647,514539520,5031,5031
1716086804.2102773,514539520,4109,4109
1716086805.2114694,514539520,4654,4654
1716086806.2126837,514539520,4725,4725
1716086807.2138937,514539520,2859,2859
1716086808.2151046,514539520,2455,2455
1716086809.2163436,514539520,4935,4935
1716086810.2175627,514539520,4147,4147
1716086811.2187848,514539520,3583,3583
1716086812.219602,514539520,4990,4990
1716086813.2208505,514539520,4795,4795
1716086814.222037,514539520,4071,4071
1716086815.2232292,514539520,3953,3953
1716086816.224414,514539520,3708,3708
1716086817.224836,514539520,2613,2613
1716086818.2260294,514539520,3922,3922
1716086819.2272365,514539520,4371,4371
1716086820.2280405,514539520,2047,2047
1716086821.2288284,514539520,3700,3700
1716086822.2300205,514539520,4206,4206
1716086823.2312138,514539520,4534,4534
1716086824.232404,514539520,4391,4391
1716086825.2328327,514539520,4091,4091
1716086826.234039,514539520,2321,2321
1716086827.2352297,514539520,4589,4589
1716086828.2364197,514539520,3849,3849
1716086829.2368274,514539520,3308,3308
1716086830.2380328,514539520,3587,3587
1716086831.2392254,514539520,3199,3199
1716086832.2404504,514539520,13586,13586
1716086833.2416434,514539520,13646,13646
1716086834.2428558,514539520,10081,10081
1716086835.2440512,514539520,2825,2825
1716086836.2448332,514539520,5229,5229
1716086837.2460253,514539520,4472,4472
1716086838.24722,514539520,2496,2496
1716086839.248411,514539520,4806,4806
1716086840.2488358,514539520,4399,4399
1716086841.2500272,514539520,3755,3755
1716086842.2512262,514539520,4142,4142
1716086843.252419,514539520,4025,4025
1716086844.2528443,514539520,3442,3442
1716086845.2540543,514539520,2422,2422
1716086846.2552562,514539520,4025,4025
1716086847.2564516,514539520,4234,4234
1716086848.2576683,514539520,3881,3881
1716086849.2588878,514539520,2942,2942
1716086850.260091,514539520,4779,4779
1716086851.2613015,514539520,3767,3767
1716086852.2624846,514539520,5635,5635
1716086853.2636993,514539520,4435,4435
1716086854.2648427,514539520,3324,3324
1716086855.2666583,514539520,4246,4246
1716086856.2683632,514539520,52,52
1716086857.2695758,514539520,316,316
1716086858.2710433,514539520,459,459
1716086859.2728412,514539520,154,154
1716086860.274047,514539520,0,0
1716086861.2761283,514539520,0,0
1716086862.2768846,514539520,0,0
1716086863.2781284,514539520,448,448
1716086864.280786,514539520,152,152
1716086865.282044,514539520,0,0
1716086866.2836173,514539520,0,0
1716086867.2850308,514539520,0,0
1716086868.286244,514539520,1340,1340
1716086869.2874596,514539520,455,455
1716086870.288679,514539520,0,0
1716086871.2898986,514539520,303,303
1716086872.2911122,514539520,0,0
1716086873.2923222,514539520,451,451
1716086874.292855,514539520,152,152
1716086875.294042,514539520,0,0
1716086876.2952378,514539520,0,0
1716086877.2964206,514539520,0,0
1716086878.2968373,514539520,448,448
1716086879.2980359,514539520,152,152
1716086880.2992125,514539520,0,0
1716086881.30041,514539520,0,0
1716086882.3008454,514539520,0,0
1716086883.3020525,514539520,448,448
1716086884.3032863,514539520,152,152
1716086885.3044786,514539520,0,0
1716086886.3056712,514539520,2470,2470
1716086887.3068624,514539520,0,0
1716086888.3080683,514539520,448,448
1716086889.3088515,514539520,152,152
1716086890.3100462,514539520,0,0
1716086891.3112435,514539520,0,0
1716086892.3124313,514539520,0,0
1716086893.312847,514539520,448,448
1716086894.3140562,514539520,152,152
1716086895.3152418,514539520,0,0
1716086896.3159091,514539520,0,0
1716086897.317115,514539520,0,0
1716086898.3183239,514539520,392639544,392639544
1716086899.3195314,514539520,344,344
1716086900.3207543,514539520,0,0
1716086901.3219333,514539520,0,0
1716086902.323106,514539520,392500215,392500215
1716086903.3242853,514539520,448,448
1716086904.3248248,514539520,152,152
1716086905.3260214,514539520,0,0
1716086906.3272085,514539520,17841277,17841277
1716086907.3281407,514539520,921791427,921791427
1716086908.3288233,514539520,448,448
1716086909.3299851,514539520,152,152
1716086910.331185,514539520,2333,2333
1716086911.3324215,514539520,421099823,421099823
1716086912.3328798,514539520,1617618976,1617618976
1716086913.3340795,514539520,3955,3955
1716086914.335284,514539520,7233,7233
1716086915.3364813,514539520,3373,3373
1716086916.3368566,514539520,8761,8761
1716086917.3380916,514539520,6881,6881
1716086918.3393369,514539520,4586,4586
1716086919.34057,514539520,4851,4851
1716086920.3409047,514539520,5216,5216
1716086921.3421342,514539520,7151,7151
1716086922.3433986,514539520,7398,7398
1716086923.3446307,514539520,7772,7772
1716086924.3448958,514539520,6091,6091
1716086925.3461287,514539520,2581,2581
1716086926.3473728,514539520,6925,6925
1716086927.34827,514539520,5229,5229
1716086928.3488424,514539520,7519,7519
1716086929.3500273,514539520,7539,7539
1716086930.3512375,514539520,5077,5077
1716086931.3524327,514539520,3966,3966
1716086932.3528438,514539520,6869,6869
1716086933.3540466,514539520,7272,7272
1716086934.3552272,514539520,7340,7340
1716086935.3564227,514539520,7253,7253
1716086936.357025,514539520,7290,7290
1716086937.3582692,514539520,2731,2731
1716086938.3595269,514539520,5888,5888
1716086939.3608146,514539520,5863,5863
1716086940.3620706,514539520,7161,7161
1716086941.3633192,514539520,7671,7671
1716086942.364581,514539520,6465,6465
1716086943.3648984,514539520,4013,4013
1716086944.3661463,514539520,3071,3071
1716086945.36739,514539520,4796,4796
1716086946.3686304,514539520,6533,6533
1716086947.36889,514539520,4709,4709
1716086948.3701367,514539520,8015,8015
1716086949.3713737,514539520,7944,7944
1716086950.372623,514539520,7054,7054
1716086951.3728838,514539520,4441,4441
1716086952.3741362,514539520,4745,4745
1716086953.375451,514539520,5034,5034
1716086954.3767672,514539520,6510,6510
1716086955.3773432,514539520,5907,5907
1716086956.3785348,514539520,6637,6637
1716086957.3799562,514539520,2915,2915
1716086958.381082,514539520,5260,5260
1716086959.3823264,514539520,1346,1346
1716086960.383544,514539520,1856,1856
1716086961.3847466,514539520,0,0
1716086962.3853924,514539520,303,303
1716086963.386597,514539520,959,959
1716086964.3877947,514539520,155,155
1716086965.3889916,514539520,0,0
1716086966.390209,514539520,0,0
1716086967.391427,514539520,0,0
1716086968.39267,514539520,448,448
1716086969.39388,514539520,152,152
1716086970.3950784,514539520,0,0
1716086971.3962867,514539520,0,0
1716086972.3968332,514539520,0,0
1716086973.398035,514539520,448,448
1716086974.3992307,514539520,152,152
1716086975.4004223,514539520,0,0
1716086976.4008138,514539520,0,0
1716086977.4013264,514539520,0,0
1716086978.4025323,514539520,448,448
1716086979.403724,514539520,152,152
1716086980.4049375,514539520,0,0
1716086981.4059305,514539520,0,0
1716086982.4071205,514539520,0,0
1716086983.408302,514539520,344,344
1716086984.4088333,514539520,152,152
1716086985.41,514539520,0,0
1716086986.4110034,514539520,0,0
1716086987.4121838,514539520,0,0
1716086988.4128203,514539520,448,448
1716086989.414023,514539520,152,152
1716086990.4152346,514539520,0,0
1716086991.4164412,514539520,0,0
1716086992.4168227,514539520,0,0
1716086993.418006,514539520,448,448
1716086994.4191782,514539520,290840998,290840998
1716086995.4203515,514539520,0,0
1716086996.4215245,514539520,0,0
1716086997.4227076,514539520,0,0
1716086998.4239156,514539520,448,448
1716086999.4248536,514539520,152,152
1716087000.4260788,514539520,90962,90962
1716087001.4272625,514539520,17841247,17841247
1716087002.428618,1088143360,1178077365,1178077365
1716087006.319252,3668570112,2276896168,2276896168
1716087007.3232064,3775721472,7260,7260
1716087008.346738,3775721472,6571,6571
1716087009.37144,3776212992,4241,4241
1716087010.3848298,3776212992,5085,5085
1716087011.4056156,3776212992,5959,5959
1716087012.410465,3776212992,6214,6214
1716087013.4338455,3776704512,6480,6480
1716087014.440936,3777196032,6366,6366
1716087015.465999,3777687552,5497,5497
1716087016.473569,3778179072,5510,5510
1716087017.4943666,3778670592,4727,4727
1716087018.5066833,3781128192,5603,5603
1716087019.53034,3783585792,4643,4643
1716087020.5591183,3784568832,4496,4496
1716087021.567501,3785060352,2826,2826
1716087022.5892856,3785551872,5785,5785
1716087023.6083317,3786043392,6252,6252
1716087024.6153696,3787026432,7248,7248
1716087025.6366885,3787026432,6244,6244
1716087026.6408603,3796275200,6804,6804
1716087027.6473532,3796275200,5020,5020
1716087028.6543767,3797749760,4310,4310
1716087029.6742077,3797749760,5232,5232
1716087030.6950707,3798241280,4443,4443
1716087031.7187686,3799224320,7010,7010
1716087032.7370126,3811020800,7311,7311
1716087033.7494814,3825565696,6590,6590
1716087034.7644455,3826057216,4453,4453
1716087035.7657595,3827040256,5478,5478
1716087036.7918427,3828023296,5702,5702
1716087037.820682,3828514816,6310,6310
1716087038.8320212,3829006336,4586,4586
1716087039.8611212,3829989376,5214,5214
1716087040.8724265,3830972416,1727,1727
1716087041.9067006,3830972416,4474,4474
1716087042.9134233,3872260096,5966,5966
1716087043.9464636,3872751616,2117,2117
1716087044.9540756,3898802176,4899,4899
1716087045.9552872,3899785216,6638,6638
1716087046.9622045,3899785216,4710,4710
1716087047.980112,3899785216,4464,4464
1716087048.983981,3967500288,6244,6244
1716087049.984867,3938648064,4778,4778
1716087050.986217,4173975552,12805,12805
1716087051.987503,3938320384,7264,7264
1716087052.9887772,3957559296,6012,6012
1716087053.990079,4260368384,2036,2036
1716087054.9914806,3989479424,973,973
1716087055.9927754,3989479424,2645,2645
1716087056.994022,4071292928,12283,12283
1716087057.9953206,4015988736,20185,20185
1716087058.9967537,3966021632,3698,3698
1716087059.9980483,3977818112,2423,2423
1716087060.9994178,3977818112,1412,1412
1716087062.0008388,3977818112,6134,6134
1716087063.0021045,3939917824,42037,42037
1716087064.0034018,3958411264,143264,143264
1716087065.0047548,3958411264,8199,8199
1716087066.0060525,3958411264,2699,2699
1716087067.007336,4057956352,4942,4942
1716087068.0086205,3965071360,8433,8433
1716087069.0089746,3938820096,5362,5362
1716087070.0102408,3938820096,1882,1882
1716087071.011466,3938820096,4793,4793
1716087072.0127823,3940515840,736,736
1716087073.0140753,3940515840,10716,10716
1716087074.0153205,3940515840,2176,2176
1716087075.0166118,3940515840,282,282
1716087076.0169175,3950792704,6605,6605
1716087077.0182269,3962421248,3863,3863
1716087078.0194979,3975692288,1945,1945
1716087079.0207815,3975692288,1631,1631
1716087080.0220542,3975692288,0,0
1716087081.0228746,4031488000,781,781
1716087082.0241473,4013764608,732,732
1716087083.024968,3957575680,927,927
1716087084.0262234,3957575680,852,852
1716087085.0275683,3988402176,5377,5377
1716087086.028881,3940179968,1150,1150
1716087087.0302033,3964706816,0,0
1716087088.0314462,3964706816,1364,1364
1716087089.03279,3964706816,1436,1436
1716087090.0340295,3964706816,738,738
1716087091.035297,3940741120,678,678
1716087092.0366032,3959345152,0,0
1716087093.0369968,3940511744,1049,1049
1716087094.038233,3940511744,1975,1975
1716087095.0396354,4233072640,778,778
1716087096.0409563,4015144960,194,194
1716087097.0423367,3965100032,1589,1589
1716087098.0436366,3963580416,3950,3950
1716087099.0450356,4032753664,1796,1796
1716087100.046313,4341669888,1484,1484
1716087101.0476096,4095414272,2289,2289
1716087102.0490692,3938975744,1783,1783
1716087103.0700612,3969945600,7294,7294
1716087104.099185,3970437120,7346,7346
1716087105.1120772,3970437120,3563,3563
1716087106.11286,3970437120,1405,1405
1716087107.1468737,3985182720,16600,16600
1716087108.172941,4020080640,8239,8239
1716087109.1802564,4051537920,9901,9901
1716087110.204438,4085944320,5747,5747
1716087111.2094753,4117401600,5785,5785
1716087112.2106886,4152299520,4716,4716
1716087113.2418094,4183756800,4260,4260
1716087114.2713475,4218163200,5711,5711
1716087115.2815726,4253061120,5497,5497
1716087116.3033175,4290908160,4553,4553
1716087117.3358011,4331704320,7284,7284
1716087118.337954,4363161600,6692,6692
1716087119.3391387,4403957760,4883,4883
1716087120.3753018,4435415040,7002,7002
1716087121.406142,4476702720,7220,7220
1716087122.4228554,4505210880,6833,6833
1716087123.4434366,4565176320,7863,7863
1716087124.4543579,4596142080,5426,5426
1716087125.4959757,4665446400,3062,3062
1716087126.4971921,4693954560,4565,4565
1716087127.5182574,4737699840,4704,4704
1716087128.5499206,4788326400,1896,1896
1716087129.553704,4842045440,4176,4176
1716087130.5555754,4892180480,3027,3027
1716087131.5812166,4942573568,3881,3881
1716087132.5824294,5037199360,4994,4994
1716087133.6115735,5049487360,5427,5427
1716087134.6288996,5113118720,4512,4512
1716087135.6512241,5156372480,3504,3504
1716087136.6611917,5210722304,4024,4024
1716087137.6780028,5286719488,3676,3676
1716087138.7092812,5314736128,5024,5024
1716087139.8241792,5450399744,5719,5719
1716087140.8513331,5456297984,2896,2896
1716087141.866896,5541330944,3576,3576
1716087142.8719335,5607780352,4653,4653
1716087143.882534,5670203392,2517,2517
1716087160.9706614,7649619968,1871780023,1871780023
1716087162.1391068,10677166080,164975,164975
1716087163.14036,10677166080,2579943490,2579943490
1716087164.1408443,10677166080,929194991,929194991
1716087165.1420636,10677166080,398,398
1716087166.1432533,10677166080,104,104
1716087167.1444569,10677166080,0,0
1716087168.1448772,10677166080,552,552
1716087169.1461227,10677166080,368,368
1716087170.147341,7554420736,238173114,238173114
1716087171.1485786,7554420736,0,0
1716087172.1497993,7554420736,0,0
1716087173.1510155,7554420736,448,448
1716087174.152233,7554420736,152,152
1716087175.1529787,7554420736,0,0
1716087176.1541848,7554420736,1994,1994
1716087177.1553886,7554420736,2484,2484
1716087178.1566014,7554420736,5557,5557
1716087179.1578152,7554420736,6750,6750
1716087180.1590686,7554420736,2096,2096
1716087181.160274,7554420736,402,402
1716087182.1608355,7554420736,741,741
1716087183.1620395,7554420736,5920,5920
1716087184.1632416,7554420736,3790,3790
1716087185.164454,7554420736,5668,5668
1716087186.164843,7554420736,2484,2484
1716087187.1660588,7554420736,2660,2660
1716087188.167267,7554420736,2474,2474
1716087189.1684768,7554420736,1874,1874
1716087190.168854,7554420736,1530,1530
1716087191.1700685,7554420736,5020,5020
1716087192.1712818,7554420736,4456,4456
1716087193.1724727,7554420736,3009,3009
1716087194.173673,7554420736,3642,3642
1716087195.1748781,7554420736,4108,4108
1716087196.1760733,7554420736,3791,3791
1716087197.1768422,7554420736,3367,3367
1716087198.1780455,7554420736,5530,5530
1716087199.1792653,7554420736,4640,4640
1716087200.180475,7554420736,4276,4276
1716087201.1808484,7554420736,5157,5157
1716087202.1820514,7554420736,4018,4018
1716087203.183258,7554420736,1498,1498
1716087204.1844726,7554420736,7197,7197
1716087205.185693,7554420736,5380,5380
1716087206.1869056,7554420736,4586,4586
1716087207.1881337,7554420736,4427,4427
1716087208.1893635,7554420736,3235,3235
1716087209.1905844,7554420736,3184,3184
1716087210.1918077,7554420736,1062,1062
1716087211.1928594,7554420736,2667,2667
1716087212.1940727,7554420736,3208,3208
1716087213.195304,7554420736,4247,4247
1716087214.196502,7554420736,3214,3214
1716087215.1977203,7554420736,3629,3629
1716087216.1989346,7554420736,2511,2511
1716087217.2001305,7554420736,1804,1804
1716087218.2008283,7554420736,3921,3921
1716087219.2020214,7554420736,2241,2241
1716087220.2032359,7554420736,3661,3661
1716087221.2044623,7554420736,4371,4371
1716087222.204844,7554420736,6136,6136
1716087223.2060666,7554420736,6387,6387
1716087224.2072742,7554420736,6285,6285
1716087225.2085032,7554420736,948,948
1716087226.2088487,7554420736,6487,6487
1716087227.210046,7554420736,3992,3992
1716087228.2112436,7554420736,5893,5893
1716087229.212476,7554420736,6750,6750
1716087230.2128384,7554420736,2681,2681
1716087231.214034,7554420736,2068,2068
1716087232.2152374,7554420736,398,398
1716087233.2164476,7554420736,7473,7473
1716087234.2168503,7554420736,3123,3123
1716087235.2180777,7554420736,4505,4505
1716087236.219293,7554420736,2962,2962
1716087237.2204947,7554420736,516,516
1716087238.2208357,7554420736,2958,2958
1716087239.222047,7554420736,3494,3494
1716087240.2232502,7554420736,3526,3526
1716087241.2243414,7554420736,4294,4294
1716087242.224867,7554420736,3127,3127
1716087243.2261093,7554420736,4640,4640
1716087244.2273207,7554420736,3536,3536
1716087245.2285137,7554420736,947,947
1716087246.2288399,7554420736,4982,4982
1716087247.2300491,7554420736,2771,2771
1716087248.2312608,7554420736,4853,4853
1716087249.2324753,7554420736,3907,3907
1716087250.2336683,7554420736,2359,2359
1716087251.23488,7554420736,3601,3601
1716087252.2360806,7554420736,2154,2154
1716087253.2368474,7554420736,4986,4986
1716087254.238048,7554420736,4394,4394
1716087255.239285,7554420736,3618,3618
1716087256.2404852,7554420736,3913,3913
1716087257.2408414,7554420736,5082,5082
1716087258.2420506,7554420736,3411,3411
1716087259.2432437,7554420736,4850,4850
1716087260.2444508,7554420736,4207,4207
1716087261.2448313,7554420736,3399,3399
1716087262.2460463,7554420736,5177,5177
1716087263.2472546,7554420736,4657,4657
1716087264.248454,7554420736,1361,1361
1716087265.2488515,7554420736,4529,4529
1716087266.2500541,7554420736,4210,4210
1716087267.2512481,7554420736,4100,4100
1716087268.2524476,7554420736,4500,4500
1716087269.2528403,7554420736,3483,3483
1716087270.2540486,7554420736,948,948
1716087271.255248,7554420736,4664,4664
1716087272.2564704,7554420736,4662,4662
1716087273.2568576,7554420736,4414,4414
1716087274.2580764,7554420736,22137,22137
1716087275.2593129,7554420736,5364,5364
1716087276.260529,7554420736,3228,3228
1716087277.2617354,7554420736,1719,1719
1716087278.262926,7554420736,7134,7134
1716087279.2641249,7554420736,2620,2620
1716087280.2648425,7554420736,5167,5167
1716087281.2660818,7554420736,4471,4471
1716087282.2672842,7554420736,11187,11187
1716087283.2680957,7554420736,6499,6499
1716087284.269309,7554420736,5518,5518
1716087285.2705154,7554420736,5258,5258
1716087286.2717578,7554420736,3857,3857
1716087287.2728825,7554420736,3059,3059
1716087288.2741442,7554420736,461,461
1716087289.275395,7554420736,157,157
1716087290.2781496,7554420736,0,0
1716087291.2795475,7554420736,0,0
1716087292.2808163,7554420736,0,0
1716087293.2820797,7554420736,344,344
1716087294.2833254,7554420736,152,152
1716087295.2847836,7554420736,0,0
1716087296.2860556,7554420736,0,0
1716087297.288219,7554420736,0,0
1716087298.2894917,7554420736,448,448
1716087299.290479,7554420736,152,152
1716087300.2917008,7554420736,1178,1178
1716087301.2929552,7554420736,91050,91050
1716087302.294189,7554420736,152,152
1716087303.2954102,7554420736,457,457
1716087304.2966738,7554420736,155,155
1716087305.2978883,7554420736,0,0
1716087306.2991118,7554420736,0,0
1716087307.3003287,7554420736,0,0
1716087308.3015485,7554420736,448,448
1716087309.302763,7554420736,152,152
1716087310.3039875,7554420736,0,0
1716087311.3048635,7554420736,0,0
1716087312.306106,7554420736,0,0
1716087313.3073404,7554420736,448,448
1716087314.308563,7554420736,152,152
1716087315.3097816,7554420736,0,0
1716087316.311015,7554420736,0,0
1716087317.3122373,7554420736,1520,1520
1716087318.3128684,7554420736,152,152
1716087319.314073,7554420736,344,344
1716087320.3152962,7554420736,0,0
1716087321.3165207,7554420736,0,0
1716087322.3168666,7554420736,0,0
1716087323.318072,7554420736,448,448
1716087324.3192878,7554420736,152,152
1716087325.3204865,7554420736,0,0
1716087326.3208475,7554420736,0,0
1716087327.322059,7554420736,0,0
1716087328.3232427,7554420736,448,448
1716087329.3244495,7554420736,152,152
1716087330.324852,7554420736,0,0
1716087331.3260584,7554420736,0,0
1716087332.3272629,7554420736,0,0
1716087333.3284876,7554420736,448,448
1716087334.3288631,7554420736,152,152
1716087335.3300881,7554420736,0,0
1716087336.3313096,7554420736,0,0
1716087337.3325007,7554420736,0,0
1716087338.3328693,7554420736,33609061,33609061
1716087339.3340786,7554420736,753768257,753768257
1716087340.3352668,7554420736,0,0
1716087341.336466,7554420736,0,0
1716087342.3368814,7554420736,34642962,34642962
1716087343.3381286,7554420736,1360914787,1360914787
1716087344.3393793,7554420736,1581012486,1581012486
1716087345.3406146,7554420736,0,0
1716087346.3408854,7554420736,0,0
1716087347.342097,7554420736,3515,3515
1716087348.3432944,7554420736,7323,7323
1716087349.344516,7554420736,4254,4254
1716087350.3448672,7554420736,5948,5948
1716087351.3460858,7554420736,7690,7690
1716087352.347313,7554420736,7115,7115
1716087353.348578,7554420736,7764,7764
1716087354.3493447,7554420736,7562,7562
1716087355.3505538,7554420736,2802,2802
1716087356.3517742,7554420736,4289,4289
1716087357.3528562,7554420736,5084,5084
1716087358.3540683,7554420736,3556,3556
1716087359.3552868,7554420736,4520,4520
1716087360.356502,7554420736,5601,5601
1716087361.3568878,7554420736,5030,5030
1716087362.3580983,7554420736,2238,2238
1716087363.3593097,7554420736,8432,8432
1716087364.3605213,7554420736,5086,5086
1716087365.360849,7554420736,5502,5502
1716087366.3620522,7554420736,6090,6090
1716087367.3632517,7554420736,6585,6585
1716087368.3644876,7554420736,4518,4518
1716087369.3648558,7554420736,7835,7835
1716087370.3661041,7554420736,6822,6822
1716087371.3673394,7554420736,6804,6804
1716087372.3685486,7554420736,7110,7110
1716087373.3688579,7554420736,7714,7714
1716087374.370074,7554420736,4710,4710
1716087375.3712904,7554420736,5779,5779
1716087376.3718657,7554420736,5364,5364
1716087377.3728836,7554420736,4564,4564
1716087378.374092,7554420736,6237,6237
1716087379.3753288,7554420736,6121,6121
1716087380.376539,7554420736,4816,4816
1716087381.3768632,7554420736,6819,6819
1716087382.3780773,7554420736,7444,7444
1716087383.3793044,7554420736,7211,7211
1716087384.3805108,7554420736,7373,7373
1716087385.3812692,7554420736,4843,4843
1716087386.3824763,7554420736,3485,3485
1716087387.3834262,7554420736,6832,6832
1716087388.3846314,7554420736,5176,5176
1716087389.3848736,7554420736,7179,7179
1716087390.3863306,7554420736,2199,2199
1716087391.3867393,7554420736,4179,4179
1716087392.387992,7554420736,2539,2539
1716087393.3889463,7554420736,2222,2222
1716087394.390752,7554420736,1435,1435
1716087395.392046,7554420736,1083,1083
1716087396.3928826,7554420736,4263,4263
1716087397.3940923,7554420736,0,0
1716087398.394995,7554420736,619,619
1716087399.3961916,7554420736,155,155
1716087400.3973982,7554420736,0,0
1716087401.3986216,7554420736,2483,2483
1716087402.3998423,7554420736,2250,2250
1716087403.4008608,7554420736,408,408
1716087404.4020672,7554420736,156,156
1716087405.403267,7554420736,0,0
1716087406.4044762,7554420736,0,0
1716087407.4048514,7554420736,575,575
1716087408.4060788,7554420736,3995,3995
1716087409.40728,7554420736,334,334
1716087410.4084764,7554420736,159,159
1716087411.409704,7554420736,1263,1263
1716087412.4109137,7554420736,852,852
1716087413.412126,7554420736,695,695
1716087414.412851,7554420736,155,155
1716087415.414049,7554420736,0,0
1716087416.415257,7554420736,0,0
1716087417.4164448,7554420736,0,0
1716087418.4176497,7554420736,396,396
1716087419.4188397,7554420736,152,152
1716087420.420051,7554420736,0,0
1716087421.4208515,7554420736,0,0
1716087422.422052,7554420736,0,0
1716087423.4232447,7554420736,344,344
1716087424.4244473,7554420736,152,152
1716087425.4248433,7554420736,0,0
1716087426.4260752,7554420736,51431227,51431227
1716087427.4272835,7554420736,0,0
1716087428.4284787,7554420736,448,448
1716087429.4288397,7554420736,152,152
1716087430.4300368,7554420736,34644981,34644981
1716087431.431266,7554420736,0,0
1716087432.432469,7554420736,0,0
1716087433.4336584,7554420736,448,448
1716087434.4348502,7554420736,533214620,533214620
1716087435.4360392,7554420736,0,0
1716087436.436831,7554420736,0,0
1716087437.438045,7554420736,0,0
1716087438.439232,7554420736,4200894,4200894
1716087439.4405553,7554420736,1530562189,1530562189
1716087440.4409604,7554420736,1609617768,1609617768
1716087441.4422965,7554420736,0,0
1716087442.4435055,7554420736,0,0
1716087443.444757,7554420736,5328,5328
1716087444.4460173,7554420736,3870,3870
1716087445.4472544,7554420736,5209,5209
1716087446.4484982,7554420736,5225,5225
1716087447.4488392,7554420736,6917,6917
1716087448.4500718,7554420736,8258,8258
1716087449.45133,7554420736,6463,6463
1716087450.4525654,7554420736,1970,1970
1716087451.4528801,7554420736,3513,3513
1716087452.4541316,7554420736,6908,6908
1716087453.4553692,7554420736,8123,8123
1716087454.4566064,7554420736,6997,6997
1716087455.4568791,7554420736,4885,4885
1716087456.4581141,7554420736,3987,3987
1716087457.459368,7554420736,3605,3605
1716087458.4606047,7554420736,6032,6032
1716087459.4608893,7554420736,6864,6864
1716087460.4621644,7554420736,5078,5078
1716087461.4634204,7554420736,7079,7079
1716087462.464721,7554420736,7119,7119
1716087463.465995,7554420736,2154,2154
1716087464.4672213,7554420736,4111,4111
1716087465.4684575,7554420736,5242,5242
1716087466.4688818,7554420736,5883,5883
1716087467.4701338,7554420736,8114,8114
1716087468.4713697,7554420736,7766,7766
1716087469.4726198,7554420736,4751,4751
1716087470.4739037,7554420736,7507,7507
1716087471.4741335,7554420736,4657,4657
1716087472.4753332,7554420736,4701,4701
1716087473.4765458,7554420736,6855,6855
1716087474.4768379,7554420736,7403,7403
1716087475.4780447,7554420736,4251,4251
1716087476.479249,7554420736,7450,7450
1716087477.4804525,7554420736,6747,6747
1716087478.480845,7554420736,7373,7373
1716087479.4820678,7554420736,6728,6728
1716087480.4832847,7554420736,7793,7793
1716087481.48449,7554420736,4082,4082
1716087482.4848468,7554420736,5411,5411
1716087483.486065,7554420736,5108,5108
1716087484.4872537,7554420736,5987,5987
1716087485.4887967,7554420736,6151,6151
1716087486.490165,7554420736,3990,3990
1716087487.4914103,7554420736,2138,2138
1716087488.4926946,7554420736,854,854
1716087489.4939613,7554420736,1622,1622
1716087490.4952168,7554420736,0,0
1716087491.4960666,7554420736,745,745
1716087492.4970071,7554420736,726,726
1716087493.4982772,7554420736,1554,1554
1716087494.499509,7554420736,885,885
1716087495.5009146,7554420736,730,730
1716087496.5021727,7554420736,1514,1514
1716087497.5034742,7554420736,0,0
1716087498.5047798,7554420736,1078,1078
1716087499.5060368,7554420736,1663,1663
1716087500.5073705,7554420736,0,0
1716087501.5086932,7554420736,0,0
1716087502.5099301,7554420736,934,934
1716087503.51274,7554420736,1570,1570
1716087504.5139806,7554420736,155,155
1716087505.5152693,7554420736,731,731
1716087506.5165153,7554420736,1528,1528
1716087507.5169303,7554420736,0,0
1716087508.5182228,7554420736,1170,1170
1716087509.519455,7554420736,1569,1569
1716087510.5207777,7554420736,0,0
1716087511.5221202,7554420736,786,786
1716087512.5233455,7554420736,1424,1424
1716087513.5246334,7554420736,7847,7847
1716087514.5249488,7554420736,10066,10066
1716087515.5261734,7554420736,7058,7058
1716087516.5274625,7554420736,1384,1384
1716087517.5288072,7554420736,793,793
1716087518.5301595,7554420736,2921,2921
1716087519.5314608,7554420736,1173,1173
1716087520.5327604,7554420736,0,0
1716087521.5340068,7554420736,4225,4225
1716087522.5353184,7554420736,931,931
1716087523.5365648,7554420736,914,914
1716087524.5368762,7554420736,2212,2212
1716087525.5375001,7554420736,0,0
1716087526.5387888,7554420736,738,738
1716087527.5400944,7554420736,727,727
1716087528.5409641,7554420736,404,404
1716087529.5421796,7554420736,1970,1970
1716087530.5434196,7554420736,950,950
1716087531.5445676,7554420736,306,306
1716087532.54494,7554420736,1573,1573
1716087533.5463147,7554420736,405,405
1716087534.5475838,7554420736,492,492
1716087535.5490108,7554420736,1931,1931
1716087536.5502903,7554420736,0,0
1716087537.5515761,7554420736,1090,1090
1716087538.5529735,7554420736,1241,1241
1716087539.5542214,7554420736,5396,5396
1716087540.5554233,7554420736,2465,2465
1716087541.5566278,7554420736,501,501
1716087542.5569901,7554420736,4598,4598
1716087543.5581894,7554420736,4764,4764
1716087544.559388,7554420736,5153,5153
1716087545.5597458,7554420736,7480,7480
1716087546.5608382,7554420736,4514,4514
1716087547.5620308,7554420736,4637,4637
1716087548.563295,7554420736,5088,5088
1716087549.5644834,7554420736,4497,4497
1716087550.565683,7554420736,4563,4563
1716087551.5668943,7554420736,5094,5094
1716087552.568094,7554420736,4603,4603
1716087553.5692887,7554420736,3199,3199
1716087554.5704808,7554420736,5880,5880
1716087555.5717077,7554420736,6750,6750
1716087556.5731082,7554420736,4438,4438
1716087557.5744581,7554420736,6777,6777
1716087558.5757866,7554420736,7390,7390
1716087559.576815,7554420736,6015,6015
1716087560.5780256,7554420736,4665,4665
1716087561.5792189,7554420736,4187,4187
1716087562.5804095,7554420736,3790,3790
1716087563.580929,7554420736,4143,4143
1716087564.5821226,7554420736,4996,4996
1716087565.5833278,7554420736,2023,2023
1716087566.5845494,7554420736,4355,4355
1716087567.585764,7554420736,3646,3646
1716087568.5869892,7554420736,4513,4513
1716087569.5881872,7554420736,6380,6380
1716087570.589424,7554420736,5009,5009
1716087571.5906348,7554420736,6445,6445
1716087572.5918348,7554420736,4147,4147
1716087573.5930383,7554420736,7124,7124
1716087574.5942302,7554420736,6797,6797
1716087575.5954325,7554420736,3050,3050
1716087576.5966334,7554420736,4180,4180
1716087577.5968657,7554420736,6628,6628
1716087578.598089,7554420736,3655,3655
1716087579.599296,7554420736,5502,5502
1716087580.6005232,7554420736,4799,4799
1716087581.6017318,7554420736,5657,5657
1716087582.602912,7554420736,2613,2613
1716087583.6041226,7554420736,622,622
1716087584.6048489,7554420736,0,0
1716087585.6060748,7554420736,0,0
1716087586.6072743,7554420736,0,0
1716087587.608491,7554420736,0,0
1716087588.6097078,7554420736,600,600
1716087589.6109095,7554420736,2442,2442
1716087590.6121144,7554420736,3042,3042
1716087591.6128533,7554420736,0,0
1716087592.614055,7554420736,501,501
1716087593.6152616,7554420736,561,561
1716087594.61646,7554420736,1041,1041
1716087595.6168344,7554420736,0,0
1716087596.618031,7554420736,1208,1208
1716087597.619237,7554420736,14783,14783
1716087598.620449,7554420736,1493806757,1493806757
1716087599.6216712,7554420736,377961230,377961230
1716087600.6228735,7554420736,926,926
1716087601.6240807,7554420736,90983,90983
1716087602.625287,7554420736,631359225,631359225
1716087603.6265013,7554420736,502061598,502061598
1716087604.6277099,7554420736,2501918944,2501918944
1716087605.6288538,7554420736,67295,67295
1716087606.630056,7554420736,2034,2034
1716087607.6310472,7554420736,1194,1194
1716087608.6322808,7554420736,1337,1337
1716087609.6335168,7554420736,110057945,110057945
1716087610.634741,7554420736,0,0
1716087611.6359413,7554420736,2160,2160
1716087612.636831,7554420736,0,0
1716087613.638055,7554420736,840,840
1716087614.6392565,7554420736,0,0
1716087615.6404514,7554420736,3562,3562
1716087616.641645,7554420736,4521,4521
1716087617.6428375,7554420736,3813,3813
1716087618.6440265,7554420736,4133,4133
1716087619.6452403,7554420736,3175,3175
1716087620.64643,7554420736,5695,5695
1716087621.6476161,7554420736,3847,3847
1716087622.6488345,7554420736,4377,4377
1716087623.6500263,7554420736,3582,3582
1716087624.651216,7554420736,5187,5187
1716087625.6524067,7554420736,3251,3251
1716087626.6536052,7554420736,5537,5537
1716087627.6548357,7554420736,3460,3460
1716087628.656037,7554420736,4071,4071
1716087629.6572583,7554420736,5069,5069
1716087630.6584504,7554420736,5139,5139
1716087631.659654,7554420736,4241,4241
1716087632.660881,7554420736,5727,5727
1716087633.6620789,7554420736,1694,1694
1716087634.6632679,7554420736,4046,4046
1716087635.6644657,7554420736,4258,4258
1716087636.6648467,7554420736,4243,4243
1716087637.6660457,7554420736,6757,6757
1716087638.6672401,7554420736,3559,3559
1716087639.6684253,7554420736,4144,4144
1716087640.6688359,7554420736,4523,4523
1716087641.6700442,7554420736,4178,4178
1716087642.671236,7554420736,4164,4164
1716087643.6724339,7554420736,5958,5958
1716087644.6728354,7554420736,1665,1665
1716087645.6737337,7554420736,2863,2863
1716087646.6749108,7554420736,4450,4450
1716087647.6752932,7554420736,5474,5474
1716087648.6764917,7554420736,5165,5165
1716087649.676823,7554420736,4517,4517
1716087650.678006,7554420736,831,831
1716087651.6792214,7554420736,3624,3624
1716087652.6804225,7554420736,4464,4464
1716087653.6816146,7554420736,2756,2756
1716087654.6828163,7554420736,3226,3226
1716087655.6840036,7554420736,3103,3103
1716087656.6848264,7554420736,1953,1953
1716087657.6860197,7554420736,5404,5404
1716087658.6872141,7554420736,2172,2172
1716087659.6884024,7554420736,6126,6126
1716087660.6888442,7554420736,6146,6146
1716087661.6900284,7554420736,4673,4673
1716087662.6912184,7554420736,2815,2815
1716087663.6924043,7554420736,6529,6529
1716087664.6935985,7554420736,1698,1698
1716087665.694818,7554420736,4051,4051
1716087666.696,7554420736,3814,3814
1716087667.6968262,7554420736,4317,4317
1716087668.6980267,7554420736,4455,4455
1716087669.699229,7554420736,6916,6916
1716087670.7004209,7554420736,4159,4159
1716087671.7016187,7554420736,4242,4242
1716087672.7028272,7554420736,6986,6986
1716087673.7040346,7554420736,4776,4776
1716087674.704831,7554420736,3022,3022
1716087675.7060378,7554420736,4372,4372
1716087676.7072315,7554420736,1926,1926
1716087677.708424,7554420736,3439,3439
1716087678.708826,7554420736,3966,3966
1716087679.7100112,7554420736,4066,4066
1716087680.7112007,7554420736,3084,3084
1716087681.7123842,7554420736,2618,2618
1716087682.712836,7554420736,4146,4146
1716087683.714012,7554420736,5309,5309
1716087684.7151947,7554420736,4153,4153
1716087685.7164047,7554420736,4168,4168
1716087686.7175913,7554420736,4191,4191
1716087687.7187843,7554420736,2502,2502
1716087688.7199795,7554420736,4480,4480
1716087689.7208228,7554420736,2642,2642
1716087690.7219994,7554420736,4077,4077
1716087691.7231836,7554420736,4119,4119
1716087692.7243917,7554420736,2468,2468
1716087693.7248633,7554420736,2812,2812
1716087694.7260535,7554420736,4920,4920
1716087695.7272387,7554420736,4071,4071
1716087696.7284396,7554420736,2675,2675
1716087697.7288146,7554420736,3956,3956
1716087698.7300115,7554420736,4534,4534
1716087699.731194,7554420736,3196,3196
1716087700.7323895,7554420736,7246,7246
1716087701.7328203,7554420736,4209,4209
1716087702.7340019,7554420736,5147,5147
1716087703.7351882,7554420736,2952,2952
1716087704.73636,7554420736,4062,4062
1716087705.736828,7554420736,3754,3754
1716087706.7380016,7554420736,5173,5173
1716087707.7391882,7554420736,3448,3448
1716087708.740378,7554420736,4558,4558
1716087709.7408328,7554420736,1120,1120
1716087710.7420127,7554420736,4123,4123
1716087711.7431965,7554420736,1195,1195
1716087712.7443876,7554420736,1614,1614
1716087713.7448328,7554420736,5910,5910
1716087714.7460423,7554420736,3111,3111
1716087715.74723,7554420736,2549,2549
1716087716.7484198,7554420736,2443,2443
1716087717.748855,7554420736,4055,4055
1716087718.7500403,7554420736,1653,1653
1716087719.7512317,7554420736,5979,5979
1716087720.75241,7554420736,5651,5651
1716087721.7528348,7554420736,6237,6237
1716087722.7540174,7554420736,3960,3960
1716087723.7552078,7554420736,6093,6093
1716087724.756475,7554420736,1305,1305
1716087725.757446,7554420736,1196,1196
1716087726.758687,7554420736,152,152
1716087727.7599025,7554420736,158,158
1716087728.7613213,7554420736,611,611
1716087729.7635143,7554420736,0,0
1716087730.7647717,7554420736,0,0
1716087731.7660098,7554420736,0,0
1716087732.7674117,7554420736,0,0
1716087733.7695482,7554420736,600,600
1716087734.771993,7554420736,0,0
1716087735.7732058,7554420736,0,0
1716087736.7744462,7554420736,0,0
1716087737.7756412,7554420736,1144,1144
1716087738.7768307,7554420736,505,505
1716087739.777559,7554420736,0,0
1716087740.7787588,7554420736,950,950
1716087741.77994,7554420736,0,0
1716087742.7811368,7554420736,0,0
1716087743.7823434,7554420736,600,600
1716087744.78354,7554420736,0,0
1716087745.784779,7554420736,0,0
1716087746.7860057,7554420736,0,0
1716087747.7872074,7554420736,0,0
1716087748.7883954,7554420736,600,600
1716087749.788837,7554420736,0,0
1716087750.7900279,7554420736,0,0
1716087751.7912338,7554420736,0,0
1716087752.7924242,7554420736,0,0
1716087753.7936213,7554420736,496,496
1716087754.7948325,7554420736,0,0
1716087755.7960262,7554420736,0,0
1716087756.797213,7554420736,0,0
1716087757.7984087,7554420736,0,0
1716087758.7995956,7554420736,600,600
1716087759.8008094,7554420736,0,0
1716087760.802001,7554420736,0,0
1716087761.8027873,7554420736,0,0
1716087762.8039622,7554420736,0,0
1716087763.8048143,7554420736,600,600
1716087764.806002,7554420736,0,0
1716087765.8071969,7554420736,0,0
1716087766.8084066,7554420736,4200274,4200274
1716087767.808828,7554420736,0,0
1716087768.8100169,7554420736,600,600
1716087769.8112137,7554420736,0,0
1716087770.8123984,7554420736,0,0
1716087771.813595,7554420736,5248313,5248313
1716087772.8147936,7554420736,0,0
1716087773.8159747,7554420736,496,496
1716087774.8168688,7554420736,257512173,257512173
1716087775.8180847,7554420736,1118529844,1118529844
1716087776.8193035,7554420736,922853497,922853497
1716087777.8205016,7554420736,0,0
1716087778.8216882,7554420736,600,600
1716087779.8229227,7554420736,2523,2523
1716087783.6832778,10658029568,1455464840,1455464840
1716087784.711302,8904192000,8196,8196
1716087785.7452526,8904192000,4417,4417
1716087786.7661715,8904192000,5909,5909
1716087787.7703109,8904192000,5051,5051
1716087788.791526,8904192000,4775,4775
1716087789.8005872,8904192000,7592,7592
1716087790.8018293,8904192000,7327,7327
1716087791.8159823,8904192000,2320,2320
1716087792.8403647,8904192000,7541,7541
1716087793.877389,8904192000,7878,7878
1716087794.9017613,8904192000,6839,6839
1716087795.9193487,8904683520,7754,7754
1716087796.9451084,8904683520,7138,7138
1716087797.9714274,8904683520,1383,1383
1716087798.9827437,8904683520,6737,6737
1716087799.9922507,8904683520,6355,6355
1716087801.0307171,8904683520,7102,7102
1716087802.0330048,8904683520,5071,5071
1716087803.0439463,8904683520,7337,7337
1716087804.0591097,8904683520,4697,4697
1716087805.0711598,8904683520,4707,4707
1716087806.077826,8904683520,6520,6520
1716087807.1027954,8904683520,5213,5213
1716087808.1056118,8904683520,7675,7675
1716087809.1330624,8904683520,5209,5209
1716087810.1509855,8904683520,4309,4309
1716087811.1653585,8904683520,6392,6392
1716087812.170681,8904683520,3989,3989
1716087813.1791527,8904683520,5238,5238
1716087814.1891658,8904683520,7822,7822
1716087815.213513,8904683520,3604,3604
1716087816.227632,8904683520,4746,4746
1716087817.232975,8904683520,4619,4619
1716087818.2547002,8904683520,7615,7615
1716087819.265874,8904683520,7805,7805
1716087820.2724173,8904683520,7173,7173
1716087821.2966611,8904683520,7343,7343
1716087822.3030694,8904683520,4833,4833
1716087823.3133664,8904683520,4282,4282
1716087824.324224,8904683520,5057,5057
1716087825.334391,8904683520,5467,5467
1716087826.3564653,8904683520,4271,4271
1716087827.357054,9001771008,5304,5304
1716087828.358291,3954786304,1317,1317
1716087829.3594928,3954786304,1909,1909
1716087830.3607323,3954786304,287,287
1716087831.3619561,3954786304,151,151
1716087832.3631685,3954786304,152,152
1716087833.3643851,3954786304,451,451
1716087834.3648562,3954786304,155,155
1716087835.3660917,3954786304,0,0
1716087836.3673143,3954786304,0,0
1716087837.3685162,3954786304,0,0
1716087838.3688455,3954786304,152,152
1716087839.370053,3954786304,344,344
1716087840.371272,3954786304,0,0
1716087841.3724926,3954786304,0,0
1716087842.372854,3954786304,0,0
1716087843.3740647,3954786304,448,448
1716087844.375288,3954786304,152,152
1716087845.3765166,3954786304,0,0
1716087846.376853,3954786304,0,0
1716087847.3780649,3954786304,0,0
1716087848.3792973,3954786304,448,448
1716087849.3805048,3954786304,152,152
1716087850.3808496,3954786304,0,0
1716087851.3820572,3954786304,0,0
1716087852.3832953,3954786304,0,0
1716087853.38423,3954786304,448,448
1716087854.3848631,3954786304,152,152
1716087855.3861163,3954786304,0,0
1716087856.3873816,3954786304,0,0
1716087857.3886058,3954786304,0,0
1716087858.3898432,3954786304,5381853,5381853
1716087859.3910825,3954786304,152,152
1716087860.392302,3954786304,0,0
1716087861.393529,3954786304,0,0
1716087862.394748,3954786304,0,0
1716087863.3959534,3954786304,362072175,362072175
1716087864.3971694,3954786304,152,152
1716087865.3983915,3954786304,0,0
1716087866.3996055,3954786304,0,0
1716087867.4008765,3954786304,96674047,96674047
1716087868.4021194,3954786304,1706974768,1706974768
1716087869.403372,3954786304,273,273
1716087870.4045956,3954786304,0,0
1716087871.4058027,3954786304,2203,2203
1716087872.4070325,3954786304,1289240059,1289240059
1716087873.4075634,3954786304,303764915,303764915
1716087874.4088233,3954786304,5854,5854
1716087875.4100442,3954786304,1650,1650
1716087876.4112473,3954786304,6475,6475
1716087877.4124446,3954786304,2449,2449
1716087878.4128473,3954786304,8653,8653
1716087879.4140494,3954786304,4813,4813
1716087880.4152532,3954786304,7327,7327
1716087881.4164596,3954786304,7889,7889
1716087882.4168315,3954786304,7969,7969
1716087883.4172177,3954786304,4710,4710
1716087884.418428,3954786304,4620,4620
1716087885.4196312,3954786304,4615,4615
1716087886.4206629,3954786304,4402,4402
1716087887.4219086,3954786304,7290,7290
1716087888.4231632,3954786304,7431,7431
1716087889.4239278,3954786304,7272,7272
1716087890.4251285,3954786304,7421,7421
1716087891.426324,3954786304,1451,1451
1716087892.4275415,3954786304,4383,4383
1716087893.4278946,3954786304,978,978
1716087894.4288769,3954786304,653,653
1716087895.4301286,3954786304,5038,5038
1716087896.4313524,3954786304,6970,6970
1716087897.4325726,3954786304,6066,6066
1716087898.4328854,3954786304,5734,5734
1716087899.4341307,3954786304,6767,6767
1716087900.4353828,3954786304,7190,7190
1716087901.4366345,3954786304,94605,94605
1716087902.4371226,3954786304,888,888
1716087903.4383276,3954786304,8020,8020
1716087904.4395754,3954786304,5095,5095
1716087905.44083,3954786304,5589,5589
1716087906.442035,3954786304,5398,5398
1716087907.4432533,3954786304,4447,4447
1716087908.4444637,3954786304,3691,3691
1716087909.4448445,3954786304,4095,4095
1716087910.4457018,3954786304,6529,6529
1716087911.4469771,3954786304,5453,5453
1716087912.4482536,3954786304,6649,6649
1716087913.4495106,3954786304,5463,5463
1716087914.450735,3954786304,7192,7192
1716087915.4519742,3954786304,3196,3196
1716087916.4528847,3954786304,7474,7474
1716087917.454102,3954786304,7988,7988
1716087918.455434,3954786304,5682,5682
1716087919.4567227,3954786304,4566,4566
1716087920.458032,3954786304,1323,1323
1716087921.4593008,3954786304,841,841
1716087922.4606144,3954786304,688,688
1716087923.46093,3954786304,845,845
1716087924.4621892,3954786304,986,986
1716087925.463473,3954786304,733,733
1716087926.4647727,3954786304,777,777
1716087927.4660769,3954786304,759,759
1716087928.4673479,3954786304,402,402
1716087929.4689412,3954786304,1567,1567
1716087930.4703119,3954786304,0,0
1716087931.4715734,3954786304,779,779
1716087932.472862,3954786304,911,911
1716087933.4741232,3954786304,918,918
1716087934.4754107,3954786304,931,931
1716087935.4767036,3954786304,0,0
1716087936.477959,3954786304,1092,1092
1716087937.4792058,3954786304,1522,1522
1716087938.48051,3954786304,403,403
1716087939.480965,3954786304,155,155
1716087940.4821968,3954786304,391,391
1716087941.4834747,3954786304,486,486
1716087942.4848115,3954786304,938,938
1716087943.486057,3954786304,1087,1087
1716087944.4873276,3954786304,891,891
1716087945.4885721,3954786304,733,733
1716087946.4889536,3954786304,0,0
1716087947.4902241,3954786304,1373,1373
1716087948.4915183,3954786304,1124,1124
1716087949.4928384,3954786304,155,155
1716087950.4941251,3954786304,1453,1453
1716087951.4953728,3954786304,735,735
1716087952.4967341,3954786304,570,570
1716087953.4979901,3954786304,1081,1081
1716087954.4992495,3954786304,4641,4641
1716087955.5004618,3954786304,1985,1985
1716087956.5013077,3954786304,1490,1490
1716087957.502639,3954786304,1477,1477
1716087958.5038688,3954786304,3056,3056
1716087959.5048556,3954786304,2543,2543
1716087960.5061324,3954786304,3863,3863
1716087961.5073946,3954786304,5136,5136
1716087962.5086057,3954786304,8325,8325
1716087963.5098295,3954786304,6316,6316
1716087964.511037,3954786304,7445,7445
1716087965.5122437,3954786304,4756,4756
1716087966.5128386,3954786304,3843,3843
1716087967.5140624,3954786304,7571,7571
1716087968.515275,3954786304,3721,3721
1716087969.5164819,3954786304,6725,6725
1716087970.5168402,3954786304,4595,4595
1716087971.5180492,3954786304,6209,6209
1716087972.5185444,3954786304,2836,2836
1716087973.5197542,3954786304,5344,5344
1716087974.5208657,3954786304,6834,6834
1716087975.5220752,3954786304,5317,5317
1716087976.5232875,3954786304,4288,4288
1716087977.5244896,3954786304,6466,6466
1716087978.524852,3954786304,5012,5012
1716087979.5260723,3954786304,1613,1613
1716087980.5272858,3954786304,4551,4551
1716087981.528502,3954786304,5791,5791
1716087982.5288515,3954786304,4422,4422
1716087983.530048,3954786304,3051,3051
1716087984.5312817,3954786304,5494,5494
1716087985.5324888,3954786304,5868,5868
1716087986.5328553,3954786304,2914,2914
1716087987.5340505,3954786304,3609,3609
1716087988.5352743,3954786304,3863,3863
1716087989.5364869,3954786304,2945,2945
1716087990.5368521,3954786304,5061,5061
1716087991.5380569,3954786304,4143,4143
1716087992.5392857,3954786304,1933,1933
1716087993.5405047,3954786304,2804,2804
1716087994.540865,3954786304,6994,6994
1716087995.5415266,3954786304,4787,4787
1716087996.5427456,3954786304,4613,4613
1716087997.5439608,3954786304,2629,2629
1716087998.5448468,3954786304,2974,2974
1716087999.5460732,3954786304,576,576
1716088000.5464163,3954786304,395,395
1716088001.5476468,3954786304,394,394
1716088002.5488732,3954786304,161,161
1716088003.5501056,3954786304,3137,3137
1716088004.551341,3954786304,2146,2146
1716088005.552567,3954786304,0,0
1716088006.5528684,3954786304,260,260
1716088007.5541058,3954786304,0,0
1716088008.5547907,3954786304,404,404
1716088009.556014,3954786304,345,345
1716088010.5568657,3954786304,912,912
1716088011.558087,3954786304,0,0
1716088012.5593119,3954786304,592,592
1716088013.5605352,3954786304,402,402
1716088014.5609727,3954786304,155,155
1716088015.562197,3954786304,1338862715,1338862715
1716088016.5634391,3954786304,532860093,532860093
1716088017.5646732,3954786304,655350,655350
1716088018.5658767,3954786304,5541960,5541960
1716088019.567086,3954786304,272387503,272387503
1716088020.5683076,3954786304,862399724,862399724
1716088021.568838,3954786304,731453757,731453757
1716088022.5700173,3954786304,98680,98680
1716088023.5708215,3954786304,752,752
1716088024.5720153,3954786304,40027558,40027558
1716088025.5728488,3954786304,900054388,900054388
1716088026.5740337,3954786304,931989352,931989352
1716088027.5744896,3954786304,0,0
1716088028.5756633,3954786304,448,448
1716088029.5768247,3954786304,532,532
1716088030.5780072,3954786304,1387,1387
1716088031.5791938,3954786304,3486,3486
1716088032.5803885,3954786304,4034,4034
1716088033.5808265,3954786304,2825,2825
1716088034.5820084,3954786304,5368,5368
1716088035.5831888,3954786304,4576,4576
1716088036.5843947,3954786304,2316,2316
1716088037.5848277,3954786304,3597,3597
1716088038.5860338,3954786304,4773,4773
1716088039.58723,3954786304,4272,4272
1716088040.5884223,3954786304,4595,4595
1716088041.5888486,3954786304,6358,6358
1716088042.5900328,3954786304,1129,1129
1716088043.591216,3954786304,4280,4280
1716088044.5924098,3954786304,3576,3576
1716088045.592843,3954786304,4431,4431
1716088046.5940504,3954786304,2669,2669
1716088047.5952432,3954786304,2522,2522
1716088048.5964515,3954786304,3476,3476
1716088049.596834,3954786304,2805,2805
1716088050.598027,3954786304,2673,2673
1716088051.599224,3954786304,678,678
1716088052.6004174,3954786304,4901,4901
1716088053.6008346,3954786304,3094,3094
1716088054.6010957,3954786304,4348,4348
1716088055.6022863,3954786304,2209,2209
1716088056.603491,3954786304,4133,4133
1716088057.604698,3954786304,3909,3909
1716088058.6058857,3954786304,2126,2126
1716088059.6071093,3954786304,4615,4615
1716088060.6083033,3954786304,4360,4360
1716088061.608867,3954786304,4292,4292
1716088062.6100545,3954786304,4279,4279
1716088063.6112404,3954786304,2467,2467
1716088064.6114345,3954786304,995,995
1716088065.61237,3954786304,358,358
1716088066.6128302,3954786304,1350,1350
1716088067.6140137,3954786304,4435,4435
1716088068.615205,3954786304,4994,4994
1716088069.6163952,3954786304,3554,3554
1716088070.6168206,3954786304,3385,3385
1716088071.618006,3954786304,3430,3430
1716088072.6191921,3954786304,2801,2801
1716088073.620388,3954786304,1143,1143
1716088074.6208272,3954786304,3880,3880
1716088075.6220107,3954786304,1340,1340
1716088076.6231945,3954786304,6517,6517
1716088077.624405,3954786304,4304,4304
1716088078.6248305,3954786304,4483,4483
1716088079.6260316,3954786304,3961,3961
1716088080.6272163,3954786304,4565,4565
1716088081.6283994,3954786304,3803,3803
1716088082.6288297,3954786304,2751,2751
1716088083.6300132,3954786304,5378,5378
1716088084.6311998,3954786304,4098,4098
1716088085.6323838,3954786304,5633,5633
1716088086.6328168,3954786304,2481,2481
1716088087.634003,3954786304,3543,3543
1716088088.6351833,3954786304,4748,4748
1716088089.6363783,3954786304,932,932
1716088090.6368344,3954786304,5303,5303
1716088091.6380377,3954786304,3444,3444
1716088092.6392224,3954786304,2752,2752
1716088093.640446,3954786304,4468,4468
1716088094.6408863,3954786304,3826,3826
1716088095.6420681,3954786304,3009,3009
1716088096.643251,3954786304,2163,2163
1716088097.6444943,3954786304,1533,1533
1716088098.6448672,3954786304,2963,2963
1716088099.646106,3954786304,2800,2800
1716088100.6473298,3954786304,6934,6934
1716088101.6485405,3954786304,4488,4488
1716088102.6488683,3954786304,3148,3148
1716088103.6500924,3954786304,2492,2492
1716088104.6513245,3954786304,4486,4486
1716088105.6525557,3954786304,3327,3327
1716088106.6537964,3954786304,1871,1871
1716088107.6550136,3954786304,5211,5211
1716088108.656237,3954786304,4221,4221
1716088109.656873,3954786304,4421,4421
1716088110.6580963,3954786304,4359,4359
1716088111.6593227,3954786304,6041,6041
1716088112.6605532,3954786304,2870,2870
1716088113.6608534,3954786304,1164,1164
1716088114.6620765,3954786304,4417,4417
1716088115.6632924,3954786304,6260,6260
1716088116.6645148,3954786304,4053,4053
1716088117.6648533,3954786304,3733,3733
1716088118.6660972,3954786304,4553,4553
1716088119.6673267,3954786304,4487,4487
1716088120.6685357,3954786304,3858,3858
1716088121.668867,3954786304,2785,2785
1716088122.670084,3954786304,4017,4017
1716088123.6713011,3954786304,2507,2507
1716088124.6725132,3954786304,3866,3866
1716088125.672869,3954786304,3919,3919
1716088126.6739054,3954786304,6380,6380
1716088127.6751034,3954786304,1720,1720
1716088128.675662,3954786304,669,669
1716088129.6768618,3954786304,3405,3405
1716088130.6780977,3954786304,3704,3704
1716088131.6793358,3954786304,4161,4161
1716088132.679772,3954786304,4355,4355
1716088133.6808298,3954786304,4982,4982
1716088134.681745,3954786304,6279,6279
1716088135.682981,3954786304,2450,2450
1716088136.6842053,3954786304,2852,2852
1716088137.6848752,3954786304,1416,1416
1716088138.6861186,3954786304,5233,5233
1716088139.6867552,3954786304,3229,3229
1716088140.6879995,3954786304,5865,5865
1716088141.6889398,3954786304,0,0
1716088142.6901808,3954786304,317,317
1716088143.6925933,3954786304,613,613
1716088144.6928709,3954786304,0,0
1716088145.6940684,3954786304,0,0
1716088146.6952531,3954786304,0,0
1716088147.6965241,3954786304,0,0
1716088148.6968808,3954786304,600,600
1716088149.698285,3954786304,0,0
1716088150.6998622,3954786304,0,0
1716088151.7010303,3954786304,0,0
1716088152.702309,3954786304,0,0
1716088153.704553,3954786304,600,600
1716088154.7049985,3954786304,0,0
1716088155.7063985,3954786304,0,0
1716088156.7076063,3954786304,1199,1199
1716088157.708835,3954786304,0,0
1716088158.710046,3954786304,701,701
1716088159.7109954,3954786304,0,0
1716088160.7122054,3954786304,0,0
1716088161.7128453,3954786304,0,0
1716088162.714055,3954786304,570,570
1716088163.7152507,3954786304,600,600
1716088164.7164745,3954786304,0,0
1716088165.7168524,3954786304,0,0
1716088166.7180638,3954786304,0,0
1716088167.7192674,3954786304,0,0
1716088168.7204843,3954786304,496,496
1716088169.7208405,3954786304,0,0
1716088170.7220855,3954786304,0,0
1716088171.7233026,3954786304,0,0
1716088172.7245097,3954786304,0,0
1716088173.7248504,3954786304,600,600
1716088174.7260911,3954786304,0,0
1716088175.7273784,3954786304,0,0
1716088176.7285964,3954786304,0,0
1716088177.7295842,3954786304,0,0
1716088178.7307913,3954786304,600,600
1716088179.7319884,3954786304,0,0
1716088180.7328408,3954786304,0,0
1716088181.7340558,3954786304,0,0
1716088182.7352695,3954786304,0,0
1716088183.7364917,3954786304,600,600
1716088184.737723,3954786304,0,0
1716088185.738944,3954786304,33646624,33646624
1716088186.74017,3954786304,0,0
1716088187.7408614,3954786304,0,0
1716088188.7420895,3954786304,600,600
1716088189.7433162,3954786304,0,0
1716088190.7445238,3954786304,0,0
1716088191.7448463,3954786304,0,0
1716088192.7455337,3954786304,0,0
1716088193.746788,3954786304,398473328,398473328
1716088194.7479978,3954786304,154788509,154788509
1716088195.7488527,3954786304,0,0
1716088196.7500708,3954786304,0,0
1716088197.7512903,3954786304,0,0
1716088198.7524939,3954786304,34644810,34644810
1716088199.7528734,3954786304,3028439355,3028439355
1716088200.753467,3954786304,113835378,113835378
1716088201.7547047,3954786304,0,0
1716088202.7559292,3954786304,96919,96919
1716088203.757185,3954786304,8027,8027
1716088204.7584355,3954786304,2661,2661
1716088205.7596781,3954786304,4079,4079
1716088206.7609096,3954786304,2452,2452
1716088207.7621617,3954786304,4952,4952
1716088208.763423,3954786304,7290,7290
1716088209.7647123,3954786304,7067,7067
1716088210.7657251,3954786304,7172,7172
1716088211.7664797,3954786304,7680,7680
1716088212.767746,3954786304,3354,3354
1716088213.7689052,3954786304,4770,4770
1716088214.770168,3954786304,7901,7901
1716088215.771436,3954786304,7089,7089
1716088216.7727048,3954786304,7424,7424
1716088217.7739732,3954786304,7446,7446
1716088218.775232,3954786304,7510,7510
1716088219.7764976,3954786304,4558,4558
1716088220.776948,3954786304,4474,4474
1716088221.7782118,3954786304,7598,7598
1716088222.7794669,3954786304,7607,7607
1716088223.7807314,3954786304,5270,5270
1716088224.7819831,3954786304,6487,6487
1716088225.783232,3954786304,6493,6493
1716088226.7844653,3954786304,475,475
1716088227.7857153,3954786304,5520,5520
1716088228.7869601,3954786304,5227,5227
1716088229.7882082,3954786304,7063,7063
1716088230.7894325,3954786304,7213,7213
1716088231.7906635,3954786304,7298,7298
1716088232.7918801,3954786304,6956,6956
1716088233.7928865,3954786304,3057,3057
1716088234.7941096,3954786304,4205,4205
1716088235.7953424,3954786304,7685,7685
1716088236.7959366,3954786304,4772,4772
1716088237.7969205,3954786304,6870,6870
1716088238.7981532,3954786304,7225,7225
1716088239.7993834,3954786304,7918,7918
1716088240.8006258,3954786304,4266,4266
1716088241.8008854,3954786304,3860,3860
1716088242.8021398,3954786304,6589,6589
1716088243.8033948,3954786304,6198,6198
1716088244.8045945,3954786304,4339,4339
1716088245.8098383,3954786304,7670,7670
1716088246.810497,3954786304,717,717
1716088247.8117108,3954786304,1148,1148
1716088248.8128052,3954786304,1786,1786
1716088249.8139954,3954786304,835,835
1716088250.8151922,3954786304,152,152
1716088251.816394,3954786304,152,152
1716088252.8168366,3954786304,0,0
1716088253.8180244,3954786304,606,606
1716088254.8192186,3954786304,0,0
1716088255.8204157,3954786304,0,0
1716088256.8208153,3954786304,0,0
1716088257.8220024,3954786304,0,0
1716088258.8232002,3954786304,304,304
1716088259.8244162,3954786304,192,192
1716088260.8248503,3954786304,0,0
1716088261.8251789,3954786304,0,0
1716088262.826371,3954786304,0,0
1716088263.827559,3954786304,600,600
1716088264.8287778,3954786304,0,0
1716088265.829958,3954786304,0,0
1716088266.8311431,3954786304,0,0
1716088267.832334,3954786304,0,0
1716088268.8328226,3954786304,600,600
1716088269.8340063,3954786304,0,0
1716088270.835195,3954786304,0,0
1716088271.8363798,3954786304,0,0
1716088272.8374207,3954786304,0,0
1716088273.8386471,3954786304,600,600
1716088274.8398476,3954786304,0,0
1716088275.8410456,3954786304,0,0
1716088276.8422337,3954786304,0,0
1716088277.8434405,3954786304,33614590,33614590
1716088278.844665,3954786304,652,652
1716088279.8458714,3954786304,0,0
1716088280.8470647,3954786304,0,0
1716088281.848265,3954786304,0,0
1716088282.8488257,3954786304,806214233,806214233
1716088283.8500252,3954786304,721,721
1716088284.851221,3954786304,0,0
1716088285.8524163,3954786304,0,0
1716088286.8536572,3954786304,0,0
1716088287.85485,3954786304,376858251,376858251
1716088288.8560312,3954786304,600,600
1716088289.8568213,3954786304,0,0
1716088290.8580322,3954786304,597947555,597947555
1716088291.8592305,3954786304,1949668362,1949668362
1716088292.860435,3954786304,458,458
1716088293.861628,3954786304,861,861
1716088294.8628383,3954786304,3956,3956
1716088295.8640375,3954786304,5506,5506
1716088296.865261,3954786304,5257,5257
1716088297.866494,3954786304,4185,4185
1716088298.8677104,3954786304,5143,5143
1716088299.868867,3954786304,883,883
1716088300.8701026,3954786304,6326,6326
1716088301.8713343,3954786304,5814,5814
1716088302.8725607,3954786304,5993,5993
1716088303.8728929,3954786304,5467,5467
1716088304.8741117,3954786304,5779,5779
1716088305.8753424,3954786304,4305,4305
1716088306.8765788,3954786304,4507,4507
1716088307.8768725,3954786304,5576,5576
1716088308.8781064,3954786304,5396,5396
1716088309.879332,3954786304,6799,6799
1716088310.8805616,3954786304,7137,7137
1716088311.881795,3954786304,6350,6350
1716088312.8830173,3954786304,2284,2284
1716088313.8842447,3954786304,6253,6253
1716088314.8854861,3954786304,5619,5619
1716088315.886711,3954786304,7336,7336
1716088316.8879302,3954786304,7538,7538
1716088317.8888953,3954786304,7078,7078
1716088318.8901482,3954786304,3716,3716
1716088319.891413,3954786304,5134,5134
1716088320.892676,3954786304,4927,4927
1716088321.8939154,3954786304,4717,4717
1716088322.8951583,3954786304,5318,5318
1716088323.8963883,3954786304,5019,5019
1716088324.896878,3954786304,4560,4560
1716088325.8981047,3954786304,5226,5226
1716088326.8993304,3954786304,4520,4520
1716088327.9005566,3954786304,6592,6592
1716088328.900911,3954786304,7377,7377
1716088329.902139,3954786304,6557,6557
1716088330.9033618,3954786304,7256,7256
1716088331.9046276,3954786304,2993,2993
1716088332.9048746,3954786304,5714,5714
1716088333.9061236,3954786304,6620,6620
1716088334.9073648,3954786304,4974,4974
1716088335.9085908,3954786304,7446,7446
1716088336.9088755,3954786304,7829,7829
1716088337.9101608,3954786304,8342,8342
1716088338.9113674,3954786304,3538,3538
1716088339.912568,3954786304,8772,8772
1716088340.9128642,3954786304,837,837
1716088341.9140687,3954786304,817,817
1716088342.915273,3954786304,1128,1128
1716088343.916511,3954786304,1307,1307
1716088344.9168727,3954786304,0,0
1716088345.918094,3954786304,1516,1516
1716088346.9193366,3954786304,169,169
1716088347.9205835,3954786304,1890,1890
1716088348.9208627,3954786304,1199,1199
1716088349.9227061,3954786304,1515,1515
1716088350.9240894,3954786304,752,752
1716088351.924982,3954786304,738,738
1716088352.9261906,3954786304,1674,1674
1716088353.9274237,3954786304,611,611
1716088354.928671,3954786304,733,733
1716088355.929893,3954786304,356,356
1716088356.9311225,3954786304,8223,8223
1716088357.9324493,3954786304,12931,12931
1716088358.9329426,3954786304,7973,7973
1716088359.9342005,3954786304,1867,1867
1716088360.9354222,3954786304,751,751
1716088361.9366739,3954786304,0,0
1716088362.9378703,3954786304,1471,1471
1716088363.9392116,3954786304,1671,1671
1716088364.9404206,3954786304,1206,1206
1716088365.940894,3954786304,1071,1071
1716088366.9422598,3954786304,771,771
1716088367.9435155,3954786304,787,787
1716088368.944976,3954786304,3469,3469
1716088369.9464378,3954786304,4547,4547
1716088370.947645,3954786304,3098,3098
1716088371.949542,3954786304,2296,2296
1716088372.9507642,3954786304,2137,2137
1716088373.9519634,3954786304,4806,4806
1716088374.9528368,3954786304,6949,6949
1716088375.954028,3954786304,4917,4917
1716088376.9552205,3954786304,4390,4390
1716088377.9554393,3954786304,8174,8174
1716088378.956664,3954786304,2057,2057
1716088379.9578671,3954786304,7588,7588
1716088380.9590745,3954786304,6371,6371
1716088381.9602785,3954786304,6708,6708
1716088382.9608505,3954786304,3022,3022
1716088383.9620452,3954786304,9077,9077
1716088384.963258,3954786304,1946,1946
1716088385.964458,3954786304,4229,4229
1716088386.9656553,3954786304,5829,5829
1716088387.9668698,3954786304,6636,6636
1716088388.9680603,3954786304,4153,4153
1716088389.968832,3954786304,6010,6010
1716088390.9700296,3954786304,4453,4453
1716088391.97122,3954786304,6551,6551
1716088392.9724054,3954786304,5963,5963
1716088393.972836,3954786304,4849,4849
1716088394.9740279,3954786304,4263,4263
1716088395.9752257,3954786304,2950,2950
1716088396.9764242,3954786304,4311,4311
1716088397.9768305,3954786304,2531,2531
1716088398.9780176,3954786304,5470,5470
1716088399.9792182,3954786304,4457,4457
1716088400.9804096,3954786304,2781,2781
1716088401.9808369,3954786304,3401,3401
1716088402.9820216,3954786304,6091,6091
1716088403.9832282,3954786304,6015,6015
1716088404.9844239,3954786304,5553,5553
1716088405.98484,3954786304,5368,5368
1716088406.9860454,3954786304,4911,4911
1716088407.987238,3954786304,4465,4465
1716088408.98843,3954786304,3958,3958
1716088409.988838,3954786304,4920,4920
1716088410.9900289,3954786304,3525,3525
1716088411.9912322,3954786304,2975,2975
1716088412.9924319,3954786304,5655,5655
1716088413.9928463,3954786304,4704,4704
1716088414.993684,3954786304,2648,2648
1716088415.9939737,3954786304,1367,1367
1716088416.9951742,3954786304,0,0
1716088417.9963837,3954786304,465,465
1716088418.9975667,3954786304,352,352
1716088419.998328,3954786304,0,0
1716088420.999532,3954786304,0,0
1716088422.000598,3954786304,0,0
1716088423.0011787,3954786304,448,448
1716088424.0023835,3954786304,1058,1058
1716088425.0035853,3954786304,0,0
1716088426.0038188,3954786304,303,303
1716088427.0048475,3954786304,762,762
1716088428.0057802,3954786304,402,402
1716088429.0069697,3954786304,634950081,634950081
1716088430.008163,3954786304,1236813364,1236813364
1716088431.0088363,3954786304,0,0
1716088432.010065,3954786304,709,709
1716088433.0112586,3954786304,12358694,12358694
1716088434.0124528,3954786304,876823975,876823975
1716088435.0128436,3954786304,2597474943,2597474943
1716088436.0140371,3954786304,1149,1149
1716088437.015229,3954786304,104,104
1716088438.0164194,3954786304,396,396
1716088439.0176158,3954786304,258544137,258544137
1716088440.0188258,3954786304,380,380
1716088441.0200179,3954786304,0,0
1716088442.020829,3954786304,1167,1167
1716088443.0220191,3954786304,7263,7263
1716088444.023239,3954786304,4195,4195
1716088445.0244272,3954786304,4431,4431
1716088446.0248585,3954786304,3557,3557
1716088447.0260956,3954786304,2466,2466
1716088448.027301,3954786304,7984,7984
1716088449.0285025,3954786304,1422,1422
1716088450.0288417,3954786304,4377,4377
1716088451.0300581,3954786304,5280,5280
1716088452.0312767,3954786304,3397,3397
1716088453.0324812,3954786304,6232,6232
1716088454.0328615,3954786304,4934,4934
1716088455.034066,3954786304,3680,3680
1716088456.035274,3954786304,2282,2282
1716088457.0364802,3954786304,5037,5037
1716088458.0376887,3954786304,4215,4215
1716088459.0388975,3954786304,4957,4957
1716088460.0401065,3954786304,4378,4378
1716088461.0413158,3954786304,5591,5591
1716088462.04172,3954786304,1937,1937
1716088463.0429223,3954786304,6073,6073
1716088464.044126,3954786304,3548,3548
1716088465.0448472,3954786304,3069,3069
1716088466.0460637,3954786304,3977,3977
1716088467.0472546,3954786304,6215,6215
1716088468.0481002,3954786304,5945,5945
1716088469.0488505,3954786304,3200,3200
1716088470.0500588,3954786304,8625,8625
1716088471.051262,3954786304,5109,5109
1716088472.0524633,3954786304,3943,3943
1716088473.052842,3954786304,2691,2691
1716088474.0540454,3954786304,5875,5875
1716088475.0552607,3954786304,3929,3929
1716088476.05647,3954786304,6326,6326
1716088477.0568519,3954786304,3518,3518
1716088478.0580697,3954786304,3627,3627
1716088479.0592935,3954786304,2747,2747
1716088480.0605066,3954786304,3494,3494
1716088481.0617225,3954786304,4169,4169
1716088482.0629277,3954786304,1332,1332
1716088483.0641334,3954786304,1466,1466
1716088484.0648491,3954786304,3780,3780
1716088485.0660806,3954786304,5833,5833
1716088486.0672941,3954786304,3567,3567
1716088487.0685072,3954786304,3062,3062
1716088488.0688484,3954786304,3395,3395
1716088489.0700653,3954786304,6685,6685
1716088490.0712798,3954786304,5305,5305
1716088491.0724802,3954786304,5921,5921
1716088492.072839,3954786304,5714,5714
1716088493.0740597,3954786304,6853,6853
1716088494.074803,3954786304,6359,6359
1716088495.0760021,3954786304,6073,6073
1716088496.0768414,3954786304,2414,2414
1716088497.078039,3954786304,6712,6712
1716088498.0785003,3954786304,4977,4977
1716088499.0797093,3954786304,4576,4576
1716088500.0808501,3954786304,4745,4745
1716088501.0820503,3954786304,5511,5511
1716088502.083258,3954786304,5622,5622
1716088503.0844631,3954786304,1490,1490
1716088504.0856683,3954786304,93054,93054
1716088505.0868773,3954786304,3773,3773
1716088506.0880747,3954786304,6103,6103
1716088507.0888479,3954786304,4130,4130
1716088508.0900555,3954786304,3629,3629
1716088509.0912678,3954786304,2294,2294
1716088510.0924916,3954786304,4101,4101
1716088511.0928864,3954786304,4285,4285
1716088512.0941086,3954786304,2340,2340
1716088513.0953262,3954786304,1408,1408
1716088514.096545,3954786304,157,157
1716088515.0968678,3954786304,0,0
1716088516.098088,3954786304,1826,1826
1716088517.099234,3954786304,548,548
1716088518.1004326,3954786304,703,703
1716088519.1008415,3954786304,2936,2936
1716088520.102065,3954786304,4144,4144
1716088521.1032717,3954786304,4816,4816
1716088522.1044865,3954786304,5007,5007
1716088523.1056898,3954786304,4463,4463
1716088524.1068938,3954786304,4304,4304
1716088525.1081018,3954786304,753,753
1716088526.1088533,3954786304,8719,8719
1716088527.1100502,3954786304,4206,4206
1716088528.1112623,3954786304,4547,4547
1716088529.1124637,3954786304,4432,4432
1716088530.112842,3954786304,3608,3608
1716088531.1140501,3954786304,2551,2551
1716088532.1152601,3954786304,1565,1565
1716088533.1164567,3954786304,3746,3746
1716088534.1168356,3954786304,6823,6823
1716088535.1180336,3954786304,4411,4411
1716088536.1192424,3954786304,3257,3257
1716088537.1204512,3954786304,3459,3459
1716088538.1208568,3954786304,11797,11797
1716088539.1220515,3954786304,7481,7481
1716088540.1232576,3954786304,3912,3912
1716088541.1244626,3954786304,3331,3331
1716088542.124835,3954786304,6301,6301
1716088543.1260436,3954786304,4731,4731
1716088544.1272633,3954786304,7254,7254
1716088545.1284704,3954786304,4338,4338
1716088546.1288447,3954786304,4245,4245
1716088547.13005,3954786304,2590,2590
1716088548.130295,3954786304,513,513
1716088549.1315045,3954786304,8905,8905
1716088550.1327283,3954786304,5463,5463
1716088551.1339352,3954786304,4868,4868
1716088552.1351585,3954786304,5130,5130
1716088553.1363533,3954786304,4734,4734
1716088554.1368392,3954786304,2751,2751
1716088555.1380339,3954786304,5781,5781
1716088556.1392388,3954786304,4798,4798
1716088557.1404321,3954786304,4263,4263
1716088558.140835,3954786304,6100,6100
1716088559.1420417,3954786304,5844,5844
1716088560.1432426,3954786304,6546,6546
1716088561.1447668,3954786304,1321,1321
1716088562.1460214,3954786304,3597,3597
1716088563.147254,3954786304,1014,1014
1716088564.1494715,3954786304,157,157
1716088565.1507187,3954786304,6547,6547
1716088566.1523032,3954786304,52,52
1716088567.1531253,3954786304,4314,4314
1716088568.1543853,3954786304,721,721
1716088569.1565096,3954786304,156,156
1716088570.1568792,3954786304,0,0
1716088571.1573346,3954786304,0,0
1716088572.1589253,3954786304,0,0
1716088573.1601717,3954786304,396,396
1716088574.1609354,3954786304,1289,1289
1716088575.1611595,3954786304,0,0
1716088576.1624181,3954786304,304,304
1716088577.1636393,3954786304,0,0
1716088578.1648517,3954786304,451,451
1716088579.1660771,3954786304,155,155
1716088580.1673303,3954786304,0,0
1716088581.168538,3954786304,0,0
1716088582.1689901,3954786304,0,0
1716088583.1702054,3954786304,448,448
1716088584.1714067,3954786304,2602,2602
1716088585.1726298,3954786304,7376,7376
1716088586.1738694,3954786304,0,0
1716088587.174673,3954786304,502,502
1716088588.175898,3954786304,155,155
1716088589.1768641,3954786304,353,353
1716088590.1780908,3954786304,0,0
1716088591.1793096,3954786304,0,0
1716088592.1805494,3954786304,0,0
1716088593.180856,3954786304,448,448
1716088594.1820872,3954786304,597,597
1716088595.1833162,3954786304,0,0
1716088596.1845345,3954786304,476,476
1716088597.184862,3954786304,0,0
1716088598.1860855,3954786304,833,833
1716088599.1872902,3954786304,152,152
1716088600.1884913,3954786304,477,477
1716088601.1888351,3954786304,0,0
1716088602.1900454,3954786304,425,425
1716088603.1912308,3954786304,404,404
1716088604.1924365,3954786304,51423666,51423666
1716088605.1931481,3954786304,121,121
1716088606.1943707,3954786304,0,0
1716088607.1955802,3954786304,0,0
1716088608.1968307,3954786304,582632706,582632706
1716088609.1980226,3954786304,491,491
1716088610.1992614,3954786304,0,0
1716088611.200461,3954786304,0,0
1716088612.200837,3954786304,34633238,34633238
1716088613.2020326,3954786304,517,517
1716088614.203236,3954786304,152,152
1716088615.204432,3954786304,0,0
1716088616.204888,3954786304,0,0
1716088617.2061427,4126818304,2301443762,2301443762
1716088620.4055312,6348943360,793931070,793931070
1716088621.4169223,5631012864,7265,7265
1716088622.4243057,5631012864,7325,7325
1716088623.4283266,5631012864,8014,8014
1716088624.4461033,5631012864,7798,7798
1716088625.4473312,5631012864,1637,1637
1716088626.4492276,5631012864,8137,8137
1716088627.4643962,5631012864,6576,6576
1716088628.466264,5631012864,7237,7237
1716088629.4722595,5631012864,7825,7825
1716088630.4883995,5631012864,7081,7081
1716088631.4923975,5631012864,4378,4378
1716088632.513723,5631012864,9766,9766
1716088633.521103,5631012864,7028,7028
1716088634.5386233,5631012864,8729,8729
1716088635.5698059,5631012864,6080,6080
1716088636.588466,5631012864,7798,7798
1716088637.595513,5631012864,3125,3125
1716088638.616563,5631012864,7332,7332
1716088639.621879,5631012864,3661,3661
1716088640.631653,5631012864,6928,6928
1716088641.6412985,5631012864,9640,9640
1716088642.6504085,5631012864,5490,5490
1716088643.6654644,5631012864,3865,3865
1716088644.6877682,5631012864,460,460
1716088645.6972897,5631012864,3089,3089
1716088646.708476,5631012864,2747,2747
1716088647.7159991,5631012864,6415,6415
1716088648.7328742,5631012864,6733,6733
1716088649.7563715,5631012864,5719,5719
1716088650.7596512,5631012864,6470,6470
1716088651.7696407,5631012864,5642,5642
1716088652.7785022,5631012864,1548,1548
1716088653.7891726,5631012864,6766,6766
1716088654.8075984,5631012864,6076,6076
1716088655.8180058,5631012864,6308,6308
1716088656.8234322,5631012864,7135,7135
1716088657.8268578,5631012864,7320,7320
1716088658.829207,5631012864,4595,4595
1716088659.8427138,5631012864,8398,8398
1716088660.8560677,5631012864,7636,7636
1716088661.8666897,5631012864,7873,7873
1716088662.8935018,5631012864,6889,6889
1716088663.8947256,5631012864,5428,5428
1716088664.8961155,4377739264,1737,1737
1716088665.8969734,4377739264,0,0
1716088666.8981867,2681716736,20380,20380
