Timestamp,MemoryUsage,NetSent,NetRecv
1715575621.1891956,517488640,328,328
1715575622.1905048,525090816,1910,1910
1715575623.1919227,525090816,153,153
1715575624.1933851,525090816,155,155
1715575625.1948311,525090816,0,0
1715575626.1961045,525090816,0,0
1715575627.1972919,525090816,3098,3098
1715575628.1986744,525090816,12548,12548
1715575629.1999633,525090816,2606,2606
1715575630.2014515,525090816,0,0
1715575631.202706,525090816,315,315
1715575632.2042453,525090816,152,152
1715575633.205666,525090816,304,304
1715575634.2069635,525090816,155,155
1715575635.208277,525090816,0,0
1715575636.2095356,525090816,0,0
1715575637.210871,525090816,296,296
1715575638.212135,525090816,152,152
1715575639.21349,525090816,152,152
1715575640.2149,525090816,2535,2535
1715575641.2163002,525090816,333,333
1715575642.2177224,525090816,3080,3080
1715575643.2192667,525090816,3729,3729
1715575644.220487,525090816,3352,3352
1715575645.2212439,525090816,2493,2493
1715575646.2224672,525090816,4128,4128
1715575647.2237542,525090816,916,916
1715575648.2249863,525090816,157,157
1715575649.225248,525090816,157,157
1715575650.2264738,525090816,0,0
1715575651.2277408,525090816,0,0
1715575652.2290003,525090816,244,244
1715575653.2292368,525090816,152,152
1715575654.2304683,525090816,152,152
1715575655.2317278,525090816,0,0
1715575656.2329643,525090816,0,0
1715575657.2332413,525090816,244,244
1715575658.2344615,525090816,152,152
1715575659.2356932,525090816,152,152
1715575660.2369566,525090816,0,0
1715575661.2381802,525090816,0,0
1715575662.2391183,525090816,244,244
1715575663.2403562,525090816,152,152
1715575664.2412279,525090816,152,152
1715575665.2424726,525090816,0,0
1715575666.2437015,525090816,0,0
1715575667.2449234,525090816,244,244
1715575668.2461445,525090816,152,152
1715575669.2473845,525090816,152,152
1715575670.2486105,525090816,963,963
1715575671.249838,525090816,3632,3632
1715575672.2510679,525090816,931,931
1715575673.252294,525090816,2646,2646
1715575674.2532322,525090816,2779,2779
1715575675.2544627,525090816,3180,3180
1715575676.2556887,525090816,1012,1012
1715575677.2569008,525090816,6146,6146
1715575678.2572289,525090816,4828,4828
1715575679.2584631,525090816,1469,1469
1715575680.2596786,525090816,3832,3832
1715575681.2609246,525090816,2836,2836
1715575682.2612696,525090816,3386,3386
1715575683.2625384,525090816,2184,2184
1715575684.2637706,525090816,1615,1615
1715575685.2650433,525090816,5894,5894
1715575686.2662935,525090816,622,622
1715575687.267527,525090816,560,560
1715575688.2687962,525090816,468,468
1715575689.2700663,2325233664,1797864234,1797864234
1715575692.3101118,4369141760,80209872,80209872
1715575693.6011329,6265901056,908,908
1715575694.6087198,6298275840,2319,2319
1715575695.6265779,6298275840,4870,4870
1715575696.631191,6298275840,4258,4258
1715575697.6383138,6298800128,4604,4604
1715575698.654745,6298800128,4335,4335
1715575699.6584215,6299455488,4214,4214
1715575700.6659353,6299717632,1342,1342
1715575701.686249,6300241920,355,355
1715575702.691164,6300766208,672,672
1715575703.6978915,6301159424,5331,5331
1715575704.7172365,6301683712,3629,3629
1715575705.7195468,6302380032,4422,4422
1715575706.7425106,6308933632,4254,4254
1715575707.7540975,6303965184,4418,4418
1715575708.7775896,6304489472,3551,3551
1715575709.79223,6305017856,2800,2800
1715575710.817559,6305542144,4049,4049
1715575711.832097,6305546240,3904,3904
1715575712.8561275,6306070528,5209,5209
1715575713.8673372,6308831232,3132,3132
1715575714.8686955,6307663872,2414,2414
1715575715.891579,6308188160,2857,2857
1715575716.9049187,6308712448,969,969
1715575717.9150577,6328111104,944,944
1715575718.919967,6329421824,5988,5988
1715575719.9339693,6337417216,4398,4398
1715575720.9580114,6322438144,1289,1289
1715575721.9592907,6331879424,4166,4166
1715575722.984355,6331879424,4870,4870
1715575723.9929435,6370291712,3080,3080
1715575725.0122569,6371078144,3198,3198
1715575726.0204651,6371082240,4795,4795
1715575727.024983,6372261888,4287,4287
1715575728.0292788,6373306368,4446,4446
1715575729.0577893,6362017792,4953,4953
1715575730.0641885,6434238464,5398,5398
1715575731.0693412,6434893824,2039,2039
1715575732.101473,6463967232,5630,5630
1715575733.1137986,6474059776,670,670
1715575734.1171548,6474711040,3708,3708
1715575735.121755,6475333632,3188,3188
1715575736.1331604,6475333632,5858,5858
1715575737.1345575,6546251776,3460,3460
1715575738.1357489,6508630016,1209,1209
1715575739.1372173,6706307072,1116,1116
1715575740.138778,6527598592,495,495
1715575741.1402233,6921551872,955,955
1715575742.1414711,6527729664,959,959
1715575743.1428943,6611718144,917,917
1715575744.1441617,6508851200,1101,1101
1715575745.1454687,6518206464,486,486
1715575746.1468093,6616117248,965,965
1715575747.1481316,6620360704,729,729
1715575748.1493647,6576046080,1116,1116
1715575749.1509228,6509170688,325,325
1715575750.152218,6825377792,363,363
1715575751.153517,6521479168,1137,1137
1715575752.1548667,6537125888,1048,1048
1715575753.1562762,6509072384,1051,1051
1715575754.157414,6657626112,691,691
1715575755.1587842,6527733760,957,957
1715575756.160152,6596861952,464,464
1715575757.1613388,6647013376,1989,1989
1715575758.162707,6596943872,4563,4563
1715575759.1641502,6531522560,8126,8126
1715575760.1655128,6508908544,488,488
1715575761.166969,6768013312,1331,1331
1715575762.1684656,6502699008,1069,1069
1715575763.1694117,6710161408,3042,3042
1715575764.170845,6527770624,2960,2960
1715575765.1721358,6802034688,8309,8309
1715575766.1732588,6521397248,4150,4150
1715575767.1746678,6596984832,836,836
1715575768.1759446,6508748800,1171,1171
1715575769.1772506,6695583744,618,618
1715575770.178703,6586277888,978,978
1715575771.1800697,6544613376,482,482
1715575772.1814687,6665314304,1240,1240
1715575773.1830108,6521462784,629,629
1715575774.184444,6722772992,1119,1119
1715575775.1855624,6521516032,662,662
1715575776.187031,6536802304,771,771
1715575777.188533,6521430016,1222,1222
1715575778.189355,6672363520,627,627
1715575779.190778,6569586688,1122,1122
1715575780.1921077,6646796288,482,482
1715575781.1934354,6534873088,971,971
1715575782.1947973,6508769280,724,724
1715575783.1961482,6906757120,1095,1095
1715575784.197415,6521131008,645,645
1715575785.1990266,6772895744,1286,1286
1715575786.2003849,6521417728,971,971
1715575787.2015016,6677352448,726,726
1715575788.2027218,6508703744,1122,1122
1715575789.2040682,6620168192,619,619
1715575790.205414,6670475264,978,978
1715575791.206937,6527651840,457,457
1715575792.2081997,6731747328,1275,1275
1715575793.2094395,6527774720,698,698
1715575794.2104812,6876491776,1109,1109
1715575795.2117379,6509051904,652,652
1715575796.213075,6620266496,484,484
1715575797.2143517,6521434112,1248,1248
1715575798.2158487,6521483264,929,929
1715575799.2172704,6576123904,1111,1111
1715575800.218596,6626058240,490,490
1715575801.2199025,6664224768,962,962
1715575802.2213879,6509072384,730,730
1715575803.2226906,6643412992,1124,1124
1715575804.2241983,6509105152,621,621
1715575805.2256606,6609100800,980,980
1715575806.2271905,6509015040,475,475
1715575807.228516,6923972608,1206,1206
1715575808.2292414,6521651200,815,815
1715575809.2305224,6733127680,482,482
1715575810.2318137,6521700352,1692,1692
1715575811.2332811,6698471424,461,461
1715575812.2342777,6615998464,1229,1229
1715575813.2354605,6521544704,630,630
1715575814.237151,6603436032,1116,1116
1715575815.238494,6508978176,487,487
1715575816.239938,6899032064,951,951
1715575817.2411852,6521745408,907,907
1715575818.2425983,6604660736,919,919
1715575819.2441344,6509191168,1116,1116
1715575820.2453344,6596960256,479,479
1715575821.2467275,6528622592,962,962
1715575822.2481549,6596550656,789,789
1715575823.2496412,6738010112,866,866
1715575824.2512858,6483877888,922,922
1715575825.2527134,6710341632,963,963
1715575826.2534747,6509076480,478,478
1715575827.2547536,6803128320,1253,1253
1715575828.256062,6521532416,865,865
1715575829.2575788,6622154752,929,929
1715575830.2588658,6521458688,655,655
1715575831.2603004,6654103552,986,986
1715575832.2824242,6553853952,2208,2208
1715575833.3000617,6554902528,3714,3714
1715575834.3096697,6554902528,628,628
1715575835.3247492,6554902528,520,520
1715575836.3415225,6554902528,0,0
1715575837.3601441,6582427648,454,454
1715575838.387481,6617030656,309,309
1715575839.4170096,6648487936,0,0
1715575840.442142,6683090944,0,0
1715575841.4669933,6717825024,0,0
1715575842.493294,6749282304,448,448
1715575843.5124342,6783885312,152,152
1715575844.5283031,6821634048,0,0
1715575845.563333,6853091328,0,0
1715575846.5685189,6897131520,0,0
1715575847.5784752,6935011328,448,448
1715575848.5907862,6969614336,152,152
1715575849.5956786,7007363072,0,0
1715575850.6071355,7045111808,0,0
1715575851.6301003,7086006272,0,0
1715575852.635603,7130177536,448,448
1715575853.6382484,7174217728,152,152
1715575854.6399086,7218257920,0,0
1715575855.6641886,7243423744,0,0
1715575856.6808836,7306338304,0,0
1715575857.6812935,7337795584,448,448
1715575858.7031274,7413424128,152,152
1715575859.7189913,7457525760,1008,1008
1715575860.7363513,7488983040,2685,2685
1715575861.742485,7558250496,1534,1534
1715575862.7737265,7624486912,809,809
1715575863.7804081,7658958848,3890,3890
1715575864.809042,7725080576,1277,1277
1715575865.8358953,7753392128,3759,3759
1715575866.8482416,7825788928,2217,2217
1715575867.853002,7857246208,1035,1035
1715575868.854644,7961149440,3403,3403
1715575869.8821635,7989460992,2947,2947
1715575870.9084852,8074395648,1327,1327
1715575871.9407961,8165879808,2961,2961
1715575872.9544425,8206643200,2575,2575
1715575874.7964683,8409759744,6428,6428
1715575877.107414,12149112832,132154,132154
1715575878.1087196,10878021632,1871119879,1871119879
1715575879.1099796,8403021824,448,448
1715575880.111259,8403021824,0,0
1715575881.1125023,8403021824,87519,87519
1715575882.1132302,8403021824,784,784
1715575883.1144488,8403021824,4690,4690
1715575884.1156833,8403021824,4380,4380
1715575885.116934,8403021824,4237,4237
1715575886.1172488,8403021824,667,667
1715575887.1184685,8403021824,5432,5432
1715575888.1196957,8403021824,4443,4443
1715575889.120931,8403021824,4401,4401
1715575890.1212413,8403021824,14424,14424
1715575891.122474,8403021824,9818,9818
1715575892.1237051,8403021824,9069,9069
1715575893.124934,8403021824,2843,2843
1715575894.1261737,8403021824,514,514
1715575895.1274002,8403021824,9658,9658
1715575896.1286435,8403021824,3923,3923
1715575897.1292186,8403021824,2754,2754
1715575898.1304364,8403021824,2765,2765
1715575899.1317115,8403021824,3362,3362
1715575900.132958,8403021824,3032,3032
1715575901.1336665,8403021824,5108,5108
1715575902.1348982,8403021824,4623,4623
1715575903.136121,8403021824,4893,4893
1715575904.1372447,8403021824,4524,4524
1715575905.138006,8403021824,5033,5033
1715575906.139275,8403021824,1785,1785
1715575907.1405454,8403021824,869,869
1715575908.1418192,8403021824,5953,5953
1715575909.1430995,8403021824,4302,4302
1715575910.1443598,8403021824,3954,3954
1715575911.145281,8403021824,4126,4126
1715575912.1461258,8403021824,3369,3369
1715575913.1474082,8403021824,3835,3835
1715575914.1486733,8403021824,1633,1633
1715575915.149936,8403021824,6528,6528
1715575916.151198,8403021824,4095,4095
1715575917.152458,8403021824,4180,4180
1715575918.1532838,8403021824,4385,4385
1715575919.1545463,8403021824,4347,4347
1715575920.1558285,8403021824,2036,2036
1715575921.1571066,8403021824,3164,3164
1715575922.1583862,8403021824,4614,4614
1715575923.1596868,8403021824,4957,4957
1715575924.1609747,8403021824,3355,3355
1715575925.1612976,8403021824,2966,2966
1715575926.1625729,8403021824,3683,3683
1715575927.1638534,8403021824,1400,1400
1715575928.1651406,8403021824,3830,3830
1715575929.1664085,8403021824,4438,4438
1715575930.167692,8403021824,4145,4145
1715575931.168974,8403021824,4310,4310
1715575932.1692905,8403021824,4419,4419
1715575933.1705663,8403021824,1491,1491
1715575934.1718435,8403021824,4428,4428
1715575935.1731396,8403021824,2553,2553
1715575936.1744056,8403021824,3792,3792
1715575937.1756775,8403021824,4507,4507
1715575938.176934,8403021824,4238,4238
1715575939.1772623,8403021824,6855,6855
1715575940.1785989,8403021824,1811,1811
1715575941.1798732,8403021824,2223,2223
1715575942.181143,8403021824,5491,5491
1715575943.1824074,8403021824,4222,4222
1715575944.183703,8403021824,4224,4224
1715575945.18498,8403021824,3091,3091
1715575946.1852937,8403021824,514,514
1715575947.1865613,8403021824,4324,4324
1715575948.1879792,8403021824,2124,2124
1715575949.1892848,8403021824,600,600
1715575950.1905694,8403021824,152,152
1715575951.191844,8403021824,161,161
1715575952.1931179,8403021824,301,301
1715575953.1947503,8403021824,154,154
1715575954.1963923,8403021824,152,152
1715575955.1975262,8403021824,0,0
1715575956.1991205,8403021824,0,0
1715575957.2005997,8403021824,0,0
1715575958.201597,8403021824,344,344
1715575959.2028604,8403021824,152,152
1715575960.2041216,8403021824,0,0
1715575961.2052677,8403021824,0,0
1715575962.2065456,8403021824,296,296
1715575963.2078118,8403021824,1155,1155
1715575964.2090857,8403021824,155,155
1715575965.2103362,8403021824,251,251
1715575968.2099779,10913406976,1254487842,1254487842
1715575969.2237928,10083581952,12772,12772
1715575970.2357552,10083581952,7768,7768
1715575971.2589524,10083581952,2037,2037
1715575972.2818792,10083581952,2916,2916
1715575973.2995007,10083581952,3349,3349
1715575974.324939,10083581952,6001,6001
1715575975.346322,10083581952,4280,4280
1715575976.3571002,10083581952,2830,2830
1715575977.376672,10083581952,4826,4826
1715575978.4006207,10083581952,4471,4471
1715575979.4126482,10083581952,6117,6117
1715575980.419068,10083713024,2807,2807
1715575981.4204807,10083713024,6218,6218
1715575982.433837,10083713024,5561,5561
1715575983.4387338,10083713024,6053,6053
1715575984.4637282,10083713024,3100,3100
1715575985.4776242,10083713024,7190,7190
1715575986.4819186,10083713024,4026,4026
1715575987.4953086,10083713024,7459,7459
1715575988.5172465,10083713024,5938,5938
1715575989.5251482,10083713024,4634,4634
1715575990.5371652,10083713024,4893,4893
1715575991.5463243,10083713024,5570,5570
1715575992.5554006,10083713024,3248,3248
1715575993.5666137,10083713024,2390,2390
1715575994.572424,10083713024,5514,5514
1715575995.5949676,10083713024,4647,4647
1715575996.5962384,10083713024,3929,3929
1715575997.6054223,10083713024,4554,4554
1715575998.6329944,10083713024,5571,5571
1715575999.6361077,10083713024,4066,4066
1715576000.6466901,10083713024,3323,3323
1715576001.6549087,10083713024,4207,4207
1715576002.6662111,10083713024,3233,3233
1715576003.6753268,10083713024,4627,4627
1715576004.6838703,10083713024,4719,4719
1715576005.7072802,10083713024,4550,4550
1715576006.7199047,10083713024,3089,3089
1715576007.7439237,10083713024,6337,6337
1715576008.7580218,10083713024,1257,1257
1715576009.7671893,10083713024,2525,2525
1715576010.7687447,10083713024,2614,2614
1715576011.7702367,10083713024,0,0
1715576012.771919,10083713024,463,463
1715576013.7734206,10083713024,155,155
1715576014.7749057,10083713024,0,0
1715576015.776183,10083713024,0,0
1715576016.7775016,10083713024,0,0
1715576017.7787755,10083713024,448,448
1715576018.7800431,4376023040,1543,1543
1715576019.7813044,4376023040,0,0
1715576020.7825642,4376023040,162670405,162670405
1715576021.7838326,4376023040,1091800870,1091800870
1715576022.785118,4376023040,451,451
1715576023.7863796,4376023040,379,379
1715576024.7876725,4376023040,1489,1489
1715576025.788959,4376023040,2754,2754
1715576026.7892873,4376023040,2509,2509
1715576027.7905893,4376023040,2907,2907
1715576028.7918587,4376023040,4178,4178
1715576029.7931666,4376023040,2435,2435
1715576030.7944422,4376023040,4314,4314
1715576031.7957156,4376023040,3520,3520
1715576032.796837,4376023040,4384,4384
1715576033.7981255,4376023040,6049,6049
1715576034.799417,4376023040,4264,4264
1715576035.8006809,4376023040,2898,2898
1715576036.80127,4376023040,4925,4925
1715576037.8026028,4376023040,3901,3901
1715576038.8038764,4376023040,3912,3912
1715576039.8051713,4376023040,4305,4305
1715576040.8064523,4376023040,4199,4199
1715576041.8077364,4376023040,4518,4518
1715576042.8090498,4376023040,2700,2700
1715576043.8103268,4376023040,5797,5797
1715576044.8109078,4376023040,4902,4902
1715576045.8122113,4376023040,4370,4370
1715576046.8133013,4376023040,4104,4104
1715576047.8146055,4376023040,5160,5160
1715576048.8158898,4376023040,1724,1724
1715576049.8164744,4376023040,3030,3030
1715576050.8172731,4376023040,4159,4159
1715576051.8185372,4376023040,4105,4105
1715576052.8198137,4376023040,3395,3395
1715576053.8210921,4376023040,5149,5149
1715576054.8223722,4376023040,4352,4352
1715576055.823658,4376023040,2491,2491
1715576056.824884,4376023040,3871,3871
1715576057.825247,4376023040,4449,4449
1715576058.82649,4376023040,4550,4550
1715576059.8277838,4376023040,3963,3963
1715576060.8290696,4376023040,2635,2635
1715576061.8303514,4376023040,2127,2127
1715576062.8316388,4376023040,5069,5069
1715576063.832926,4376023040,4216,4216
1715576064.8342144,4376023040,1129,1129
1715576065.8354783,4376023040,4798,4798
1715576066.8367796,4376023040,3207,3207
1715576067.837401,4376023040,875,875
1715576068.8388336,4376023040,836,836
1715576069.8402622,4376023040,769,769
1715576070.8414896,4376023040,958,958
1715576071.8427832,4376023040,491,491
1715576072.844028,4376023040,1167,1167
1715576073.8454478,4376023040,920,920
1715576074.846814,4376023040,487,487
1715576075.8482616,4376023040,959,959
1715576076.849354,4376023040,185,185
1715576077.8505688,4376023040,1505,1505
1715576078.852201,4376023040,622,622
1715576079.85353,4376023040,491,491
1715576080.854854,4376023040,958,958
1715576081.8561869,4376023040,476,476
1715576082.857258,4376023040,1811,1811
1715576083.858456,4376023040,338,338
1715576084.8593652,4376023040,952,952
1715576085.8610008,4376023040,775,775
1715576086.8614633,4376023040,471,471
1715576087.8627803,4376023040,1364,1364
1715576088.8641984,4376023040,649,649
1715576089.865271,4376023040,950,950
1715576090.8667347,4376023040,488,488
1715576091.86813,4376023040,469,469
1715576092.8694143,4376023040,1318,1318
1715576093.8709314,4376023040,643,643
1715576094.8722196,4376023040,954,954
1715576095.873648,4376023040,489,489
1715576096.8749201,4376023040,917,917
1715576097.8762376,4376023040,1026,1026
1715576098.8775766,4376023040,647,647
1715576099.8790238,4376023040,969,969
1715576100.8803914,4376023040,467,467
1715576101.8813117,4376023040,966,966
1715576102.8828132,4376023040,983,983
1715576103.8840559,4376023040,827,827
1715576104.8854902,4376023040,779,779
1715576105.8869877,4376023040,474,474
1715576106.8884149,4376023040,962,962
1715576107.8894246,4376023040,16693,16693
1715576108.8908842,4376023040,6341,6341
1715576109.8923328,4376023040,8134,8134
1715576110.8936832,4376023040,1069,1069
1715576111.8949084,4376023040,684,684
1715576112.8962936,4376023040,841,841
1715576113.8972557,4376023040,1180,1180
1715576114.8986983,4376023040,773,773
1715576115.8999975,4376023040,493,493
1715576116.9014373,4376023040,954,954
1715576117.9028685,4376023040,896,896
1715576118.9041314,4376023040,823,823
1715576119.9053533,4376023040,786,786
1715576120.9069092,4376023040,489,489
1715576121.9083114,4376023040,973,973
1715576122.9096832,4376023040,873,873
1715576123.9103413,4376023040,1140,1140
1715576124.9117942,4376023040,467,467
1715576125.9130092,4376023040,681,681
1715576126.914455,4376023040,791,791
1715576127.9158986,4376023040,869,869
1715576128.9164488,4376023040,1114,1114
1715576129.9180381,4376023040,487,487
1715576130.9192984,4376023040,982,982
1715576131.9206147,4376023040,515,515
1715576132.9210098,4376023040,883,883
1715576133.9223523,4376023040,822,822
1715576134.9236946,4376023040,781,781
1715576135.9249756,4376023040,1232,1232
1715576136.9264293,4376023040,643,643
1715576137.927785,4376023040,890,890
1715576138.9290648,4376023040,1116,1116
1715576139.9303415,4376023040,491,491
1715576140.931726,4376023040,958,958
1715576141.9330492,4376023040,494,494
1715576142.9343102,4376023040,1062,1062
1715576143.9357069,4376023040,933,933
1715576144.9371672,4376023040,493,493
1715576145.9384847,4376023040,945,945
1715576146.939953,4376023040,477,477
1715576147.941193,4376023040,1126,1126
1715576148.9425027,4376023040,935,935
1715576149.9437947,4376023040,490,490
1715576150.9452918,4376023040,968,968
1715576151.946657,4376023040,460,460
1715576152.94796,4376023040,1368,1368
1715576153.9493043,4376023040,636,636
1715576154.9505646,4376023040,969,969
1715576155.951864,4376023040,169,169
1715576156.9532921,4376023040,785,785
1715576157.9546788,4376023040,1353,1353
1715576158.9561253,4376023040,646,646
1715576159.9572544,4376023040,974,974
1715576160.9587052,4376023040,471,471
1715576161.9601247,4376023040,492,492
1715576162.9612656,4376023040,1055,1055
1715576163.9625902,4376023040,1252,1252
1715576164.9639385,4376023040,969,969
1715576165.965384,4376023040,477,477
1715576166.9666443,4376023040,968,968
1715576167.968065,4376023040,986,986
1715576168.9694061,4376023040,631,631
1715576169.9706962,4376023040,1480,1480
1715576170.9719434,4376023040,2796,2796
1715576171.9731927,4376023040,0,0
1715576172.9744327,4376023040,462,462
1715576173.9756715,4376023040,155,155
1715576174.9769194,4376023040,0,0
1715576175.977248,4376023040,0,0
1715576176.978485,4376023040,0,0
1715576177.9797375,4376023040,448,448
1715576178.9809828,4376023040,152,152
1715576179.9812481,4376023040,0,0
1715576180.9824827,4376023040,333,333
1715576181.983713,4376023040,87550,87550
1715576182.9849527,4376023040,512,512
1715576183.9862034,4376023040,155,155
1715576184.9874399,4376023040,0,0
1715576185.9887,4376023040,0,0
1715576186.989347,4376023040,1263,1263
1715576187.990576,4376023040,7546,7546
1715576188.9909654,4376023040,9530,9530
1715576189.9913926,4376023040,561,561
1715576190.992644,4376023040,895,895
1715576191.9932613,4376023040,158,158
1715576192.994516,4376023040,3226,3226
1715576193.995768,4376023040,156,156
1715576194.997028,4376023040,152,152
1715576195.9982672,4376023040,0,0
1715576196.999249,4376023040,676,676
1715576198.0004973,4376023040,3898,3898
1715576199.0017502,4376023040,5951,5951
1715576200.0029986,4376023040,3273,3273
1715576201.004326,4376023040,4205,4205
1715576202.005552,4376023040,357,357
1715576203.0067854,4376023040,3217,3217
1715576204.008041,4376023040,2179,2179
1715576205.0093067,4376023040,2201,2201
1715576206.0105543,4376023040,2644,2644
1715576207.0118184,4376023040,4111,4111
1715576208.0130951,4376023040,3056,3056
1715576209.0143201,4376023040,2168,2168
1715576210.015552,4376023040,1806,1806
1715576211.016797,4376023040,3424,3424
1715576212.0172703,4376023040,2111,2111
1715576213.0185308,4376023040,1017,1017
1715576214.019804,4376023040,156,156
1715576215.0211074,4376023040,1571113748,1571113748
1715576216.0223851,4376023040,300769554,300769554
1715576217.0236702,4376023040,0,0
1715576218.0249438,4376023040,345,345
1715576219.0262096,4376023040,152,152
1715576220.0271091,4376023040,3299,3299
1715576221.0283499,4376023040,2552,2552
1715576222.029619,4376023040,2702,2702
1715576223.0308921,4376023040,4200,4200
1715576224.032137,4376023040,5978,5978
1715576225.0333781,4376023040,4054,4054
1715576226.0346227,4376023040,1403,1403
1715576227.0358615,4376023040,4812,4812
1715576228.037111,4376023040,5724,5724
1715576229.0383427,4376023040,3097,3097
1715576230.0395746,4376023040,4436,4436
1715576231.0408075,4376023040,4277,4277
1715576232.042049,4376023040,3496,3496
1715576233.0433764,4376023040,725,725
1715576234.0446103,4376023040,6778,6778
1715576235.0457103,4376023040,5052,5052
1715576236.0469387,4376023040,2032,2032
1715576237.0481784,4376023040,3180,3180
1715576238.0494156,4376023040,2222,2222
1715576239.0506496,4376023040,1978,1978
1715576240.0518837,4376023040,3352,3352
1715576241.0531857,4376023040,6417,6417
1715576242.0544677,4376023040,5307,5307
1715576243.0557358,4376023040,2113,2113
1715576244.0570278,4376023040,3669,3669
1715576245.0582855,4376023040,4797,4797
1715576246.0595632,4376023040,1911,1911
1715576247.0608335,4376023040,6985,6985
1715576248.0612772,4376023040,4654,4654
1715576249.06254,4376023040,4355,4355
1715576250.0638108,4376023040,4254,4254
1715576251.065085,4376023040,4182,4182
1715576252.066359,4376023040,3031,3031
1715576253.0676265,4376023040,5457,5457
1715576254.0689127,4376023040,4432,4432
1715576255.0701952,4376023040,4320,4320
1715576256.071472,4376023040,4259,4259
1715576257.07274,4376023040,3545,3545
1715576258.0740035,4376023040,2328,2328
1715576259.0752819,4376023040,5344,5344
1715576260.0765681,4376023040,4148,4148
1715576261.0772836,4376023040,4159,4159
1715576262.0785594,4376023040,3743,3743
1715576263.0798252,4376023040,3722,3722
1715576264.0811093,4376023040,3218,3218
1715576265.0823734,4376023040,4668,4668
1715576266.0836346,4376023040,4316,4316
1715576267.0845187,4376023040,4585,4585
1715576268.0852904,4376023040,4048,4048
1715576269.0865602,4376023040,4286,4286
1715576270.0878406,4376023040,4441,4441
1715576271.0891397,4376023040,2548,2548
1715576272.090413,4376023040,2507,2507
1715576273.0916986,4376023040,4616,4616
1715576274.092988,4376023040,4201,4201
1715576275.093284,4376023040,2948,2948
1715576276.0945697,4376023040,5175,5175
1715576277.095864,4376023040,3325,3325
1715576278.0971782,4376023040,2008,2008
1715576279.0984778,4376023040,5306,5306
1715576280.0997977,4376023040,2578,2578
1715576281.1010995,4376023040,4166,4166
1715576282.102417,4376023040,1389,1389
1715576283.1037245,4376023040,3790,3790
1715576284.1051989,4376023040,1775,1775
1715576285.1064355,4376023040,1300,1300
1715576286.1077373,4376023040,153,153
1715576287.109218,4376023040,459,459
1715576288.1105528,4376023040,155,155
1715576289.1122234,4376023040,155,155
1715576290.1132817,4376023040,0,0
1715576291.114607,4376023040,0,0
1715576292.1162055,4376023040,296,296
1715576293.1177938,4376023040,152,152
1715576294.1185763,4376023040,152,152
1715576295.119849,4376023040,0,0
1715576296.121289,4376023040,0,0
1715576297.122966,4376023040,296,296
1715576298.1246698,4376023040,152,152
1715576299.1262429,4376023040,152,152
1715576300.1275256,4376023040,0,0
1715576301.128768,4376023040,0,0
1715576302.1292717,4376023040,1285,1285
1715576303.130529,4376023040,153,153
1715576305.8172631,6365171712,1254684141,1254684141
1715576306.8287468,5862633472,2324,2324
1715576307.8367565,5862633472,2242,2242
1715576308.8511992,5862633472,4039,4039
1715576309.866902,5862633472,2809,2809
1715576310.871239,5862633472,4920,4920
1715576311.8860557,5862633472,4288,4288
1715576312.9042506,5862633472,4549,4549
1715576313.9106474,5862633472,1123,1123
1715576314.9280438,5862633472,7027,7027
1715576315.9460375,5862633472,4034,4034
1715576316.9507608,5862633472,4194,4194
1715576317.9798281,5862633472,4619,4619
1715576318.9862258,5862633472,4405,4405
1715576320.0061016,5862633472,1871,1871
1715576321.0106015,5862633472,3571,3571
1715576322.0153723,5862633472,3201,3201
1715576323.0450435,5862633472,2662,2662
1715576324.0670347,5862633472,4153,4153
1715576325.0778131,5862633472,4172,4172
1715576326.0945377,5862633472,2917,2917
1715576327.1059916,5862633472,3877,3877
1715576328.1166937,5862633472,987,987
1715576329.127949,5862633472,508,508
1715576330.1389093,5862633472,5797,5797
1715576331.14676,5862633472,4253,4253
1715576332.170326,5862633472,4317,4317
1715576333.182789,5862633472,4556,4556
1715576334.18993,5862633472,1793,1793
1715576335.201074,5862633472,2003,2003
1715576336.2137995,5862633472,3193,3193
1715576337.2318387,5862633472,3081,3081
1715576338.257268,5862633472,3567,3567
1715576339.2808201,5862633472,2996,2996
1715576340.297513,5862633472,4328,4328
1715576341.3057795,5866696704,3705,3705
1715576342.318848,5866696704,1904,1904
1715576343.3364787,5891862528,1508,1508
1715576344.3373158,5891862528,3332,3332
1715576345.353926,5891862528,5987,5987
1715576346.3557358,5891862528,1995,1995
1715576347.3706343,5891862528,2912,2912
1715576348.3719025,5918904320,2556,2556
1715576349.3733594,5980610560,0,0
1715576350.374804,6190395392,310,310
1715576351.3762171,5994938368,0,0
1715576352.377556,5909041152,197,197
1715576353.3790464,6098370560,306,306
1715576354.380503,5960282112,0,0
1715576355.3812988,5862436864,0,0
1715576356.3826098,6003003392,0,0
1715576357.3840718,6112665600,296,296
1715576358.3854797,5919289344,304,304
1715576359.3870008,5919211520,0,0
1715576360.388345,6177259520,0,0
1715576361.3897762,6011650048,0,0
1715576362.3911903,4656373760,1553,1553
1715576363.3924403,4656373760,308,308
1715576364.393713,4656373760,997143151,997143151
1715576365.39497,4656373760,257462481,257462481
1715576366.3962097,4656373760,0,0
1715576367.3974826,4656373760,1787,1787
1715576368.3987758,4656373760,1541,1541
1715576369.400064,4656373760,4521,4521
1715576370.4013457,4656373760,3725,3725
1715576371.4026124,4656373760,4102,4102
1715576372.4038875,4656373760,4606,4606
1715576373.4051926,4656373760,2828,2828
1715576374.4064896,4656373760,3485,3485
1715576375.407781,4656373760,356,356
1715576376.4090967,4656373760,351,351
1715576377.4103713,4656373760,1932,1932
1715576378.4116697,4656373760,5368,5368
1715576379.4129615,4656373760,5235,5235
1715576380.414266,4656373760,3994,3994
1715576381.415548,4656373760,4048,4048
1715576382.4168422,4656373760,4531,4531
1715576383.4181235,4656373760,12097,12097
1715576384.419406,4656373760,15180,15180
1715576385.4206855,4656373760,8272,8272
1715576386.4219596,4656373760,4293,4293
1715576387.4232388,4656373760,4895,4895
1715576388.4245284,4656373760,10094,10094
1715576389.425815,4656373760,3561,3561
1715576390.4270957,4656373760,1924,1924
1715576391.428374,4656373760,3555,3555
1715576392.4295025,4656373760,7190,7190
1715576393.4307878,4656373760,4005,4005
1715576394.431923,4656373760,4398,4398
1715576395.4332206,4656373760,4128,4128
1715576396.43452,4656373760,1771,1771
1715576397.4358022,4656373760,3821,3821
1715576398.4370987,4656373760,3840,3840
1715576399.4383807,4656373760,2340,2340
1715576400.439672,4656373760,3557,3557
1715576401.4409535,4656373760,4451,4451
1715576402.4413161,4656373760,4108,4108
1715576403.4426172,4656373760,4300,4300
1715576404.4439073,4656373760,4095,4095
1715576405.4452264,4656373760,2647,2647
1715576406.4465241,4656373760,3801,3801
1715576407.4478376,4656373760,2044,2044
1715576408.4491594,4656373760,3837,3837
1715576409.4506276,4656373760,4076,4076
1715576410.451891,4656373760,1139,1139
1715576411.453361,4656373760,1047,1047
1715576412.455023,4656373760,1451,1451
1715576413.4564376,4656373760,1112,1112
1715576414.4578826,4656373760,1322,1322
1715576415.4591467,4656373760,1452,1452
1715576416.4605947,4656373760,663,663
1715576417.461719,4656373760,1445,1445
1715576418.4630396,4656373760,1108,1108
1715576419.4643075,4656373760,1143,1143
1715576420.4652753,4656373760,1261,1261
1715576421.4667313,4656373760,947,947
1715576422.4684067,4656373760,1067,1067
1715576423.4693668,4656373760,1401,1401
1715576424.4706244,4656373760,1127,1127
1715576425.4718797,4656373760,1248,1248
1715576426.4732208,4656373760,957,957
1715576427.474866,4656373760,1343,1343
1715576428.4763825,4656373760,1101,1101
1715576429.4772758,4656373760,1151,1151
1715576430.4787247,4656373760,1263,1263
1715576431.4800835,4656373760,1438,1438
1715576432.4816246,4656373760,1459,1459
1715576433.4830072,4656373760,1116,1116
1715576434.4842806,4656373760,1436,1436
1715576435.4856837,4656373760,950,950
1715576436.4870524,4656373760,959,959
1715576437.4887033,4656373760,517,517
1715576438.4901547,4656373760,1538,1538
1715576439.491445,4656373760,1435,1435
1715576440.4931192,4656373760,968,968
1715576441.494799,4656373760,953,953
1715576442.4961646,4656373760,1353,1353
1715576443.49742,4656373760,1298,1298
1715576444.4986978,4656373760,657,657
1715576445.5003955,4656373760,1553,1553
1715576446.501733,4656373760,951,951
1715576447.5033,4656373760,1371,1371
1715576448.5045874,4656373760,1864,1864
1715576449.5054078,4656373760,1069,1069
1715576450.506362,4656373760,971,971
1715576451.5077763,4656373760,905,905
1715576452.5090926,4656373760,1845,1845
1715576453.510756,4656373760,1107,1107
1715576454.5124555,4656373760,1265,1265
1715576455.5136127,4656373760,951,951
1715576456.5151813,4656373760,966,966
1715576457.51646,4656373760,1388,1388
1715576458.5174458,4656373760,1461,1461
1715576459.5191126,4656373760,948,948
1715576460.5206082,4656373760,951,951
1715576461.5219092,4656373760,963,963
1715576462.5231807,4656373760,1736,1736
1715576463.5246174,4656373760,816,816
1715576464.5258095,4656373760,1243,1243
1715576465.5272903,4656373760,955,955
1715576466.5285583,4656373760,1507,1507
1715576467.5298414,4656373760,1714,1714
1715576468.5315745,4656373760,1112,1112
1715576469.5334256,4656373760,955,955
1715576470.5348835,4656373760,958,958
1715576471.5361524,4656373760,1373,1373
1715576472.5375717,4656373760,1172,1172
1715576473.538948,4656373760,1240,1240
1715576474.5405002,4656373760,954,954
1715576475.541742,4656373760,2013,2013
1715576476.5429635,4656373760,4184,4184
1715576477.5442069,4656373760,461,461
1715576478.5452368,4656373760,157,157
1715576479.5464733,4656373760,0,0
1715576480.5477002,4656373760,0,0
1715576481.548813,4656373760,0,0
1715576482.5500214,4656373760,152,152
1715576483.551297,4656373760,87833,87833
1715576484.5525355,4656373760,160,160
1715576485.5532413,4656373760,0,0
1715576486.554471,4656373760,157,157
1715576487.5557005,4656373760,452,452
1715576488.5569332,4656373760,152,152
1715576489.5579245,4656373760,0,0
1715576490.5591452,4656373760,0,0
1715576491.5603788,4656373760,0,0
1715576492.5612357,4656373760,448,448
1715576493.562473,4656373760,152,152
1715576494.5637248,4656373760,0,0
1715576495.5649626,4656373760,0,0
1715576496.5662143,4656373760,0,0
1715576497.567446,4656373760,448,448
1715576498.5686805,4656373760,152,152
1715576499.5692463,4656373760,0,0
1715576500.5704844,4656373760,0,0
1715576501.5717542,4656373760,0,0
1715576502.5729904,4656373760,1498,1498
1715576503.573253,4656373760,481,481
1715576504.5744853,4656373760,1970,1970
1715576505.5757117,4656373760,3100,3100
1715576506.5769367,4656373760,2830,2830
1715576507.57726,4656373760,2083,2083
1715576508.5784981,4656373760,3492,3492
1715576509.5797536,4656373760,3667,3667
1715576510.58103,4656373760,1182,1182
1715576511.582255,4656373760,373,373
1715576512.5834827,4656373760,3989,3989
1715576513.5847206,4656373760,3188,3188
1715576514.5859666,4656373760,6930,6930
1715576515.587208,4656373760,1182,1182
1715576516.5884597,4656373760,5223,5223
1715576517.5898294,4656373760,1023,1023
1715576518.5912263,4656373760,157,157
1715576519.5926156,4656373760,0,0
1715576520.5938847,4656373760,1604867664,1604867664
1715576521.5943182,4656373760,266497164,266497164
1715576522.5955791,4656373760,448,448
1715576523.596822,4656373760,152,152
1715576524.598068,4656373760,0,0
1715576525.5993114,4656373760,3421,3421
1715576526.6005583,4656373760,3586,3586
1715576527.6012423,4656373760,5888,5888
1715576528.6024525,4656373760,3418,3418
1715576529.603683,4656373760,1563,1563
1715576530.604904,4656373760,4214,4214
1715576531.6052358,4656373760,4201,4201
1715576532.6064591,4656373760,3282,3282
1715576533.6076932,4656373760,2544,2544
1715576534.608923,4656373760,4591,4591
1715576535.609238,4656373760,1016,1016
1715576536.610456,4656373760,7690,7690
1715576537.6116846,4656373760,4399,4399
1715576538.6129136,4656373760,4028,4028
1715576539.6141455,4656373760,6824,6824
1715576540.6153848,4656373760,10989,10989
1715576541.6166205,4656373760,6155,6155
1715576542.6172552,4656373760,4372,4372
1715576543.6184866,4656373760,5017,5017
1715576544.619716,4656373760,6185,6185
1715576545.620944,4656373760,5261,5261
1715576546.6213028,4656373760,4035,4035
1715576547.6225393,4656373760,3819,3819
1715576548.6238148,4656373760,2772,2772
1715576549.625085,4656373760,6985,6985
1715576550.6263597,4656373760,5031,5031
1715576551.6276302,4656373760,5380,5380
1715576552.6289485,4656373760,4729,4729
1715576553.6292672,4656373760,2738,2738
1715576554.6305451,4656373760,2257,2257
1715576555.6318293,4656373760,4380,4380
1715576556.6331239,4656373760,4257,4257
1715576557.634391,4656373760,4225,4225
1715576558.6356592,4656373760,4589,4589
1715576559.6369224,4656373760,4287,4287
1715576560.6382065,4656373760,1661,1661
1715576561.6394742,4656373760,3703,3703
1715576562.6407442,4656373760,1632,1632
1715576563.642009,4656373760,3793,3793
1715576564.643278,4656373760,4280,4280
1715576565.6445706,4656373760,3110,3110
1715576566.6458313,4656373760,2987,2987
1715576567.6471224,4656373760,2998,2998
1715576568.648378,4656373760,5967,5967
1715576569.6492805,4656373760,2270,2270
1715576570.6505497,4656373760,6841,6841
1715576571.6518044,4656373760,4947,4947
1715576572.6531184,4656373760,3162,3162
1715576573.6543891,4656373760,2499,2499
1715576574.6556776,4656373760,6116,6116
1715576575.6569421,4656373760,3703,3703
1715576576.6572714,4656373760,4307,4307
1715576577.6585393,4656373760,3626,3626
1715576578.6598547,4656373760,4567,4567
1715576579.6611366,4656373760,2803,2803
1715576580.662554,4656373760,3418,3418
1715576581.6638577,4656373760,5472,5472
1715576582.665171,4656373760,4673,4673
1715576583.6664736,4656373760,2876,2876
1715576584.6677618,4656373760,4230,4230
1715576585.6690757,4656373760,6611,6611
1715576586.6703682,4656373760,3259,3259
1715576587.6716728,4656373760,3982,3982
1715576588.6729467,4656373760,4901,4901
1715576589.6735225,4656373760,4154,4154
1715576590.6751752,4656373760,2278,2278
1715576591.6768682,4656373760,0,0
1715576592.6784227,4656373760,779,779
1715576593.6799033,4656373760,154,154
1715576594.6812341,4656373760,0,0
1715576595.6825144,4656373760,0,0
1715576596.6837926,4656373760,0,0
1715576597.685127,4656373760,448,448
1715576598.6866374,4656373760,152,152
1715576599.6881766,4656373760,0,0
1715576600.689639,4656373760,0,0
1715576601.6913357,4656373760,0,0
1715576602.69308,4656373760,448,448
1715576603.694585,4656373760,152,152
1715576604.6961625,4656373760,0,0
1715576605.6972795,4656373760,1019,1019
1715576606.6985178,4656373760,0,0
1715576607.6997533,4656373760,1254836703,1254836703
1715576608.7010076,4656373760,155,155
1715576609.7022781,4656373760,541,541
1715576610.7035592,4656373760,2612,2612
1715576611.704847,4656373760,2553,2553
1715576612.705271,4656373760,4396,4396
1715576613.7065766,4656373760,4136,4136
1715576614.707852,4656373760,4333,4333
1715576615.70917,4656373760,1858,1858
1715576616.7104452,4656373760,6588,6588
1715576617.7117252,4656373760,4168,4168
1715576618.7130432,4656373760,2193,2193
1715576619.7143273,4656373760,4438,4438
1715576620.7155976,4656373760,4016,4016
1715576621.7168703,4656373760,3191,3191
1715576622.7172835,4656373760,7436,7436
1715576623.71857,4656373760,1883,1883
1715576624.7198446,4656373760,7028,7028
1715576625.7211459,4656373760,4251,4251
1715576626.7224088,4656373760,6886,6886
1715576627.723693,4656373760,1857,1857
1715576628.7249694,4656373760,513,513
1715576629.7252884,4656373760,2758,2758
1715576630.726549,4656373760,4438,4438
1715576631.7278259,4656373760,4159,4159
1715576632.7291272,4656373760,3037,3037
1715576633.7304084,4656373760,6198,6198
1715576634.7316923,4656373760,1516,1516
1715576635.732974,4656373760,2193,2193
1715576636.7342618,4656373760,7098,7098
1715576637.735543,4656373760,4594,4594
1715576638.7368298,4656373760,3546,3546
1715576639.737288,4656373760,3610,3610
1715576640.7385595,4656373760,3376,3376
1715576641.739845,4656373760,2101,2101
1715576642.7411487,4656373760,2711,2711
1715576643.742449,4656373760,5581,5581
1715576644.7437673,4656373760,4612,4612
1715576645.7451036,4656373760,3615,3615
1715576646.7463968,4656373760,4171,4171
1715576647.747683,4656373760,3845,3845
1715576648.74896,4656373760,2903,2903
1715576649.749298,4656373760,2259,2259
1715576650.7505858,4656373760,6208,6208
1715576651.7522027,4656373760,2002,2002
1715576652.7532625,4656373760,1886,1886
1715576653.7544825,4656373760,156,156
1715576654.755737,4656373760,0,0
1715576655.7572453,4656373760,0,0
1715576656.7588081,4656373760,0,0
1715576657.7604532,4656373760,396,396
1715576658.7614925,4656373760,152,152
1715576659.7631242,4656373760,0,0
1715576660.764369,4656373760,1242,1242
1715576661.7656107,4656373760,0,0
1715576664.599961,5968379904,1254776714,1254776714
1715576665.62019,5699915776,2890,2890
1715576666.6306221,5699915776,3845,3845
1715576667.648445,5699915776,4820,4820
1715576668.6751666,5699915776,4325,4325
1715576669.6864364,5699915776,3300,3300
1715576670.7083113,5699915776,4797,4797
1715576671.7313464,5699915776,4710,4710
1715576672.740516,5699915776,4417,4417
1715576673.7568715,5699915776,4349,4349
1715576674.7764983,5699915776,4180,4180
1715576675.7774143,5699915776,3893,3893
1715576676.8021605,5699915776,4060,4060
1715576677.8065333,5699915776,2654,2654
1715576678.814989,5699915776,4828,4828
1715576679.8192444,5699915776,6106,6106
1715576680.8287342,5699915776,4027,4027
1715576681.83325,5699915776,2489,2489
1715576682.8555305,5699915776,3322,3322
1715576683.856785,5699915776,6848,6848
1715576684.8811045,5699915776,4288,4288
1715576685.8908052,5699915776,4344,4344
1715576686.902536,5699915776,4284,4284
1715576687.9099135,5699915776,2498,2498
1715576688.919755,5699915776,510,510
1715576689.9282103,5699915776,2967,2967
1715576690.939775,5699915776,5379,5379
1715576691.9658546,5699915776,3006,3006
1715576692.969756,5699915776,4629,4629
1715576693.9780498,5699915776,16201,16201
1715576694.9988184,5699915776,11831,11831
1715576696.0167594,5699915776,6680,6680
1715576697.0421712,5699915776,5319,5319
1715576698.0643375,5699915776,8115,8115
1715576699.0891733,5699915776,7364,7364
1715576700.0975246,5699915776,4810,4810
1715576701.107838,5699915776,3797,3797
1715576702.112037,5699915776,6926,6926
1715576703.125789,5699915776,1494,1494
1715576704.1322665,5699915776,3515,3515
1715576705.137636,5699915776,3743,3743
1715576706.1566422,5699915776,3111,3111
1715576707.1573255,5786005504,5861,5861
1715576708.1585515,5709484032,1439,1439
1715576709.1599941,5904838656,655,655
1715576710.1612594,5727752192,958,958
1715576711.1626976,5925851136,499,499
1715576712.1639645,5734207488,1202,1202
1715576713.165326,5899862016,633,633
1715576714.166603,5715308544,1109,1109
1715576715.1680472,5916299264,490,490
1715576716.1693835,5696602112,668,668
1715576717.1708455,5870182400,1029,1029
1715576718.17211,5702987776,1120,1120
1715576719.1735866,5910249472,632,632
1715576720.174856,5652652032,963,963
1715576721.1759372,5804888064,483,483
1715576722.1772025,5725941760,1214,1214
1715576723.1782699,5777215488,638,638
1715576724.1795208,5734207488,1074,1074
1715576725.1809864,5735321600,521,521
1715576726.181229,5702909952,668,668
1715576727.1826513,5841240064,1035,1035
1715576728.1839433,5709213696,814,814
1715576729.1852705,5747036160,942,942
1715576730.1859548,5734158336,653,653
1715576731.1872854,5851942912,775,775
1715576732.188638,5652566016,969,969
1715576733.1900544,5781762048,1372,1372
1715576734.1913188,5702832128,805,805
1715576735.1927407,5967945728,802,802
1715576736.1935709,5734178816,462,462
1715576737.1950293,6110879744,1278,1278
1715576738.1963818,5702914048,682,682
1715576739.197809,5981384704,1130,1130
1715576740.199278,5709524992,463,463
1715576741.2006295,5896835072,975,975
1715576742.2013688,5702856704,725,725
1715576743.2027924,5910196224,1124,1124
1715576744.204241,5682855936,633,633
1715576745.2056906,5807755264,5113,5113
1715576746.2071378,5694849024,529,529
1715576747.2084956,5830631424,1101,1101
1715576748.2094226,5812588544,639,639
1715576749.2109325,5891895296,1596,1596
1715576750.2122865,5771870208,487,487
1715576751.2136333,5708972032,952,952
1715576752.2152944,5860147200,725,725
1715576753.2166183,5709135872,1105,1105
1715576754.2179687,5803421696,644,644
1715576755.2195723,5715345408,942,942
1715576756.2210934,5854576640,492,492
1715576757.2223167,5696618496,838,838
1715576758.2238276,5791105024,685,685
1715576759.225089,5696696320,1689,1689
1715576760.226516,5832966144,493,493
1715576761.22796,5652721664,648,648
1715576762.2293952,5827854336,1047,1047
1715576763.2306376,5671387136,804,804
1715576764.2320974,6010028032,938,938
1715576765.233346,5702873088,653,653
1715576766.2347672,6030671872,476,476
1715576767.2361128,5709090816,1019,1019
1715576768.2374673,5900955648,1128,1128
1715576769.2389884,5702717440,624,624
1715576770.24028,5954838528,964,964
1715576771.241535,5753110528,488,488
1715576772.242949,5743665152,1201,1201
1715576773.2443159,5677834240,630,630
1715576774.2454243,5852663808,1110,1110
1715576775.246996,5778391040,470,470
1715576776.2484512,5880606720,955,955
1715576777.2497697,5807775744,733,733
1715576778.2512088,5760331776,1106,1106
1715576779.2527065,5816864768,644,644
1715576780.2541184,5776474112,640,640
1715576781.2555273,5778341888,780,780
1715576782.2569234,5801414656,1301,1301
1715576783.2582686,5665792000,640,640
1715576784.2595172,5728059392,88332,88332
1715576785.26082,5772136448,761,761
1715576786.2612329,5652729856,646,646
1715576787.2626185,5942071296,923,923
1715576788.263922,5734203392,1099,1099
1715576789.2652981,5755129856,644,644
1715576790.2665951,5704441856,892,892
1715576791.2680333,5800103936,527,527
1715576792.2693095,5709250560,962,962
1715576793.2706273,5822472192,985,985
1715576794.27197,5702905856,519,519
1715576795.2734406,5708746752,811,811
1715576796.2746756,5696585728,654,654
1715576797.276149,6023221248,1029,1029
1715576798.2776358,5703081984,639,639
1715576799.2789168,5958897664,1112,1112
1715576800.2804182,5678071808,473,473
1715576801.2815042,5973049344,965,965
1715576802.2828836,5736120320,623,623
1715576803.284522,5879304192,1305,1305
1715576804.2855606,5753380864,641,641
1715576805.2869682,5827424256,955,955
1715576806.3010476,5652717568,1903,1903
1715576807.3181798,5652717568,3671,3671
1715576808.3432722,5671460864,314,314
1715576809.3677452,5706063872,0,0
1715576810.3928401,5740666880,0,0
1715576811.4188445,5772124160,0,0
1715576812.4391882,5806727168,195,195
1715576813.4647787,5841330176,304,304
1715576814.491467,5872787456,0,0
1715576815.5126128,5907521536,0,0
1715576816.5375519,5942124544,0,0
1715576817.5387433,5976727552,448,448
1715576818.55131,6014476288,152,152
1715576819.5543208,6052225024,0,0
1715576820.5597794,6089973760,0,0
1715576821.569401,6124576768,0,0
1715576822.5756588,6162325504,344,344
1715576823.596848,6196928512,152,152
1715576824.6033607,6234808320,0,0
1715576825.606394,6275702784,0,0
1715576826.6345913,6326034432,0,0
1715576827.6375115,6373351424,448,448
1715576828.6387343,6420537344,152,152
1715576829.6399624,6470868992,4049,4049
1715576830.6411922,6514909184,8485,8485
1715576831.6509974,6555803648,331,331
1715576832.6839042,6609383424,562,562
1715576833.6921086,6675636224,2986,2986
1715576834.7189105,6716399616,3972,3972
1715576835.7281115,6773207040,4470,4470
1715576836.754321,6848749568,2144,2144
1715576837.7571256,6873915392,5255,5255
1715576838.7687056,6946414592,2426,2426
1715576839.7942915,7021961216,3247,3247
1715576840.802726,7034413056,4021,4021
1715576841.824454,7116201984,1342,1342
1715576842.8389916,7176196096,5723,5723
1715576843.8593304,7248416768,1338,1338
1715576844.8801131,7387086848,6681,6681
1715576845.9123304,7387086848,3465,3465
1715576846.925328,7497252864,1560,1560
1715576848.3727736,8605753344,2673,2673
1715576850.681995,12345106432,461477,461477
1715576851.6832497,9222148096,1871418991,1871418991
1715576852.6844993,9222148096,772,772
1715576853.68577,9222148096,155,155
1715576854.6870112,9222148096,0,0
1715576855.688232,9222148096,1290,1290
1715576856.6894562,9222148096,6919,6919
1715576857.6906767,9222148096,4450,4450
1715576858.6918855,9222148096,4104,4104
1715576859.693109,9222148096,4269,4269
1715576860.6943314,9222148096,3981,3981
1715576861.6955543,9222148096,2978,2978
1715576862.696771,9222148096,2378,2378
1715576863.6979933,9222148096,2915,2915
1715576864.699227,9222148096,3775,3775
1715576865.700466,9222148096,3982,3982
1715576866.7016919,9222148096,11642,11642
1715576867.7029197,9222148096,4461,4461
1715576868.7041624,9222148096,2906,2906
1715576869.7053823,9222148096,5224,5224
1715576870.7066138,9222148096,4467,4467
1715576871.7078555,9222148096,4335,4335
1715576872.7090983,9222148096,3300,3300
1715576873.7103517,9222148096,5594,5594
1715576874.7114077,9222148096,11818,11818
1715576875.7127004,9222148096,5328,5328
1715576876.7132463,9222148096,4503,4503
1715576877.7145185,9222148096,4528,4528
1715576878.7157967,9222148096,1864,1864
1715576879.717091,9222148096,7174,7174
1715576880.7183628,9222148096,3877,3877
1715576881.7196496,9222148096,4172,4172
1715576882.7209315,9222148096,3790,3790
1715576883.7213104,9222148096,3378,3378
1715576884.7222803,9222148096,3956,3956
1715576885.723576,9222148096,2516,2516
1715576886.7248452,9222148096,2727,2727
1715576887.7252831,9222148096,4544,4544
1715576888.7265525,9222148096,4749,4749
1715576889.727826,9222148096,3825,3825
1715576890.7289262,9222148096,6129,6129
1715576891.729265,9222148096,4228,4228
1715576892.7305305,9222148096,5005,5005
1715576893.7318048,9222148096,4353,4353
1715576894.7331312,9222148096,4598,4598
1715576895.7344007,9222148096,2057,2057
1715576896.7356696,9222148096,7870,7870
1715576897.7369401,9222148096,2620,2620
1715576898.7372806,9222148096,2931,2931
1715576899.7385638,9222148096,3262,3262
1715576900.739825,9222148096,4357,4357
1715576901.7411218,9222148096,4098,4098
1715576902.7420225,9222148096,1078,1078
1715576903.743339,9222148096,7186,7186
1715576904.7446282,9222148096,4689,4689
1715576905.7452896,9222148096,4043,4043
1715576906.7465787,9222148096,2801,2801
1715576907.7478745,9222148096,4000,4000
1715576908.7491722,9222148096,3968,3968
1715576909.750449,9222148096,4048,4048
1715576910.7517264,9222148096,14731,14731
1715576911.753008,9222148096,5287,5287
1715576912.7543077,9222148096,6651,6651
1715576913.7555966,9222148096,6074,6074
1715576914.7569017,9222148096,6193,6193
1715576915.7572787,9222148096,974,974
1715576916.758585,9222148096,2076,2076
1715576917.759896,9222148096,3544,3544
1715576918.7611978,9222148096,3907,3907
1715576919.7624638,9222148096,2602,2602
1715576920.7637515,9222148096,0,0
1715576921.765405,9222148096,312,312
1715576922.767119,9222148096,456,456
1715576923.7680116,9222148096,155,155
1715576924.7693,9222148096,0,0
1715576925.7708461,9222148096,0,0
1715576926.7724936,9222148096,0,0
1715576927.7734418,9222148096,448,448
1715576928.7747066,9222148096,152,152
1715576929.7759619,9222148096,0,0
1715576930.7774136,9222148096,0,0
1715576931.7789707,9222148096,0,0
1715576932.7805135,9222148096,448,448
1715576933.7813003,9222148096,152,152
1715576934.782561,9222148096,0,0
1715576935.7840135,9222148096,0,0
1715576936.785502,9222148096,0,0
1715576937.7863142,9222148096,1810,1810
1715576938.7868397,9222148096,155,155
1715576939.7880976,9222148096,1254854416,1254854416
1715576940.7893887,9222148096,0,0
1715576941.7907155,9222148096,1655,1655
1715576942.7920036,9222148096,3885,3885
1715576943.7928905,9222148096,4453,4453
1715576944.7933047,9222148096,4271,4271
1715576945.7945929,9222148096,3282,3282
1715576946.7958834,9222148096,4984,4984
1715576947.7971737,9222148096,4575,4575
1715576948.7984533,9222148096,3412,3412
1715576949.799736,9222148096,4416,4416
1715576950.8010368,9222148096,3539,3539
1715576951.8023052,9222148096,1287,1287
1715576952.8035731,9222148096,4190,4190
1715576953.804142,9222148096,4120,4120
1715576954.8052363,9222148096,3954,3954
1715576955.8065217,9222148096,3354,3354
1715576956.807807,9222148096,2459,2459
1715576957.8090994,9222148096,2818,2818
1715576958.810375,9222148096,1830,1830
1715576959.8116555,9222148096,1267,1267
1715576960.8129568,9222148096,4558,4558
1715576961.8142512,9222148096,4375,4375
1715576962.815543,9222148096,4074,4074
1715576963.8168166,9222148096,3601,3601
1715576964.81811,9222148096,3453,3453
1715576965.819385,9222148096,2109,2109
1715576966.8206637,9222148096,5902,5902
1715576967.8219442,9222148096,5119,5119
1715576968.8232207,9222148096,4158,4158
1715576969.824492,9222148096,4001,4001
1715576970.8252873,9222148096,4303,4303
1715576971.8265765,9222148096,3274,3274
1715576972.8278353,9222148096,2076,2076
1715576973.8291488,9222148096,6624,6624
1715576974.8304267,9222148096,4092,4092
1715576975.8317287,9222148096,4124,4124
1715576976.8330278,9222148096,3787,3787
1715576977.8343332,9222148096,4029,4029
1715576978.8356152,9222148096,2142,2142
1715576979.8368788,9222148096,2037,2037
1715576980.8380501,9222148096,4570,4570
1715576981.83933,9222148096,2183,2183
1715576982.8406043,9222148096,3054,3054
1715576983.8414848,9222148096,3964,3964
1715576984.8430793,9222148096,0,0
1715576985.8444986,9222148096,317,317
1715576986.8454413,9222148096,0,0
1715576987.8468869,9222148096,306,306
1715576988.8482294,9222148096,306,306
1715576989.8494601,9222148096,0,0
1715576990.8509119,9222148096,0,0
1715576991.8522213,9222148096,0,0
1715576992.8533225,9222148096,448,448
1715576993.8547363,9222148096,152,152
1715576994.8560064,9222148096,0,0
1715576995.8572617,9222148096,1312,1312
1715576996.8585188,9222148096,0,0
1715576997.8597858,9222148096,1254826455,1254826455
1715576998.861072,9222148096,345,345
1715576999.8623257,9222148096,551,551
1715577000.8636231,9222148096,2899,2899
1715577001.8649137,9222148096,2371,2371
1715577002.8661988,9222148096,3820,3820
1715577003.8675032,9222148096,3243,3243
1715577004.868788,9222148096,5300,5300
1715577005.869299,9222148096,4232,4232
1715577006.8705893,9222148096,4412,4412
1715577007.871867,9222148096,4448,4448
1715577008.8731718,9222148096,6277,6277
1715577009.8744416,9222148096,764,764
1715577010.8757207,9222148096,6794,6794
1715577011.8769996,9222148096,1191,1191
1715577012.8773007,9222148096,4366,4366
1715577013.877918,9222148096,4546,4546
1715577014.879208,9222148096,3735,3735
1715577015.8804996,9222148096,4529,4529
1715577016.8817716,9222148096,3667,3667
1715577017.8830554,9222148096,4619,4619
1715577018.884335,9222148096,4122,4122
1715577019.885637,9222148096,4328,4328
1715577020.8869162,9222148096,3064,3064
1715577021.8881924,9222148096,4152,4152
1715577022.8894756,9222148096,1629,1629
1715577023.8907645,9222148096,10256,10256
1715577024.892037,9222148096,11102,11102
1715577025.8933194,9222148096,5140,5140
1715577026.8946135,9222148096,3590,3590
1715577027.8958867,9222148096,4432,4432
1715577028.8971717,9222148096,4023,4023
1715577029.8984578,9222148096,4449,4449
1715577030.899768,9222148096,6529,6529
1715577031.9010732,9222148096,4262,4262
1715577032.9023502,9222148096,5231,5231
1715577033.9036434,9222148096,5141,5141
1715577034.9049077,9222148096,3575,3575
1715577035.905291,9222148096,556,556
1715577036.906098,9222148096,4854,4854
1715577037.907364,9222148096,3014,3014
1715577038.9086463,9222148096,3810,3810
1715577039.9092782,9222148096,3674,3674
1715577040.9105465,9222148096,2768,2768
1715577041.9121978,9222148096,3033,3033
1715577042.9134884,9222148096,3631,3631
1715577043.9148872,9222148096,641,641
1715577044.9163287,9222148096,956,956
1715577045.9175918,9222148096,665,665
1715577046.9190137,9222148096,779,779
1715577047.920481,9222148096,1371,1371
1715577048.9212868,9222148096,799,799
1715577049.922815,9222148096,784,784
1715577050.9242525,9222148096,955,955
1715577051.925765,9222148096,471,471
1715577052.927256,9222148096,1301,1301
1715577053.9287035,9222148096,1123,1123
1715577054.9302385,9222148096,483,483
1715577055.9315438,9222148096,959,959
1715577056.932814,9222148096,961,961
1715577057.9344573,9222148096,881,881
1715577058.9358907,9222148096,1542,1542
1715577059.9371855,9222148096,914,914
1715577060.9386551,9222148096,523,523
1715577061.9401011,9222148096,976,976
1715577062.9415696,9222148096,719,719
1715577063.9429798,9222148096,1112,1112
1715577064.9442573,9222148096,1157,1157
1715577065.9454753,9222148096,472,472
1715577066.9469135,9222148096,959,959
1715577067.9482064,9222148096,1052,1052
1715577068.9494748,9222148096,936,936
1715577069.9508834,9222148096,962,962
1715577070.9523425,9222148096,473,473
1715577071.9536855,9222148096,959,959
1715577072.9549708,9222148096,1351,1351
1715577073.9565463,9222148096,635,635
1715577074.9579823,9222148096,974,974
1715577075.9592514,9222148096,954,954
1715577076.960591,9222148096,483,483
1715577077.961337,9222148096,662,662
1715577078.9627638,9222148096,1023,1023
1715577079.9641736,9222148096,1053,1053
1715577080.9653966,9222148096,962,962
1715577081.9668617,9222148096,789,789
1715577082.9682696,9222148096,1375,1375
1715577083.9693208,9222148096,1113,1113
1715577084.9708436,9222148096,88052,88052
1715577085.9724648,9222148096,1227,1227
1715577086.9733238,9222148096,898,898
1715577087.9747798,9222148096,1039,1039
1715577088.9762392,9222148096,1118,1118
1715577089.9776523,9222148096,469,469
1715577090.9792423,9222148096,961,961
1715577091.980682,9222148096,982,982
1715577092.982154,9222148096,812,812
1715577093.983581,9222148096,1125,1125
1715577094.9850488,9222148096,953,953
1715577095.9865794,9222148096,489,489
1715577096.9879851,9222148096,953,953
1715577097.98927,9222148096,1467,1467
1715577098.9907582,9222148096,642,642
1715577099.992145,9222148096,666,666
1715577100.9935923,9222148096,756,756
1715577101.995029,9222148096,675,675
1715577102.9957185,9222148096,963,963
1715577103.9970877,9222148096,1119,1119
1715577104.9984128,9222148096,1237,1237
1715577105.9998226,9222148096,594,594
1715577107.0013025,9222148096,964,964
1715577108.002581,9222148096,1166,1166
1715577109.0040395,9222148096,635,635
1715577110.0054898,9222148096,756,756
1715577111.006793,9222148096,738,738
1715577112.0081074,9222148096,879,879
1715577113.0094726,9222148096,1271,1271
1715577114.0109491,9222148096,627,627
1715577115.012249,9222148096,964,964
1715577116.0132816,9222148096,666,666
1715577117.014646,9222148096,869,869
1715577118.015955,9222148096,1262,1262
1715577119.0172474,9222148096,811,811
1715577120.0188704,9222148096,765,765
1715577121.0202959,9222148096,982,982
1715577122.0212967,9222148096,749,749
1715577123.0227268,9222148096,680,680
1715577124.0241637,9222148096,1352,1352
1715577125.0256639,9222148096,483,483
1715577126.0270479,9222148096,961,961
1715577127.0283468,9222148096,1050,1050
1715577128.0298178,9222148096,778,778
1715577129.0310829,9222148096,1503,1503
1715577130.032747,9222148096,959,959
1715577131.0342803,9222148096,467,467
1715577132.0355232,9222148096,2019,2019
1715577133.0367658,9222148096,2747,2747
1715577134.0372498,9222148096,155,155
1715577135.0383327,9222148096,309,309
1715577136.0396032,9222148096,0,0
1715577137.0408375,9222148096,301,301
1715577138.0412638,9222148096,154,154
1715577139.0424929,9222148096,152,152
1715577140.0437276,9222148096,0,0
1715577141.0449498,9222148096,0,0
1715577142.046186,9222148096,0,0
1715577143.0474112,9222148096,448,448
1715577144.0486486,9222148096,152,152
1715577145.04927,9222148096,0,0
1715577146.0504973,9222148096,0,0
1715577147.0517378,9222148096,296,296
1715577148.0529907,9222148096,152,152
1715577149.054229,9222148096,152,152
1715577150.0554717,9222148096,0,0
1715577151.0567222,9222148096,0,0
1715577152.0572724,9222148096,192,192
1715577153.0585315,9222148096,152,152
1715577154.059768,9222148096,152,152
1715577155.0610373,9222148096,0,0
1715577156.062307,9222148096,0,0
1715577157.0635822,9222148096,296,296
1715577158.0648696,9222148096,152,152
1715577159.065273,9222148096,1166,1166
1715577160.0665123,9222148096,1079,1079
1715577161.0677657,9222148096,358,358
1715577162.0689886,9222148096,480,480
1715577163.0702415,9222148096,4866,4866
1715577164.071486,9222148096,1360,1360
1715577165.0727267,9222148096,2095,2095
1715577166.0739608,9222148096,3663,3663
1715577167.075207,9222148096,1060,1060
1715577168.0764503,9222148096,1174,1174
1715577169.0777004,9222148096,156,156
1715577170.0789397,9222148096,2338,2338
1715577171.0801892,9222148096,4201,4201
1715577172.0812464,9222148096,1378,1378
1715577173.0824924,9222148096,3190,3190
1715577174.0837793,9222148096,1449,1449
1715577175.0852175,9222148096,152,152
1715577176.0864775,9222148096,157,157
1715577177.0877464,9222148096,1871894929,1871894929
1715577178.0890422,9222148096,344,344
1715577179.090282,9222148096,152,152
1715577180.0909624,9222148096,0,0
1715577181.0921986,9222148096,1317,1317
1715577182.0932405,9222148096,4244,4244
1715577183.0944614,9222148096,1690,1690
1715577184.095743,9222148096,6952,6952
1715577185.0969815,9222148096,4411,4411
1715577186.0982566,9222148096,6425,6425
1715577187.0995102,9222148096,4809,4809
1715577188.1007586,9222148096,5450,5450
1715577189.1012387,9222148096,3384,3384
1715577190.1024923,9222148096,3451,3451
1715577191.1037354,9222148096,5244,5244
1715577192.1049762,9222148096,3514,3514
1715577193.105241,9222148096,5437,5437
1715577194.1064808,9222148096,5906,5906
1715577195.1077256,9222148096,5387,5387
1715577196.1089692,9222148096,2934,2934
1715577197.1099188,9222148096,5155,5155
1715577198.111175,9222148096,3039,3039
1715577199.1124132,9222148096,2872,2872
1715577200.1132486,9222148096,3737,3737
1715577201.114478,9222148096,3291,3291
1715577202.1157303,9222148096,3306,3306
1715577203.1169796,9222148096,3506,3506
1715577204.1172822,9222148096,4562,4562
1715577205.1185513,9222148096,2694,2694
1715577206.119822,9222148096,5454,5454
1715577207.121108,9222148096,4489,4489
1715577208.1213953,9222148096,4307,4307
1715577209.1226869,9222148096,4406,4406
1715577210.1239808,9222148096,4419,4419
1715577211.125278,9222148096,4362,4362
1715577212.1265666,9222148096,4498,4498
1715577213.1278453,9222148096,3549,3549
1715577214.1291544,9222148096,2129,2129
1715577215.1304402,9222148096,3760,3760
1715577216.1317208,9222148096,4569,4569
1715577217.133042,9222148096,4687,4687
1715577218.1343207,9222148096,4077,4077
1715577219.1357143,9222148096,9321,9321
1715577220.1369812,9222148096,12668,12668
1715577221.1382768,9222148096,2466,2466
1715577222.139536,9222148096,4531,4531
1715577223.140809,9222148096,7501,7501
1715577224.1420877,9222148096,6432,6432
1715577225.1433566,9222148096,5608,5608
1715577226.144638,9222148096,3503,3503
1715577227.1452959,9222148096,1152,1152
1715577228.1465642,9222148096,3732,3732
1715577229.14783,9222148096,4655,4655
1715577230.1491303,9222148096,4238,4238
1715577231.150431,9222148096,4385,4385
1715577232.1517148,9222148096,7180,7180
1715577233.1529808,9222148096,3490,3490
1715577234.154282,9222148096,1390,1390
1715577235.1555579,9222148096,3247,3247
1715577236.156833,9222148096,5008,5008
1715577237.1581278,9222148096,6128,6128
1715577238.1593993,9222148096,3277,3277
1715577239.1606975,9222148096,4331,4331
1715577240.16128,9222148096,2997,2997
1715577241.1625504,9222148096,652,652
1715577242.1638277,9222148096,4198,4198
1715577243.165121,9222148096,4233,4233
1715577244.166419,9222148096,3109,3109
1715577245.1676917,9222148096,3582,3582
1715577246.1689773,9222148096,2870,2870
1715577247.1702528,9222148096,305,305
1715577248.1720464,9222148096,158,158
1715577249.1734133,9222148096,156,156
1715577250.1749496,9222148096,0,0
1715577251.1764424,9222148096,0,0
1715577252.1778843,9222148096,296,296
1715577253.1791801,9222148096,152,152
1715577254.1804364,9222148096,152,152
1715577255.181681,9222148096,0,0
1715577256.1831853,9222148096,0,0
1715577257.184833,9222148096,296,296
1715577258.186462,9222148096,152,152
1715577259.1881611,9222148096,152,152
1715577260.1895673,9222148096,0,0
1715577261.1908119,9222148096,404,404
1715577262.1920376,9222148096,590,590
1715577263.1932514,9311539200,417226795,417226795
1715577265.4350185,10878251008,837468036,837468036
1715577266.459118,10466025472,2606,2606
1715577267.4831932,10466025472,2513,2513
1715577268.493487,10466025472,4710,4710
1715577269.5167544,10466025472,4760,4760
1715577270.538759,10466025472,2938,2938
1715577271.549498,10466025472,2374,2374
1715577272.5696795,10466025472,5896,5896
1715577273.5943508,10466025472,4988,4988
1715577274.6031947,10466025472,3976,3976
1715577275.6259317,10466025472,4343,4343
1715577276.6507225,10466025472,4170,4170
1715577277.6721559,10466025472,4318,4318
1715577278.6818786,10466025472,3849,3849
1715577279.700943,10466025472,6398,6398
1715577280.7053812,10466025472,4325,4325
1715577281.7126741,10466025472,1979,1979
1715577282.718643,10466025472,4915,4915
1715577283.728634,10466025472,3074,3074
1715577284.7511477,10466025472,3816,3816
1715577285.7595706,10466156544,4372,4372
1715577286.7806938,10466156544,4308,4308
1715577287.782489,10466156544,4814,4814
1715577288.803139,10466156544,3110,3110
1715577289.8113015,10466156544,4009,4009
1715577290.824503,10466156544,2778,2778
1715577291.8512573,10466156544,2715,2715
1715577292.8623958,10466156544,6729,6729
1715577293.8820918,10466156544,4108,4108
1715577294.893857,10466156544,3343,3343
1715577295.917263,10466156544,3591,3591
1715577296.937538,10466156544,4252,4252
1715577297.9412935,10466156544,2598,2598
1715577298.9623716,10466156544,1414,1414
1715577299.971203,10466156544,5549,5549
1715577300.983523,10466156544,4277,4277
1715577302.0031903,10466156544,4966,4966
1715577303.0153234,10466156544,4514,4514
1715577304.0177798,10466156544,3108,3108
1715577305.0191298,10466156544,3339,3339
1715577306.043404,10466156544,2245,2245
1715577307.044736,10466156544,3874,3874
1715577308.0453851,10466156544,3537,3537
1715577309.0468953,10466156544,156,156
1715577310.048538,10466156544,313,313
1715577311.0502346,10466156544,0,0
1715577312.0518186,10466156544,301,301
1715577313.0534635,10466156544,154,154
1715577314.0549383,10466156544,152,152
1715577315.0561745,10466156544,0,0
