Timestamp,MemoryUsage,NetSent,NetRecv
1716011385.9275475,514732032,0,0
1716011386.9290454,521859072,3759,3759
1716011387.9294617,521859072,153,153
1716011388.9307442,521859072,457,457
1716011389.931977,521859072,0,0
1716011390.9329581,521859072,3130,3130
1716011391.9342382,521859072,313,313
1716011392.9356222,521859072,152,152
1716011393.9370368,521859072,313,313
1716011394.937304,521859072,0,0
1716011395.9385426,521859072,349,349
1716011396.9399137,521859072,3120,3120
1716011397.9413338,521859072,2947,2947
1716011398.9426255,521859072,1611,1611
1716011399.9439368,521859072,745,745
1716011400.9451454,521859072,411,411
1716011401.9455762,521859072,157,157
1716011402.9469998,521859072,152,152
1716011403.9482708,521859072,152,152
1716011404.949384,521859072,0,0
1716011405.95067,521859072,344,344
1716011406.9518938,521859072,1323,1323
1716011407.9531567,521859072,2025,2025
1716011408.954476,521859072,1886,1886
1716011409.9557333,521859072,1823,1823
1716011410.956983,521859072,615,615
1716011411.9573467,521859072,157,157
1716011412.957966,521859072,152,152
1716011413.959206,521859072,152,152
1716011414.9604487,521859072,0,0
1716011415.9613502,521859072,344,344
1716011416.962573,521859072,152,152
1716011417.9637668,521859072,304,304
1716011418.9647646,521859072,0,0
1716011419.966057,521859072,356,356
1716011420.9673278,521859072,347,347
1716011421.9685843,521859072,155,155
1716011422.9698584,521859072,304,304
1716011423.9711323,521859072,0,0
1716011424.9723547,521859072,338,338
1716011425.973333,521859072,347,347
1716011426.974564,521859072,155,155
1716011427.9758177,521859072,304,304
1716011428.97705,521859072,352,352
1716011429.9773812,521859072,0,0
1716011430.9786546,521859072,347,347
1716011431.9799304,521859072,155,155
1716011432.981188,521859072,304,304
1716011433.9824944,521859072,201,201
1716011434.983805,521859072,1414,1414
1716011435.9843285,521859072,2030,2030
1716011436.9853046,521859072,3416,3416
1716011437.985507,521859072,2760,2760
1716011438.9867067,521859072,1341,1341
1716011439.987911,521859072,2167,2167
1716011440.9891052,521859072,2332,2332
1716011441.9893115,521859072,2420,2420
1716011442.9905019,521859072,3416,3416
1716011443.991697,521859072,1888,1888
1716011444.9928942,521859072,2515,2515
1716011445.9933038,521859072,2688,2688
1716011446.994513,521859072,2763,2763
1716011447.9957266,521859072,3348,3348
1716011448.9969442,521859072,1965,1965
1716011449.9972918,521859072,3954,3954
1716011450.9984944,521859072,2099,2099
1716011451.999693,521859072,518,518
1716011453.0008714,521859072,304,304
1716011454.0012972,521859072,155,155
1716011455.0024817,521859072,0,0
1716011456.0036967,521859072,347,347
1716011457.004874,521859072,154,154
1716011458.0052853,521859072,304,304
1716011459.0064774,521859072,1713,1713
1716011460.0076685,521859072,3734,3734
1716011461.0088468,521859072,357,357
1716011462.010044,521859072,155,155
1716011463.011232,521859072,304,304
1716011464.0124323,521859072,358,358
1716011465.013289,521859072,0,0
1716011466.0144758,521859072,347,347
1716011467.0156524,521859072,155,155
1716011468.0168293,521859072,304,304
1716011469.0172963,521859072,354,354
1716011470.018498,521859072,0,0
1716011471.0196831,521859072,347,347
1716011472.0208707,521859072,155,155
1716011473.0212994,521859072,304,304
1716011474.0225077,521859072,0,0
1716011475.0237052,521859072,0,0
1716011476.024905,521859072,344,344
1716011477.0252993,521859072,152,152
1716011478.0265045,521859072,304,304
1716011479.0276985,521859072,0,0
1716011480.0288947,521859072,351,351
1716011481.0292993,521859072,348,348
1716011482.030511,521859072,4200039,4200039
1716011483.0317438,521859072,1130933477,1130933477
1716011484.0327506,521859072,2621016581,2621016581
1716011485.0333056,521859072,0,0
1716011486.0345366,521859072,344,344
1716011487.0357661,521859072,152,152
1716011488.036953,521859072,304,304
1716011489.0373409,521859072,3882,3882
1716011490.0382645,521859072,2375,2375
1716011491.0394857,521859072,2577,2577
1716011492.040688,521859072,4321,4321
1716011493.0413475,521859072,3760,3760
1716011494.0425742,521859072,3254,3254
1716011495.0437891,521859072,2956,2956
1716011496.0449917,521859072,3454,3454
1716011497.0453453,521859072,3521,3521
1716011498.046597,521859072,3251,3251
1716011499.0478384,521859072,3827,3827
1716011500.049081,521859072,2574,2574
1716011501.0493357,521859072,4462,4462
1716011502.050559,521859072,3591,3591
1716011503.0517893,521859072,3299,3299
1716011504.053041,521859072,1939,1939
1716011505.0533504,521859072,3736,3736
1716011506.054566,521859072,2784,2784
1716011507.055791,521859072,4287,4287
1716011508.0570228,521859072,3542,3542
1716011509.0573304,521859072,2991,2991
1716011510.0585918,521859072,3342,3342
1716011511.0598042,521859072,3133,3133
1716011512.061042,521859072,3658,3658
1716011513.0613296,521859072,3553,3553
1716011514.0625854,521859072,3702,3702
1716011515.063832,521859072,2663,2663
1716011516.0650406,521859072,4404,4404
1716011517.0653443,521859072,3355,3355
1716011518.0665896,521859072,3355,3355
1716011519.067806,521859072,3521,3521
1716011520.069039,521859072,3184,3184
1716011521.0693297,521859072,3627,3627
1716011522.0703468,521859072,3212,3212
1716011523.0715706,521859072,3613,3613
1716011524.0728197,521859072,2893,2893
1716011525.0733166,521859072,2802,2802
1716011526.074521,521859072,3875,3875
1716011527.075736,521859072,3138,3138
1716011528.0769339,521859072,3063,3063
1716011529.0773153,521859072,2737,2737
1716011530.0785594,521859072,2267,2267
1716011531.0797973,521859072,4437,4437
1716011532.0810487,521859072,3519,3519
1716011533.081423,521859072,4244,4244
1716011534.0828514,521859072,3562,3562
1716011535.0842946,521859072,4901,4901
1716011536.0854478,521859072,2841,2841
1716011537.0868034,521859072,1510,1510
1716011538.0880299,521859072,2012,2012
1716011539.0893254,521859072,1835,1835
1716011540.0907552,521859072,2857,2857
1716011541.0922308,521859072,2252,2252
1716011542.0934331,521859072,2156,2156
1716011543.0947917,521859072,2517,2517
1716011544.0961626,521859072,3531,3531
1716011545.097804,521859072,1872,1872
1716011546.0990818,521859072,2762,2762
1716011547.1006174,521859072,2410,2410
1716011548.1013536,521859072,2560,2560
1716011549.1026704,521859072,2752,2752
1716011550.1039364,521859072,2186,2186
1716011551.105299,521859072,2979,2979
1716011552.1065454,521859072,2226,2226
1716011553.1078732,521859072,2470,2470
1716011554.1092148,521859072,2479,2479
1716011555.1106122,521859072,2459,2459
1716011556.1119049,521859072,2839,2839
1716011557.1132104,521859072,2259,2259
1716011558.114475,521859072,2822,2822
1716011559.1157532,521859072,2709,2709
1716011560.1172342,521859072,1607,1607
1716011561.1186886,521859072,1956,1956
1716011562.1199286,521859072,2321,2321
1716011563.1214354,521859072,2491,2491
1716011564.1227503,521859072,1887,1887
1716011565.124108,521859072,1881,1881
1716011566.1255257,521859072,92612,92612
1716011567.1268091,521859072,2641,2641
1716011568.128108,521859072,2461,2461
1716011569.1293552,521859072,4557,4557
1716011570.1306286,521859072,6917,6917
1716011571.131922,521859072,5494,5494
1716011572.133331,521859072,1943,1943
1716011573.1346786,521859072,2553,2553
1716011574.1359317,521859072,2746,2746
1716011575.1374102,521859072,2452,2452
1716011576.1387606,521859072,2329,2329
1716011577.1400478,521859072,2250,2250
1716011578.141333,521859072,2526,2526
1716011579.1426635,521859072,3723,3723
1716011580.14409,521859072,1566,1566
1716011581.145435,521859072,2427,2427
1716011582.1468642,521859072,2216,2216
1716011583.1481774,521859072,3106,3106
1716011584.1494174,521859072,2465,2465
1716011585.1506844,521859072,1876,1876
1716011586.1526196,521859072,2336,2336
1716011587.153484,521859072,2522,2522
1716011588.154831,521859072,2739,2739
1716011589.1561074,521859072,2247,2247
1716011590.1577096,521859072,2247,2247
1716011591.1590798,521859072,3368,3368
1716011592.1604033,521859072,1863,1863
1716011593.1614838,521859072,2751,2751
1716011594.1627076,521859072,4778,4778
1716011595.163948,521859072,2505,2505
1716011596.165223,521859072,3295,3295
1716011597.1664734,521859072,3793,3793
1716011598.1676838,521859072,3704,3704
1716011599.1689367,521859072,2923,2923
1716011600.1702032,521859072,3359,3359
1716011601.1714065,521859072,3040,3040
1716011602.1726081,521859072,3122,3122
1716011603.173307,521859072,3425,3425
1716011604.1745152,521859072,3230,3230
1716011605.17576,521859072,3077,3077
1716011606.1769722,521859072,4132,4132
1716011607.1781774,521859072,2204,2204
1716011608.1805325,521859072,3233,3233
1716011609.181324,521859072,2703,2703
1716011610.1825082,521859072,3615,3615
1716011611.1837223,521859072,2793,2793
1716011612.1849182,521859072,4295,4295
1716011613.1861324,521859072,3510,3510
1716011614.187356,521859072,2798,2798
1716011615.188589,521859072,3341,3341
1716011616.1898017,521859072,3409,3409
1716011617.1910052,521859072,2627,2627
1716011618.1922016,521859072,2452,2452
1716011619.193313,521859072,3452,3452
1716011620.19452,521859072,2673,2673
1716011621.1957357,521859072,4088,4088
1716011622.1969285,521859072,2691,2691
1716011623.1973186,521859072,3176,3176
1716011624.1985185,521859072,2833,2833
1716011625.1997414,521859072,2840,2840
1716011626.200949,521859072,2667,2667
1716011627.201323,521859072,3731,3731
1716011628.202524,521859072,2802,2802
1716011629.2037392,521859072,4073,4073
1716011630.204948,521859072,2190,2190
1716011631.2053213,521859072,4617,4617
1716011632.2065375,521859072,2343,2343
1716011633.2077563,521859072,2621,2621
1716011634.2089846,521859072,2239,2239
1716011635.2101712,521859072,2097,2097
1716011636.2113543,521859072,3467,3467
1716011637.2125144,521859072,1946,1946
1716011638.2137308,521859072,880,880
1716011639.2149763,521859072,159,159
1716011640.2162123,521859072,158,158
1716011641.2172897,521859072,508,508
1716011642.2184858,521859072,152,152
1716011643.2197032,521859072,152,152
1716011644.2208965,521859072,0,0
1716011645.2221172,521859072,0,0
1716011646.2232952,521859072,496,496
1716011647.2244854,521859072,152,152
1716011648.2256982,521859072,2106,2106
1716011649.2269545,521859072,0,0
1716011650.2281976,521859072,304,304
1716011651.2294424,521859072,605,605
1716011652.2306345,521859072,152,152
1716011653.2318838,521859072,969783360,969783360
1716011654.23314,521859072,1885643532,1885643532
1716011655.2343705,521859072,497518298,497518298
1716011656.23558,521859072,548,548
1716011657.2367673,521859072,256,256
1716011658.237966,521859072,395038288,395038288
1716011659.239166,521859072,216,216
1716011660.240369,521859072,0,0
1716011661.2415664,521859072,496,496
1716011662.2427354,521859072,152,152
1716011663.2439504,521859072,152,152
1716011664.2451608,521859072,665,665
1716011665.2463493,521859072,2221,2221
1716011666.2475486,521859072,2664,2664
1716011667.248755,521859072,3181,3181
1716011668.2499588,521859072,2927,2927
1716011669.2511618,521859072,3914,3914
1716011670.2523553,521859072,2402,2402
1716011671.2535582,521859072,4061,4061
1716011672.2547426,521859072,1956,1956
1716011673.2559426,521859072,3898,3898
1716011674.2572033,521859072,1956,1956
1716011675.2584267,521859072,2790,2790
1716011676.259687,521859072,2872,2872
1716011677.2608783,521859072,3485,3485
1716011678.2620885,521859072,2932,2932
1716011679.2633214,521859072,3289,3289
1716011680.2645984,521859072,2529,2529
1716011681.2657797,521859072,2996,2996
1716011682.2669642,521859072,2348,2348
1716011683.2681723,521859072,2544,2544
1716011684.2694285,521859072,2096,2096
1716011685.2706716,521859072,1723,1723
1716011686.271892,521859072,1980,1980
1716011687.2730854,521859072,1437,1437
1716011688.2742882,521859072,1956,1956
1716011689.2755485,521859072,3011,3011
1716011690.27678,521859072,2019,2019
1716011691.278024,521859072,3604,3604
1716011692.2792108,521859072,2992,2992
1716011693.280403,521859072,1676,1676
1716011694.2816,521859072,3268,3268
1716011695.2828171,521859072,2328,2328
1716011696.2840111,521859072,4532,4532
1716011697.28523,521859072,1484,1484
1716011698.2864425,521859072,2326,2326
1716011699.287644,521859072,2764,2764
1716011700.2888796,521859072,3099,3099
1716011701.2900941,521859072,2484,2484
1716011702.2903697,521859072,1199,1199
1716011703.2915618,521859072,3334,3334
1716011704.2927382,521859072,1531,1531
1716011705.2932944,521859072,1770,1770
1716011706.29449,521859072,3541,3541
1716011707.2956753,521859072,1411,1411
1716011708.2968543,521859072,2698,2698
1716011709.297294,521859072,3971,3971
1716011710.298479,521859072,2059,2059
1716011711.2996628,521859072,913,913
1716011712.3008454,521859072,2762,2762
1716011713.3012938,521859072,1330,1330
1716011714.3024828,521859072,1755,1755
1716011715.3036606,521859072,3218,3218
1716011716.304839,521859072,2851,2851
1716011717.3052838,521859072,3879,3879
1716011718.3064568,521859072,2686,2686
1716011719.3076453,521859072,3697,3697
1716011720.3088577,521859072,3143,3143
1716011721.309283,521859072,3222,3222
1716011722.3104508,521859072,3319,3319
1716011723.311636,521859072,2573,2573
1716011724.3128183,521859072,3273,3273
1716011725.3132885,521859072,2887,2887
1716011726.3144712,521859072,3584,3584
1716011727.3156626,521859072,2695,2695
1716011728.3162181,521859072,3807,3807
1716011729.3174129,521859072,3246,3246
1716011730.3185992,521859072,2810,2810
1716011731.3198485,521859072,3866,3866
1716011732.3210292,521859072,2812,2812
1716011733.32227,521859072,2668,2668
1716011734.3235276,521859072,2726,2726
1716011735.324746,521859072,1755,1755
1716011736.3253138,521859072,3821,3821
1716011737.3265784,521859072,2448,2448
1716011738.3278184,521859072,2140,2140
1716011739.3290744,521859072,2776,2776
1716011740.329314,521859072,3049,3049
1716011741.3305368,521859072,2701,2701
1716011742.3317409,521859072,2376,2376
1716011743.332935,521859072,3447,3447
1716011744.3341374,521859072,1887,1887
1716011745.335339,521859072,3405,3405
1716011746.3365345,521859072,2964,2964
1716011747.3372982,521859072,3106,3106
1716011748.338495,521859072,2560,2560
1716011749.3396988,521859072,2871,2871
1716011750.3409076,521859072,2758,2758
1716011751.3416805,521859072,2653,2653
1716011752.3430958,521859072,1136,1136
1716011753.3446686,521859072,596,596
1716011754.346233,521859072,0,0
1716011755.3474586,521859072,160,160
1716011756.3490481,521859072,503,503
1716011757.3502648,521859072,0,0
1716011758.3516607,521859072,0,0
1716011759.3528848,521859072,0,0
1716011760.3538125,521859072,0,0
1716011761.3543525,521859072,496,496
1716011762.3563125,521859072,0,0
1716011763.3573356,521859072,0,0
1716011764.3592355,521859072,0,0
1716011765.3595026,521859072,1195,1195
1716011766.3606966,521859072,505,505
1716011767.3613174,521859072,0,0
1716011768.3625157,521859072,0,0
1716011769.3636942,521859072,0,0
1716011770.3648734,521859072,0,0
1716011771.3658361,521859072,496,496
1716011772.367027,521859072,0,0
1716011773.3682275,521859072,0,0
1716011774.3692853,521859072,0,0
1716011775.37048,521859072,0,0
1716011776.3716738,521859072,496,496
1716011777.3728695,521859072,0,0
1716011778.3740702,521859072,0,0
1716011779.3752744,521859072,0,0
1716011780.3764672,521859072,0,0
1716011781.3773034,521859072,496,496
1716011782.3784943,521859072,0,0
1716011783.3796742,521859072,0,0
1716011784.3808568,521859072,336,336
1716011785.382051,521859072,0,0
1716011786.3832312,521859072,502,502
1716011787.3844225,521859072,0,0
1716011788.3852913,521859072,0,0
1716011789.386494,521859072,381094802,381094802
1716011790.3876889,521859072,0,0
1716011791.3884232,521859072,496,496
1716011792.3892999,521859072,0,0
1716011793.390674,521859072,798253535,798253535
1716011794.3920286,521859072,1329942565,1329942565
1716011795.3933678,521859072,152,152
1716011796.3945916,521859072,344,344
1716011797.395833,521859072,4189,4189
1716011798.3970692,521859072,2563,2563
1716011799.3983064,521859072,2738,2738
1716011800.3995488,521859072,3502,3502
1716011801.400797,521859072,3964,3964
1716011802.4013438,521859072,2723,2723
1716011803.402581,521859072,3198,3198
1716011804.4038136,521859072,2934,2934
1716011805.4050758,521859072,4528,4528
1716011806.4059987,521859072,3169,3169
1716011807.4072325,521859072,3008,3008
1716011808.408466,521859072,2309,2309
1716011809.409342,521859072,3059,3059
1716011810.4106307,521859072,2476,2476
1716011811.4118419,521859072,2874,2874
1716011812.4130847,521859072,4076,4076
1716011813.4133463,521859072,3459,3459
1716011814.4146006,521859072,3185,3185
1716011815.4158392,521859072,3770,3770
1716011816.4170802,521859072,3201,3201
1716011817.417358,521859072,3336,3336
1716011818.4186082,521859072,3053,3053
1716011819.4198618,521859072,3656,3656
1716011820.4211063,521859072,2939,2939
1716011821.4223542,521859072,3930,3930
1716011822.4235852,521859072,1664,1664
1716011823.4244905,521859072,3724,3724
1716011824.4253552,521859072,2372,2372
1716011825.426591,521859072,3605,3605
1716011826.4278228,521859072,1169,1169
1716011827.4290576,521859072,2824,2824
1716011828.429356,521859072,1600,1600
1716011829.430603,521859072,3918,3918
1716011830.4318419,521859072,2348,2348
1716011831.4330978,521859072,4240,4240
1716011832.4333491,521859072,3468,3468
1716011833.4345982,521859072,3011,3011
1716011834.4358604,521859072,3559,3559
1716011835.437134,521859072,3005,3005
1716011836.438385,521859072,3937,3937
1716011837.4396515,521859072,2846,2846
1716011838.4404228,521859072,3531,3531
1716011839.4413543,521859072,2621,2621
1716011840.4425845,521859072,4023,4023
1716011841.4439793,521859072,1261,1261
1716011842.4453769,521859072,1722,1722
1716011843.4465868,521859072,0,0
1716011844.4478972,521859072,316,316
1716011845.4491959,521859072,154,154
1716011846.4505742,521859072,353,353
1716011847.4519863,521859072,0,0
1716011848.4534214,521859072,0,0
1716011849.4546494,521859072,1801,1801
1716011850.4558587,521859072,1525,1525
1716011851.4570858,521859072,352,352
1716011852.4583058,521859072,0,0
1716011853.45954,521859072,0,0
1716011854.460744,521859072,0,0
1716011855.4619784,521859072,152,152
1716011856.463216,521859072,344,344
1716011857.4644504,521859072,0,0
1716011858.465664,521859072,0,0
1716011859.46689,521859072,0,0
1716011860.468101,521859072,152,152
1716011861.469322,521859072,344,344
1716011862.4705527,521859072,0,0
1716011863.47177,521859072,0,0
1716011864.4729793,521859072,0,0
1716011865.4741943,521859072,152,152
1716011866.4754055,521859072,344,344
1716011867.4758458,521859072,90976,90976
1716011868.4770687,521859072,0,0
1716011869.4782965,521859072,0,0
1716011870.479517,521859072,157,157
1716011871.48072,521859072,503,503
1716011872.4813035,521859072,0,0
1716011873.4825325,521859072,346,346
1716011874.4837453,909422592,387261874,387261874
1716011875.4849725,909422592,154,154
1716011876.4861863,909422592,347,347
1716011877.4874127,1167224832,256960189,256960189
1716011881.7061796,5043376128,1864938021,1864938021
1716011882.7142375,3897643008,4481,4481
1716011883.7245917,3897643008,2669,2669
1716011884.7464623,3897643008,1699,1699
1716011885.7680197,3897643008,2734,2734
1716011886.7815678,3898134528,3132,3132
1716011887.8067017,3898134528,3491,3491
1716011888.8339295,3898626048,2803,2803
1716011889.847396,3899117568,2891,2891
1716011890.8713183,3899363328,3188,3188
1716011891.8942635,3899854848,3314,3314
1716011892.9064565,3900346368,2695,2695
1716011893.9425392,3903049728,2261,2261
1716011894.9807055,3905507328,4394,4394
1716011896.0074282,3906736128,3249,3249
1716011897.0225537,3906736128,3040,3040
1716011898.0488863,3907719168,2268,2268
1716011899.0619037,3908456448,4067,4067
1716011900.0728455,3908947968,1697,1697
1716011901.0913308,3913617408,1199,1199
1716011902.1106567,3918307328,4291,4291
1716011903.1263962,3918307328,2137,2137
1716011904.1351225,3919044608,3568,3568
1716011905.1562674,3919781888,1135,1135
1716011906.184961,3920764928,3859,3859
1716011907.1952257,3921256448,2998,2998
1716011908.219836,3921256448,3422,3422
1716011909.2210767,3920580608,2923,2923
1716011910.2496312,3947614208,3768,3768
1716011911.2697754,3948351488,3352,3352
1716011912.277005,3948843008,3660,3660
1716011913.2966068,3949580288,3641,3641
1716011914.3163779,3949826048,2974,2974
1716011915.3275304,3950563328,956,956
1716011916.3412108,3951546368,3749,3749
1716011917.3602786,3951546368,2432,2432
1716011918.3903918,3952529408,3414,3414
1716011919.4174173,3952529408,2493,2493
1716011920.4461653,3993571328,1945,1945
1716011921.452296,3994308608,4258,4258
1716011922.4626336,4020113408,3382,3382
1716011923.470718,4020604928,3316,3316
1716011924.4781713,4021342208,2970,2970
1716011925.5032368,4021833728,1964,1964
1716011926.5071976,4021833728,1555,1555
1716011927.533788,4021833728,3050,3050
1716011928.5351157,4065701888,3060,3060
1716011929.5365503,4074512384,4555,4555
1716011930.5374484,4074496000,3829,3829
1716011931.5387726,4067827712,1917,1917
1716011932.5399709,4067934208,1735,1735
1716011933.5412736,4302954496,2649,2649
1716011934.5426502,4162875392,1718,1718
1716011935.5441647,4074348544,1030,1030
1716011936.5453117,4067758080,2442,2442
1716011937.5465646,4067930112,2166,2166
1716011938.547836,4223320064,2306,2306
1716011939.5492716,4301955072,2276,2276
1716011940.5505202,4084903936,2474,2474
1716011941.5519214,4219117568,2687,2687
1716011942.5534284,4067414016,2093,2093
1716011943.5547235,4067409920,2121,2121
1716011944.5561576,4234469376,2841,2841
1716011945.5574188,4443324416,2344,2344
1716011946.5587614,4143075328,2746,2746
1716011947.5602016,4073623552,2274,2274
1716011948.5614884,4067590144,2180,2180
1716011949.5630922,4193566720,2013,2013
1716011950.5650249,4303134720,2271,2271
1716011951.565423,4208254976,2967,2967
1716011952.5667307,4214292480,1983,1983
1716011953.568054,4073680896,2005,2005
1716011954.5692925,4066709504,2469,2469
1716011955.5706813,4067311616,2785,2785
1716011956.571912,4067274752,2105,2105
1716011957.5732431,4210565120,2589,2589
1716011958.5744936,4463575040,2293,2293
1716011959.575767,4142714880,2027,2027
1716011960.5771627,4123488256,2266,2266
1716011961.578532,4048592896,2880,2880
1716011962.5790303,4067082240,2020,2020
1716011963.5804546,4499570688,2548,2548
1716011964.5814917,4048326656,3069,3069
1716011965.5828357,4067655680,3283,3283
1716011966.584174,4301967360,3690,3690
1716011967.5855365,4084260864,3194,3194
1716011968.5869308,4236861440,1937,1937
1716011969.58841,4073762816,1053,1053
1716011970.5893934,4168204288,1112,1112
1716011971.5908034,4181835776,1715,1715
1716011972.5921767,4115718144,954,954
1716011973.5934434,4178833408,1269,1269
1716011974.594655,4067540992,946,946
1716011975.5958889,4153466880,1500,1500
1716011976.5971026,4079697920,1354,1354
1716011977.5983784,4552376320,1352,1352
1716011978.5996182,4067074048,769,769
1716011979.601029,4411174912,1535,1535
1716011980.6015093,4124127232,1351,1351
1716011981.6029038,4189315072,1598,1598
1716011982.6042285,4074147840,1045,1045
1716011983.605388,4162387968,935,935
1716011984.6066396,4218560512,1350,1350
1716011985.60785,4067852288,1388,1388
1716011986.6253173,4053942272,2139,2139
1716011987.644913,4053942272,1755,1755
1716011988.6786032,4076060672,2604,2604
1716011989.70701,4110712832,1067,1067
1716011990.7104714,4142170112,3684,3684
1716011991.7399974,4176822272,2957,2957
1716011992.745312,4208279552,2174,2174
1716011993.7465165,4242931712,3545,3545
1716011994.781924,4274388992,2837,2837
1716011995.8101482,4309041152,3808,3808
1716011996.816825,4340498432,3037,3037
1716011997.826595,4375150592,3463,3463
1716011998.838673,4412997632,2927,2927
1716011999.8541548,4450598912,3742,3742
1716012000.8718858,4485251072,2984,2984
1716012001.8834376,4523098112,2702,2702
1716012002.8976858,4560699392,3064,3064
1716012003.919451,4595843072,3028,3028
1716012004.931793,4633690112,2851,2851
1716012005.9396532,4671537152,3588,3588
1716012006.9458637,4721917952,3296,3296
1716012007.9513707,4765908992,1733,1733
1716012008.9580657,4809900032,159,159
1716012009.9652421,4854136832,158,158
1716012010.9719849,4898127872,512,512
1716012011.973662,4920246272,154,154
1716012013.0068984,5011423232,0,0
1716012014.013779,5049286656,1004,1004
1716012015.0396945,5080743936,1636,1636
1716012016.053762,5146861568,3428,3428
1716012017.0694666,5219295232,3142,3142
1716012018.1052942,5244116992,1200,1200
1716012019.136332,5316870144,2372,2372
1716012020.1381483,5392375808,1817,1817
1716012021.1394494,5417197568,2269,2269
1716012022.1570442,5477163008,1656,1656
1716012023.1606622,5549789184,3057,3057
1716012024.166907,5606068224,962820102,962820102
1716012025.2887897,5757665280,909082059,909082059
1716012026.3199358,5757665280,2223,2223
1716012027.444329,5867630592,2518,2518
1716012044.6668084,9597501440,137465,137465
1716012045.668051,7676796928,1871770785,1871770785
1716012046.6692882,7676796928,155,155
1716012047.6705015,7676796928,0,0
1716012048.671712,7676796928,0,0
1716012049.6729388,7676796928,0,0
1716012050.6741436,7676796928,1977,1977
1716012051.6753461,7676796928,2623,2623
1716012052.6765618,7676796928,2973,2973
1716012053.6773074,7676796928,2785,2785
1716012054.6785076,7676796928,3203,3203
1716012055.6797159,7676796928,3118,3118
1716012056.6809173,7676796928,2836,2836
1716012057.6813247,7676796928,3088,3088
1716012058.6825292,7676796928,3091,3091
1716012059.6837301,7676796928,2889,2889
1716012060.6849308,7676796928,3870,3870
1716012061.6853123,7676796928,2679,2679
1716012062.6865225,7676796928,3286,3286
1716012063.687729,7676796928,2423,2423
1716012064.6889179,7676796928,3951,3951
1716012065.689312,7676796928,2505,2505
1716012066.6905172,7676796928,3440,3440
1716012067.6917164,7676796928,2855,2855
1716012068.692927,7676796928,2695,2695
1716012069.6933026,7676796928,3077,3077
1716012070.6945126,7676796928,3253,3253
1716012071.6957269,7676796928,3492,3492
1716012072.696931,7676796928,2642,2642
1716012073.6973162,7676796928,2822,2822
1716012074.6985178,7676796928,2622,2622
1716012075.699718,7676796928,3892,3892
1716012076.700929,7676796928,2250,2250
1716012077.7021348,7676796928,3965,3965
1716012078.703339,7676796928,2727,2727
1716012079.7045498,7676796928,3085,3085
1716012080.7053218,7676796928,2405,2405
1716012081.7065322,7676796928,2692,2692
1716012082.70775,7676796928,2168,2168
1716012083.7089663,7676796928,2645,2645
1716012084.7093048,7676796928,3728,3728
1716012085.7105172,7676796928,3625,3625
1716012086.7117226,7676796928,3061,3061
1716012087.7129257,7676796928,3285,3285
1716012088.7141354,7676796928,2427,2427
1716012089.7153356,7676796928,2107,2107
1716012090.716537,7676796928,2478,2478
1716012091.7172992,7676796928,2403,2403
1716012092.7185147,7676796928,2218,2218
1716012093.719744,7676796928,3563,3563
1716012094.720983,7676796928,3407,3407
1716012095.7213488,7676796928,2805,2805
1716012096.722597,7676796928,3329,3329
1716012097.7238407,7676796928,3131,3131
1716012098.7250893,7676796928,3020,3020
1716012099.7253451,7676796928,3030,3030
1716012100.7265863,7676796928,3791,3791
1716012101.7278295,7676796928,2794,2794
1716012102.7290833,7676796928,3687,3687
1716012103.729347,7676796928,1778,1778
1716012104.7306025,7676796928,3673,3673
1716012105.731834,7676796928,3414,3414
1716012106.7330806,7676796928,3209,3209
1716012107.73335,7676796928,2151,2151
1716012108.734601,7676796928,2418,2418
1716012109.735844,7676796928,3354,3354
1716012110.7370908,7676796928,3043,3043
1716012111.7373576,7676796928,3821,3821
1716012112.738601,7676796928,2096,2096
1716012113.7398367,7676796928,3988,3988
1716012114.7411387,7676796928,2100,2100
1716012115.7423928,7676796928,2793,2793
1716012116.743643,7676796928,2142,2142
1716012117.7449179,7676796928,2379,2379
1716012118.7461655,7676796928,3477,3477
1716012119.7474043,7676796928,2400,2400
1716012120.748656,7676796928,3290,3290
1716012121.7499347,7676796928,2912,2912
1716012122.7505748,7676796928,3277,3277
1716012123.7517765,7676796928,2722,2722
1716012124.7529747,7676796928,3581,3581
1716012125.7533078,7676796928,3677,3677
1716012126.7545128,7676796928,3022,3022
1716012127.7557106,7676796928,3403,3403
1716012128.7569063,7676796928,2765,2765
1716012129.758131,7676796928,2716,2716
1716012130.7593255,7676796928,3397,3397
1716012131.7605271,7676796928,3561,3561
1716012132.7613108,7676796928,2685,2685
1716012133.7625144,7676796928,3610,3610
1716012134.763715,7676796928,1806,1806
1716012135.7650428,7676796928,3895,3895
1716012136.7653382,7676796928,1659,1659
1716012137.7670457,7676796928,2260,2260
1716012138.7682667,7676796928,0,0
1716012139.7697444,7676796928,317,317
1716012140.770974,7676796928,354,354
1716012141.7723517,7676796928,154,154
1716012142.7733257,7676796928,0,0
1716012143.774672,7676796928,0,0
1716012144.7759035,7676796928,366,366
1716012145.7769513,7676796928,347,347
1716012146.7782054,7676796928,155,155
1716012147.7799292,7676796928,0,0
1716012148.780549,7676796928,0,0
1716012149.7813194,7676796928,867,867
1716012150.7825572,7676796928,647,647
1716012151.7837732,7676796928,155,155
1716012152.7849998,7676796928,0,0
1716012153.7853148,7676796928,0,0
1716012154.7865644,7676796928,0,0
1716012155.7877858,7676796928,344,344
1716012156.7890024,7676796928,152,152
1716012157.79023,7676796928,0,0
1716012158.791442,7676796928,0,0
1716012159.7926595,7676796928,0,0
1716012160.7933307,7676796928,344,344
1716012161.7943866,7676796928,152,152
1716012162.7956116,7676796928,0,0
1716012163.7968307,7676796928,0,0
1716012164.7980573,7676796928,0,0
1716012165.799271,7676796928,679,679
1716012166.8004978,7676796928,155,155
1716012167.8013172,7676796928,0,0
1716012168.8025413,7676796928,0,0
1716012169.8037531,7676796928,0,0
1716012170.804972,7676796928,344,344
1716012171.8053176,7676796928,91127,91127
1716012172.8065374,7676796928,0,0
1716012173.8077579,7676796928,158,158
1716012174.8089929,7676796928,0,0
1716012175.8093174,7676796928,505,505
1716012176.8105366,7676796928,152,152
1716012177.811757,7866032128,635091738,635091738
1716012181.2225113,10574753792,1874413134,1874413134
1716012182.249027,8821121024,4577,4577
1716012183.2854614,8821121024,2935,2935
1716012184.29091,8821121024,3537,3537
1716012185.3100042,8821121024,3225,3225
1716012186.3181071,8821121024,2816,2816
1716012187.3379734,8821121024,2952,2952
1716012188.3614671,8821121024,3728,3728
1716012189.3862956,8821121024,2851,2851
1716012190.3996189,8821121024,3943,3943
1716012191.421152,8821121024,3501,3501
1716012192.444372,8821121024,3977,3977
1716012193.4658337,8821121024,3469,3469
1716012194.4783428,8821121024,3054,3054
1716012195.4923842,8821121024,3628,3628
1716012196.5067658,8821121024,3330,3330
1716012197.5109472,8821121024,3317,3317
1716012198.533328,8821121024,2855,2855
1716012199.5418537,8821121024,2443,2443
1716012200.55308,8821121024,1853,1853
1716012201.5671387,8821121024,4177,4177
1716012202.5809813,8821121024,2859,2859
1716012203.5864882,8821121024,3913,3913
1716012204.597697,8821121024,3434,3434
1716012205.6086948,8821121024,3027,3027
1716012206.6234272,8821121024,4004,4004
1716012207.6532273,8821121024,2852,2852
1716012208.6700435,8821121024,3956,3956
1716012209.6987035,8821121024,2780,2780
1716012210.7254105,8821121024,3650,3650
1716012211.7708623,8821121024,3025,3025
1716012212.778438,8821121024,3911,3911
1716012213.7949784,8821121024,3558,3558
1716012214.8002412,8821121024,3020,3020
1716012215.824714,8821121024,3938,3938
1716012216.8484905,8821121024,3290,3290
1716012217.8572826,8821121024,3705,3705
1716012218.876341,8821121024,2874,2874
1716012219.900539,8821121024,3923,3923
1716012220.9083204,8821121024,3905,3905
1716012221.937988,8821121024,3145,3145
1716012222.9616728,8821121024,3517,3517
1716012223.9895759,8821121024,3068,3068
1716012224.9990456,8821121024,2305,2305
1716012226.0270112,8821121024,2388,2388
1716012227.0511158,8821121024,3423,3423
1716012228.0595455,8821121024,658,658
1716012229.0725572,8821121024,731,731
1716012230.073383,8821121024,1585,1585
1716012231.0745096,8821121024,1831,1831
1716012232.0764627,8821522432,1176,1176
1716012233.0779707,8821522432,159,159
1716012234.129809,5123633152,514,514
1716012235.1310425,3870298112,1599,1599
1716012236.132246,3870298112,509,509
1716012237.133344,3870298112,0,0
1716012238.1345558,3870298112,190,190
1716012239.1357675,3870298112,0,0
1716012240.1370974,3870298112,0,0
1716012241.1373346,3870298112,496,496
1716012242.1385612,3870298112,0,0
1716012243.1397848,3870298112,0,0
1716012244.1410043,3870298112,0,0
1716012245.1413255,3870298112,0,0
1716012246.1425486,3870298112,600,600
1716012247.1437585,3870298112,0,0
1716012248.1449766,3870298112,0,0
1716012249.1453292,3870298112,0,0
1716012250.1465476,3870298112,0,0
1716012251.1477563,3870298112,496,496
1716012252.1482778,3870298112,0,0
1716012253.1493342,3870298112,0,0
1716012254.1505518,3870298112,0,0
1716012255.151775,3870298112,0,0
1716012256.1530006,3870298112,496,496
1716012257.153321,3870298112,0,0
1716012258.1545377,3870298112,0,0
1716012259.1557596,3870298112,636118553,636118553
1716012260.1569798,3870298112,0,0
1716012261.1573288,3870298112,496,496
1716012262.1585667,3870298112,24380077,24380077
1716012263.1598053,3870298112,1298405875,1298405875
1716012264.161051,3870298112,550464142,550464142
1716012265.1613338,3870298112,0,0
1716012266.1625447,3870298112,1161,1161
1716012267.1637518,3870298112,4214,4214
1716012268.1650019,3870298112,2230,2230
1716012269.1656022,3870298112,3677,3677
1716012270.1668427,3870298112,2861,2861
1716012271.1680896,3870298112,4256,4256
1716012272.1693354,3870298112,2889,2889
1716012273.1706212,3870298112,3933,3933
1716012274.1718533,3870298112,2564,2564
1716012275.1731641,3870298112,2297,2297
1716012276.1744,3870298112,3770,3770
1716012277.175638,3870298112,3295,3295
1716012278.1768758,3870298112,3286,3286
1716012279.1773522,3870298112,3206,3206
1716012280.178553,3870298112,3298,3298
1716012281.1798,3870298112,3066,3066
1716012282.1810508,3870298112,4285,4285
1716012283.181341,3870298112,2185,2185
1716012284.1825733,3870298112,4222,4222
1716012285.1838503,3870298112,3236,3236
1716012286.185098,3870298112,3833,3833
1716012287.1853533,3870298112,3274,3274
1716012288.1865973,3870298112,3133,3133
1716012289.18784,3870298112,3756,3756
1716012290.1888735,3870298112,2153,2153
1716012291.1893463,3870298112,2674,2674
1716012292.1905835,3870298112,2551,2551
1716012293.191816,3870298112,3619,3619
1716012294.1930788,3870298112,2691,2691
1716012295.1933513,3870298112,3866,3866
1716012296.194594,3870298112,2922,2922
1716012297.1959057,3870298112,4305,4305
1716012298.1971667,3870298112,3195,3195
1716012299.1984034,3870298112,3147,3147
1716012300.1996405,3870298112,3309,3309
1716012301.2009742,3870298112,3469,3469
1716012302.2013593,3870298112,3332,3332
1716012303.202607,3870298112,3138,3138
1716012304.203854,3870298112,3561,3561
1716012305.2044656,3870298112,2381,2381
1716012306.2053554,3870298112,3504,3504
1716012307.206602,3870298112,3064,3064
1716012308.2078512,3870298112,3375,3375
1716012309.2091022,3870298112,2573,2573
1716012310.2094142,3870298112,5735,5735
1716012311.2107189,3870298112,3405,3405
1716012312.2119682,3870298112,2282,2282
1716012313.213412,3870298112,2029,2029
1716012314.2146993,3870298112,1481,1481
1716012315.216355,3870298112,1215,1215
1716012316.2173424,3870298112,1658,1658
1716012317.2187238,3870298112,1846,1846
1716012318.2199855,3870298112,2311,2311
1716012319.2213285,3870298112,1482,1482
1716012320.2227924,3870298112,1490,1490
1716012321.2240462,3870298112,2077,2077
1716012322.2252958,3870298112,2144,2144
1716012323.2265775,3870298112,1918,1918
1716012324.2278666,3870298112,1782,1782
1716012325.2291925,3870298112,2250,2250
1716012326.230461,3870298112,2830,2830
1716012327.2318547,3870298112,1486,1486
1716012328.2331991,3870298112,1232,1232
1716012329.2345784,3870298112,1169,1169
1716012330.235942,3870298112,2643,2643
1716012331.2373207,3870298112,1948,1948
1716012332.238763,3870298112,1499,1499
1716012333.240202,3870298112,1683,1683
1716012334.241357,3870298112,2252,2252
1716012335.2426908,3870298112,2617,2617
1716012336.2440403,3870298112,2075,2075
1716012337.245312,3870298112,1697,1697
1716012338.246671,3870298112,1821,1821
1716012339.2479851,3870298112,1951,1951
1716012340.2492614,3870298112,2080,2080
1716012341.2505085,3870298112,2194,2194
1716012342.2519526,3870298112,1512,1512
1716012343.2533581,3870298112,2257,2257
1716012344.254668,3870298112,1508,1508
1716012345.256033,3870298112,2302,2302
1716012346.2573853,3870298112,2253,2253
1716012347.258749,3870298112,2294,2294
1716012348.259994,3870298112,1992,1992
1716012349.2614322,3870298112,2060,2060
1716012350.262675,3870298112,1696,1696
1716012351.2640257,3870298112,2205,2205
1716012352.2653317,3870298112,2119,2119
1716012353.2666547,3870298112,2052,2052
1716012354.2678761,3870298112,1689,1689
1716012355.2691736,3870298112,2198,2198
1716012356.270416,3870298112,2114,2114
1716012357.271715,3870298112,2059,2059
1716012358.273031,3870298112,2116,2116
1716012359.2735603,3870298112,1859,1859
1716012360.274826,3870298112,1950,1950
1716012361.276277,3870298112,2024,2024
1716012362.2773528,3870298112,2247,2247
1716012363.278914,3870298112,1813,1813
1716012364.2803366,3870298112,1787,1787
1716012365.2814944,3870298112,1669,1669
1716012366.2827368,3870298112,2064,2064
1716012367.2840815,3870298112,2267,2267
1716012368.2855911,3870298112,1544,1544
1716012369.2868521,3870298112,2923,2923
1716012370.2880635,3870298112,3675,3675
1716012371.2892847,3870298112,2909,2909
1716012372.2905018,3870298112,3657,3657
1716012373.2917013,3870298112,2614,2614
1716012374.2929409,3870298112,3767,3767
1716012375.2941477,3870298112,3359,3359
1716012376.2953465,3870298112,3685,3685
1716012377.296566,3870298112,3260,3260
1716012378.297778,3870298112,2866,2866
1716012379.298971,3870298112,3589,3589
1716012380.300174,3870298112,2717,2717
1716012381.301307,3870298112,4437,4437
1716012382.3025062,3870298112,2582,2582
1716012383.3027625,3870298112,2537,2537
1716012384.3039513,3870298112,3119,3119
1716012385.3051817,3870298112,2931,2931
1716012386.306394,3870298112,3903,3903
1716012387.3075979,3870298112,2845,2845
1716012388.3088107,3870298112,3896,3896
1716012389.3093126,3870298112,2491,2491
1716012390.3105175,3870298112,4035,4035
1716012391.3117259,3870298112,2789,2789
1716012392.3129456,3870298112,2379,2379
1716012393.3133175,3870298112,3018,3018
1716012394.3145335,3870298112,3128,3128
1716012395.3157287,3870298112,2899,2899
1716012396.3169322,3870298112,3463,3463
1716012397.3181448,3870298112,2142,2142
1716012398.3193388,3870298112,2178,2178
1716012399.3205462,3870298112,3608,3608
1716012400.3213189,3870298112,2588,2588
1716012401.3225589,3870298112,2986,2986
1716012402.3237503,3870298112,2893,2893
1716012403.3249574,3870298112,2853,2853
1716012404.3261604,3870298112,2731,2731
1716012405.3273726,3870298112,2193,2193
1716012406.3285758,3870298112,3950,3950
1716012407.3297925,3870298112,2979,2979
1716012408.3310094,3870298112,2159,2159
1716012409.3322124,3870298112,2264,2264
1716012410.3333344,3870298112,2661,2661
1716012411.3345525,3870298112,2179,2179
1716012412.3357828,3870298112,1489,1489
1716012413.3370214,3870298112,1420,1420
1716012414.337339,3870298112,259,259
1716012415.3385825,3870298112,0,0
1716012416.3398018,3870298112,511,511
1716012417.341047,3870298112,0,0
1716012418.3413453,3870298112,0,0
1716012419.3425853,3870298112,0,0
1716012420.3438137,3870298112,0,0
1716012421.345056,3870298112,496,496
1716012422.345331,3870298112,0,0
1716012423.3459632,3870298112,913,913
1716012424.3473225,3870298112,708,708
1716012425.348565,3870298112,0,0
1716012426.349799,3870298112,504,504
1716012427.3510442,3870298112,0,0
1716012428.3522744,3870298112,659040665,659040665
1716012429.3533375,3870298112,1219029069,1219029069
1716012430.3545468,3870298112,156,156
1716012431.3557844,3870298112,600,600
1716012432.3570364,3870298112,376246645,376246645
1716012433.3573294,3870298112,398535646,398535646
1716012434.3585682,3870298112,1091486129,1091486129
1716012435.3597863,3870298112,0,0
1716012436.3609886,3870298112,496,496
1716012437.3613389,3870298112,0,0
1716012438.362549,3870298112,0,0
1716012439.36374,3870298112,1570,1570
1716012440.364941,3870298112,2380,2380
1716012441.3652976,3870298112,3588,3588
1716012442.366511,3870298112,2626,2626
1716012443.3677163,3870298112,3329,3329
1716012444.3689206,3870298112,2952,2952
1716012445.3693004,3870298112,3058,3058
1716012446.370493,3870298112,2722,2722
1716012447.3717058,3870298112,1704,1704
1716012448.372909,3870298112,3628,3628
1716012449.3741086,3870298112,3583,3583
1716012450.3753471,3870298112,2988,2988
1716012451.3765535,3870298112,3578,3578
1716012452.3777611,3870298112,2399,2399
1716012453.3789709,3870298112,3247,3247
1716012454.3801713,3870298112,2550,2550
1716012455.3813033,3870298112,3289,3289
1716012456.3825033,3870298112,3165,3165
1716012457.383708,3870298112,3273,3273
1716012458.3849003,3870298112,2422,2422
1716012459.3853142,3870298112,3750,3750
1716012460.3865132,3870298112,2402,2402
1716012461.3877192,3870298112,4314,4314
1716012462.3889177,3870298112,2811,2811
1716012463.3893032,3870298112,2740,2740
1716012464.3904967,3870298112,3370,3370
1716012465.3917055,3870298112,2751,2751
1716012466.3929076,3870298112,4001,4001
1716012467.393308,3870298112,2411,2411
1716012468.3945014,3870298112,2394,2394
1716012469.395699,3870298112,2039,2039
1716012470.3969116,3870298112,3849,3849
1716012471.3981297,3870298112,2668,2668
1716012472.399325,3870298112,2224,2224
1716012473.4005404,3870298112,93334,93334
1716012474.4017467,3870298112,739,739
1716012475.4029605,3870298112,2070,2070
1716012476.404177,3870298112,2732,2732
1716012477.4053028,3870298112,3241,3241
1716012478.4064953,3870298112,1522,1522
1716012479.4076922,3870298112,1800,1800
1716012480.4088905,3870298112,1917,1917
1716012481.4092972,3870298112,3385,3385
1716012482.4105294,3870298112,2726,2726
1716012483.4117305,3870298112,4563,4563
1716012484.412922,3870298112,2572,2572
1716012485.413301,3870298112,3913,3913
1716012486.4144921,3870298112,2922,2922
1716012487.4156828,3870298112,4060,4060
1716012488.4168732,3870298112,2874,2874
1716012489.4180806,3870298112,2804,2804
1716012490.4192793,3870298112,3303,3303
1716012491.4204743,3870298112,3135,3135
1716012492.421687,3870298112,1867,1867
1716012493.4228876,3870298112,3475,3475
1716012494.4240954,3870298112,3256,3256
1716012495.425339,3870298112,2813,2813
1716012496.426552,3870298112,3971,3971
1716012497.4277644,3870298112,2761,2761
1716012498.428959,3870298112,3510,3510
1716012499.4292948,3870298112,2757,2757
1716012500.4304802,3870298112,2818,2818
1716012501.4317112,3870298112,3446,3446
1716012502.4329019,3870298112,3446,3446
1716012503.4333029,3870298112,2719,2719
1716012504.434495,3870298112,2463,2463
1716012505.435696,3870298112,1985,1985
1716012506.4368951,3870298112,4093,4093
1716012507.437316,3870298112,2984,2984
1716012508.4385176,3870298112,3083,3083
1716012509.4397182,3870298112,3065,3065
1716012510.4409108,3870298112,3977,3977
1716012511.4421325,3870298112,3246,3246
1716012512.4433267,3870298112,2861,2861
1716012513.4445198,3870298112,2972,2972
1716012514.4453402,3870298112,3135,3135
1716012515.4465432,3870298112,3172,3172
1716012516.4477463,3870298112,3393,3393
1716012517.4489362,3870298112,3138,3138
1716012518.4501455,3870298112,2695,2695
1716012519.451339,3870298112,3735,3735
1716012520.452543,3870298112,3297,3297
1716012521.4533222,3870298112,3218,3218
1716012522.4545324,3870298112,2808,2808
1716012523.4557292,3870298112,2472,2472
1716012524.457325,3870298112,3318,3318
1716012525.4585688,3870298112,2558,2558
1716012526.4601986,3870298112,1438,1438
1716012527.4613454,3870298112,0,0
1716012528.462961,3870298112,161,161
1716012529.4641948,3870298112,0,0
1716012530.4661376,3870298112,154,154
1716012531.4673755,3870298112,347,347
1716012532.4691086,3870298112,0,0
1716012533.4703908,3870298112,0,0
1716012534.4717078,3870298112,0,0
1716012535.4729142,3870298112,152,152
1716012536.4740763,3870298112,344,344
1716012537.4753463,3870298112,0,0
1716012538.4765563,3870298112,366,366
1716012539.477325,3870298112,806,806
1716012540.4785566,3870298112,153,153
1716012541.47977,3870298112,502,502
1716012542.4809759,3870298112,0,0
1716012543.4813151,3870298112,0,0
1716012544.4825304,3870298112,0,0
1716012545.4837563,3870298112,152,152
1716012546.48405,3870298112,344,344
1716012547.485273,3870298112,0,0
1716012548.486478,3870298112,0,0
1716012549.487696,3870298112,0,0
1716012550.488902,3870298112,152,152
1716012551.4893236,3870298112,448,448
1716012552.4905415,3870298112,0,0
1716012553.4917624,3870298112,0,0
1716012554.4929764,3870298112,0,0
1716012555.4933274,3870298112,152,152
1716012556.494535,3870298112,344,344
1716012557.495748,3870298112,0,0
1716012558.4969609,3870298112,0,0
1716012559.4973204,3870298112,0,0
1716012560.4985428,3870298112,152,152
1716012561.499762,3870298112,344,344
1716012562.5009816,3872755712,891355927,891355927
1716012563.5013223,3872755712,147,147
1716012564.5025375,3872755712,0,0
1716012565.5037508,3872755712,152,152
1716012568.8632653,6297837568,1618317878,1618317878
1716012569.888682,5600665600,3308,3308
1716012570.9161763,5600665600,4141,4141
1716012571.9255247,5600665600,3623,3623
1716012572.9355366,5600665600,2559,2559
1716012573.9601135,5600665600,3974,3974
1716012574.9717572,5600665600,2451,2451
1716012575.9825263,5600665600,4545,4545
1716012577.006921,5600665600,2424,2424
1716012578.0182052,5600665600,4010,4010
1716012579.027929,5600665600,3242,3242
1716012580.0520983,5600665600,3263,3263
1716012581.076475,5600665600,3863,3863
1716012582.102526,5600665600,3298,3298
1716012583.1154203,5600665600,3755,3755
1716012584.142748,5600665600,2799,2799
1716012585.1559892,5600665600,3830,3830
1716012586.181324,5600665600,2387,2387
1716012587.194093,5600665600,3402,3402
1716012588.2209918,5600665600,1895,1895
1716012589.2258751,5600665600,2265,2265
1716012590.2318163,5600665600,3296,3296
1716012591.2510493,5600665600,2581,2581
1716012592.2737634,5600665600,3396,3396
1716012593.2817934,5600665600,3213,3213
1716012594.3039486,5600665600,3754,3754
1716012595.319892,5600665600,2854,2854
1716012596.3391352,5600665600,4599,4599
1716012597.342712,5600665600,3515,3515
1716012598.3505266,5600665600,2975,2975
1716012599.3781703,5600665600,3519,3519
1716012600.3844635,5600665600,2957,2957
1716012601.3883328,5600665600,4377,4377
1716012602.3931015,5600665600,3028,3028
1716012603.395824,5600665600,3412,3412
1716012604.4051821,5600665600,2794,2794
1716012605.4141903,5602877440,3616,3616
1716012606.4380865,5602877440,2147,2147
1716012607.440979,5602877440,3812,3812
1716012608.454218,5602877440,2762,2762
1716012609.4597387,5602877440,3552,3552
1716012610.4611654,5602877440,3659,3659
1716012611.4883153,5602877440,3145,3145
1716012612.4896717,5602877440,3436,3436
1716012613.491129,5602877440,2084,2084
1716012614.4925385,5602877440,729,729
1716012615.4933424,5602877440,317,317
1716012616.4952652,5602877440,354,354
1716012617.4968748,4349632512,624,624
1716012618.4975498,4349632512,689,689
1716012619.498746,4349632512,2050,2050
1716012620.499947,4349632512,153,153
1716012621.5001862,4349632512,352,352
1716012622.501464,4349632512,0,0
1716012623.5027342,4349632512,0,0
1716012624.5039406,4349632512,0,0
1716012625.5052361,4349632512,152,152
1716012626.5065246,4349632512,344,344
1716012627.507816,4349632512,0,0
1716012628.5090685,4349632512,0,0
1716012629.51036,4349632512,0,0
1716012630.5116365,4349632512,152,152
1716012631.5129275,4349632512,344,344
1716012632.5141401,4349632512,0,0
1716012633.5154188,4349632512,0,0
1716012634.5167017,4349632512,0,0
1716012635.5179956,4349632512,152,152
1716012636.5192285,4349632512,344,344
1716012637.5205183,4349632512,0,0
1716012638.5218077,4349632512,0,0
1716012639.5230873,4349632512,0,0
1716012640.5243163,4349632512,152,152
1716012641.5255945,4349632512,344,344
1716012642.526827,4349632512,0,0
1716012643.5280588,4349632512,0,0
1716012644.5293,4349632512,0,0
1716012645.5304978,4349632512,152,152
1716012646.5317438,4349632512,344,344
1716012647.532979,4349632512,1051780284,1051780284
1716012650.5070348,6920830976,1457920448,1457920448
1716012651.509504,5113552896,4759,4759
1716012652.5474043,5113552896,2648,2648
1716012653.5662947,5113552896,3293,3293
1716012654.5857236,5113552896,3249,3249
1716012655.6242564,5113552896,3665,3665
1716012656.6436946,5113552896,3096,3096
1716012657.6637797,5113552896,3788,3788
1716012658.7032022,5113552896,3522,3522
1716012659.723638,5113552896,3171,3171
1716012660.746352,5113552896,3995,3995
1716012661.7556634,5113552896,3376,3376
1716012662.772405,5113552896,3551,3551
1716012663.7905517,5113552896,2779,2779
1716012664.7931778,5113552896,3996,3996
1716012665.8139057,5113552896,2637,2637
1716012666.8186576,5113552896,4550,4550
1716012667.8598247,5113552896,3195,3195
1716012668.8727114,5113552896,2846,2846
1716012669.8858805,5113552896,3532,3532
1716012670.919258,5113552896,3583,3583
1716012671.938867,5113552896,3007,3007
1716012672.9451323,5113552896,3101,3101
1716012673.958621,5113552896,3318,3318
1716012674.9804475,5113552896,3074,3074
1716012675.9962935,5113552896,4015,4015
1716012677.0171025,5113552896,2102,2102
1716012678.0361564,5113552896,4049,4049
1716012679.0651574,5113552896,2125,2125
1716012680.0861883,5113552896,2978,2978
1716012681.090737,5113552896,3873,3873
1716012682.1060796,5113552896,3335,3335
1716012683.1297295,5113552896,2934,2934
1716012684.145987,5113552896,2938,2938
1716012685.1515932,5113552896,3363,3363
1716012686.1611583,5113552896,3827,3827
1716012687.1883178,5113552896,2744,2744
1716012688.194317,5113552896,3774,3774
1716012689.2151995,5113552896,3384,3384
1716012690.2316852,5113552896,2841,2841
1716012691.242913,5113552896,3090,3090
1716012692.2604234,5113552896,2265,2265
1716012693.2699785,5113552896,3565,3565
1716012694.2758048,5113552896,4094,4094
1716012695.3000228,5113552896,4049,4049
1716012696.3012884,5113552896,4851,4851
1716012697.3038568,5113552896,3897,3897
1716012698.3116834,5113552896,4446,4446
1716012699.3128793,5113552896,4297,4297
1716012700.313536,5113360384,3721,3721
1716012701.3149312,5113470976,3230,3230
1716012702.3168461,5113090048,3060,3060
1716012703.3174329,5195362304,2433,2433
1716012704.31913,5113200640,2133,2133
1716012705.3204813,5113311232,2151,2151
1716012706.3213289,5112877056,3300,3300
1716012707.3228447,5113503744,2174,2174
1716012708.3241992,5113499648,2467,2467
1716012709.3261817,5113118720,2355,2355
1716012710.3282466,5113229312,2163,2163
1716012711.3295083,5113339904,2182,2182
1716012712.3308303,5113204736,2479,2479
1716012713.3320694,5113069568,2444,2444
1716012714.333284,5113425920,2871,2871
1716012715.3347805,5113536512,2185,2185
1716012716.3364646,5113155584,2423,2423
1716012717.3374603,5113511936,2499,2499
1716012718.3392546,5113511936,2151,2151
1716012719.3411996,5113540608,1913,1913
1716012720.3430505,5113405440,1668,1668
1716012721.3442569,5114253312,3590,3590
1716012722.3453114,5113462784,3531,3531
1716012723.3465967,5113720832,2910,2910
1716012724.3482237,5113094144,3047,3047
1716012725.349471,5113368576,2246,2246
1716012726.3508558,5113479168,2273,2273
1716012727.3530436,5113589760,1664,1664
1716012728.3538067,5113454592,3071,3071
1716012729.3559175,5113319424,2657,2657
1716012730.3576608,5113184256,2502,2502
1716012731.3589978,5113049088,3320,3320
1716012732.3604233,5113405440,4563,4563
1716012733.3614771,5112811520,4860,4860
1716012734.3627563,5112991744,4990,4990
1716012735.3645115,5113593856,4178,4178
1716012736.3654063,5113077760,3765,3765
1716012737.3912022,5113077760,3948,3948
1716012738.4054093,5113077760,3198,3198
1716012739.4325635,5113077760,2501,2501
1716012740.4659035,5113077760,2571,2571
1716012741.4903579,5113077760,2747,2747
1716012742.493186,5113077760,2898,2898
1716012743.5202887,5113077760,2496,2496
1716012744.5480576,5113077760,2194,2194
1716012745.5753562,5113077760,2397,2397
1716012746.5945563,5113077760,2947,2947
1716012747.6184654,5113077760,2146,2146
1716012748.6439514,5113077760,3278,3278
1716012749.651076,5113077760,2609,2609
1716012750.6574695,5113077760,4136,4136
1716012751.6586783,5113077760,2647,2647
1716012752.6636915,5113077760,2624,2624
1716012753.6732945,5113077760,1901,1901
1716012754.674504,5113077760,3292,3292
1716012755.6906805,5137899520,2677,2677
1716012756.6963596,5178941440,3621,3621
1716012757.7125254,5226127360,1975,1975
1716012758.7300575,5276508160,3903,3903
1716012759.7426574,5320499200,2525,2525
1716012760.7679622,5349007360,2585,2585
1716012761.7718155,5418065920,2057,2057
1716012762.773016,5449768960,2528,2528
1716012763.7793465,5547335680,2741,2741
1716012764.8020046,5582278656,2872,2872
1716012765.807913,5600956416,3123,3123
1716012766.840373,5679857664,2090,2090
1716012767.9092474,5755400192,4142,4142
1716012768.9106503,5770883072,2332,2332
1716012769.9182777,5852975104,2501,2501
1716012770.9261174,5878042624,3229,3229
1716012771.9501088,5934665728,3035,3035
1716012772.9811983,5985046528,1874,1874
1716012773.9996433,6082756608,2738,2738
1716012775.0197392,6117163008,92568,92568
1716012776.0424006,6202195968,1565,1565
1716012777.0474913,6293647360,1132,1132
1716012778.0568805,6331248640,2268,2268
1716012796.2388766,7562014720,1872562197,1872562197
1716012797.2401314,8178462720,1871241829,1871241829
1716012798.2413557,8178462720,0,0
1716012799.242578,8178462720,302,302
1716012800.2437887,8178462720,0,0
1716012801.2449973,8178462720,935,935
1716012802.2453074,8178462720,2143,2143
1716012803.246516,8178462720,1897,1897
1716012804.24771,8178462720,3074,3074
1716012805.2489226,8178462720,3095,3095
1716012806.2493005,8178462720,2456,2456
1716012807.2505007,8178462720,2371,2371
1716012808.251696,8178462720,2792,2792
1716012809.2529094,8178462720,2898,2898
1716012810.2541218,8178462720,3334,3334
1716012811.255317,8178462720,2660,2660
1716012812.2565331,8178462720,3863,3863
1716012813.2573102,8178462720,1840,1840
1716012814.258514,8178462720,3978,3978
1716012815.2597122,8178462720,3065,3065
1716012816.2609081,8178462720,3735,3735
1716012817.2613063,8178462720,3105,3105
1716012818.2625136,8178462720,2750,2750
1716012819.2637084,8178462720,2663,2663
1716012820.264912,8178462720,2794,2794
1716012821.2653055,8178462720,2235,2235
1716012822.26651,8178462720,2419,2419
1716012823.2677164,8178462720,2855,2855
1716012824.2689412,8178462720,2670,2670
1716012825.2701488,8178462720,2184,2184
1716012826.271346,8178462720,2420,2420
1716012827.2725465,8178462720,2107,2107
1716012828.2733026,8178462720,3641,3641
1716012829.2745142,8178462720,3467,3467
1716012830.2757113,8178462720,2757,2757
1716012831.2769208,8178462720,2756,2756
1716012832.2773094,8178462720,2500,2500
1716012833.2785206,8178462720,3111,3111
1716012834.2797258,8178462720,2841,2841
1716012835.2809355,8178462720,3222,3222
1716012836.282125,8178462720,2526,2526
1716012837.283329,8178462720,3978,3978
1716012838.2845376,8178462720,2188,2188
1716012839.2857454,8178462720,4043,4043
1716012840.2869604,8178462720,2851,2851
1716012841.2881591,8178462720,3271,3271
1716012842.289362,8178462720,2425,2425
1716012843.2905693,8178462720,2063,2063
1716012844.2917652,8178462720,3182,3182
1716012845.2929957,8178462720,2719,2719
1716012846.2942374,8178462720,5056,5056
1716012847.2954826,8178462720,2638,2638
1716012848.2967424,8178462720,3889,3889
1716012849.297347,8178462720,2042,2042
1716012850.2985928,8178462720,4025,4025
1716012851.2991912,8178462720,3502,3502
1716012852.3004296,8178462720,3088,3088
1716012853.3013568,8178462720,3109,3109
1716012854.3026044,8178462720,3043,3043
1716012855.3038006,8178462720,3374,3374
1716012856.3050425,8178462720,2909,2909
1716012857.306297,8178462720,2181,2181
1716012858.3075454,8178462720,2567,2567
1716012859.3087907,8178462720,3432,3432
1716012860.3093522,8178462720,3212,3212
1716012861.3106046,8178462720,2931,2931
1716012862.3118417,8178462720,2101,2101
1716012863.313085,8178462720,2420,2420
1716012864.31335,8178462720,3354,3354
1716012865.3139222,8178462720,2991,2991
1716012866.3151622,8178462720,3655,3655
1716012867.3164055,8178462720,2582,2582
1716012868.3173466,8178462720,3719,3719
1716012869.3186028,8178462720,2131,2131
1716012870.3198807,8178462720,4056,4056
1716012871.321189,8178462720,2316,2316
1716012872.3224282,8178462720,3380,3380
1716012873.32367,8178462720,2210,2210
1716012874.3249137,8178462720,3656,3656
1716012875.325192,8178462720,3003,3003
1716012876.3264346,8178462720,3268,3268
1716012877.3276713,8178462720,1805,1805
1716012878.3289187,8178462720,3154,3154
1716012879.3301709,8178462720,2307,2307
1716012880.3314176,8178462720,3436,3436
1716012881.3326707,8178462720,3189,3189
1716012882.3339143,8178462720,3260,3260
1716012883.3351684,8178462720,2179,2179
1716012884.336426,8178462720,3939,3939
1716012885.3376684,8178462720,3116,3116
1716012886.338924,8178462720,2926,2926
1716012887.3401759,8178462720,2147,2147
1716012888.3413553,8178462720,1859,1859
1716012889.3432317,8178462720,1283,1283
1716012890.344521,8178462720,159,159
1716012891.3460917,8178462720,557,557
1716012892.3469799,8178462720,0,0
1716012893.348371,8178462720,0,0
1716012894.3493395,8178462720,0,0
1716012895.3506505,8178462720,0,0
1716012896.3518617,8178462720,496,496
1716012897.3535526,8178462720,0,0
1716012898.3547828,8178462720,0,0
1716012899.3563395,8178462720,0,0
1716012900.3573456,8178462720,0,0
1716012901.3590798,8178462720,496,496
1716012902.3603153,8178462720,1178,1178
1716012903.361542,8178462720,0,0
1716012904.362758,8178462720,302,302
1716012905.3639784,8178462720,0,0
1716012906.3652027,8178462720,502,502
1716012907.365652,8178462720,0,0
1716012908.3668675,8178462720,0,0
1716012909.3681033,8178462720,0,0
1716012910.3693209,8178462720,0,0
1716012911.3705297,8178462720,496,496
1716012912.371734,8178462720,0,0
1716012913.3729417,8178462720,0,0
1716012914.3733227,8178462720,0,0
1716012915.3745327,8178462720,0,0
1716012916.3757386,8178462720,496,496
1716012917.3769536,8178462720,0,0
1716012918.3773043,8178462720,0,0
1716012919.3785043,8178462720,0,0
1716012920.3797169,8178462720,0,0
1716012921.3809185,8178462720,600,600
1716012922.381302,8178462720,0,0
1716012923.3825164,8178462720,0,0
1716012924.3837166,8178462720,0,0
1716012925.3841732,8178462720,0,0
1716012926.3853192,8178462720,496,496
1716012927.3856459,8178462720,0,0
1716012928.3868582,8178462720,0,0
1716012929.388094,8178462720,628559449,628559449
1716012933.1233308,10575425536,1881152027,1881152027
1716012934.138891,9381081088,4395,4395
1716012935.14944,9381081088,2419,2419
1716012936.1628644,9381081088,3876,3876
1716012937.165905,9381081088,2888,2888
1716012938.180056,9381081088,3969,3969
1716012939.193444,9381081088,1843,1843
1716012940.2041283,9381081088,3305,3305
1716012941.229532,9381081088,2897,2897
1716012942.2408922,9381081088,3035,3035
1716012943.2537196,9381081088,2862,2862
1716012944.2810578,9381081088,3519,3519
1716012945.3134305,9381081088,2933,2933
1716012946.3161721,9381081088,4381,4381
1716012947.3302238,9381081088,2435,2435
1716012948.3475523,9381081088,4229,4229
1716012949.3522577,9381081088,3241,3241
1716012950.3559825,9381081088,3012,3012
1716012951.372288,9381081088,4185,4185
1716012952.3763347,9381081088,3049,3049
1716012953.3856313,9381081088,4002,4002
1716012954.39174,9381081088,2568,2568
1716012955.4175894,9381081088,4167,4167
1716012956.4279392,9381081088,2753,2753
1716012957.4322329,9381081088,4181,4181
1716012958.4477553,9381081088,3057,3057
1716012959.46462,9381081088,3081,3081
1716012960.4708061,9381081088,3601,3601
1716012961.4757903,9381081088,3478,3478
1716012962.4951558,9381081088,3634,3634
1716012963.4981987,9381081088,2726,2726
1716012964.5235813,9381081088,4030,4030
1716012965.542547,9381081088,3578,3578
1716012966.5492988,9381081088,3337,3337
1716012967.5768948,9381081088,3490,3490
1716012968.5884814,9381081088,3010,3010
1716012969.6062512,9381081088,2643,2643
1716012970.6261845,9381081088,2748,2748
1716012971.6448345,9381081088,4177,4177
1716012972.6647093,9381081088,2512,2512
1716012973.6750798,9381081088,4308,4308
1716012974.6773896,9381081088,2941,2941
1716012975.6851013,9381081088,3539,3539
1716012976.7117658,9381081088,3481,3481
1716012977.7123687,9381081088,2754,2754
1716012978.7134979,9381081088,2255,2255
1716012979.7146993,9381081088,320,320
1716012980.7159083,9381081088,357,357
1716012981.718152,9381081088,314,314
1716012982.7194798,4366569472,2316,2316
1716012983.7207875,4366569472,984,984
1716012984.722048,4366569472,0,0
1716012985.7233028,4366569472,650,650
1716012986.7245622,4366569472,155,155
1716012987.7258122,4366569472,0,0
1716012988.7270923,4366569472,0,0
1716012989.7283626,4366569472,0,0
1716012990.7296576,4366569472,344,344
1716012991.7309017,4366569472,152,152
1716012992.7321572,4366569472,0,0
1716012993.733389,4366569472,0,0
1716012994.7346747,4366569472,0,0
1716012995.7359648,4366569472,344,344
1716012996.7372305,4366569472,152,152
1716012997.7385027,4366569472,0,0
1716012998.7397559,4366569472,0,0
1716012999.7410202,4366569472,0,0
1716013000.7422357,4366569472,344,344
1716013001.7435057,4366569472,152,152
1716013002.7447677,4366569472,0,0
1716013003.746034,4366569472,0,0
1716013004.747255,4366569472,0,0
1716013005.7485108,4366569472,448,448
1716013006.7497723,4366569472,152,152
1716013007.751044,4366569472,33638361,33638361
1716013008.7522993,4366569472,0,0
1716013009.7535636,4366569472,0,0
1716013010.754856,4366569472,344,344
1716013011.75617,4366569472,1469618145,1469618145
1716013012.7574039,4366569472,1006352611,1006352611
1716013013.7585907,4366569472,52,52
1716013014.7597942,4366569472,668,668
1716013015.761034,4366569472,2721,2721
1716013016.7613537,4366569472,1793,1793
1716013017.7625878,4366569472,2314,2314
1716013018.7638445,4366569472,3753,3753
1716013019.7651012,4366569472,2684,2684
1716013020.7663643,4366569472,3295,3295
1716013021.76761,4366569472,2856,2856
1716013022.7688503,4366569472,4016,4016
1716013023.7701423,4366569472,2186,2186
1716013024.771363,4366569472,3981,3981
1716013025.772634,4366569472,3493,3493
1716013026.7737644,4366569472,3405,3405
1716013027.7750094,4366569472,2238,2238
1716013028.7762513,4366569472,2463,2463
1716013029.7773511,4366569472,3392,3392
1716013030.7786016,4366569472,2854,2854
1716013031.7798574,4366569472,3677,3677
1716013032.7811055,4366569472,2747,2747
1716013033.7813487,4366569472,4083,4083
1716013034.7825856,4366569472,1909,1909
1716013035.7838132,4366569472,4521,4521
1716013036.7850487,4366569472,3300,3300
1716013037.7853453,4366569472,3216,3216
1716013038.7865756,4366569472,3518,3518
1716013039.787818,4366569472,2855,2855
1716013040.7890534,4366569472,3417,3417
1716013041.789347,4366569472,3059,3059
1716013042.7905917,4366569472,3184,3184
1716013043.7918217,4366569472,4371,4371
1716013044.7930608,4366569472,2568,2568
1716013045.7933998,4366569472,4357,4357
1716013046.7946327,4366569472,3599,3599
1716013047.7958663,4366569472,3068,3068
1716013048.7970986,4366569472,3097,3097
1716013049.7973638,4366569472,2961,2961
1716013050.7986102,4366569472,3704,3704
1716013051.7998424,4366569472,3391,3391
1716013052.801082,4366569472,3668,3668
1716013053.8013442,4366569472,2571,2571
1716013054.8025823,4366569472,3717,3717
1716013055.8038287,4366569472,2860,2860
1716013056.8050659,4366569472,4137,4137
1716013057.8053434,4366569472,3446,3446
1716013058.8065667,4366569472,4914,4914
1716013059.8077793,4366569472,4574,4574
1716013060.809249,4366569472,4064,4064
1716013061.8107522,4366569472,3262,3262
1716013062.8121352,4366569472,2465,2465
1716013063.813548,4366569472,2126,2126
1716013064.815497,4366569472,1548,1548
1716013065.8167284,4366569472,2814,2814
1716013066.8173428,4366569472,1946,1946
1716013067.818764,4366569472,2270,2270
1716013068.8201566,4366569472,2371,2371
1716013069.8215961,4366569472,2697,2697
1716013070.8235729,4366569472,3679,3679
1716013071.8257108,4366569472,2038,2038
1716013072.827804,4366569472,1854,1854
1716013073.8296695,4366569472,2567,2567
1716013074.830915,4366569472,2394,2394
1716013075.8321452,4366569472,2333,2333
1716013076.8337214,4366569472,2315,2315
1716013077.8355405,4366569472,92043,92043
1716013078.8369744,4366569472,2527,2527
1716013079.8374217,4366569472,2124,2124
1716013080.8391213,4366569472,2466,2466
1716013081.8403563,4366569472,2317,2317
1716013082.84134,4366569472,2731,2731
1716013083.8425539,4366569472,2461,2461
1716013084.8439283,4366569472,2275,2275
1716013085.8454258,4366569472,2848,2848
1716013086.8469408,4366569472,2900,2900
1716013087.8487625,4366569472,2419,2419
1716013088.849663,4366569472,6109,6109
1716013089.8513794,4366569472,1172,1172
1716013090.8526294,4366569472,2266,2266
1716013091.8533657,4366569472,1966,1966
1716013092.8546064,4366569472,2429,2429
1716013093.856397,4366569472,2081,2081
1716013094.8575685,4366569472,2050,2050
1716013095.859173,4366569472,3711,3711
1716013096.8610334,4366569472,3042,3042
1716013097.861372,4366569472,4583,4583
1716013098.8626146,4366569472,2939,2939
1716013099.8638878,4366569472,2418,2418
1716013100.865,4366569472,4289,4289
1716013101.8662205,4366569472,3628,3628
1716013102.8674707,4366569472,2828,2828
1716013103.8686788,4366569472,3473,3473
1716013104.8699043,4366569472,2865,2865
1716013105.871176,4366569472,2874,2874
1716013106.8724318,4366569472,2459,2459
1716013107.8733675,4366569472,3177,3177
1716013108.8746378,4366569472,2353,2353
1716013109.8758898,4366569472,3211,3211
1716013110.8771744,4366569472,3383,3383
1716013111.878415,4366569472,2432,2432
1716013112.8796847,4366569472,2417,2417
1716013113.880954,4366569472,3808,3808
1716013114.8822033,4366569472,3189,3189
1716013115.883448,4366569472,3164,3164
1716013116.8846931,4366569472,3584,3584
1716013117.8854058,4366569472,2867,2867
1716013118.8866608,4366569472,1579,1579
1716013119.8879344,4366569472,4099,4099
1716013120.8891952,4366569472,2625,2625
1716013121.890442,4366569472,2539,2539
1716013122.8917315,4366569472,3174,3174
1716013123.8929913,4366569472,2489,2489
1716013124.894262,4366569472,4070,4070
1716013125.8955376,4366569472,2560,2560
1716013126.8967984,4366569472,4031,4031
1716013127.8973784,4366569472,2971,2971
1716013128.898637,4366569472,3046,3046
1716013129.899902,4366569472,2153,2153
1716013130.9012268,4366569472,2599,2599
1716013131.90248,4366569472,2685,2685
1716013132.9037576,4366569472,2189,2189
1716013133.9050186,4366569472,2949,2949
1716013134.9053583,4366569472,2767,2767
1716013135.906633,4366569472,2559,2559
1716013136.9079032,4366569472,1781,1781
1716013137.9091797,4366569472,1868,1868
1716013138.910439,4366569472,2187,2187
1716013139.9116545,4366569472,2288,2288
1716013140.912878,4366569472,1720,1720
1716013141.9141078,4366569472,726,726
1716013142.9153533,4366569472,159,159
1716013143.916569,4366569472,0,0
1716013144.9173143,4366569472,161,161
1716013145.918544,4366569472,349,349
1716013146.9197726,4366569472,152,152
1716013147.9210224,4366569472,0,0
1716013148.9222586,4366569472,0,0
1716013149.9235024,4366569472,0,0
1716013150.9247146,4366569472,344,344
1716013151.9259634,4366569472,1497,1497
1716013152.927201,4366569472,0,0
1716013153.9284365,4366569472,303,303
1716013154.9293385,4366569472,0,0
1716013155.9305923,4366569472,346,346
1716013156.931829,4366569472,1974195623,1974195623
1716013157.9330668,4366569472,1289052664,1289052664
1716013158.9342828,4366569472,52,52
1716013159.9354925,4366569472,104,104
1716013160.9367352,4366569472,362909964,362909964
1716013161.9379485,4366569472,117179419,117179419
1716013162.9391847,4366569472,0,0
1716013163.9403927,4366569472,0,0
1716013164.9416187,4366569472,0,0
1716013165.9428349,4366569472,344,344
1716013166.9440386,4366569472,2203,2203
1716013167.94526,4366569472,2176,2176
1716013168.9464803,4366569472,2568,2568
1716013169.9476652,4366569472,3075,3075
1716013170.9488554,4366569472,3476,3476
1716013171.950052,4366569472,2546,2546
1716013172.9512606,4366569472,3492,3492
1716013173.9524705,4366569472,2400,2400
1716013174.953683,4366569472,2421,2421
1716013175.9548953,4366569472,2509,2509
1716013176.9560978,4366569472,4112,4112
1716013177.9572904,4366569472,3023,3023
1716013178.9585083,4366569472,2799,2799
1716013179.9596996,4366569472,3363,3363
1716013180.9608994,4366569472,3069,3069
1716013181.961296,4366569472,3400,3400
1716013182.9625425,4366569472,2314,2314
1716013183.9637504,4366569472,1694,1694
1716013184.9649408,4366569472,2097,2097
1716013185.9661286,4366569472,2506,2506
1716013186.96732,4366569472,1970,1970
1716013187.96854,4366569472,3313,3313
1716013188.9697537,4366569472,2403,2403
1716013189.970944,4366569472,3857,3857
1716013190.9721591,4366569472,2650,2650
1716013191.9733033,4366569472,4246,4246
1716013192.9745283,4366569472,2302,2302
1716013193.9757302,4366569472,2458,2458
1716013194.9769354,4366569472,2737,2737
1716013195.978154,4366569472,2793,2793
1716013196.9793513,4366569472,3501,3501
1716013197.9805534,4366569472,2742,2742
1716013198.9817522,4366569472,3263,3263
1716013199.9829578,4366569472,2758,2758
1716013200.9841726,4366569472,3824,3824
1716013201.9853938,4366569472,2719,2719
1716013202.9865868,4366569472,2215,2215
1716013203.9877884,4366569472,2106,2106
1716013204.9889855,4366569472,3150,3150
1716013205.9892948,4366569472,2805,2805
1716013206.9904935,4366569472,3267,3267
1716013207.9916856,4366569472,2309,2309
1716013208.992887,4366569472,3259,3259
1716013209.994106,4366569472,2709,2709
1716013210.9953127,4366569472,4126,4126
1716013211.9964957,4366569472,1346,1346
1716013212.9972987,4366569472,1768,1768
1716013213.9985106,4366569472,0,0
1716013214.9997227,4366569472,318,318
1716013216.0009205,4366569472,354,354
1716013217.00213,4366569472,154,154
1716013218.0033143,4366569472,711,711
1716013219.0045128,4366569472,1723,1723
1716013220.0052934,4366569472,2065,2065
1716013221.0064888,4366569472,3679,3679
1716013222.0076969,4366569472,2934,2934
1716013223.0089056,4366569472,3051,3051
1716013224.0101166,4366569472,3081,3081
1716013225.0113163,4366569472,3393,3393
1716013226.012517,4366569472,3179,3179
1716013227.013773,4366569472,3692,3692
1716013228.0149763,4366569472,2544,2544
1716013229.0161767,4366569472,3713,3713
1716013230.0174365,4366569472,2206,2206
1716013231.0186367,4366569472,4310,4310
1716013232.0195491,4366569472,3248,3248
1716013233.020749,4366569472,3252,3252
1716013234.0219572,4366569472,2873,2873
1716013235.0231655,4366569472,3052,3052
1716013236.0243692,4366569472,3292,3292
1716013237.025568,4366569472,2992,2992
1716013238.026754,4366569472,2488,2488
1716013239.0279496,4366569472,2190,2190
1716013240.029164,4366569472,2564,2564
1716013241.030355,4366569472,2391,2391
1716013242.0315588,4366569472,4038,4038
1716013243.0327568,4366569472,3016,3016
1716013244.0339663,4366569472,2806,2806
1716013245.0351624,4366569472,3311,3311
1716013246.0363622,4366569472,2958,2958
1716013247.0375662,4366569472,2948,2948
1716013248.0387561,4366569472,2795,2795
1716013249.0399501,4366569472,2427,2427
1716013250.041172,4366569472,2191,2191
1716013251.0423627,4366569472,4068,4068
1716013252.0435648,4366569472,2361,2361
1716013253.0447583,4366569472,2470,2470
1716013254.0459676,4366569472,3066,3066
1716013255.0471704,4366569472,2908,2908
1716013256.0483751,4366569472,3701,3701
1716013257.0495672,4366569472,2912,2912
1716013258.050767,4366569472,2956,2956
1716013259.0519614,4366569472,2444,2444
1716013260.0540254,4366569472,3405,3405
1716013261.05526,4366569472,1809,1809
1716013262.0573964,4366569472,316,316
1716013263.0586584,4366569472,0,0
1716013264.0600798,4366569472,161,161
1716013265.061581,4366569472,0,0
1716013266.0628362,4366569472,349,349
1716013267.064469,4366569472,152,152
1716013268.0653222,4366569472,0,0
1716013269.0671995,4366569472,0,0
1716013270.0684295,4366569472,0,0
1716013271.0698524,4366569472,344,344
1716013272.071114,4366569472,152,152
1716013273.07276,4366569472,0,0
1716013274.073316,4366569472,1198,1198
1716013275.0745387,4366569472,0,0
1716013276.0757492,4366569472,350,350
1716013277.0769536,4366569472,155,155
1716013278.0773168,4366569472,190,190
1716013279.078531,4366569472,0,0
1716013280.0797434,4366569472,0,0
1716013281.0809512,4366569472,344,344
1716013282.082169,4366569472,152,152
1716013283.0833776,4366569472,0,0
1716013284.0846062,4366569472,0,0
1716013285.0858185,4366569472,0,0
1716013286.087035,4366569472,344,344
1716013287.088233,4366569472,152,152
1716013288.089313,4366569472,0,0
1716013289.0905285,4366569472,0,0
1716013290.0917325,4366569472,0,0
1716013291.0929413,4366569472,344,344
1716013292.0933022,4366569472,152,152
1716013293.0945125,4366569472,0,0
1716013294.09572,4366569472,0,0
1716013295.0969265,4366569472,0,0
1716013296.0973125,4366569472,344,344
1716013297.0985231,4366569472,152,152
1716013298.0997293,4366569472,0,0
1716013299.1004279,4366569472,0,0
1716013300.1016343,4366569472,0,0
1716013301.1028378,4366569472,344,344
1716013302.1040406,4366569472,840567929,840567929
1716013305.3069289,5753257984,1669217524,1669217524
1716013306.3297598,5154156544,4830,4830
1716013307.3459017,5154156544,2654,2654
1716013308.363671,5154156544,3776,3776
1716013309.3952796,5154156544,2765,2765
1716013310.4117818,5154156544,3773,3773
1716013311.4282668,5154156544,2869,2869
1716013312.4324474,5154156544,4280,4280
1716013313.4473493,5154156544,3230,3230
1716013314.4629602,5154156544,3247,3247
1716013315.4774802,5154156544,3478,3478
1716013316.5076132,5154156544,3192,3192
1716013317.5387347,5154156544,1805,1805
1716013318.5425289,5154156544,4159,4159
1716013319.5464478,5154156544,1930,1930
1716013320.5645523,5154156544,3775,3775
1716013321.5707293,5154156544,3705,3705
1716013322.5755496,5154156544,2981,2981
1716013323.5942945,5154156544,3605,3605
1716013324.6024272,5154156544,2983,2983
1716013325.6399899,5154156544,3663,3663
1716013326.6504881,5154156544,3493,3493
1716013327.6784596,5154156544,4100,4100
1716013328.705039,5154156544,2297,2297
1716013329.7125235,5154156544,4032,4032
1716013330.7282145,5154156544,2347,2347
1716013331.7355704,5154156544,3615,3615
1716013332.7443964,5154156544,2226,2226
1716013333.7583048,5154156544,4090,4090
1716013334.7631822,5154156544,2578,2578
1716013335.7648368,5154156544,4676,4676
1716013336.7738059,5154156544,3490,3490
1716013337.7751186,5154156544,3395,3395
1716013338.780622,5154156544,3116,3116
1716013339.8095407,5154156544,3162,3162
1716013340.8176696,5154156544,2686,2686
1716013341.838016,5154156544,2584,2584
1716013342.8530695,5154156544,3375,3375
1716013343.8778043,5154156544,3748,3748
1716013344.8841002,5154156544,2979,2979
1716013345.8908932,5154156544,3784,3784
1716013346.896829,5154156544,3108,3108
1716013347.9226284,5154156544,2286,2286
1716013348.9366307,5154156544,2467,2467
1716013349.937479,5153853440,1615,1615
1716013350.9387298,5153091584,1012,1012
1716013351.9409502,5153067008,160,160
1716013352.9413452,5153398784,1262,1262
1716013353.9426486,5153484800,0,0
