Timestamp,MemoryUsage,NetSent,NetRecv
1716011385.7575786,515133440,0,0
1716011386.7590182,522506240,7933,7933
1716011387.7602847,522506240,153,153
1716011388.761303,522506240,303,303
1716011389.762676,522506240,154,154
1716011390.7634637,522506240,3130,3130
1716011391.764698,522506240,313,313
1716011392.765397,522506240,152,152
1716011393.7666066,522506240,313,313
1716011394.768022,522506240,0,0
1716011395.7697413,522506240,349,349
1716011396.7710679,522506240,1714,1714
1716011397.772375,522506240,4353,4353
1716011398.7733753,522506240,1611,1611
1716011399.77459,522506240,639,639
1716011400.7754827,522506240,517,517
1716011401.7767909,522506240,157,157
1716011402.77751,522506240,152,152
1716011403.7787592,522506240,152,152
1716011404.7800488,522506240,0,0
1716011405.7813041,522506240,344,344
1716011406.7816176,522506240,744,744
1716011407.7828789,522506240,2604,2604
1716011408.7841384,522506240,1594,1594
1716011409.7853343,522506240,1678,1678
1716011410.7866127,522506240,1052,1052
1716011411.7878497,522506240,157,157
1716011412.7890952,522752000,152,152
1716011413.789384,522752000,152,152
1716011414.790623,522752000,0,0
1716011415.79189,522752000,344,344
1716011416.793089,522752000,152,152
1716011417.7933075,522752000,152,152
1716011418.7945187,522752000,152,152
1716011419.794849,522752000,356,356
1716011420.7953725,522752000,347,347
1716011421.7965872,522752000,155,155
1716011422.797293,522752000,152,152
1716011423.798492,522752000,152,152
1716011424.7996745,522752000,338,338
1716011425.8008728,522752000,347,347
1716011426.8012936,522752000,155,155
1716011427.8024862,522752000,152,152
1716011428.8036973,522752000,504,504
1716011429.8048804,522752000,0,0
1716011430.805295,522752000,347,347
1716011431.8064837,522752000,155,155
1716011432.8076668,522752000,152,152
1716011433.8088648,522752000,152,152
1716011434.809324,522752000,1292,1292
1716011435.8105412,522752000,2067,2067
1716011436.8117337,522752000,3117,3117
1716011437.8129642,522752000,2906,2906
1716011438.813306,522752000,1585,1585
1716011439.8145187,522752000,2081,2081
1716011440.8157058,522752000,2334,2334
1716011441.8169107,522752000,1568,1568
1716011442.8173041,522752000,3424,3424
1716011443.81851,522752000,3011,3011
1716011444.8196962,522752000,1866,1866
1716011445.8208823,522752000,3055,3055
1716011446.8213067,522752000,2725,2725
1716011447.821847,522752000,2947,2947
1716011448.82306,522752000,2085,2085
1716011449.8242502,522752000,4555,4555
1716011450.8253028,522752000,1685,1685
1716011451.8264978,522752000,932,932
1716011452.8276913,522752000,152,152
1716011453.8288264,522752000,307,307
1716011454.8293025,522752000,0,0
1716011455.830513,522752000,347,347
1716011456.8316977,522752000,154,154
1716011457.83288,522752000,152,152
1716011458.8333092,522752000,1324,1324
1716011459.8338988,522752000,4275,4275
1716011460.8351185,522752000,357,357
1716011461.8362944,522752000,155,155
1716011462.8373086,522752000,152,152
1716011463.8385594,522752000,510,510
1716011464.8397515,522752000,0,0
1716011465.840953,522752000,347,347
1716011466.84214,522752000,155,155
1716011467.8433275,522752000,152,152
1716011468.844514,522752000,506,506
1716011469.8452978,522752000,0,0
1716011470.846485,522752000,347,347
1716011471.8476632,522752000,155,155
1716011472.848857,522752000,152,152
1716011473.8493068,522752000,152,152
1716011474.8504987,522752000,0,0
1716011475.8517244,522752000,344,344
1716011476.8529155,522752000,152,152
1716011477.8533168,522752000,152,152
1716011478.8545125,522752000,152,152
1716011479.8556964,522752000,351,351
1716011480.85688,522752000,348,348
1716011481.8580897,526929920,4200039,4200039
1716011482.8593106,799969280,544024950,544024950
1716011488.570521,5449334784,3207925908,3207925908
1716011489.6076407,5590056960,5065,5065
1716011490.617009,5590056960,3083,3083
1716011491.6284955,5590056960,3638,3638
1716011492.6367445,5590056960,2750,2750
1716011493.6561882,5590548480,4488,4488
1716011494.6640406,5591040000,2300,2300
1716011495.6730635,5591285760,4575,4575
1716011496.6946633,5591777280,3370,3370
1716011497.7062461,5592023040,3471,3471
1716011498.7178075,5592514560,3313,3313
1716011499.7387197,5593006080,3210,3210
1716011500.765151,5584060416,3968,3968
1716011501.7710469,5600280576,2821,2821
1716011502.7738614,5590802432,4233,4233
1716011503.789368,5595832320,2516,2516
1716011504.7918916,5596291072,3184,3184
1716011505.7955306,5596291072,2894,2894
1716011506.810357,5597028352,4134,4134
1716011507.8144166,5597339648,2729,2729
1716011508.850647,5610610688,4148,4148
1716011509.8580914,5617737728,3226,3226
1716011510.8605351,5617983488,3304,3304
1716011511.8944511,5618475008,3673,3673
1716011512.906701,5618475008,3539,3539
1716011513.916676,5619949568,3787,3787
1716011514.936871,5619949568,2731,2731
1716011515.9616585,5613686784,4221,4221
1716011516.9677753,5660381184,2666,2666
1716011518.0030732,5611106304,4359,4359
1716011519.010391,5661241344,3673,3673
1716011520.0328093,5662224384,3184,3184
1716011521.0486896,5662224384,3627,3627
1716011522.0521667,5662961664,2926,2926
1716011523.0683415,5663350784,3899,3899
1716011524.0821073,5655060480,2893,2893
1716011525.0943704,5655060480,2802,2802
1716011526.0957544,5725384704,3875,3875
1716011527.1151683,5726093312,3138,3138
1716011528.1243966,5764677632,3063,3063
1716011529.1267817,5758922752,2737,2737
1716011530.1514666,5765840896,2267,2267
1716011531.1630714,5765840896,4723,4723
1716011532.1724927,5765840896,3285,3285
1716011533.1733642,5718036480,5097,5097
1716011534.1746666,6106431488,3434,3434
1716011535.175979,5901447168,4124,4124
1716011536.1774063,5798871040,2841,2841
1716011537.1785944,5778567168,1915,1915
1716011538.1801128,5713993728,1890,1890
1716011539.1815596,6132527104,2110,2110
1716011540.1828208,5941567488,2299,2299
1716011541.1840453,5791903744,2580,2580
1716011542.1852608,5763915776,2202,2202
1716011543.1865492,5713252352,3027,3027
1716011544.1879332,5934096384,2647,2647
1716011545.1892142,5875187712,1872,1872
1716011546.1905227,5774413824,2762,2762
1716011547.1918395,5742829568,2949,2949
1716011548.1930969,5774938112,2329,2329
1716011549.1933975,6120730624,2774,2774
1716011550.1947157,5940785152,2139,2139
1716011551.1960921,5774036992,2696,2696
1716011552.1974394,5709807616,2379,2379
1716011553.1987376,5818691584,2934,2934
1716011554.199983,6170390528,1862,1862
1716011555.2013433,5854048256,2908,2908
1716011556.2026665,5713391616,2390,2390
1716011557.203878,5775970304,2754,2754
1716011558.2051728,5977653248,2608,2608
1716011559.206462,5867151360,2428,2428
1716011560.2081442,5801058304,1607,1607
1716011561.209493,5739159552,1956,1956
1716011562.2106857,5766914048,2474,2474
1716011563.2119234,6007578624,2628,2628
1716011564.2133667,5902520320,1597,1597
1716011565.2146602,5842993152,1881,1881
1716011566.2158992,5736189952,92612,92612
1716011567.2171414,5743431680,3077,3077
1716011568.2185597,5871591424,2614,2614
1716011569.2198973,6146043904,3968,3968
1716011570.2211947,5825466368,7553,7553
1716011571.2226374,5758103552,4910,4910
1716011572.22398,5729284096,2413,2413
1716011573.2252948,5783678976,2628,2628
1716011574.2266152,6091796480,2149,2149
1716011575.227925,5859987456,2452,2452
1716011576.2293503,5747105792,2329,2329
1716011577.2305672,5706002432,2750,2750
1716011578.2319145,5977620480,3120,3120
1716011579.2333288,6034096128,2629,2629
1716011580.2346442,5957271552,1566,1566
1716011581.2359185,5885513728,2775,2775
1716011582.2373428,5698822144,2583,2583
1716011583.2385926,5765308416,2391,2391
1716011584.2400346,5964820480,2465,2465
1716011585.2414026,5968838656,1876,1876
1716011586.2426612,5860786176,2680,2680
1716011587.2440403,5773635584,2618,2618
1716011588.2456331,5767307264,2678,2678
1716011589.2468379,5710303232,1868,1868
1716011590.2481835,5950881792,2779,2779
1716011591.2494383,5768343552,2836,2836
1716011592.2508442,5793132544,2301,2301
1716011593.2521021,5764083712,2313,2313
1716011594.285872,5713747968,4987,4987
1716011595.3027935,5713993728,2492,2492
1716011596.3068104,5737586688,3583,3583
1716011597.308028,5772238848,4030,4030
1716011598.3397691,5803696128,3541,3541
1716011599.3682432,5838348288,2879,2879
1716011600.370685,5869805568,3078,3078
1716011601.3988497,5904457728,3327,3327
1716011602.4015498,5935915008,3629,3629
1716011603.4276202,5970567168,2919,2919
1716011604.4295166,6002024448,3844,3844
1716011605.4335196,6036430848,2821,2821
1716011606.441674,6077227008,3779,3779
1716011607.454268,6115074048,2773,2773
1716011608.4647424,6149726208,3388,3388
1716011609.470397,6187573248,3022,3022
1716011610.4824471,6225174528,3000,3000
1716011611.4978468,6260809728,3965,3965
1716011612.504947,6298656768,2957,2957
1716011613.53161,6342647808,3400,3400
1716011614.5384696,6389833728,3009,3009
1716011615.5461435,6437265408,3563,3563
1716011616.560713,6484451328,3191,3191
1716011617.5708683,6537781248,2369,2369
1716011618.5738742,6578823168,2420,2420
1716011619.6071467,6613475328,4073,4073
1716011620.6123788,6663995392,3124,3124
1716011621.6151507,6739697664,3310,3310
1716011622.6256685,6767714304,2828,2828
1716011623.6460397,6837276672,3817,3817
1716011624.6497536,6912819200,2259,2259
1716011625.657065,6928302080,3232,3232
1716011626.6789536,7010398208,3221,3221
1716011627.7089033,7086440448,3317,3317
1716011628.7370152,7098728448,3480,3480
1716011629.7386706,7164837888,3141,3141
1716011630.7551882,7237529600,3924,3924
1716011631.786803,7297003520,2598,2598
1716011632.812853,7382036480,2625,2625
1716011633.8462887,7448416256,2342,2342
1716011634.8645198,7514279936,2440,2440
1716011652.7329404,8716709888,77780,77780
1716011653.7333617,12484321280,1898475324,1898475324
1716011654.7346025,8738254848,1454403146,1454403146
1716011655.7358274,8738254848,1372,1372
1716011656.7370574,8738254848,256,256
1716011657.7382784,8738254848,152,152
1716011658.739506,8738254848,395038504,395038504
1716011659.7407548,8738254848,0,0
1716011660.7413187,8738254848,344,344
1716011661.7425401,8738254848,152,152
1716011662.7437541,8738254848,152,152
1716011663.7449787,8738254848,152,152
1716011664.7461834,8738254848,1822,1822
1716011665.7473946,8738254848,2421,2421
1716011666.7486033,8738254848,2357,2357
1716011667.7492971,8738254848,3851,3851
1716011668.750504,8738254848,3551,3551
1716011669.7517037,8738254848,2893,2893
1716011670.7529016,8738254848,3376,3376
1716011671.7541022,8738254848,3085,3085
1716011672.7553089,8738254848,2894,2894
1716011673.756515,8738254848,2088,2088
1716011674.7577288,8738254848,2548,2548
1716011675.7589343,8738254848,3070,3070
1716011676.760141,8738254848,2849,2849
1716011677.7613473,8738254848,3952,3952
1716011678.7625656,8738254848,2254,2254
1716011679.7637756,8738254848,3999,3999
1716011680.7649934,8738254848,1500,1500
1716011681.7662177,8738254848,3856,3856
1716011682.767368,8738254848,2097,2097
1716011683.7685804,8738254848,2250,2250
1716011684.7697864,8738254848,2104,2104
1716011685.7709904,8738254848,1695,1695
1716011686.7721968,8738254848,1115,1115
1716011687.7734017,8738254848,2286,2286
1716011688.7746136,8738254848,2474,2474
1716011689.7758203,8738254848,2410,2410
1716011690.777021,8738254848,2513,2513
1716011691.7773037,8738254848,3900,3900
1716011692.778509,8738254848,1996,1996
1716011693.7797165,8738254848,2724,2724
1716011694.7809181,8738254848,2737,2737
1716011695.7821314,8738254848,3392,3392
1716011696.7833455,8738254848,3043,3043
1716011697.7842038,8738254848,792,792
1716011698.7854226,8738254848,3747,3747
1716011699.7866273,8738254848,2235,2235
1716011700.7878294,8738254848,3368,3368
1716011701.7890291,8738254848,1734,1734
1716011702.7902346,8738254848,2203,2203
1716011703.7914565,8738254848,2240,2240
1716011704.792659,8738254848,1858,1858
1716011705.7933314,8738254848,2614,2614
1716011706.7945852,8738254848,2670,2670
1716011707.7957978,8738254848,1716,1716
1716011708.797027,8738254848,4186,4186
1716011709.7973049,8738254848,3011,3011
1716011710.7985141,8738254848,1001,1001
1716011711.7997103,8738254848,2286,2286
1716011712.800039,8738254848,1031,1031
1716011713.8012373,8738254848,1925,1925
1716011714.8024402,8738254848,2696,2696
1716011715.8036473,8738254848,3172,3172
1716011716.8048377,8738254848,3529,3529
1716011717.805235,8738254848,2899,2899
1716011718.8064425,8738254848,3330,3330
1716011719.8076417,8738254848,3039,3039
1716011720.8088417,8738254848,3505,3505
1716011721.8093107,8738254848,2808,2808
1716011722.8105114,8738254848,3558,3558
1716011723.8117027,8738254848,2104,2104
1716011724.812928,8738254848,3976,3976
1716011725.8141336,8738254848,3370,3370
1716011726.8153336,8738254848,2954,2954
1716011727.81653,8738254848,3142,3142
1716011728.8173065,8738254848,2994,2994
1716011729.8185027,8738254848,3417,3417
1716011730.8196874,8738254848,3109,3109
1716011731.82013,8738254848,3833,3833
1716011732.8213024,8738254848,2145,2145
1716011733.8224983,8738254848,3529,3529
1716011734.823701,8738254848,1577,1577
1716011735.824886,8738254848,3115,3115
1716011736.8253016,8738254848,2769,2769
1716011737.8265011,8738254848,2436,2436
1716011738.8273187,8738254848,2104,2104
1716011739.8285196,8738254848,3413,3413
1716011740.829314,8738254848,2811,2811
1716011741.8305168,8738254848,2293,2293
1716011742.8317177,8738254848,3339,3339
1716011743.832919,8738254848,2792,2792
1716011744.833309,8738254848,2504,2504
1716011745.834522,8738254848,3261,3261
1716011746.835723,8738254848,2304,2304
1716011747.836929,8738254848,3128,3128
1716011748.8380456,8738254848,2541,2541
1716011749.8392463,8738254848,3447,3447
1716011750.8410153,8738254848,2518,2518
1716011751.8413463,8738254848,1749,1749
1716011752.8432505,8738254848,961,961
1716011753.8444772,8738254848,204,204
1716011754.8459969,8738254848,160,160
1716011755.847225,8738254848,351,351
1716011756.8493278,8738254848,152,152
1716011757.8505585,8738254848,0,0
1716011758.8524547,8738254848,0,0
1716011759.8533237,8738254848,0,0
1716011760.8552203,8738254848,344,344
1716011761.8565037,8738254848,152,152
1716011762.8577487,8738254848,0,0
1716011763.859679,8738254848,0,0
1716011764.8609002,8738254848,366,366
1716011765.861324,8738254848,1179,1179
1716011766.8625293,8738254848,155,155
1716011767.8637524,8738254848,0,0
1716011768.8649707,8738254848,0,0
1716011769.8655524,8738254848,0,0
1716011770.8667617,8738254848,344,344
1716011771.867966,8738254848,152,152
1716011772.8691976,8738254848,0,0
1716011773.87041,8738254848,0,0
1716011774.871617,8738254848,0,0
1716011775.8728285,8738254848,344,344
1716011776.87332,8738254848,152,152
1716011777.874533,8738254848,0,0
1716011778.875745,8738254848,0,0
1716011779.8762681,8738254848,0,0
1716011780.877324,8738254848,344,344
1716011781.8785436,8738254848,152,152
1716011782.8797653,8738254848,0,0
1716011783.8809874,8738254848,0,0
1716011784.8813322,8738254848,336,336
1716011785.8825614,8738254848,347,347
1716011786.8837743,8738254848,155,155
1716011787.8850026,8738254848,0,0
1716011788.8853436,8738254848,287222448,287222448
1716011789.8865652,8738254848,93872354,93872354
1716011790.88778,8738254848,344,344
1716011791.8889868,8738254848,152,152
1716011792.8893213,8738254848,51423694,51423694
1716011796.4109776,11132768256,2076772902,2076772902
1716011797.4210021,8146763776,4189,4189
1716011798.4326549,8146763776,2563,2563
1716011799.4600592,8146763776,2738,2738
1716011800.4755647,8146763776,3785,3785
1716011801.4904578,8146763776,3681,3681
1716011802.5194232,8146763776,3181,3181
1716011803.535215,8146763776,3418,3418
1716011804.5502799,8146763776,2864,2864
1716011805.5794218,8146763776,4492,4492
1716011806.596701,8146763776,3965,3965
1716011807.6181781,8146763776,1927,1927
1716011808.6225126,8146763776,2022,2022
1716011809.6256387,8146763776,3423,3423
1716011810.641688,8146763776,2905,2905
1716011811.6451852,8146763776,3800,3800
1716011812.647736,8146763776,2995,2995
1716011813.6642725,8146763776,3540,3540
1716011814.6672926,8146763776,3156,3156
1716011815.6699607,8146763776,3781,3781
1716011816.6761703,8146763776,3141,3141
1716011817.6839607,8146763776,3925,3925
1716011818.7055266,8146763776,2638,2638
1716011819.728075,8146763776,4246,4246
1716011820.7321842,8146763776,3556,3556
1716011821.7446942,8146763776,2497,2497
1716011822.7459266,8146763776,2278,2278
1716011823.7492924,8146763776,3657,3657
1716011824.763497,8148975616,2270,2270
1716011825.7675378,8148975616,3384,3384
1716011826.782269,8148975616,1710,1710
1716011827.8067253,8148975616,1681,1681
1716011828.8079565,8148975616,2794,2794
1716011829.824204,8148975616,3558,3558
1716011830.832034,8148975616,3315,3315
1716011831.8442366,8148975616,3037,3037
1716011832.8491983,8188788736,3548,3548
1716011833.8642452,8188788736,2890,2890
1716011834.8905659,8121892864,4280,4280
1716011835.8918006,8214544384,2558,2558
1716011836.8987164,8215035904,4204,4204
1716011837.9247189,8193101824,3262,3262
1716011838.9360213,8195805184,3249,3249
1716011839.9441435,8128380928,3290,3290
1716011840.9455228,8185556992,2731,2731
1716011841.9468577,8244375552,1502,1502
1716011842.9482784,8198152192,661,661
1716011843.9495418,8392638464,158,158
1716011844.9507983,8304218112,158,158
1716011845.9520712,8252571648,353,353
1716011846.9533272,8347041792,154,154
1716011847.954576,8180408320,0,0
1716011849.0130346,3243143168,973,973
1716011850.0142615,3243143168,2200,2200
1716011851.015501,3243143168,350,350
1716011852.0167298,3243143168,155,155
1716011853.017959,3243143168,0,0
1716011854.0191824,3243143168,0,0
1716011855.020405,3243143168,0,0
1716011856.0216317,3243143168,344,344
1716011857.022853,3243143168,152,152
1716011858.0240858,3243143168,0,0
1716011859.0253139,3243143168,0,0
1716011860.0265474,3243143168,0,0
1716011861.02777,3243143168,344,344
1716011862.0289948,3243143168,152,152
1716011863.030213,3243143168,0,0
1716011864.031434,3243143168,0,0
1716011865.0326476,3243143168,0,0
1716011866.0333223,3243143168,344,344
1716011867.034546,3243143168,91128,91128
1716011868.0357735,3243143168,0,0
1716011869.0370061,3243143168,0,0
1716011870.038236,3243143168,0,0
1716011871.0394487,3243143168,349,349
1716011872.0406787,3243143168,311,311
1716011873.0419066,3243143168,190,190
1716011874.0431345,3243143168,387261978,387261978
1716011875.0443528,3243143168,52,52
1716011876.0456269,3243143168,349,349
1716011877.046842,3243143168,152,152
1716011878.0480645,3243143168,398793301,398793301
1716011879.0493228,3243143168,1723104413,1723104413
1716011880.050555,3243143168,0,0
1716011881.0517914,3243143168,344,344
1716011882.0530434,3243143168,2299,2299
1716011883.0533602,3243143168,3035,3035
1716011884.0546083,3243143168,2805,2805
1716011885.0558462,3243143168,1061,1061
1716011886.0571008,3243143168,4153,4153
1716011887.0573466,3243143168,2249,2249
1716011888.058592,3243143168,3597,3597
1716011889.0598295,3243143168,2202,2202
1716011890.0610826,3243143168,3232,3232
1716011891.0613565,3243143168,3091,3091
1716011892.0620825,3243143168,3032,3032
1716011893.0633285,3243143168,2980,2980
1716011894.064579,3243143168,3364,3364
1716011895.065346,3243143168,3086,3086
1716011896.0665834,3243143168,3124,3124
1716011897.0678177,3243143168,2883,2883
1716011898.0690813,3243143168,2268,2268
1716011899.0693486,3243143168,4119,4119
1716011900.0706165,3243143168,1645,1645
1716011901.0718641,3243143168,1199,1199
1716011902.0731459,3243143168,4239,4239
1716011903.0743861,3243143168,2189,2189
1716011904.0756364,3243143168,3568,3568
1716011905.0768821,3243143168,1135,1135
1716011906.077372,3243143168,2573,2573
1716011907.0786302,3243143168,4284,4284
1716011908.079895,3243143168,3100,3100
1716011909.0811856,3243143168,3245,3245
1716011910.0824482,3243143168,3134,3134
1716011911.083693,3243143168,3650,3650
1716011912.0849526,3243143168,3287,3287
1716011913.0862024,3243143168,2752,2752
1716011914.0874515,3243143168,3914,3914
1716011915.0887086,3243143168,1025,1025
1716011916.0893703,3243143168,3692,3692
1716011917.0906317,3243143168,2434,2434
1716011918.0918846,3243143168,3332,3332
1716011919.093161,3243143168,2651,2651
1716011920.0944433,3243143168,1846,1846
1716011921.0957015,3243143168,3863,3863
1716011922.0969508,3243143168,2826,2826
1716011923.0973706,3243143168,4046,4046
1716011924.098624,3243143168,1961,1961
1716011925.0998964,3243143168,3344,3344
1716011926.1011767,3243143168,2072,2072
1716011927.102667,3243143168,1967,1967
1716011928.1041439,3243143168,2849,2849
1716011929.105431,3243143168,4201,4201
1716011930.1067011,3243143168,4275,4275
1716011931.1084664,3243143168,1920,1920
1716011932.1093624,3243143168,1703,1703
1716011933.110802,3243143168,2563,2563
1716011934.112066,3243143168,1855,1855
1716011935.1134915,3243143168,1543,1543
1716011936.1147597,3243143168,2747,2747
1716011937.1168654,3243143168,1404,1404
1716011938.1174603,3243143168,2228,2228
1716011939.1184876,3243143168,1975,1975
1716011940.1197166,3243143168,2444,2444
1716011941.1205337,3243143168,3005,3005
1716011942.1213596,3243143168,2721,2721
1716011943.122655,3243143168,1954,1954
1716011944.1239617,3243143168,2274,2274
1716011945.1251886,3243143168,2261,2261
1716011946.1256616,3243143168,3001,3001
1716011947.127035,3243143168,2649,2649
1716011948.1284444,3243143168,2010,2010
1716011949.129515,3243143168,2286,2286
1716011950.1308284,3243143168,2019,2019
1716011951.1327953,3243143168,2780,2780
1716011952.133423,3243143168,2172,2172
1716011953.1348183,3243143168,2448,2448
1716011954.1364174,3243143168,2298,2298
1716011955.1374497,3243143168,2777,2777
1716011956.1387944,3243143168,2115,2115
1716011957.1406374,3243143168,1711,1711
1716011958.1413152,3243143168,2472,2472
1716011959.1425443,3243143168,2296,2296
1716011960.1438396,3243143168,2602,2602
1716011961.1442401,3243143168,2860,2860
1716011962.1453962,3243143168,2302,2302
1716011963.1466908,3243143168,1496,1496
1716011964.1479874,3243143168,2909,2909
1716011965.1493618,3243143168,3553,3553
1716011966.1507144,3243143168,3629,3629
1716011967.1521215,3243143168,2593,2593
1716011968.1533937,3243143168,3212,3212
1716011969.1546423,3243143168,1270,1270
1716011970.1559243,3243143168,1361,1361
1716011971.157207,3243143168,1471,1471
1716011972.1586554,3243143168,1355,1355
1716011973.1599035,3243143168,962,962
1716011974.1612225,3243143168,1257,1257
1716011975.1625872,3243143168,767,767
1716011976.1639817,3243143168,2089,2089
1716011977.1653953,3243143168,764,764
1716011978.1666799,3243143168,1254,1254
1716011979.1679666,3243143168,1050,1050
1716011980.1692607,3243143168,948,948
1716011981.1706305,3243143168,2287,2287
1716011982.1718574,3243143168,943,943
1716011983.1732981,3243143168,1341,1341
1716011984.1745737,3243143168,941,941
1716011985.1759748,3243143168,1640,1640
1716011986.177214,3243143168,1940,1940
1716011987.1784124,3243143168,1115,1115
1716011988.179626,3243143168,2629,2629
1716011989.1808288,3243143168,1312,1312
1716011990.1812987,3243143168,2817,2817
1716011991.182522,3243143168,3380,3380
1716011992.1837075,3243143168,2440,2440
1716011993.1849022,3243143168,2211,2211
1716011994.1853135,3243143168,3549,3549
1716011995.1865172,3243143168,2827,2827
1716011996.1877146,3243143168,4044,4044
1716011997.1889262,3243143168,2529,2529
1716011998.1893103,3243143168,3878,3878
1716011999.190509,3243143168,3446,3446
1716012000.1917567,3243143168,2870,2870
1716012001.1929643,3243143168,3206,3206
1716012002.1941936,3243143168,2134,2134
1716012003.1953812,3243143168,3057,3057
1716012004.196624,3243143168,3034,3034
1716012005.1978586,3243143168,3281,3281
1716012006.199089,3243143168,3352,3352
1716012007.2003198,3243143168,3076,3076
1716012008.2015674,3243143168,1192,1192
1716012009.2028084,3243143168,317,317
1716012010.2040539,3243143168,0,0
1716012011.2052927,3243143168,666,666
1716012012.206582,3243143168,0,0
1716012013.207864,3243143168,0,0
1716012014.2090955,3243143168,1292,1292
1716012015.209325,3243143168,1669,1669
1716012016.2105732,3243143168,3550,3550
1716012017.2118223,3243143168,2751,2751
1716012018.2131853,3243143168,1432,1432
1716012019.214477,3243143168,2088,2088
1716012020.215761,3243143168,1817,1817
1716012021.2169688,3243143168,2269,2269
1716012022.2173321,3243143168,1656,1656
1716012023.2185535,3243143168,3057,3057
1716012024.2197826,3243143168,1175340320,1175340320
1716012025.2210288,3243143168,696561675,696561675
1716012026.2213335,3243143168,2105,2105
1716012027.222558,3243143168,2518,2518
1716012028.2228208,3243143168,1582,1582
1716012029.2240424,3243143168,1143,1143
1716012030.225263,3243143168,1336,1336
1716012031.2264733,3243143168,950,950
1716012032.2276936,3243143168,0,0
1716012033.2289178,3243143168,161,161
1716012034.2293172,3243143168,0,0
1716012035.2305362,3243143168,0,0
1716012036.2317414,3243143168,498,498
1716012037.2329571,3243143168,0,0
1716012038.233329,3243143168,0,0
1716012039.2345495,3243143168,0,0
1716012040.2357688,3243143168,0,0
1716012041.2369838,3243143168,496,496
1716012042.2373197,3243143168,0,0
1716012043.2385345,3243143168,0,0
1716012044.2397468,3243143168,0,0
1716012045.2409632,3243143168,1871902019,1871902019
1716012046.2413251,3243143168,504,504
1716012047.242548,3243143168,0,0
1716012048.2437549,3243143168,0,0
1716012049.244969,3243143168,0,0
1716012050.246173,3243143168,1417,1417
1716012051.2473655,3243143168,2137,2137
1716012052.2485714,3243143168,2094,2094
1716012053.2493083,3243143168,3643,3643
1716012054.2505164,3243143168,2401,2401
1716012055.251713,3243143168,3981,3981
1716012056.2529058,3243143168,1894,1894
1716012057.2533023,3243143168,3645,3645
1716012058.2545109,3243143168,2405,2405
1716012059.2557144,3243143168,3887,3887
1716012060.2569058,3243143168,3342,3342
1716012061.2573044,3243143168,3207,3207
1716012062.2585027,3243143168,2891,2891
1716012063.2597,3243143168,2881,2881
1716012064.2599607,3243143168,3292,3292
1716012065.261198,3243143168,2757,2757
1716012066.2623992,3243143168,3791,3791
1716012067.263614,3243143168,2397,2397
1716012068.264822,3243143168,3493,3493
1716012069.2653167,3243143168,2090,2090
1716012070.2665303,3243143168,4034,4034
1716012071.26773,3243143168,2987,2987
1716012072.2686832,3243143168,3087,3087
1716012073.269892,3243143168,3024,3024
1716012074.2710927,3243143168,2658,2658
1716012075.272294,3243143168,2961,2961
1716012076.27333,3243143168,3055,3055
1716012077.2745407,3243143168,3659,3659
1716012078.275749,3243143168,2205,2205
1716012079.2769604,3243143168,3720,3720
1716012080.2781692,3243143168,2042,2042
1716012081.2793794,3243143168,3039,3039
1716012082.2805848,3243143168,2194,2194
1716012083.2813108,3243143168,2627,2627
1716012084.2825146,3243143168,3144,3144
1716012085.2837176,3243143168,3043,3043
1716012086.2849188,3243143168,3988,3988
1716012087.285302,3243143168,2694,2694
1716012088.286496,3243143168,3617,3617
1716012089.287693,3243143168,1899,1899
1716012090.2889326,3243143168,2114,2114
1716012091.2893007,3243143168,2736,2736
1716012092.2901177,3243143168,2099,2099
1716012093.2913234,3243143168,3277,3277
1716012094.2925293,3243143168,3328,3328
1716012095.2933064,3243143168,3046,3046
1716012096.2945065,3243143168,2447,2447
1716012097.2957065,3243143168,4207,4207
1716012098.2969067,3243143168,2101,2101
1716012099.2973022,3243143168,3953,3953
1716012100.2984905,3243143168,2949,2949
1716012101.2996857,3243143168,3617,3617
1716012102.3008845,3243143168,2981,2981
1716012103.301332,3243143168,3033,3033
1716012104.302551,3243143168,3122,3122
1716012105.3037424,3243143168,2594,2594
1716012106.3049383,3243143168,4299,4299
1716012107.3053083,3243143168,2093,2093
1716012108.3065064,3243143168,2437,2437
1716012109.3077028,3243143168,2995,2995
1716012110.3088937,3243143168,2850,2850
1716012111.3093019,3243143168,3517,3517
1716012112.3105202,3243143168,2990,2990
1716012113.311719,3243143168,3401,3401
1716012114.3129256,3243143168,2515,2515
1716012115.313301,3243143168,2307,2307
1716012116.31451,3243143168,2630,2630
1716012117.3157072,3243143168,2427,2427
1716012118.31694,3243143168,3110,3110
1716012119.31731,3243143168,2922,2922
1716012120.3185673,3243143168,2505,2505
1716012121.3197892,3243143168,3408,3408
1716012122.3210135,3243143168,2985,2985
1716012123.3222203,3243143168,3015,3015
1716012124.3234205,3243143168,2980,2980
1716012125.3246212,3243143168,2988,2988
1716012126.32531,3243143168,4008,4008
1716012127.326518,3243143168,2693,2693
1716012128.327706,3243143168,3713,3713
1716012129.3289163,3243143168,2098,2098
1716012130.3293023,3243143168,3977,3977
1716012131.330536,3243143168,3530,3530
1716012132.3317425,3243143168,3071,3071
1716012133.332937,3243143168,2819,2819
1716012134.3333156,3243143168,2919,2919
1716012135.3345134,3243143168,2303,2303
1716012136.3359685,3243143168,3125,3125
1716012137.3372478,3243143168,2169,2169
1716012138.3386886,3243143168,662,662
1716012139.3399436,3243143168,158,158
1716012140.341529,3243143168,159,159
1716012141.3427668,3243143168,508,508
1716012142.3442893,3243143168,0,0
1716012143.345573,3243143168,0,0
1716012144.346981,3243143168,366,366
1716012145.348215,3243143168,0,0
1716012146.3497524,3243143168,502,502
1716012147.3510787,3243143168,0,0
1716012148.3528898,3243143168,0,0
1716012149.353603,3243143168,0,0
1716012150.3548167,3243143168,1164,1164
1716012151.3560405,3243143168,505,505
1716012152.3572705,3243143168,0,0
1716012153.35851,3243143168,0,0
1716012154.3597245,3243143168,0,0
1716012155.3609412,3243143168,0,0
1716012156.361355,3243143168,496,496
1716012157.3626046,3243143168,0,0
1716012158.3638148,3243143168,0,0
1716012159.3647754,3243143168,0,0
1716012160.3653212,3243143168,0,0
1716012161.3665423,3243143168,496,496
1716012162.367761,3243143168,0,0
1716012163.3689878,3243143168,0,0
1716012164.3693314,3243143168,0,0
1716012165.3705382,3243143168,332,332
1716012166.371749,3243143168,502,502
1716012167.3729722,3243143168,0,0
1716012168.3733268,3243143168,0,0
1716012169.3745553,3243143168,0,0
1716012170.3757823,3243143168,0,0
1716012171.3770092,3243143168,91471,91471
1716012172.3772695,3243143168,0,0
1716012173.3786244,3243143168,158,158
1716012174.379965,3243143168,0,0
1716012175.38133,3243143168,157,157
1716012176.3825994,3243143168,500,500
1716012177.3838346,3243143168,378312347,378312347
1716012178.385092,3266736128,1928495806,1928495806
1716012181.640905,6880002048,202698906,202698906
1716012182.6512938,5607043072,3772,3772
1716012183.6630116,5607043072,2454,2454
1716012184.6815405,5607043072,4476,4476
1716012185.6842651,5607043072,2281,2281
1716012186.6904595,5607043072,3397,3397
1716012187.712005,5607043072,2651,2651
1716012188.716725,5607043072,3721,3721
1716012189.720145,5607043072,2456,2456
1716012190.7397718,5607043072,4364,4364
1716012191.7443411,5607043072,3877,3877
1716012192.7506602,5607043072,2928,2928
1716012193.7727857,5607043072,3572,3572
1716012194.7828314,5607043072,3168,3168
1716012195.8051362,5607043072,3979,3979
1716012196.8149652,5607043072,2989,2989
1716012197.8349135,5607043072,3722,3722
1716012198.839666,5607043072,2151,2151
1716012199.860369,5607043072,2516,2516
1716012200.8667147,5607043072,2232,2232
1716012201.8785403,5607043072,4396,4396
1716012202.891121,5607043072,3224,3224
1716012203.901691,5607043072,3196,3196
1716012204.9403756,5607043072,3218,3218
1716012205.9510622,5607043072,3444,3444
1716012206.9733362,5607043072,3880,3880
1716012207.9941056,5607043072,2778,2778
1716012209.0143063,5607043072,3939,3939
1716012210.0213885,5607043072,2234,2234
1716012211.0260508,5607043072,4509,4509
1716012212.0468173,5607043072,3434,3434
1716012213.063168,5607043072,3203,3203
1716012214.0718071,5607043072,3397,3397
1716012215.0734484,5607043072,3181,3181
1716012216.082368,5607043072,4170,4170
1716012217.1002674,5607043072,2816,2816
1716012218.1013806,5607043072,3983,3983
1716012219.124217,5607043072,3553,3553
1716012220.134915,5607043072,2927,2927
1716012221.1510923,5607043072,4197,4197
1716012222.1667898,5607043072,2887,2887
1716012223.1778266,5607043072,3836,3836
1716012224.1818624,5607043072,2421,2421
1716012225.183242,5607043072,2565,2565
1716012226.184477,5607043072,2090,2090
1716012227.18532,5607043072,3267,3267
1716012228.1868355,5607043072,658,658
1716012229.1880388,4353978368,731,731
1716012230.1892517,4353978368,1585,1585
1716012231.1904795,4353978368,1831,1831
1716012232.1916654,4353978368,1335,1335
1716012233.1928985,4353978368,0,0
1716012234.1932914,4353978368,514,514
1716012235.1944797,4353978368,1599,1599
1716012236.1956568,4353978368,509,509
1716012237.196845,4353978368,0,0
1716012238.1972983,4353978368,190,190
1716012239.1984944,4353978368,0,0
1716012240.1997817,4353978368,0,0
1716012241.200987,4353978368,496,496
1716012242.2013102,4353978368,0,0
1716012243.2025003,4353978368,0,0
1716012244.2036889,4353978368,0,0
1716012245.2050107,4353978368,0,0
1716012246.205442,4353978368,600,600
1716012247.2066884,4353978368,0,0
1716012248.207972,4353978368,0,0
1716012249.2092602,4353978368,0,0
1716012250.2105296,4353978368,0,0
1716012251.2118037,4353978368,496,496
1716012252.213074,4353978368,0,0
1716012253.214343,4353978368,0,0
1716012254.2156203,4353978368,0,0
1716012255.2168145,4353978368,0,0
1716012256.2173371,4353978368,496,496
1716012257.2185414,4353978368,0,0
1716012258.2197504,4353978368,0,0
1716012259.2209585,4353978368,636118553,636118553
1716012260.222166,4353978368,0,0
1716012261.2233517,4353978368,496,496
1716012262.224567,4353978368,34632146,34632146
1716012263.2258162,4463341568,1441503889,1441503889
1716012266.1621501,5677514752,397115220,397115220
1716012267.1715438,4532830208,4214,4214
1716012268.1824656,4532830208,2230,2230
1716012269.2071826,4532830208,3677,3677
1716012270.2179933,4532830208,2861,2861
1716012271.2304404,4532830208,4538,4538
1716012272.2565167,4532830208,2607,2607
1716012273.2679458,4532830208,4220,4220
1716012274.2769926,4532830208,2277,2277
1716012275.3038998,4532830208,2581,2581
1716012276.3142042,4532830208,3851,3851
1716012277.3268938,4532830208,3218,3218
1716012278.355042,4532830208,3635,3635
1716012279.3745444,4532830208,2855,2855
1716012280.3776572,4532830208,3928,3928
1716012281.419979,4532830208,2752,2752
1716012282.4228728,4532830208,4289,4289
1716012283.4638216,4532830208,3190,3190
1716012284.4650629,4532830208,3216,3216
1716012285.4659438,4532830208,3531,3531
1716012286.4701464,4532830208,3598,3598
1716012287.4801357,4532830208,3577,3577
1716012288.5013785,4532830208,2862,2862
1716012289.525199,4532830208,4200,4200
1716012290.5446749,4532830208,2064,2064
1716012291.5539696,4532830208,2724,2724
1716012292.5677812,4532830208,2342,2342
1716012293.5843124,4532830208,4250,4250
1716012294.6021712,4532830208,3022,3022
1716012295.604547,4532830208,3360,3360
1716012296.623779,4532830208,3833,3833
1716012297.6321025,4532830208,3135,3135
1716012298.6372561,4532830208,3574,3574
1716012299.6436265,4532830208,2774,2774
1716012300.649397,4532830208,4321,4321
1716012301.668819,4532830208,2457,2457
1716012302.6730216,4532830208,3995,3995
1716012303.699128,4532830208,3605,3605
1716012304.7270513,4532830208,2749,2749
1716012305.7367492,4532830208,2129,2129
1716012306.738658,4532830208,4021,4021
1716012307.7513697,4532830208,3257,3257
1716012308.753342,4532830208,2901,2901
1716012309.7547956,4532830208,4644,4644
1716012310.756082,4677545984,4754,4754
1716012311.7574675,4678864896,2153,2153
1716012312.7589662,4608282624,1784,1784
1716012313.7603056,4557119488,1639,1639
1716012314.7614634,4597542912,2348,2348
1716012315.7627356,4687110144,1150,1150
1716012316.7647362,4733480960,1701,1701
1716012317.765413,4570267648,1484,1484
1716012318.766757,4570517504,1826,1826
1716012319.7682016,4932263936,2458,2458
1716012320.7694771,4781957120,1735,1735
1716012321.7708194,4564496384,1432,1432
1716012322.77207,4589371392,1573,1573
1716012323.7734406,4718845952,3158,3158
1716012324.7750328,4739743744,1786,1786
1716012325.776383,4569493504,1986,1986
1716012326.7773647,4588777472,1848,1848
1716012327.7787988,4906303488,2369,2369
1716012328.7801397,4756570112,815,815
1716012329.7815702,4569628672,1499,1499
1716012330.7827816,4569223168,2155,2155
1716012331.7841918,4916658176,2232,2232
1716012332.785445,4739522560,2054,2054
1716012333.7868462,4607057920,1498,1498
1716012334.7884846,4569694208,2180,2180
1716012335.7894378,4666200064,2679,2679
1716012336.7906988,4993368064,1718,1718
1716012337.7920785,4559642624,2080,2080
1716012338.7936227,4557127680,1504,1504
1716012339.7949169,4570271744,1700,1700
1716012340.7962036,4800864256,2605,2605
1716012341.7974706,4694368256,1668,1668
1716012342.7989068,4588642304,2066,2066
1716012343.8004699,4557729792,1696,1696
1716012344.8015366,4750663680,2089,2089
1716012345.8028538,4629151744,2318,2318
1716012346.8041413,4697722880,2705,2705
1716012347.805408,4551004160,1542,1542
1716012348.806718,4589195264,1693,1693
1716012349.8080034,4770951168,2254,2254
1716012350.8093529,4723261440,2483,2483
1716012351.8106308,4588826624,1645,1645
1716012352.812083,4589322240,1694,1694
1716012353.8133447,4894941184,2250,2250
1716012354.814593,4694675456,2059,2059
1716012355.8158376,4569821184,2039,2039
1716012356.816576,4656066560,2015,2015
1716012357.8174775,4974637056,1938,1938
1716012358.818822,4739174400,2273,2273
1716012359.8200183,4570009600,1964,1964
1716012360.8213348,4704305152,2171,2171
1716012361.8225615,4833034240,1936,1936
1716012362.8238192,4681596928,1680,1680
1716012363.8251767,4570431488,2067,2067
1716012364.826423,4589875200,1687,1687
1716012365.8277097,4717359104,2489,2489
1716012366.8290403,4611850240,1664,1664
1716012367.8293583,4565688320,1507,1507
1716012368.830576,4717314048,1323,1323
1716012369.8608634,4564463616,4617,4617
1716012370.8802488,4564463616,3265,3265
1716012371.9046838,4564463616,3733,3733
1716012372.9342635,4569133056,2916,2916
1716012373.9355392,4603785216,3719,3719
1716012374.937396,4635242496,2490,2490
1716012375.9449642,4666699776,4493,4493
1716012376.9464,4701351936,2248,2248
1716012377.9481006,4732809216,4143,4143
1716012378.9547505,4764266496,3176,3176
1716012379.956027,4798918656,3061,3061
1716012380.963941,4833570816,3543,3543
1716012381.9828823,4868222976,3464,3464
1716012382.9944396,4906070016,2262,2262
1716012384.012516,4943671296,2392,2392
1716012385.029658,4978323456,3962,3962
1716012386.04187,5016170496,3963,3963
1716012387.0669672,5050822656,3088,3088
1716012388.0773122,5088423936,3545,3545
1716012389.0836825,5129711616,2837,2837
1716012390.1143177,5179846656,3835,3835
1716012391.1187062,5227278336,3120,3120
1716012392.1262782,5274464256,2397,2397
1716012393.134205,5324845056,1993,1993
1716012394.1431882,5368836096,4012,4012
1716012395.1586225,5409632256,3096,3096
1716012396.1645467,5460062208,3460,3460
1716012397.1938457,5526429696,2144,2144
1716012398.22597,5566980096,2464,2464
1716012399.2431312,5624004608,3324,3324
1716012400.2588568,5699551232,2872,2872
1716012401.2921882,5724372992,2986,2986
1716012402.3187108,5797126144,2893,2893
1716012403.3469586,5872689152,2853,2853
1716012404.3553064,5888172032,2731,2731
1716012405.3786087,5966815232,2481,2481
1716012406.3995988,6023778304,4064,4064
1716012407.4224901,6098980864,2862,2862
1716012408.4489024,6234611712,2197,2197
1716012409.481625,6234611712,2557,2557
1716012410.572323,6344794112,2843,2843
1716012428.177132,8239575040,663083,663083
1716012429.178367,8119508992,1877378900,1877378900
1716012430.179592,8119508992,35588,35588
1716012431.1808038,8119508992,600,600
1716012432.1820178,8119508992,0,0
1716012433.1832232,8119508992,774782291,774782291
1716012434.1844504,8119508992,1091486129,1091486129
1716012435.1856735,8119508992,0,0
1716012436.186902,8119508992,496,496
1716012437.1881368,8119508992,0,0
1716012438.1893508,8119508992,0,0
1716012439.190557,8119508992,1412,1412
1716012440.1917763,8119508992,2091,2091
1716012441.1930025,8119508992,2653,2653
1716012442.1942346,8119508992,4008,4008
1716012443.1954632,8119508992,3005,3005
1716012444.1966789,8119508992,3224,3224
1716012445.1978936,8119508992,2788,2788
1716012446.1991158,8119508992,3044,3044
1716012447.200343,8119508992,1419,1419
1716012448.201562,8119508992,3450,3450
1716012449.2027862,8119508992,2790,2790
1716012450.2040124,8119508992,3711,3711
1716012451.205238,8119508992,3863,3863
1716012452.2064655,8119508992,2400,2400
1716012453.2076879,8119508992,2142,2142
1716012454.2089193,8119508992,3734,3734
1716012455.2101357,8119508992,3126,3126
1716012456.2113607,8119508992,3332,3332
1716012457.212582,8119508992,2917,2917
1716012458.2137957,8119508992,2656,2656
1716012459.2150223,8119508992,3751,3751
1716012460.2162273,8119508992,2239,2239
1716012461.2174585,8119508992,4005,4005
1716012462.2186754,8119508992,2410,2410
1716012463.2198918,8119508992,3684,3684
1716012464.2210984,8119508992,3092,3092
1716012465.2222998,8119508992,3082,3082
1716012466.2235172,8119508992,3527,3527
1716012467.2247312,8119508992,3046,3046
1716012468.2259562,8119508992,2111,2111
1716012469.2271686,8119508992,2322,2322
1716012470.2283728,8119508992,3251,3251
1716012471.2296002,8119508992,2659,2659
1716012472.2308075,8119508992,2549,2549
1716012473.2320263,8119508992,92420,92420
1716012474.2332468,8119508992,1935,1935
1716012475.234471,8119508992,1737,1737
1716012476.2356808,8119508992,2415,2415
1716012477.2368937,8119508992,3583,3583
1716012478.2380958,8119508992,1830,1830
1716012479.2393043,8119508992,1309,1309
1716012480.240505,8119508992,1817,1817
1716012481.2417119,8119508992,3332,3332
1716012482.2429416,8119508992,3088,3088
1716012483.2441478,8119508992,4046,4046
1716012484.2453504,8119508992,2881,2881
1716012485.2465591,8119508992,3925,3925
1716012486.2477684,8119508992,2917,2917
1716012487.24896,8119508992,4062,4062
1716012488.2492886,8119508992,1972,1972
1716012489.2504766,8119508992,3992,3992
1716012490.2516632,8119508992,2977,2977
1716012491.252856,8119508992,3493,3493
1716012492.2532976,8119508992,1822,1822
1716012493.254501,8119508992,3683,3683
1716012494.2556918,8119508992,2124,2124
1716012495.2568753,8119508992,3945,3945
1716012496.2572985,8119508992,3636,3636
1716012497.258531,8119508992,2643,2643
1716012498.2597518,8119508992,3676,3676
1716012499.2609403,8119508992,2442,2442
1716012500.2612875,8119508992,2979,2979
1716012501.2624788,8119508992,3320,3320
1716012502.2636657,8119508992,3088,3088
1716012503.2648442,8119508992,3088,3088
1716012504.2652962,8119508992,2371,2371
1716012505.2664857,8119508992,2425,2425
1716012506.2676735,8119508992,4016,4016
1716012507.2688856,8119508992,2050,2050
1716012508.2692997,8119508992,3856,3856
1716012509.2704914,8119508992,3141,3141
1716012510.271685,8119508992,3679,3679
1716012511.2728767,8119508992,2877,2877
1716012512.2740703,8119508992,3614,3614
1716012513.2752714,8119508992,3204,3204
1716012514.2764688,8119508992,2905,2905
1716012515.2773235,8119508992,2978,2978
1716012516.2785556,8119508992,3267,3267
1716012517.279783,8119508992,3070,3070
1716012518.2809796,8119508992,2800,2800
1716012519.2813065,8119508992,3763,3763
1716012520.2825143,8119508992,2397,2397
1716012521.283713,8119508992,4337,4337
1716012522.2849183,8119508992,2806,2806
1716012523.2861488,8119508992,2350,2350
1716012524.2873719,8119508992,3473,3473
1716012525.2892408,8119508992,2403,2403
1716012526.2904809,8119508992,1721,1721
1716012527.2919562,8119508992,159,159
1716012528.2932222,8119508992,0,0
1716012529.295122,8119508992,161,161
1716012530.2963574,8119508992,0,0
1716012531.2979655,8119508992,501,501
1716012532.2991977,8119508992,0,0
1716012533.3009775,8119508992,0,0
1716012534.3013701,8119508992,0,0
1716012535.3031917,8119508992,0,0
1716012536.3046029,8119508992,496,496
1716012537.3064945,8119508992,0,0
1716012538.307718,8119508992,0,0
1716012539.3089285,8119508992,1172,1172
1716012540.3101468,8119508992,0,0
1716012541.3113632,8119508992,655,655
1716012542.3125765,8119508992,0,0
1716012543.3133166,8119508992,0,0
1716012544.3145187,8119508992,0,0
1716012545.3157246,8119508992,0,0
1716012546.3169334,8119508992,496,496
1716012547.3173215,8119508992,0,0
1716012548.3185327,8119508992,0,0
1716012549.3197482,8119508992,0,0
1716012550.3209574,8119508992,0,0
1716012551.3213146,8119508992,600,600
1716012552.3225253,8119508992,0,0
1716012553.323737,8119508992,0,0
1716012554.3249485,8119508992,0,0
1716012555.325312,8119508992,0,0
1716012556.32652,8119508992,496,496
1716012557.327729,8119508992,0,0
1716012558.3289392,8119508992,0,0
1716012559.3301592,8119508992,0,0
1716012560.331363,8119508992,0,0
1716012561.3325768,8119508992,496,496
1716012562.3337958,8119508992,740377125,740377125
1716012563.335011,8119508992,150978949,150978949
1716012564.3362203,8119508992,0,0
1716012565.3373075,8119508992,0,0
1716012566.3385477,8119508992,363518324,363518324
1716012569.7350414,10567471104,1254802035,1254802035
1716012570.7444987,9373040640,4475,4475
1716012571.7563937,9373040640,3583,3583
1716012572.770933,9373040640,2926,2926
1716012573.7969768,9373040640,3296,3296
1716012574.8092844,9373040640,3127,3127
1716012575.824562,9373040640,3954,3954
1716012576.85131,9373040640,3017,3017
1716012577.8640337,9373040640,3723,3723
1716012578.876117,9373040640,2269,2269
1716012579.9033484,9373040640,4238,4238
1716012580.916673,9373040640,3731,3731
1716012581.942997,9373040640,3388,3388
1716012582.9589932,9373286400,3401,3401
1716012583.9602323,9373286400,3181,3181
1716012584.9614801,9373286400,3618,3618
1716012586.002606,9373286400,2397,2397
1716012587.0290453,9373286400,3669,3669
1716012588.0416782,9373286400,2124,2124
1716012589.0692296,9373286400,2228,2228
1716012590.0742228,9373286400,3477,3477
1716012591.080591,9373286400,1959,1959
1716012592.1047041,9373286400,3841,3841
1716012593.1261456,9373286400,2925,2925
1716012594.1491542,9373286400,3685,3685
1716012595.1579287,9373286400,2900,2900
1716012596.1728723,9373286400,4602,4602
1716012597.1906211,9373286400,2613,2613
1716012598.1996412,9373286400,3897,3897
1716012599.2018268,9373286400,3474,3474
1716012600.2145224,9373286400,3001,3001
1716012601.2160442,9373286400,4319,4319
1716012602.2221272,9373286400,3117,3117
1716012603.2236547,9373286400,3185,3185
1716012604.2266853,9373286400,3060,3060
1716012605.237219,9373286400,3431,3431
1716012606.242527,9373286400,2907,2907
1716012607.2649076,9373286400,3165,3165
1716012608.2982807,9373286400,2805,2805
1716012609.3121033,9373286400,3943,3943
1716012610.3217833,9373286400,2447,2447
1716012611.3486624,9373286400,4570,4570
1716012612.3741133,9373286400,3143,3143
1716012613.3753314,9373286400,2377,2377
1716012614.3767328,9373286400,729,729
1716012615.3781443,9373286400,160,160
1716012616.379351,9373286400,511,511
1716012617.3805683,9373286400,572,572
1716012618.381881,9373286400,741,741
1716012619.3831415,4421808128,2050,2050
1716012620.384361,4421808128,0,0
1716012621.385593,4421808128,505,505
1716012622.3867993,4421808128,0,0
1716012623.388006,4421808128,0,0
1716012624.389228,4421808128,0,0
1716012625.3904538,4421808128,0,0
1716012626.391651,4421808128,496,496
1716012627.3928745,4421808128,0,0
1716012628.3940785,4421808128,0,0
1716012629.395291,4421808128,0,0
1716012630.3959012,4421808128,0,0
1716012631.3971543,4421808128,496,496
1716012632.3983572,4421808128,0,0
1716012633.3995948,4421808128,0,0
1716012634.4008257,4421808128,0,0
1716012635.4020586,4421808128,0,0
1716012636.403275,4421808128,496,496
1716012637.4045753,4421808128,0,0
1716012638.405821,4421808128,0,0
1716012639.4071283,4421808128,0,0
1716012640.4083538,4421808128,0,0
1716012641.4095924,4421808128,496,496
1716012642.4108214,4421808128,0,0
1716012643.412048,4421808128,0,0
1716012644.4132807,4421808128,0,0
1716012645.4145095,4421808128,0,0
1716012646.415762,4421808128,496,496
1716012647.416997,4421808128,857707496,857707496
1716012650.711295,6869897216,1651994096,1651994096
1716012651.7218041,5677559808,4470,4470
1716012652.7296643,5677559808,2521,2521
1716012653.75279,5677559808,3724,3724
1716012654.7615376,5677559808,2582,2582
1716012655.7712524,5677559808,4283,4283
1716012656.7935343,5677559808,2270,2270
1716012657.7997744,5677559808,4073,4073
1716012658.805938,5677559808,3289,3289
1716012659.82736,5677559808,3401,3401
1716012660.833838,5677559808,3713,3713
1716012661.8421905,5677559808,3376,3376
1716012662.865016,5677559808,3551,3551
1716012663.8747253,5677559808,2779,2779
1716012664.8993802,5677559808,4048,4048
1716012665.9082997,5677559808,3926,3926
1716012666.9356937,5677559808,3209,3209
1716012667.9466267,5677559808,3561,3561
1716012668.9730518,5677559808,2480,2480
1716012669.9861007,5677559808,3862,3862
1716012671.002127,5677559808,3253,3253
1716012672.0199203,5677559808,3007,3007
1716012673.0432172,5677559808,3101,3101
1716012674.047836,5677559808,3318,3318
1716012675.0498724,5677559808,3074,3074
1716012676.0541492,5677559808,4015,4015
1716012677.0662327,5677559808,2656,2656
1716012678.0852954,5677559808,3547,3547
1716012679.1067815,5677559808,2125,2125
1716012680.137692,5677559808,2926,2926
1716012681.1403074,5677559808,3873,3873
1716012682.1430266,5677559808,3335,3335
1716012683.1442337,5677559808,2934,2934
1716012684.1462681,5677559808,2938,2938
1716012685.1616309,5677559808,3363,3363
1716012686.1845334,5677559808,3827,3827
1716012687.1853364,5677559808,2744,2744
1716012688.2012634,5677559808,3774,3774
1716012689.2135966,5677559808,3384,3384
1716012690.2314382,5677559808,2841,2841
1716012691.2532127,5677559808,3090,3090
1716012692.2635016,5677559808,2265,2265
1716012693.284782,5677559808,3914,3914
1716012694.2854311,5677559808,3745,3745
1716012695.286786,5677559808,4049,4049
1716012696.2880917,5677559808,4851,4851
1716012697.2896311,5677559808,3649,3649
1716012698.2909973,5677559808,4525,4525
1716012699.2913744,5677559808,4466,4466
1716012700.2927687,5677559808,3721,3721
1716012701.2938333,5677559808,3230,3230
1716012702.2955978,5677559808,3060,3060
1716012703.2974272,5677559808,2262,2262
1716012704.2991056,5677559808,2072,2072
1716012705.3002806,5677559808,2383,2383
1716012706.3013673,5677559808,3300,3300
1716012707.302948,5677559808,2174,2174
1716012708.3043597,5677559808,2467,2467
1716012709.3060899,5677559808,2355,2355
1716012710.3075154,5677559808,2163,2163
1716012711.30917,5677559808,2182,2182
1716012712.3103743,5677559808,2479,2479
1716012713.3115838,5677559808,2444,2444
1716012714.3129501,5677559808,2698,2698
1716012715.313474,5677559808,2358,2358
1716012716.3151994,5677559808,2423,2423
1716012717.3165488,5677559808,2499,2499
1716012718.3180864,5677559808,2151,2151
1716012719.3194735,5677559808,1913,1913
1716012720.3206816,5677559808,1668,1668
1716012721.321513,5677559808,3590,3590
1716012722.3227262,5677559808,3352,3352
1716012723.3240337,5677559808,3089,3089
1716012724.3253543,5677559808,3047,3047
1716012725.3269048,5677559808,2246,2246
1716012726.3282998,5677559808,2273,2273
1716012727.3299975,5677559808,1495,1495
1716012728.332143,5677559808,3240,3240
1716012729.3337133,5677559808,2657,2657
1716012730.3349562,5677559808,2502,2502
1716012731.336259,5677559808,3320,3320
1716012732.3562582,5677559808,4563,4563
1716012733.3764064,5677559808,4860,4860
1716012734.3777134,5677559808,4990,4990
1716012735.379414,5677559808,4178,4178
1716012736.395965,5677559808,4050,4050
1716012737.407699,5677559808,3663,3663
1716012738.4399652,5677559808,3198,3198
1716012739.465759,5677559808,2501,2501
1716012740.4681096,5677559808,2571,2571
1716012741.4918776,5677559808,2747,2747
1716012742.4931374,5677559808,2898,2898
1716012743.5052109,5677559808,2496,2496
1716012744.509742,5677559808,2194,2194
1716012745.5136414,5677559808,2397,2397
1716012746.523762,5677559808,2947,2947
1716012747.525364,5677559808,2146,2146
1716012748.5312073,5677559808,2993,2993
1716012749.5407662,5677559808,2894,2894
1716012750.5458424,5677559808,3651,3651
1716012751.5638282,5677559808,3132,3132
1716012752.5976965,5677559808,2339,2339
1716012753.6227684,5677559808,2186,2186
1716012754.6293955,5677559808,3292,3292
1716012755.6306183,5677559808,2200,2200
1716012756.6589913,5677559808,3322,3322
1716012757.6601963,5677559808,2543,2543
1716012758.690949,5677559808,3909,3909
1716012759.7136302,5677559808,2530,2530
1716012760.742794,5677559808,2782,2782
1716012761.7718308,5738262528,2057,2057
1716012762.798911,5797982208,2999,2999
1716012763.8212247,5797982208,2480,2480
1716012764.8229814,5879083008,2856,2856
1716012765.8567932,5888839680,3110,3110
1716012766.8580134,5913661440,2074,2074
1716012767.8915358,5995499520,3977,3977
1716012768.9100616,6042656768,2332,2332
1716012769.9401178,6127689728,2501,2501
1716012770.949478,6250721280,3229,3229
1716012771.967802,6256865280,3269,3269
1716012772.9727278,6361141248,1438,1438
1716012789.246144,8211468288,108142,108142
1716012790.4274044,11349577728,394871,394871
1716012791.4286406,8226729984,1871503508,1871503508
1716012792.4293408,8226729984,0,0
1716012793.4305587,8226729984,0,0
1716012794.4313366,8226729984,0,0
1716012795.4325514,8226729984,0,0
1716012796.4333284,8226729984,766430608,766430608
1716012797.4345665,8226729984,1105467370,1105467370
1716012798.4357767,8226729984,0,0
1716012799.4369845,8226729984,302,302
1716012800.4373002,8226729984,0,0
1716012801.438504,8226729984,1825,1825
1716012802.4397058,8226729984,1537,1537
1716012803.4408996,8226729984,2097,2097
1716012804.4413056,8226729984,3431,3431
1716012805.44251,8226729984,2685,2685
1716012806.4437058,8226729984,2506,2506
1716012807.4448984,8226729984,2088,2088
1716012808.4453073,8226729984,3272,3272
1716012809.4465036,8226729984,2220,2220
1716012810.447692,8226729984,3618,3618
1716012811.448899,8226729984,2661,2661
1716012812.4493012,8226729984,3812,3812
1716012813.450501,8226729984,3110,3110
1716012814.4516835,8226729984,3040,3040
1716012815.4528773,8226729984,3260,3260
1716012816.4533167,8226729984,3296,3296
1716012817.4545286,8226729984,3733,3733
1716012818.4557273,8226729984,2402,2402
1716012819.4569223,8226729984,2353,2353
1716012820.457329,8226729984,2855,2855
1716012821.4585626,8226729984,2405,2405
1716012822.4597669,8226729984,2381,2381
1716012823.4609697,8226729984,2925,2925
1716012824.4621828,8226729984,2597,2597
1716012825.4633734,8226729984,2062,2062
1716012826.4645603,8226729984,2261,2261
1716012827.4653044,8226729984,2769,2769
1716012828.4665303,8226729984,3311,3311
1716012829.4677188,8226729984,3135,3135
1716012830.4689188,8226729984,3196,3196
1716012831.4693089,8226729984,2638,2638
1716012832.470507,8226729984,2467,2467
1716012833.4717066,8226729984,3264,3264
1716012834.4729095,8226729984,2482,2482
1716012835.4733105,8226729984,3380,3380
1716012836.4745111,8226729984,2689,2689
1716012837.4757316,8226729984,3980,3980
1716012838.476931,8226729984,3152,3152
1716012839.477312,8226729984,3070,3070
1716012840.4785116,8226729984,2700,2700
1716012841.479706,8226729984,3106,3106
1716012842.4808998,8226729984,2504,2504
1716012843.4813702,8226729984,2273,2273
1716012844.482708,8226729984,3166,3166
1716012845.4840229,8226729984,2858,2858
1716012846.4852924,8226729984,5218,5218
1716012847.4865227,8226729984,2099,2099
1716012848.4877548,8226729984,4123,4123
1716012849.4889982,8226729984,3025,3025
1716012850.4902756,8226729984,3198,3198
1716012851.4915078,8226729984,3445,3445
1716012852.4927442,8226729984,2990,2990
1716012853.49331,8226729984,3193,3193
1716012854.494516,8226729984,2694,2694
1716012855.4957047,8226729984,3995,3995
1716012856.4969065,8226729984,2601,2601
1716012857.4973016,8226729984,2369,2369
1716012858.4985104,8226729984,1780,1780
1716012859.4997268,8226729984,3911,3911
1716012860.5009236,8226729984,3229,3229
1716012861.5013027,8226729984,2880,2880
1716012862.5025008,8226729984,2148,2148
1716012863.5036879,8226729984,2377,2377
1716012864.504874,8226729984,3705,3705
1716012865.5052946,8226729984,2793,2793
1716012866.5064876,8226729984,3704,3704
1716012867.5076764,8226729984,3145,3145
1716012868.5088692,8226729984,2987,2987
1716012869.5093012,8226729984,2967,2967
1716012870.510492,8226729984,3175,3175
1716012871.51169,8226729984,3081,3081
1716012872.512886,8226729984,2852,2852
1716012873.5133042,8226729984,2766,2766
1716012874.5145028,8226729984,2993,2993
1716012875.5156927,8226729984,3203,3203
1716012876.5168822,8226729984,3065,3065
1716012877.5172997,8226729984,1523,1523
1716012878.5184953,8226729984,3654,3654
1716012879.5197153,8226729984,2092,2092
1716012880.5209074,8226729984,3837,3837
1716012881.521337,8226729984,2221,2221
1716012882.5216882,8226729984,3743,3743
1716012883.5228853,8226729984,3138,3138
1716012884.5240884,8226729984,3029,3029
1716012885.5252948,8226729984,3073,3073
1716012886.5264904,8226729984,2879,2879
1716012887.5283947,8226729984,2151,2151
1716012888.529641,8226729984,1413,1413
1716012889.5315716,8226729984,1283,1283
1716012890.5328138,8226729984,316,316
1716012891.5340204,8226729984,400,400
1716012892.5352585,8226729984,0,0
1716012893.5371103,8226729984,0,0
1716012894.537624,8226729984,0,0
1716012895.539275,8226729984,152,152
1716012896.5405684,8226729984,344,344
1716012897.5418534,8226729984,0,0
1716012898.5435143,8226729984,0,0
1716012899.5453436,8226729984,0,0
1716012900.54684,8226729984,152,152
1716012901.5480397,8226729984,714,714
1716012902.5492513,8226729984,808,808
1716012903.5504482,8226729984,0,0
1716012904.5516405,8226729984,302,302
1716012905.5528224,8226729984,153,153
1716012906.5538065,8226729984,349,349
1716012907.5550041,8226729984,0,0
1716012908.5555134,8226729984,0,0
1716012909.5566986,8226729984,0,0
1716012910.5574942,8226729984,152,152
1716012911.5586915,8226729984,344,344
1716012912.5598886,8226729984,0,0
1716012913.561099,8226729984,0,0
1716012914.5613105,8226729984,0,0
1716012915.562526,8226729984,152,152
1716012916.563722,8226729984,344,344
1716012917.564916,8226729984,0,0
1716012918.5652988,8226729984,0,0
1716012919.5664937,8226729984,0,0
1716012920.5676866,8226729984,152,152
1716012921.5688794,8226729984,448,448
1716012922.5692987,8226729984,0,0
1716012923.5704973,8226729984,0,0
1716012924.571687,8226729984,0,0
1716012925.5728762,8226729984,152,152
1716012926.5740733,8226729984,344,344
1716012927.574675,8226729984,0,0
1716012928.5758536,8226729984,0,0
1716012929.5770473,8272441344,857689002,857689002
1716012932.922779,10830348288,1652021815,1652021815
1716012933.9355505,9551929344,4511,4511
1716012934.9474819,9551929344,2523,2523
1716012935.9757226,9551929344,3715,3715
1716012936.9893286,9551929344,3000,3000
1716012938.0032353,9551929344,3619,3619
1716012939.005912,9551929344,1919,1919
1716012940.0175006,9551929344,3502,3502
1716012941.0289147,9551929344,3023,3023
1716012942.0413232,9551929344,2014,2014
1716012943.0679157,9551929344,4040,4040
1716012944.0800228,9551929344,3516,3516
1716012945.0812576,9551929344,2931,2931
1716012946.082614,9551929344,3822,3822
1716012947.0863667,9551929344,2997,2997
1716012948.1078582,9551929344,3961,3961
1716012949.1091814,9551929344,2469,2469
1716012950.1104457,9551929344,4052,4052
1716012951.1256645,9551929344,3783,3783
1716012952.130487,9551929344,3047,3047
1716012953.137554,9551929344,3731,3731
1716012954.1444273,9551929344,2918,2918
1716012955.169008,9551929344,3542,3542
1716012956.1788802,9551929344,3376,3376
1716012957.1821294,9551929344,3879,3879
1716012958.1946976,9551929344,2488,2488
1716012959.2116034,9551929344,3926,3926
1716012960.2163732,9551929344,3310,3310
1716012961.2173448,9551929344,3519,3519
1716012962.2377775,9551929344,3556,3556
1716012963.2390087,9551929344,3086,3086
1716012964.2586956,9551929344,3672,3672
1716012965.2781956,9551929344,2542,2542
1716012966.2911801,9551929344,4627,4627
1716012967.2993715,9551929344,2376,2376
1716012968.3084714,9551929344,4182,4182
1716012969.3236144,9551929344,2332,2332
1716012970.3351972,9551929344,2655,2655
1716012971.3554606,9551929344,3958,3958
1716012972.362867,9551929344,3172,3172
1716012973.3711085,9551929344,3690,3690
1716012974.3723855,9551929344,2819,2819
1716012975.3760614,9551929344,3650,3650
1716012976.386445,9551929344,4062,4062
1716012977.3876789,9551929344,2809,2809
1716012978.3888998,9551929344,2509,2509
1716012979.3900132,9551929344,673,673
1716012980.3918223,9551929344,0,0
1716012981.3934257,9551929344,671,671
1716012982.3949013,4537606144,1260,1260
1716012983.3952289,4537606144,2040,2040
1716012984.3964305,4537606144,0,0
1716012985.3973112,4537606144,303,303
1716012986.3985238,4537606144,502,502
1716012987.3997304,4537606144,0,0
1716012988.400934,4537606144,0,0
1716012989.4015658,4537606144,0,0
1716012990.4027724,4537606144,0,0
1716012991.403991,4537606144,496,496
1716012992.4051979,4537606144,0,0
1716012993.4064143,4537606144,0,0
1716012994.4076252,4537606144,0,0
1716012995.4088342,4537606144,0,0
1716012996.4093342,4537606144,496,496
1716012997.4105628,4537606144,0,0
1716012998.4113436,4537606144,0,0
1716012999.4125614,4537606144,0,0
1716013000.4136114,4537606144,0,0
1716013001.4148216,4537606144,496,496
1716013002.416042,4537606144,0,0
1716013003.417275,4537606144,0,0
1716013004.418491,4537606144,0,0
1716013005.4196994,4537606144,0,0
1716013006.420917,4537606144,600,600
1716013007.4213207,4538589184,33638361,33638361
1716013008.4225397,4538589184,0,0
1716013009.4237537,4538589184,0,0
1716013010.424967,4538589184,0,0
1716013011.4253194,4538589184,874495426,874495426
1716013014.5645068,7151595520,1601475726,1601475726
1716013015.581369,5875052544,2808,2808
1716013016.5946789,5875052544,2131,2131
1716013017.6097538,5875052544,2271,2271
1716013018.6371078,5875052544,3684,3684
1716013019.650042,5875052544,2755,2755
1716013020.6613922,5875052544,3219,3219
1716013021.6912067,5875052544,2932,2932
1716013022.7034953,5875052544,3991,3991
1716013023.7172062,5875052544,2495,2495
1716013024.7465541,5875052544,3981,3981
1716013025.7576265,5875052544,3493,3493
1716013026.784468,5875052544,3405,3405
1716013027.7866776,5875052544,2238,2238
1716013028.799456,5875052544,2463,2463
1716013029.8276808,5875052544,3392,3392
1716013030.8423548,5875052544,2854,2854
1716013031.8452504,5875052544,3677,3677
1716013032.849402,5875052544,2799,2799
1716013033.8657463,5875052544,4031,4031
1716013034.88777,5875052544,3493,3493
1716013035.8890076,5875052544,3294,3294
1716013036.89865,5875052544,3605,3605
1716013037.923476,5875052544,2912,2912
1716013038.9270818,5875052544,3816,3816
1716013039.9530005,5875052544,2199,2199
1716013040.9805014,5875052544,3745,3745
1716013041.9837446,5875052544,3311,3311
1716013043.0003893,5875052544,4063,4063
1716013044.0031545,5875052544,3511,3511
1716013045.018857,5875052544,3662,3662
1716013046.0249217,5875052544,3273,3273
1716013047.0391107,5875052544,3742,3742
1716013048.0421937,5875052544,2918,2918
1716013049.0641394,5875052544,3421,3421
1716013050.0731013,5875052544,2843,2843
1716013051.0910852,5875052544,4151,4151
1716013052.0976975,5875052544,2948,2948
1716013053.1041372,5875052544,3806,3806
1716013054.1072788,5875052544,3259,3259
1716013055.1123037,5875052544,2917,2917
1716013056.1164668,5875052544,3756,3756
1716013057.136526,5875052544,3174,3174
1716013058.1558492,5875052544,3470,3470
1716013059.1572177,5875052544,5643,5643
1716013060.1589093,5875052544,4530,4530
1716013061.1605124,5875052544,4203,4203
1716013062.1614985,5875052544,2507,2507
1716013063.1631029,5875052544,1962,1962
1716013064.164291,5875052544,2157,2157
1716013065.1653154,5875052544,2601,2601
1716013066.166639,5875052544,2167,2167
1716013067.1681838,5875052544,2012,2012
1716013068.1696568,5875052544,2505,2505
1716013069.1712027,5875052544,2136,2136
1716013070.1729512,5875052544,2185,2185
1716013071.173437,5875052544,3834,3834
1716013072.1746452,5875052544,2166,2166
1716013073.1751783,5875052544,2612,2612
1716013074.176494,5875052544,2049,2049
1716013075.1776886,5875052544,2339,2339
1716013076.1792798,5875052544,2599,2599
1716013077.1806593,5875052544,2465,2465
1716013078.1821904,5875052544,91157,91157
1716013079.1835454,5875052544,2533,2533
1716013080.1847422,5875052544,2403,2403
1716013081.1853147,5875052544,2917,2917
1716013082.1866841,5875052544,2373,2373
1716013083.1883452,5875052544,2461,2461
1716013084.1894817,5875052544,2158,2158
1716013085.1911597,5875052544,2646,2646
1716013086.1931949,5875052544,3011,3011
1716013087.1953213,5875052544,2455,2455
1716013088.1966689,5875052544,2121,2121
1716013089.1974885,5875052544,5956,5956
1716013090.1986773,5875052544,2066,2066
1716013091.200007,5875052544,1977,1977
1716013092.2016876,5875052544,1989,1989
1716013093.2037246,5875052544,2615,2615
1716013094.2051709,5875052544,1859,1859
1716013095.206996,5875052544,1891,1891
1716013096.2084925,5875052544,3747,3747
1716013097.2093382,5875052544,3054,3054
1716013098.242103,5875052544,4880,4880
1716013099.2671664,5875052544,2676,2676
1716013100.2692323,5875052544,3790,3790
1716013101.2963605,5875052544,3447,3447
1716013102.3242571,5875052544,3976,3976
1716013103.3603911,5875052544,2671,2671
1716013104.3860877,5875052544,3490,3490
1716013105.3873384,5875052544,2798,2798
1716013106.407162,5875052544,2778,2778
1716013107.4129224,5875052544,2184,2184
1716013108.4380302,5875052544,4024,4024
1716013109.4490056,5875052544,3032,3032
1716013110.4548113,5875052544,2582,2582
1716013111.460202,5875052544,2720,2720
1716013112.4944217,5875052544,2507,2507
1716013113.5306776,5875052544,3460,3460
1716013114.56465,5875052544,2767,2767
1716013115.5667975,5875052544,4218,4218
1716013116.5758722,5875052544,2540,2540
1716013117.5924582,5875052544,4143,4143
1716013118.5936823,5875052544,2149,2149
1716013119.6197526,5875052544,3185,3185
1716013120.6503656,5875052544,2763,2763
1716013121.6739557,5875052544,2715,2715
1716013122.6993916,5875052544,2844,2844
1716013123.7058377,5875052544,3046,3046
1716013124.7350936,5875052544,3530,3530
1716013125.752325,5875052544,3120,3120
1716013126.7545924,5875052544,3896,3896
1716013127.77949,5934772224,3459,3459
1716013128.793189,6016364544,2763,2763
1716013129.805806,6016364544,2148,2148
1716013130.812527,6114177024,2887,2887
1716013131.813778,6123749376,2398,2398
1716013132.8391979,6142427136,2476,2476
1716013133.8668466,6227460096,2949,2949
1716013134.8868754,6277787648,2767,2767
1716013135.9190602,6359625728,2559,2559
1716013136.9307642,6485843968,1781,1781
1716013137.9451468,6488547328,1868,1868
1716013138.9600608,6595895296,2351,2351
1716013156.5208898,8496918528,73571,73571
1716013157.522154,8471158784,3263181621,3263181621
1716013158.5233998,8471158784,1028,1028
1716013159.524634,8471158784,104,104
1716013160.525857,8471158784,152,152
1716013161.5271096,8471158784,480089231,480089231
1716013162.5283551,8471158784,0,0
1716013163.529606,8471158784,0,0
1716013164.530834,8471158784,0,0
1716013165.532063,8471158784,152,152
1716013166.5333292,8471158784,1720,1720
1716013167.534547,8471158784,1838,1838
1716013168.5357633,8471158784,2177,2177
1716013169.5369596,8471158784,3698,3698
1716013170.538173,8471158784,1984,1984
1716013171.5393782,8471158784,4063,4063
1716013172.540589,8471158784,3009,3009
1716013173.541313,8471158784,3039,3039
1716013174.5425184,8471158784,2137,2137
1716013175.543712,8471158784,2256,2256
1716013176.5449078,8471158784,3701,3701
1716013177.5461173,8471158784,2560,2560
1716013178.5473125,8471158784,3703,3703
1716013179.5485353,8471158784,2534,2534
1716013180.5497613,8471158784,3842,3842
1716013181.550965,8471158784,3544,3544
1716013182.552186,8471158784,2250,2250
1716013183.5533977,8471158784,2203,2203
1716013184.5546253,8471158784,1657,1657
1716013185.5558596,8471158784,2259,2259
1716013186.5570648,8471158784,2782,2782
1716013187.5582802,8471158784,2640,2640
1716013188.5595355,8471158784,3076,3076
1716013189.560738,8471158784,3021,3021
1716013190.5613034,8471158784,3143,3143
1716013191.5625055,8471158784,3906,3906
1716013192.563703,8471158784,2703,2703
1716013193.5648985,8471158784,2456,2456
1716013194.5661092,8471158784,1787,1787
1716013195.567313,8471158784,3346,3346
1716013196.5685332,8471158784,2669,2669
1716013197.5697448,8471158784,3690,3690
1716013198.5709743,8471158784,2342,2342
1716013199.5721939,8471158784,3649,3649
1716013200.5734005,8471158784,3516,3516
1716013201.574616,8471158784,3221,3221
1716013202.575813,8471158784,2406,2406
1716013203.5770159,8471158784,2197,2197
1716013204.57734,8471158784,2793,2793
1716013205.5785534,8471158784,2432,2432
1716013206.5797596,8471158784,3443,3443
1716013207.5809839,8471158784,2385,2385
1716013208.5821934,8471158784,3147,3147
1716013209.5833952,8471158784,3014,3014
1716013210.5846121,8471158784,3030,3030
1716013211.58531,8471158784,3011,3011
1716013212.58652,8471158784,1331,1331
1716013213.5877166,8471158784,721,721
1716013214.5889127,8471158784,158,158
1716013215.5893095,8471158784,314,314
1716013216.5905163,8471158784,354,354
1716013217.5917225,8471158784,0,0
1716013218.5929227,8471158784,1956,1956
1716013219.593307,8471158784,1779,1779
1716013220.594529,8471158784,2253,2253
1716013221.5957427,8471158784,3779,3779
1716013222.5969427,8471158784,2719,2719
1716013223.597307,8471158784,3716,3716
1716013224.598512,8471158784,2377,2377
1716013225.5997207,8471158784,4220,4220
1716013226.6009243,8471158784,3398,3398
1716013227.6021476,8471158784,2808,2808
1716013228.6033645,8471158784,3364,3364
1716013229.6045752,8471158784,2750,2750
1716013230.6057818,8471158784,3853,3853
1716013231.6069958,8471158784,2732,2732
1716013232.6081817,8471158784,3881,3881
1716013233.6094005,8471158784,2280,2280
1716013234.6106064,8471158784,3828,3828
1716013235.611815,8471158784,2250,2250
1716013236.6130202,8471158784,4180,4180
1716013237.6142306,8471158784,2178,2178
1716013238.6154566,8471158784,2553,2553
1716013239.6166599,8471158784,2237,2237
1716013240.6178603,8471158784,2561,2561
1716013241.6191154,8471158784,3315,3315
1716013242.6203318,8471158784,2759,2759
1716013243.6213212,8471158784,3647,3647
1716013244.6225357,8471158784,2409,2409
1716013245.6237245,8471158784,4438,4438
1716013246.624953,8471158784,1731,1731
1716013247.6253061,8471158784,4012,4012
1716013248.6265166,8471158784,1871,1871
1716013249.6277335,8471158784,2177,2177
1716013250.6289344,8471158784,3666,3666
1716013251.6293051,8471158784,3012,3012
1716013252.630508,8471158784,2420,2420
1716013253.6317298,8471158784,1982,1982
1716013254.6329265,8471158784,3805,3805
1716013255.6333046,8471158784,2766,2766
1716013256.6345472,8471158784,3924,3924
1716013257.6357515,8471158784,2836,2836
1716013258.6369598,8471158784,2812,2812
1716013259.637359,8471158784,3247,3247
1716013260.638905,8471158784,2106,2106
1716013261.64018,8471158784,942,942
1716013262.6416008,8471158784,0,0
1716013263.6428015,8471158784,161,161
1716013264.644795,8471158784,0,0
1716013265.6456501,8471158784,349,349
1716013266.6468842,8471158784,152,152
1716013267.6483102,8471158784,0,0
1716013268.6493335,8471158784,0,0
1716013269.6509173,8471158784,0,0
1716013270.6521478,8471158784,344,344
1716013271.6543148,8471158784,152,152
1716013272.6555758,8471158784,0,0
1716013273.656786,8471158784,364,364
1716013274.657314,8471158784,834,834
1716013275.6585264,8471158784,298,298
1716013276.6597388,8471158784,207,207
1716013277.66095,8471158784,190,190
1716013278.6613173,8471158784,0,0
1716013279.6625416,8471158784,0,0
1716013280.6637545,8471158784,344,344
1716013281.6649678,8471158784,152,152
1716013282.6661887,8471158784,0,0
1716013283.6673956,8471158784,0,0
1716013284.6686146,8471158784,0,0
1716013285.669819,8471158784,344,344
1716013286.6710384,8471158784,152,152
1716013287.6722558,8471158784,0,0
1716013288.673324,8471158784,0,0
1716013289.6745448,8471158784,0,0
1716013290.6757643,8471158784,344,344
1716013291.6769779,8471158784,152,152
1716013292.6781943,8471158784,0,0
1716013293.6795278,8471158784,0,0
1716013294.6808605,8471158784,0,0
1716013295.6822007,8471158784,344,344
1716013296.6835134,8471158784,152,152
1716013297.684737,8471158784,0,0
1716013298.6853402,8471158784,0,0
1716013299.6865497,8471158784,0,0
1716013300.6878853,8471158784,344,344
1716013301.689108,8471404544,840567929,840567929
1716013305.0547428,9486520320,1669216436,1669216436
1716013306.0634398,9402572800,5214,5214
1716013307.095592,9402572800,2869,2869
1716013308.1151938,9402572800,3372,3372
1716013309.119458,9402572800,2937,2937
1716013310.136453,9402572800,3659,3659
1716013311.1385605,9402572800,3207,3207
1716013312.1579032,9402572800,3944,3944
1716013313.161619,9402572800,2570,2570
1716013314.1820488,9402572800,4215,4215
1716013315.187231,9402572800,3318,3318
1716013316.2084289,9402572800,3083,3083
1716013317.2116845,9402572800,1696,1696
1716013318.2285504,9402572800,3983,3983
1716013319.2470303,9402572800,2463,2463
1716013320.2524905,9402572800,3067,3067
1716013321.259897,9402572800,3336,3336
1716013322.2926466,9402572800,3935,3935
1716013323.3275647,9402572800,2444,2444
1716013324.347527,9402572800,4322,4322
1716013325.3554206,9402572800,3189,3189
1716013326.3727958,9402572800,3923,3923
1716013327.379321,9402572800,3597,3597
1716013328.3871014,9402572800,2846,2846
1716013329.410134,9402572800,3726,3726
1716013330.4320126,9402572800,2341,2341
1716013331.43797,9402572800,3223,3223
1716013332.4659622,9402572800,2889,2889
1716013333.469388,9402572800,3570,3570
1716013334.492773,9402572800,3103,3103
1716013335.5031695,9402572800,4100,4100
1716013336.5069227,9402572800,3015,3015
1716013337.5208232,9402572800,4448,4448
1716013338.5288658,9402572800,3137,3137
1716013339.5364156,9402572800,3137,3137
1716013340.5618331,9402572800,2473,2473
1716013341.5635452,9402572800,2823,2823
1716013342.5866952,9402572800,3264,3264
1716013343.5982018,9402572800,2907,2907
1716013344.6044917,9402572800,3947,3947
1716013345.617596,9402572800,2270,2270
1716013346.6435297,9402572800,4581,4581
1716013347.6447306,9402572800,2812,2812
1716013348.6453326,9402572800,2184,2184
1716013349.646683,9402572800,854,854
1716013350.6485498,9402572800,2004,2004
1716013351.6501222,9402572800,212,212
1716013352.6513717,4388200448,1262,1262
1716013353.6526072,4388200448,0,0
1716013354.653402,3469230080,4417,4417
