Timestamp,MemoryUsage,NetSent,NetRecv
1716011385.8902025,514105344,0,0
1716011386.891692,521232384,5216,5216
1716011387.8930976,521232384,153,153
1716011388.8944674,521232384,457,457
1716011389.89569,521232384,0,0
1716011390.8970125,521232384,3130,3130
1716011391.8974278,521232384,313,313
1716011392.8988872,521232384,152,152
1716011393.9002445,521232384,313,313
1716011394.901348,521232384,0,0
1716011395.9025497,521232384,349,349
1716011396.9038327,521232384,2793,2793
1716011397.9052212,521232384,3274,3274
1716011398.9065647,521232384,1611,1611
1716011399.9077854,521232384,639,639
1716011400.9090385,521232384,517,517
1716011401.909408,521232384,157,157
1716011402.9107053,521232384,152,152
1716011403.911431,521232384,152,152
1716011404.9128006,521232384,0,0
1716011405.9135633,521232384,344,344
1716011406.9148054,521232384,1040,1040
1716011407.9160657,521232384,2308,2308
1716011408.9169545,521232384,1886,1886
1716011409.9181657,521232384,1823,1823
1716011410.9193778,521232384,615,615
1716011411.920617,521232384,157,157
1716011412.9213138,521232384,152,152
1716011413.9225206,521232384,152,152
1716011414.923725,521232384,0,0
1716011415.9249241,521232384,344,344
1716011416.925319,521232384,152,152
1716011417.926521,521232384,152,152
1716011418.9277213,521232384,152,152
1716011419.9289403,521232384,356,356
1716011420.929312,521232384,347,347
1716011421.9305139,521232384,155,155
1716011422.9317262,521232384,152,152
1716011423.932929,521232384,152,152
1716011424.9332976,521232384,338,338
1716011425.9345129,521232384,347,347
1716011426.9357061,521232384,155,155
1716011427.9369113,521232384,152,152
1716011428.937307,521232384,504,504
1716011429.9380093,521232384,0,0
1716011430.939281,521232384,347,347
1716011431.9405594,521232384,155,155
1716011432.9413617,521232384,152,152
1716011433.9426286,521232384,353,353
1716011434.9438784,521232384,1414,1414
1716011435.9451575,521232384,1744,1744
1716011436.946423,521232384,3117,3117
1716011437.9476204,521232384,3193,3193
1716011438.9488292,521232384,1298,1298
1716011439.950036,521232384,2362,2362
1716011440.9512448,521232384,2332,2332
1716011441.9524548,521232384,1289,1289
1716011442.9537,521232384,4037,4037
1716011443.954904,521232384,2398,2398
1716011444.9561138,521232384,2463,2463
1716011445.9573057,521232384,2740,2740
1716011446.958026,521232384,2763,2763
1716011447.9593523,521232384,3196,3196
1716011448.9606748,521232384,1961,1961
1716011449.961896,521232384,4110,4110
1716011450.963154,521232384,2099,2099
1716011451.9644072,521232384,518,518
1716011452.9656112,521232384,152,152
1716011453.9668355,521232384,307,307
1716011454.9680488,521232384,0,0
1716011455.9693754,521232384,347,347
1716011456.970588,521232384,154,154
1716011457.9717927,521232384,304,304
1716011458.9730093,521232384,1172,1172
1716011459.9733298,521478144,4275,4275
1716011460.9745486,521478144,357,357
1716011461.9750423,521478144,155,155
1716011462.976249,521478144,304,304
1716011463.9773495,521478144,358,358
1716011464.9785616,521478144,0,0
1716011465.9797661,521478144,347,347
1716011466.9809606,521478144,155,155
1716011467.9812984,521478144,304,304
1716011468.9825034,521478144,354,354
1716011469.9836912,521478144,0,0
1716011470.9848833,521478144,347,347
1716011471.9853113,521478144,155,155
1716011472.986516,521478144,304,304
1716011473.9877324,521478144,0,0
1716011474.9889321,521478144,0,0
1716011475.9901383,521478144,344,344
1716011476.9913354,521478144,152,152
1716011477.9925435,521478144,304,304
1716011478.9933062,521478144,0,0
1716011479.9945111,521478144,351,351
1716011480.9957037,521478144,348,348
1716011481.996925,521478144,4200039,4200039
1716011482.997326,521478144,1007885890,1007885890
1716011483.9985988,521478144,2744064168,2744064168
1716011484.9998195,521478144,0,0
1716011486.0007217,521478144,344,344
1716011487.0013137,521478144,152,152
1716011488.00253,521478144,304,304
1716011489.0037625,521478144,3882,3882
1716011490.0050023,521478144,2375,2375
1716011491.0053606,521478144,2422,2422
1716011492.006608,521478144,4476,4476
1716011493.0078523,521478144,3402,3402
1716011494.0090961,521478144,3053,3053
1716011495.0103464,521478144,3515,3515
1716011496.0115926,521478144,3298,3298
1716011497.0128474,521478144,3390,3390
1716011498.013361,521478144,3538,3538
1716011499.0146182,521478144,3543,3543
1716011500.0158556,521478144,2858,2858
1716011501.0170984,521478144,4356,4356
1716011502.0173674,521478144,2738,2738
1716011503.0186083,521478144,4258,4258
1716011504.0198386,521478144,1939,1939
1716011505.021092,521478144,3736,3736
1716011506.0213487,521478144,2627,2627
1716011507.0225873,521478144,4444,4444
1716011508.0238295,521478144,3542,3542
1716011509.0245109,521478144,2782,2782
1716011510.0257754,521478144,3304,3304
1716011511.027032,521478144,3224,3224
1716011512.0282855,521478144,3814,3814
1716011513.0295467,521478144,3553,3553
1716011514.0308013,521478144,3702,3702
1716011515.0320354,521478144,2663,2663
1716011516.0332882,521478144,4245,4245
1716011517.0345356,521478144,2358,2358
1716011518.0357685,521478144,4511,4511
1716011519.036998,521478144,3521,3521
1716011520.037366,521478144,3184,3184
1716011521.038635,521478144,3470,3470
1716011522.039883,521478144,3083,3083
1716011523.0411544,521478144,3899,3899
1716011524.0423903,521478144,2893,2893
1716011525.0436301,521478144,2802,2802
1716011526.0448666,521478144,3875,3875
1716011527.0453594,521478144,3138,3138
1716011528.046621,521478144,2779,2779
1716011529.0478735,521478144,3021,3021
1716011530.0485365,521478144,2267,2267
1716011531.0493715,521478144,4437,4437
1716011532.0506158,521478144,3519,3519
1716011533.0518904,521478144,4244,4244
1716011534.0531995,521478144,3562,3562
1716011535.054534,521478144,4901,4901
1716011536.0558844,521478144,2841,2841
1716011537.057392,521478144,1510,1510
1716011538.0586188,521478144,2012,2012
1716011539.0599086,521478144,1835,1835
1716011540.0611928,521478144,2857,2857
1716011541.0628283,521478144,2252,2252
1716011542.0641084,521478144,2156,2156
1716011543.0653288,521478144,2517,2517
1716011544.0667417,521478144,3253,3253
1716011545.068457,521478144,2150,2150
1716011546.06942,521478144,2762,2762
1716011547.0707028,521478144,2410,2410
1716011548.0719807,521478144,2560,2560
1716011549.0735302,521478144,2473,2473
1716011550.0748734,521478144,2465,2465
1716011551.0767736,521478144,2979,2979
1716011552.077388,521478144,2226,2226
1716011553.0782218,521478144,2163,2163
1716011554.0795686,521478144,2786,2786
1716011555.080907,521478144,2236,2236
1716011556.0815642,521478144,3062,3062
1716011557.0828586,521478144,2259,2259
1716011558.0841193,521478144,2515,2515
1716011559.0854309,521478144,3016,3016
1716011560.0867155,521478144,1607,1607
1716011561.0885181,521478144,1956,1956
1716011562.0893397,521478144,2321,2321
1716011563.0907524,521478144,2194,2194
1716011564.092089,521478144,2184,2184
1716011565.093433,521478144,1881,1881
1716011566.0947301,521478144,92612,92612
1716011567.0961032,521478144,2349,2349
1716011568.0976636,521478144,2753,2753
1716011569.0991905,521478144,4557,4557
1716011570.100486,521478144,6917,6917
1716011571.1014898,521478144,5494,5494
1716011572.1027765,521478144,1943,1943
1716011573.1040354,521478144,2553,2553
1716011574.1052997,521478144,2465,2465
1716011575.1067362,521478144,2733,2733
1716011576.1083536,521478144,2329,2329
1716011577.1094494,521478144,2250,2250
1716011578.1106777,521478144,2526,2526
1716011579.111989,521478144,3671,3671
1716011580.113428,521478144,1618,1618
1716011581.1148016,521478144,2427,2427
1716011582.1160681,521478144,2216,2216
1716011583.1174283,521478144,3106,3106
1716011584.1187482,521478144,2465,2465
1716011585.1202002,521478144,1876,1876
1716011586.1214716,521478144,2336,2336
1716011587.1227555,521478144,2522,2522
1716011588.1241367,521478144,2739,2739
1716011589.1255884,521478144,2247,2247
1716011590.1268685,521478144,2247,2247
1716011591.128183,521478144,3368,3368
1716011592.129389,521478144,1863,1863
1716011593.1306887,521478144,2751,2751
1716011594.131894,521478144,4491,4491
1716011595.1331093,521478144,2792,2792
1716011596.1343288,521478144,3295,3295
1716011597.135563,521478144,3793,3793
1716011598.1367626,521478144,3652,3652
1716011599.1373155,521478144,2975,2975
1716011600.1385183,521478144,3036,3036
1716011601.1397228,521478144,3363,3363
1716011602.140021,521478144,3122,3122
1716011603.1412592,521478144,3425,3425
1716011604.14248,521478144,3230,3230
1716011605.143716,521478144,2792,2792
1716011606.1449218,521478144,4417,4417
1716011607.1473725,521478144,2204,2204
1716011608.148593,521478144,3233,3233
1716011609.1497972,521478144,2382,2382
1716011610.1510682,521478144,3620,3620
1716011611.1522825,521478144,3109,3109
1716011612.1534991,521478144,4010,4010
1716011613.1547308,521478144,3795,3795
1716011614.1559484,521478144,2798,2798
1716011615.1571872,521478144,3341,3341
1716011616.158388,521478144,3409,3409
1716011617.1595905,521478144,2475,2475
1716011618.160796,521478144,2604,2604
1716011619.1620157,521478144,3452,3452
1716011620.163238,521478144,2673,2673
1716011621.1644666,521478144,4036,4036
1716011622.1653705,521478144,2110,2110
1716011623.1665978,521478144,3809,3809
1716011624.16782,521478144,2833,2833
1716011625.1690297,521478144,2840,2840
1716011626.1702623,521478144,2667,2667
1716011627.1714907,521478144,3579,3579
1716011628.1727107,521478144,2954,2954
1716011629.1739285,521478144,4073,4073
1716011630.1751747,521478144,2190,2190
1716011631.1764207,521478144,4617,4617
1716011632.1776848,521478144,2191,2191
1716011633.178884,521478144,2491,2491
1716011634.1801424,521478144,2521,2521
1716011635.1813688,521478144,2097,2097
1716011636.182611,521478144,3181,3181
1716011637.1838474,521478144,2080,2080
1716011638.1851416,521478144,1032,1032
1716011639.1863856,521478144,159,159
1716011640.187625,521478144,158,158
1716011641.1888642,521478144,508,508
1716011642.1900988,521478144,152,152
1716011643.1913602,521478144,152,152
1716011644.1926334,521478144,0,0
1716011645.1938975,521478144,0,0
1716011646.1951299,521478144,496,496
1716011647.1963735,521478144,152,152
1716011648.197779,521478144,2106,2106
1716011649.1991515,521478144,0,0
1716011650.2005167,521478144,152,152
1716011651.2013447,521478144,757,757
1716011652.2025676,521478144,152,152
1716011653.2030656,521478144,911252574,911252574
1716011654.2043016,521478144,1886866379,1886866379
1716011655.20554,521478144,554826237,554826237
1716011656.2067251,521478144,548,548
1716011657.2079484,521478144,256,256
1716011658.2091901,521478144,395038288,395038288
1716011659.2103903,521478144,216,216
1716011660.2116082,521478144,0,0
1716011661.21283,521478144,496,496
1716011662.2140496,521478144,152,152
1716011663.2153063,521478144,152,152
1716011664.2165265,521478144,665,665
1716011665.2177396,521478144,2221,2221
1716011666.2189372,521478144,2468,2468
1716011667.220151,521478144,3181,3181
1716011668.2213151,521478144,3123,3123
1716011669.2225196,521478144,3563,3563
1716011670.223721,521478144,2753,2753
1716011671.2249737,521478144,3897,3897
1716011672.225309,521478144,2120,2120
1716011673.2265017,521478144,3898,3898
1716011674.2277153,521478144,1956,1956
1716011675.2289114,521478144,2790,2790
1716011676.2293005,521478144,2872,2872
1716011677.2305083,521478144,3485,3485
1716011678.2317204,521478144,2932,2932
1716011679.2329216,521478144,3289,3289
1716011680.234127,521478144,2529,2529
1716011681.2353344,521478144,2996,2996
1716011682.2365336,521478144,2348,2348
1716011683.2373302,521478144,2544,2544
1716011684.238556,521478144,2096,2096
1716011685.239765,521478144,1723,1723
1716011686.2409728,521478144,1980,1980
1716011687.2422082,521478144,1437,1437
1716011688.2434103,521478144,1956,1956
1716011689.2446299,521478144,2726,2726
1716011690.2458367,521478144,2304,2304
1716011691.2470622,521478144,3604,3604
1716011692.2482667,521478144,2992,2992
1716011693.24947,521478144,1676,1676
1716011694.2506819,521478144,3268,3268
1716011695.2518978,521478144,2328,2328
1716011696.253094,521478144,4247,4247
1716011697.2543104,521478144,1769,1769
1716011698.2555003,521478144,2326,2326
1716011699.2567139,521478144,2764,2764
1716011700.2579246,521478144,3099,3099
1716011701.259152,521478144,2484,2484
1716011702.260398,521478144,1199,1199
1716011703.26131,521478144,3334,3334
1716011704.2625096,521478144,1368,1368
1716011705.2637134,521478144,1933,1933
1716011706.2649152,521478144,3380,3380
1716011707.2661328,521478144,1572,1572
1716011708.26735,521478144,2698,2698
1716011709.2685645,521478144,3574,3574
1716011710.2697728,521478144,2456,2456
1716011711.270989,521478144,913,913
1716011712.272183,521478144,2762,2762
1716011713.273312,521478144,1052,1052
1716011714.2745063,521478144,2033,2033
1716011715.2757115,521478144,3218,3218
1716011716.2769258,521478144,2851,2851
1716011717.2781396,521478144,3827,3827
1716011718.279345,521478144,2738,2738
1716011719.280553,521478144,3697,3697
1716011720.2817621,521478144,3091,3091
1716011721.282964,521478144,3274,3274
1716011722.284166,521478144,3267,3267
1716011723.285322,521478144,2625,2625
1716011724.2865186,521478144,2753,2753
1716011725.2877188,521478144,3084,3084
1716011726.2889166,521478144,3907,3907
1716011727.2893176,521478144,2695,2695
1716011728.2905126,521478144,3807,3807
1716011729.2917066,521478144,3194,3194
1716011730.292908,521478144,2862,2862
1716011731.2933059,521478144,3866,3866
1716011732.294506,521478144,2812,2812
1716011733.2957106,521478144,2668,2668
1716011734.2969108,521478144,2726,2726
1716011735.2973208,521478144,1755,1755
1716011736.2985532,521478144,3821,3821
1716011737.2997527,521478144,2154,2154
1716011738.300954,521478144,2434,2434
1716011739.301319,521478144,2776,2776
1716011740.3025239,521478144,3049,3049
1716011741.303723,521478144,2701,2701
1716011742.304924,521478144,2376,2376
1716011743.305312,521478144,3161,3161
1716011744.3065174,521478144,2173,2173
1716011745.307724,521478144,2839,2839
1716011746.3089247,521478144,3530,3530
1716011747.3093216,521478144,2822,2822
1716011748.3105192,521478144,2844,2844
1716011749.3117251,521478144,2871,2871
1716011750.312917,521478144,2758,2758
1716011751.3133507,521478144,2653,2653
1716011752.3147674,521478144,1136,1136
1716011753.316011,521478144,596,596
1716011754.3174062,521478144,0,0
1716011755.3186374,521478144,160,160
1716011756.3206809,521478144,503,503
1716011757.3213415,521478144,0,0
1716011758.323294,521478144,0,0
1716011759.32454,521478144,0,0
1716011760.3259766,521478144,0,0
1716011761.3272135,521478144,496,496
1716011762.328995,521478144,0,0
1716011763.3295174,521478144,0,0
1716011764.3307486,521478144,0,0
1716011765.3319771,521478144,1195,1195
1716011766.3332283,521478144,505,505
1716011767.3344662,521478144,0,0
1716011768.3356814,521478144,0,0
1716011769.3368976,521478144,0,0
1716011770.3373072,521478144,0,0
1716011771.338549,521478144,496,496
1716011772.3397808,521478144,0,0
1716011773.3410063,521478144,0,0
1716011774.3413067,521478144,0,0
1716011775.3425503,521478144,0,0
1716011776.3437655,521478144,496,496
1716011777.3450043,521478144,0,0
1716011778.3462634,521478144,0,0
1716011779.3474836,521478144,0,0
1716011780.3486912,521478144,0,0
1716011781.3499203,521478144,496,496
1716011782.3511612,521478144,0,0
1716011783.3523724,521478144,0,0
1716011784.3536103,521478144,336,336
1716011785.3548315,521478144,0,0
1716011786.3560493,521478144,502,502
1716011787.357281,521478144,0,0
1716011788.3582025,521478144,0,0
1716011789.359436,904126464,381094802,381094802
1716011790.3606765,904126464,0,0
1716011791.3619123,904126464,496,496
1716011792.3631225,904126464,0,0
1716011793.364377,1096802304,662993355,662993355
1716011796.9875512,3830976512,1465205506,1465205506
1716011798.011693,3938144256,3395,3395
1716011799.0129447,3938144256,2336,2336
1716011800.029265,3938144256,4018,4018
1716011801.0319529,3938635776,2606,2606
1716011802.0367446,3938635776,4412,4412
1716011803.0435855,3938635776,3012,3012
1716011804.0645866,3939127296,3270,3270
1716011805.071009,3939373056,3426,3426
1716011806.0760815,3939864576,4229,4229
1716011807.0991042,3940356096,3098,3098
1716011808.1064792,3940847616,2237,2237
1716011809.1297524,3943796736,1645,1645
1716011810.166956,3946254336,3650,3650
1716011811.1905606,3946991616,3199,3199
1716011812.198203,3947483136,3676,3676
1716011813.2211552,3948466176,2858,2858
1716011814.2290902,3948466176,4089,4089
1716011815.2500672,3948957696,3586,3586
1716011816.2591279,3949449216,3339,3339
1716011817.272148,3946278912,3673,3673
1716011818.2879982,3958812672,3009,3009
1716011819.300282,3959549952,3587,3587
1716011820.3422263,3960287232,2855,2855
1716011821.3436825,3961516032,4165,4165
1716011822.3588634,3962007552,1868,1868
1716011823.3730817,3968888832,3724,3724
1716011824.3950663,3982086144,2372,2372
1716011825.3978522,3988721664,3605,3605
1716011826.4001813,3988721664,1169,1169
1716011827.4259436,3990441984,2824,2824
1716011828.440586,3991179264,1600,1600
1716011829.4665236,3991179264,3918,3918
1716011830.471203,3992653824,2348,2348
1716011831.4987211,3992899584,4525,4525
1716011832.505071,3993636864,3183,3183
1716011833.5248926,4033941504,3292,3292
1716011834.5328074,4035170304,3330,3330
1716011835.538119,4060975104,3292,3292
1716011836.5617766,4061466624,3895,3895
1716011837.5709102,4062695424,2833,2833
1716011838.595363,4062695424,3884,3884
1716011839.6082113,4062695424,3604,3604
1716011840.6094017,4229767168,2455,2455
1716011841.6106646,4173078528,2270,2270
1716011842.6118603,4136316928,661,661
1716011843.613448,4159533056,158,158
1716011844.6148257,4323319808,158,158
1716011845.616109,4167507968,154,154
1716011846.61761,4184637440,353,353
1716011847.6190794,4253847552,0,0
1716011848.6204004,4110209024,0,0
1716011849.621326,2830503936,2148,2148
1716011850.6225476,2830503936,1323,1323
1716011851.6237903,2830503936,207,207
1716011852.6250134,2830503936,0,0
1716011853.6262555,2830503936,0,0
1716011854.6275096,2830503936,0,0
1716011855.6287487,2830503936,152,152
1716011856.6293314,2830503936,344,344
1716011857.6305616,2830503936,0,0
1716011858.631775,2830503936,0,0
1716011859.6329951,2830503936,0,0
1716011860.6333184,2830503936,344,344
1716011861.6345422,2830503936,152,152
1716011862.6357598,2830503936,0,0
1716011863.6369731,2830503936,0,0
1716011864.6373105,2830503936,0,0
1716011865.638529,2830503936,344,344
1716011866.6397457,2830503936,91128,91128
1716011867.6400974,2830503936,0,0
1716011868.6413317,2830503936,0,0
1716011869.6425595,2830503936,0,0
1716011870.6437707,2830503936,297,297
1716011871.6450052,2830503936,363,363
1716011872.6453176,2830503936,0,0
1716011873.6465335,2830503936,4200828,4200828
1716011874.6477602,2830503936,383061392,383061392
1716011875.6489887,2830503936,349,349
1716011876.6493227,2830503936,152,152
1716011877.6505578,2830503936,398793301,398793301
1716011881.751261,4968427520,1723105222,1723105222
1716011882.7560704,4968673280,4168,4168
1716011883.7801616,4968673280,2669,2669
1716011884.8207808,4968673280,1699,1699
1716011885.8389401,4968673280,3699,3699
1716011886.8596833,4968673280,2449,2449
1716011887.8999681,4968673280,3209,3209
1716011888.9226732,4968673280,2803,2803
1716011889.9426234,4968673280,2943,2943
1716011890.9522755,4968673280,3418,3418
1716011891.9706013,4968673280,3032,3032
1716011892.992323,4968673280,2695,2695
1716011894.0132272,4968673280,3604,3604
1716011895.0534651,4968673280,3051,3051
1716011896.0882266,4968673280,3249,3249
1716011897.1088932,4968673280,3040,3040
1716011898.1121101,4968673280,2268,2268
1716011899.1214566,4968673280,4119,4119
1716011900.132168,4968673280,1645,1645
1716011901.137163,4968673280,1199,1199
1716011902.1632125,4968673280,4291,4291
1716011903.1715426,4968673280,2420,2420
1716011904.1876597,4968673280,3285,3285
1716011905.1984658,4968673280,1135,1135
1716011906.2121308,4968673280,3859,3859
1716011907.2549272,4968673280,3279,3279
1716011908.2943,4968673280,3141,3141
1716011909.3103094,4968673280,3208,3208
1716011910.3217666,4968673280,3483,3483
1716011911.3255217,4968673280,3352,3352
1716011912.3404992,4968673280,3660,3660
1716011913.3590558,4968673280,3641,3641
1716011914.3663883,4968673280,2974,2974
1716011915.375203,4968673280,1008,1008
1716011916.3846593,4968673280,3697,3697
1716011917.3984253,4968673280,2714,2714
1716011918.424247,4968673280,3132,3132
1716011919.4493866,4968673280,2493,2493
1716011920.4671483,4968673280,1945,1945
1716011921.4689827,4968673280,4310,4310
1716011922.4857125,4968673280,3330,3330
1716011923.512569,4968673280,3554,3554
1716011924.5315716,4968673280,2975,2975
1716011925.5375998,4968673280,1916,1916
1716011926.5531297,4968673280,1595,1595
1716011927.5544622,4972359680,2981,2981
1716011928.5557442,4972351488,2894,2894
1716011929.5573406,4972351488,4555,4555
1716011930.5585556,4972351488,3829,3829
1716011931.5597355,4972351488,1917,1917
1716011932.5609345,4972351488,1735,1735
1716011933.5614786,4972351488,2833,2833
1716011934.5629177,4972875776,1534,1534
1716011935.5642524,4972875776,1030,1030
1716011936.565848,4972662784,2442,2442
1716011937.5671673,4972662784,2166,2166
1716011938.5683625,4972662784,2306,2306
1716011939.5693665,4972662784,2276,2276
1716011940.5706298,4972662784,2474,2474
1716011941.5718617,4972662784,2687,2687
1716011942.573284,4972662784,2261,2261
1716011943.574634,4972662784,1953,1953
1716011944.5759451,4972662784,2841,2841
1716011945.5773332,4972662784,2451,2451
1716011946.579007,4972662784,2639,2639
1716011947.5804257,4972662784,2274,2274
1716011948.581441,4972662784,2180,2180
1716011949.5827658,4972662784,2301,2301
1716011950.5843306,4972662784,2151,2151
1716011951.5854685,4972662784,3079,3079
1716011952.5872724,4972662784,1703,1703
1716011953.588615,4972662784,2005,2005
1716011954.5893512,4972662784,2469,2469
1716011955.5905354,4972662784,2785,2785
1716011956.591778,4972662784,2227,2227
1716011957.5930772,4972662784,2467,2467
1716011958.5934906,4972662784,2293,2293
1716011959.5947874,4972724224,2027,2027
1716011960.5966582,4972740608,2451,2451
1716011961.5974603,4972740608,2695,2695
1716011962.5984616,4972740608,2020,2020
1716011963.5999374,4972740608,2548,2548
1716011964.6013827,4972740608,3069,3069
1716011965.6252346,4977901568,3617,3617
1716011966.6489897,4977901568,3660,3660
1716011967.6720781,4977901568,3073,3073
1716011968.6947927,4977901568,2035,2035
1716011969.7200696,4978147328,954,954
1716011970.7368073,4978147328,1720,1720
1716011971.77027,4978147328,1106,1106
1716011972.789452,4978147328,1363,1363
1716011973.8114066,4978147328,859,859
1716011974.8254347,4978147328,1352,1352
1716011975.8369472,4978147328,1112,1112
1716011976.847247,4978147328,1741,1741
1716011977.854882,4978147328,767,767
1716011978.8804832,4978147328,1368,1368
1716011979.9138865,4978147328,936,936
1716011980.9313617,4978147328,2312,2312
1716011981.9327774,4978147328,919,919
1716011982.933465,4990681088,1239,1239
1716011983.952006,5025333248,1047,1047
1716011984.9560888,5066129408,939,939
1716011985.9684792,5113315328,2260,2260
1716011987.0025322,5147967488,1672,1672
1716011988.021321,5214076928,2343,2343
1716011989.0563447,5239390208,1598,1598
1716011990.060435,5314838528,1495,1495
1716011991.0908017,5336956928,4702,4702
1716011992.0932548,5393780736,1921,1921
1716011993.0944924,5491359744,2486,2486
1716011994.1163976,5491359744,3338,3338
1716011995.1453629,5588934656,3039,3039
1716011996.2312267,5664477184,4287,4287
1716011997.2551482,5664477184,2765,2765
1716011998.2819266,5762056192,4169,4169
1716011999.293438,5780733952,3122,3122
1716012000.3270316,5837598720,3194,3194
1716012001.328242,5889208320,2860,2860
1716012002.3292925,6004477952,2386,2386
1716012003.3539257,6019960832,3453,3453
1716012004.374628,6104993792,2689,2689
1716012005.3768384,6164930560,3604,3604
1716012006.3947775,6233989120,2710,2710
1716012023.9173172,10017648640,25002,25002
1716012024.9185557,8097148928,1871902762,1871902762
1716012025.9197736,8097148928,2565,2565
1716012026.9209886,8097148928,1811,1811
1716012027.9213295,8097148928,2441,2441
1716012028.9225547,8097148928,1144,1144
1716012029.9237845,8097148928,1232,1232
1716012030.9250097,8097148928,1184,1184
1716012031.9262383,8097148928,155,155
1716012032.9274695,8097148928,161,161
1716012033.9286947,8097148928,0,0
1716012034.929929,8097148928,0,0
1716012035.9311538,8097148928,346,346
1716012036.9323723,8097148928,152,152
1716012037.9333296,8097148928,0,0
1716012038.9345639,8097148928,0,0
1716012039.9357855,8097148928,0,0
1716012040.9370103,8097148928,344,344
1716012041.9373183,8097148928,152,152
1716012042.9385493,8097148928,0,0
1716012043.939783,8097148928,0,0
1716012044.9411583,8097148928,962517043,962517043
1716012045.942411,8097148928,909385325,909385325
1716012046.943627,8097148928,155,155
1716012047.944857,8097148928,0,0
1716012048.9460738,8097148928,0,0
1716012049.9472713,8097148928,236,236
1716012050.9485002,8097148928,2361,2361
1716012051.9497201,8097148928,2568,2568
1716012052.950923,8097148928,3013,3013
1716012053.9521594,8097148928,3031,3031
1716012054.9533763,8097148928,3439,3439
1716012055.9545734,8097148928,2191,2191
1716012056.9557736,8097148928,3159,3159
1716012057.956998,8097148928,3052,3052
1716012058.9573104,8097148928,3630,3630
1716012059.9585173,8097148928,2637,2637
1716012060.9597192,8097148928,4012,4012
1716012061.9607553,8097148928,2247,2247
1716012062.9613056,8097148928,3639,3639
1716012063.96222,8097148928,3211,3211
1716012064.9634156,8097148928,2848,2848
1716012065.9646087,8097148928,3602,3602
1716012066.9658513,8097148928,2457,2457
1716012067.9670582,8097148928,3008,3008
1716012068.9682662,8097148928,2515,2515
1716012069.9694793,8097148928,3716,3716
1716012070.9706864,8097148928,2613,2613
1716012071.971885,8097148928,3802,3802
1716012072.973086,8097148928,3270,3270
1716012073.9733098,8097148928,2416,2416
1716012074.9745283,8097148928,3155,3155
1716012075.9757442,8097148928,2988,2988
1716012076.9769492,8097148928,3174,3174
1716012077.9773042,8097148928,2757,2757
1716012078.9785173,8097148928,3065,3065
1716012079.979715,8097148928,2751,2751
1716012080.980926,8097148928,2782,2782
1716012081.9813101,8097148928,2352,2352
1716012082.9825118,8097148928,2639,2639
1716012083.9837482,8097148928,3037,3037
1716012084.9849503,8097148928,2860,2860
1716012085.985308,8097148928,3763,3763
1716012086.9865496,8097148928,2922,2922
1716012087.987756,8097148928,3497,3497
1716012088.9889631,8097148928,2305,2305
1716012089.9893105,8097148928,2388,2388
1716012090.9905164,8097148928,2296,2296
1716012091.991717,8097148928,2532,2532
1716012092.9929206,8097148928,2836,2836
1716012093.9941473,8097148928,2717,2717
1716012094.99539,8097148928,3934,3934
1716012095.9966316,8097148928,2186,2186
1716012096.9978933,8097148928,3638,3638
1716012097.9991028,8097148928,2829,2829
1716012098.9997113,8097148928,3649,3649
1716012100.0009117,8097148928,2394,2394
1716012101.0013015,8097148928,4302,4302
1716012102.0025072,8097148928,3145,3145
1716012103.003724,8097148928,2791,2791
1716012104.0049267,8097148928,2895,2895
1716012105.0061398,8097148928,2710,2710
1716012106.0073397,8097148928,3769,3769
1716012107.008553,8097148928,2859,2859
1716012108.0093036,8097148928,2432,2432
1716012109.0105069,8097148928,2135,2135
1716012110.0117223,8097148928,3715,3715
1716012111.0129309,8097148928,3604,3604
1716012112.0133123,8097148928,2899,2899
1716012113.0145187,8097148928,3337,3337
1716012114.015725,8097148928,2743,2743
1716012115.0161185,8097148928,2220,2220
1716012116.0173295,8097148928,2646,2646
1716012117.018532,8097148928,2303,2303
1716012118.0197282,8097148928,2456,2456
1716012119.0209327,8097148928,3458,3458
1716012120.0221436,8097148928,2091,2091
1716012121.023338,8097148928,3890,3890
1716012122.0245376,8097148928,2316,2316
1716012123.0253067,8097148928,3898,3898
1716012124.0265145,8097148928,2941,2941
1716012125.0277104,8097148928,3023,3023
1716012126.0289085,8097148928,3485,3485
1716012127.0293174,8097148928,2929,2929
1716012128.0305252,8097148928,3370,3370
1716012129.0317264,8097148928,2762,2762
1716012130.0329206,8097148928,3509,3509
1716012131.0333097,8097148928,2758,2758
1716012132.034522,8097148928,4104,4104
1716012133.0357156,8097148928,3111,3111
1716012134.0369196,8097148928,2326,2326
1716012135.0373185,8097148928,1522,1522
1716012136.0387657,8097148928,4540,4540
1716012137.0400064,8097148928,2218,2218
1716012138.0415347,8097148928,1056,1056
1716012139.0427926,8097148928,0,0
1716012140.0443354,8097148928,317,317
1716012141.045336,8097148928,354,354
1716012142.0467806,8097148928,154,154
1716012143.048014,8097148928,0,0
1716012144.0495045,8097148928,0,0
1716012145.0507364,8097148928,366,366
1716012146.0526502,8097148928,347,347
1716012147.053879,8097148928,155,155
1716012148.0553076,8097148928,0,0
1716012149.0565417,8097148928,0,0
1716012150.0573168,8097148928,1164,1164
1716012151.0585477,8097148928,350,350
1716012152.0597632,8097148928,155,155
1716012153.06099,8097148928,0,0
1716012154.0613284,8097148928,0,0
1716012155.0625482,8097148928,0,0
1716012156.06377,8097148928,344,344
1716012157.0649889,8097148928,152,152
1716012158.0653358,8097148928,0,0
1716012159.0665424,8097148928,0,0
1716012160.0677464,8097148928,0,0
1716012161.0689704,8097148928,344,344
1716012162.0693262,8097148928,152,152
1716012163.0705464,8097148928,0,0
1716012164.0717604,8097148928,0,0
1716012165.0729723,8097148928,0,0
1716012166.0733275,8097148928,834,834
1716012167.074553,8097148928,0,0
1716012168.0757692,8097148928,0,0
1716012169.07699,8097148928,0,0
1716012170.0782316,8097148928,0,0
1716012171.0794468,8097148928,496,496
1716012172.080673,8097148928,90975,90975
1716012173.0813253,8097148928,158,158
1716012174.0825493,8097148928,0,0
1716012175.0837703,8097148928,157,157
1716012176.084986,8097148928,500,500
1716012177.0862095,8097148928,0,0
1716012178.0874445,8097148928,853787141,853787141
1716012179.0883076,8097148928,1655717235,1655717235
1716012180.0893326,8097148928,0,0
1716012181.0896509,8097148928,496,496
1716012182.0908647,8097148928,3867,3867
1716012183.0921195,8097148928,3002,3002
1716012184.0933478,8097148928,3480,3480
1716012185.0945904,8097148928,3317,3317
1716012186.0958407,8097148928,1864,1864
1716012187.0970922,8097148928,3922,3922
1716012188.097356,8097148928,3629,3629
1716012189.0985997,8097148928,2937,2937
1716012190.099828,8097148928,3549,3549
1716012191.1010666,8097148928,3570,3570
1716012192.1013505,8097148928,3642,3642
1716012193.1026046,8097148928,2958,2958
1716012194.1038494,8097148928,3600,3600
1716012195.1050951,8097148928,2544,2544
1716012196.1053512,8097148928,4422,4422
1716012197.1065865,8097148928,3431,3431
1716012198.1078174,8097148928,2867,2867
1716012199.1090639,8097148928,2490,2490
1716012200.1093588,8097148928,2211,2211
1716012201.1106055,8097148928,3337,3337
1716012202.1118393,8097148928,3287,3287
1716012203.1130831,8097148928,3302,3302
1716012204.114327,8097148928,3089,3089
1716012205.1155865,8097148928,3578,3578
1716012206.1168225,8097148928,3186,3186
1716012207.11735,8097148928,4085,4085
1716012208.1186032,8097148928,2184,2184
1716012209.1198564,8097148928,4191,4191
1716012210.1211417,8097148928,3192,3192
1716012211.1223848,8097148928,3549,3549
1716012212.1236296,8097148928,3190,3190
1716012213.123965,8097148928,3193,3193
1716012214.125219,8097148928,3454,3454
1716012215.126466,8097148928,3130,3130
1716012216.1277065,8097148928,4170,4170
1716012217.1289423,8097148928,2493,2493
1716012218.1293523,8097148928,3983,3983
1716012219.1305726,8097148928,3553,3553
1716012220.1318102,8097148928,2927,2927
1716012221.1330478,8097148928,4145,4145
1716012222.1333566,8097148928,2939,2939
1716012223.1346147,8097148928,3479,3479
1716012224.135882,8097148928,2778,2778
1716012225.1372032,8097148928,2565,2565
1716012226.1384637,8097148928,2090,2090
1716012227.1399274,8097148928,3267,3267
1716012228.141321,8097148928,658,658
1716012229.1425629,8097148928,731,731
1716012230.1437562,8097148928,1585,1585
1716012231.1449816,8097148928,1831,1831
1716012232.1455479,8097148928,1283,1283
1716012233.1469173,8097148928,52,52
1716012234.148117,8097148928,514,514
1716012235.1492743,8097148928,1599,1599
1716012236.1504474,8097148928,509,509
1716012237.1515307,8097148928,0,0
1716012238.152742,8097148928,190,190
1716012239.153294,8097148928,0,0
1716012240.1544929,8097148928,0,0
1716012241.1557205,8097148928,496,496
1716012242.1569355,8097148928,0,0
1716012243.158158,8097148928,0,0
1716012244.1593647,8097148928,0,0
1716012245.1605937,8097148928,0,0
1716012246.1618161,8097148928,600,600
1716012247.1630135,8097148928,0,0
1716012248.1642056,8097148928,0,0
1716012249.165466,8097148928,0,0
1716012250.1666725,8097148928,0,0
1716012251.16786,8097148928,496,496
1716012252.169064,8097148928,0,0
1716012253.1703362,8097148928,0,0
1716012254.1715982,8097148928,0,0
1716012255.172798,8097148928,0,0
1716012256.1739945,8097148928,496,496
1716012257.175209,8097148928,0,0
1716012258.1763995,8097148928,0,0
1716012259.1776102,8097148928,636118553,636118553
1716012260.178828,8097148928,0,0
1716012261.180036,8097148928,496,496
1716012262.1812668,8097148928,34632146,34632146
1716012263.1826012,8097148928,1387094234,1387094234
1716012264.183848,8097148928,451523714,451523714
1716012265.185086,8097148928,0,0
1716012266.185339,8097148928,1362,1362
1716012267.186513,8097148928,4189,4189
1716012268.1877275,8097148928,2054,2054
1716012269.1887865,8097148928,3677,3677
1716012270.1893356,8097148928,2861,2861
1716012271.1905582,8097148928,4538,4538
1716012272.191821,8097148928,2607,2607
1716012273.1930475,8097148928,3933,3933
1716012274.1933665,8097148928,2564,2564
1716012275.1946108,8097148928,2297,2297
1716012276.195032,8097148928,3770,3770
1716012277.1962543,8097148928,3295,3295
1716012278.1974916,8097148928,3286,3286
1716012279.1983478,8097148928,3206,3206
1716012280.1995802,8097148928,3298,3298
1716012281.200808,8097148928,3350,3350
1716012282.2013383,8097148928,4001,4001
1716012283.2025836,8097148928,2185,2185
1716012284.2038522,8097148928,4222,4222
1716012285.205084,8097148928,3236,3236
1716012286.2053325,8097148928,3885,3885
1716012287.2065866,8097148928,3222,3222
1716012288.2078283,8097148928,3185,3185
1716012289.2090662,8097148928,3704,3704
1716012290.2093356,8097148928,2153,2153
1716012291.2105746,8097148928,2883,2883
1716012292.2109005,8097148928,2593,2593
1716012293.212127,8097148928,3617,3617
1716012294.2133548,8097148928,2442,2442
1716012295.2145803,8097148928,3866,3866
1716012296.2158265,8097148928,2922,2922
1716012297.217075,8097148928,4305,4305
1716012298.217353,8097148928,3195,3195
1716012299.2186108,8097148928,3147,3147
1716012300.2198386,8097148928,3309,3309
1716012301.2210999,8097148928,3469,3469
1716012302.2213328,8097148928,3332,3332
1716012303.2225435,8097148928,3138,3138
1716012304.2237625,8097148928,3561,3561
1716012305.2250054,8097148928,2381,2381
1716012306.2253618,8097148928,3504,3504
1716012307.226595,8097148928,3064,3064
1716012308.2268906,8097148928,3375,3375
1716012309.228145,8097148928,2573,2573
1716012310.2294216,8097148928,5735,5735
1716012311.2307317,8097148928,3405,3405
1716012312.2317483,8097148928,2282,2282
1716012313.2331898,8097148928,2029,2029
1716012314.234618,8097148928,1481,1481
1716012315.2359638,8097148928,1215,1215
1716012316.2372077,8097148928,1658,1658
1716012317.2386353,8097148928,1846,1846
1716012318.2400424,8097148928,2311,2311
1716012319.2413416,8097148928,1482,1482
1716012320.2426481,8097148928,1490,1490
1716012321.244041,8097148928,2077,2077
1716012322.245518,8097148928,2144,2144
1716012323.2470498,8097148928,1970,1970
1716012324.2482648,8097148928,2018,2018
1716012325.2495322,8097148928,2472,2472
1716012326.2510023,8097148928,2320,2320
1716012327.2522967,8097148928,1486,1486
1716012328.2533407,8097148928,1585,1585
1716012329.2545834,8097148928,1123,1123
1716012330.2558732,8097148928,2336,2336
1716012331.2572858,8097148928,1948,1948
1716012332.2586272,8097148928,1499,1499
1716012333.2599177,8097148928,1683,1683
1716012334.2613144,8097148928,2252,2252
1716012335.2627404,8097148928,2617,2617
1716012336.264025,8097148928,2075,2075
1716012337.2653003,8097148928,1697,1697
1716012338.2665546,8097148928,1988,1988
1716012339.2678475,8097148928,1784,1784
1716012340.269221,8097148928,2080,2080
1716012341.2705002,8097148928,2194,2194
1716012342.271933,8097148928,1813,1813
1716012343.273208,8097148928,1956,1956
1716012344.2744918,8097148928,1508,1508
1716012345.27588,8097148928,2302,2302
1716012346.2771719,8097148928,2253,2253
1716012347.2785902,8097148928,2294,2294
1716012348.2798634,8097148928,1992,1992
1716012349.281311,8097148928,2060,2060
1716012350.2825515,8097148928,1696,1696
1716012351.2838886,8097148928,2373,2373
1716012352.2851753,8097148928,1951,1951
1716012353.2865803,8097148928,2052,2052
1716012354.2878523,8097148928,1689,1689
1716012355.289158,8097148928,2198,2198
1716012356.290485,8097148928,2114,2114
1716012357.291902,8097148928,2059,2059
1716012358.2931883,8097148928,2116,2116
1716012359.2945504,8097148928,1859,1859
1716012360.2958856,8097148928,1950,1950
1716012361.2972322,8097148928,2307,2307
1716012362.2985587,8097148928,1964,1964
1716012363.3000135,8097148928,1813,1813
1716012364.3005133,8097148928,1787,1787
1716012365.3016567,8097148928,1669,1669
1716012366.3030577,8097148928,2064,2064
1716012367.3043573,8097148928,2267,2267
1716012368.305498,8097148928,1544,1544
1716012369.3068144,8097148928,2923,2923
1716012370.3080046,8097148928,3675,3675
1716012371.3092222,8097148928,2909,2909
1716012372.3103864,8097148928,3888,3888
1716012373.311555,8097148928,2546,2546
1716012374.3127277,8097148928,3888,3888
1716012375.313277,8097148928,3075,3075
1716012376.314451,8097148928,3685,3685
1716012377.315627,8097148928,3260,3260
1716012378.3167946,8097148928,2866,2866
1716012379.3173158,8097148928,3946,3946
1716012380.3184967,8097148928,2360,2360
1716012381.319751,8097148928,4437,4437
1716012382.3209894,8097148928,2582,2582
1716012383.3222373,8097148928,2537,2537
1716012384.323497,8097148928,3119,3119
1716012385.3247714,8097148928,3163,3163
1716012386.3260207,8097148928,3671,3671
1716012387.3272848,8097148928,3133,3133
1716012388.3285623,8097148928,3608,3608
1716012389.3298094,8097148928,2777,2777
1716012390.331051,8097148928,3749,3749
1716012391.3322952,8097148928,2789,2789
1716012392.3333557,8097148928,2379,2379
1716012393.3346133,8097148928,3018,3018
1716012394.3358812,8097148928,3128,3128
1716012395.3371832,8097148928,2899,2899
1716012396.338436,8097148928,3463,3463
1716012397.3397248,8097148928,2142,2142
1716012398.3409982,8097148928,2178,2178
1716012399.3413968,8097148928,3916,3916
1716012400.3426719,8097148928,2280,2280
1716012401.343931,8097148928,2986,2986
1716012402.345192,8097148928,2893,2893
1716012403.3464236,8097148928,2853,2853
1716012404.3476813,8097148928,2731,2731
1716012405.3489316,8097148928,2193,2193
1716012406.3502212,8097148928,3950,3950
1716012407.3514965,8097148928,2979,2979
1716012408.3527648,8097148928,2430,2430
1716012409.3540232,8097148928,1993,1993
1716012410.3553305,8097148928,2661,2661
1716012411.356551,8097148928,2179,2179
1716012412.3577588,8097148928,1771,1771
1716012413.3589714,8097148928,1138,1138
1716012414.3602057,8097148928,259,259
1716012415.3614287,8097148928,0,0
1716012416.3626463,8097148928,511,511
1716012417.3638725,8097148928,0,0
1716012418.3650892,8097148928,0,0
1716012419.3653076,8097148928,0,0
1716012420.3665159,8097148928,0,0
1716012421.3677273,8097148928,496,496
1716012422.368933,8097148928,0,0
1716012423.3693209,8097148928,913,913
1716012424.3705456,8097148928,708,708
1716012425.37175,8097148928,0,0
1716012426.3723974,8097148928,504,504
1716012427.373319,8097148928,0,0
1716012428.3745432,8097148928,748942201,748942201
1716012429.375767,8097148928,1129127533,1129127533
1716012430.3769572,8097148928,156,156
1716012431.378156,8097148928,600,600
1716012432.3793895,8097148928,461348261,461348261
1716012433.3805873,8097148928,313434030,313434030
1716012434.3813205,8097148928,1091486129,1091486129
1716012435.3825085,8097148928,0,0
1716012436.3829641,8097148928,496,496
1716012437.3841686,8097148928,0,0
1716012438.385354,8097148928,0,0
1716012439.3865635,8097148928,1570,1570
1716012440.3877401,8097148928,2380,2380
1716012441.3889277,8097148928,3588,3588
1716012442.3901374,8097148928,3070,3070
1716012443.3913252,8097148928,2885,2885
1716012444.3925126,8097148928,2952,2952
1716012445.3933008,8097148928,3344,3344
1716012446.3944967,8097148928,2436,2436
1716012447.3956952,8097148928,1704,1704
1716012448.3968945,8097148928,3628,3628
1716012449.3972914,8097148928,3899,3899
1716012450.398487,8097148928,2672,2672
1716012451.399684,8097148928,3578,3578
1716012452.4008763,8097148928,2399,2399
1716012453.4020681,8097148928,3299,3299
1716012454.4032645,8097148928,2695,2695
1716012455.4044623,8097148928,3092,3092
1716012456.405293,8097148928,3165,3165
1716012457.4064968,8097148928,3273,3273
1716012458.4077008,8097148928,2706,2706
1716012459.4088898,8097148928,3466,3466
1716012460.410079,8097148928,2402,2402
1716012461.4112628,8097148928,4314,4314
1716012462.4124577,8097148928,2811,2811
1716012463.4136734,8097148928,3024,3024
1716012464.4148633,8097148928,3086,3086
1716012465.416054,8097148928,2985,2985
1716012466.4172747,8097148928,3929,3929
1716012467.418479,8097148928,2535,2535
1716012468.4196749,8097148928,2108,2108
1716012469.4208615,8097148928,2039,2039
1716012470.4220552,8097148928,3849,3849
1716012471.4232478,8097148928,2668,2668
1716012472.4244933,8097148928,2224,2224
1716012473.4253047,8097148928,93334,93334
1716012474.4265347,8097148928,739,739
1716012475.427776,8097148928,2413,2413
1716012476.428973,8097148928,2389,2389
1716012477.4293194,8097148928,3525,3525
1716012478.4305193,8097148928,1238,1238
1716012479.431698,8097148928,1800,1800
1716012480.432893,8097148928,2029,2029
1716012481.4340873,8097148928,3273,3273
1716012482.435341,8097148928,2726,2726
1716012483.4365501,8097148928,4615,4615
1716012484.4373076,8097148928,2520,2520
1716012485.4384978,8097148928,4069,4069
1716012486.4396791,8097148928,2766,2766
1716012487.440859,8097148928,4060,4060
1716012488.4412987,8097148928,2874,2874
1716012489.4424887,8097148928,3089,3089
1716012490.4436705,8097148928,3174,3174
1716012491.4448695,8097148928,3264,3264
1716012492.4452941,8097148928,2638,2638
1716012493.4464934,8097148928,2900,2900
1716012494.4475765,8097148928,2938,2938
1716012495.4487936,8097148928,2806,2806
1716012496.4492826,8097148928,3815,3815
1716012497.450456,8097148928,2761,2761
1716012498.4516485,8097148928,3510,3510
1716012499.452811,8097148928,2757,2757
1716012500.4532602,8097148928,3050,3050
1716012501.4544208,8097148928,3214,3214
1716012502.4556031,8097148928,3446,3446
1716012503.4567573,8097148928,2719,2719
1716012504.457262,8097148928,2463,2463
1716012505.458428,8097148928,2215,2215
1716012506.459597,8097148928,4146,4146
1716012507.460774,8097148928,2701,2701
1716012508.4613113,8097148928,3083,3083
1716012509.462478,8097148928,3065,3065
1716012510.4636693,8097148928,3977,3977
1716012511.4648921,8097148928,3472,3472
1716012512.4652839,8097148928,2797,2797
1716012513.466452,8097148928,3132,3132
1716012514.4676423,8097148928,2813,2813
1716012515.4688106,8097148928,3172,3172
1716012516.4693046,8097148928,3393,3393
1716012517.470463,8097148928,3138,3138
1716012518.471645,8097148928,2695,2695
1716012519.4728012,8097148928,3735,3735
1716012520.4732711,8097148928,3505,3505
1716012521.4744427,8097148928,3010,3010
1716012522.4756117,8097148928,2808,2808
1716012523.4767609,8097148928,2472,2472
1716012524.4774394,8097148928,3550,3550
1716012525.478635,8097148928,2326,2326
1716012526.48044,8097148928,1438,1438
1716012527.4813032,8097148928,0,0
1716012528.4832876,8097148928,161,161
1716012529.4844766,8097148928,0,0
1716012530.4856586,8097148928,154,154
1716012531.4868603,8097148928,347,347
1716012532.4887433,8097148928,0,0
1716012533.489301,8097148928,0,0
1716012534.491008,8097148928,0,0
1716012535.4922357,8097148928,152,152
1716012536.493561,8097148928,344,344
1716012537.494795,8097148928,0,0
1716012538.4959834,8097148928,366,366
1716012539.4972064,8097148928,806,806
1716012540.4983957,8097148928,153,153
1716012541.4995818,8097148928,502,502
1716012542.5007625,8097148928,0,0
1716012543.5012884,8097148928,0,0
1716012544.5024729,8097148928,0,0
1716012545.5036614,8097148928,152,152
1716012546.5048225,8097148928,344,344
1716012547.5052629,8097148928,0,0
1716012548.5064232,8097148928,0,0
1716012549.5075889,8097148928,0,0
1716012550.5087533,8097148928,152,152
1716012551.5092669,8097148928,448,448
1716012552.5104213,8097148928,0,0
1716012553.511588,8097148928,0,0
1716012554.5127501,8097148928,0,0
1716012555.5132725,8097148928,152,152
1716012556.514435,8097148928,344,344
1716012557.5155983,8097148928,0,0
1716012558.5167687,8097148928,0,0
1716012559.5172687,8097148928,0,0
1716012560.518426,8097148928,152,152
1716012561.5195942,8097148928,344,344
1716012562.5207493,8097148928,891355927,891355927
1716012563.521271,8097148928,147,147
1716012564.5224307,8097148928,0,0
1716012565.523593,8097148928,152,152
1716012566.5248163,8097148928,363518319,363518319
1716012567.52534,8097148928,1254799559,1254799559
1716012568.5265734,8097148928,0,0
1716012569.5277774,8097148928,2329,2329
1716012570.5290465,8097148928,3778,3778
1716012571.5293393,8097148928,2799,2799
1716012572.530576,8097148928,3929,3929
1716012573.5318053,8097148928,3169,3169
1716012574.5330386,8097148928,2959,2959
1716012575.5333674,8097148928,3735,3735
1716012576.5346036,8097148928,3228,3228
1716012577.535843,8097148928,3364,3364
1716012578.5370803,8097148928,2916,2916
1716012579.5373695,8097148928,3645,3645
1716012580.5386405,8097148928,3017,3017
1716012581.539902,8097148928,4381,4381
1716012582.5411673,8097148928,2269,2269
1716012583.5424185,8097148928,4344,4344
1716012584.5436623,8097148928,3218,3218
1716012585.544931,8097148928,2682,2682
1716012586.5453625,8097148928,2235,2235
1716012587.546616,8097148928,3258,3258
1716012588.5478568,8097148928,2283,2283
1716012589.5491443,8097148928,3113,3113
1716012590.5503933,8097148928,2037,2037
1716012591.5506504,8097148928,2719,2719
1716012592.5518856,8097148928,4030,4030
1716012593.553143,8097148928,2616,2616
1716012594.554398,8097148928,3971,3971
1716012595.5556462,8097148928,3782,3782
1716012596.5568948,8097148928,3449,3449
1716012597.5573618,8097148928,3518,3518
1716012598.5586085,8097148928,2728,2728
1716012599.5598555,8097148928,3523,3523
1716012600.5611355,8097148928,3113,3113
1716012601.562373,8097148928,4289,4289
1716012602.5636215,8097148928,3007,3007
1716012603.564879,8097148928,3564,3564
1716012604.5653625,8097148928,2307,2307
1716012605.5665996,8097148928,4162,4162
1716012606.5678446,8097148928,2156,2156
1716012607.5691042,8097148928,3796,3796
1716012608.569362,8097148928,2223,2223
1716012609.5706441,8097148928,4209,4209
1716012610.5719218,8097148928,3324,3324
1716012611.5731921,8097148928,3399,3399
1716012612.5744185,8097148928,3146,3146
1716012613.5758328,8097148928,2084,2084
1716012614.5770695,8097148928,443,443
1716012615.5780053,8097148928,317,317
1716012616.5798502,8097148928,354,354
1716012617.581265,8097148928,624,624
1716012618.5824916,8097148928,845,845
1716012619.5837,8097148928,1894,1894
1716012620.5849123,8097148928,153,153
1716012621.585312,8097148928,352,352
1716012622.5865088,8097148928,0,0
1716012623.5876968,8097148928,0,0
1716012624.5888877,8097148928,0,0
1716012625.5893075,8097148928,152,152
1716012626.590515,8097148928,344,344
1716012627.5917287,8097148928,0,0
1716012628.5929554,8097148928,0,0
1716012629.5933099,8097148928,0,0
1716012630.5945194,8097148928,152,152
1716012631.5957286,8097148928,344,344
1716012632.5969274,8097148928,0,0
1716012633.5973086,8097148928,0,0
1716012634.5985117,8097148928,0,0
1716012635.5997105,8097148928,152,152
1716012636.6009142,8097148928,344,344
1716012637.6013327,8097148928,0,0
1716012638.6025472,8097148928,0,0
1716012639.6033542,8097148928,0,0
1716012640.6045573,8097148928,152,152
1716012641.6053047,8097148928,344,344
1716012642.6065018,8097148928,0,0
1716012643.6077313,8097148928,0,0
1716012644.6089401,8097148928,0,0
1716012645.6101701,8097148928,152,152
1716012646.6113667,8097148928,344,344
1716012647.6125927,8097148928,1337783833,1337783833
1716012648.6133583,8097148928,1171916747,1171916747
1716012649.6145933,8097148928,0,0
1716012650.6157906,8097148928,625,625
1716012651.6170278,8097148928,4654,4654
1716012652.6173584,8097148928,2280,2280
1716012653.618599,8097148928,3293,3293
1716012654.6198516,8097148928,3249,3249
1716012655.6206586,8097148928,3665,3665
1716012656.6213858,8097148928,3096,3096
1716012657.6226306,8097148928,3788,3788
1716012658.623919,8097148928,2249,2249
1716012659.6251812,8097148928,4444,4444
1716012660.625924,8097148928,3617,3617
1716012661.6271691,8097148928,3467,3467
1716012662.6284544,8097148928,3024,3024
1716012663.6293588,8097148928,2988,2988
1716012664.630601,8097148928,3747,3747
1716012665.6318405,8097148928,3061,3061
1716012666.6331043,8097148928,4323,4323
1716012667.633367,8097148928,2254,2254
1716012668.6346002,8097148928,4444,4444
1716012669.6358578,8097148928,1991,1991
1716012670.6371381,8097148928,4423,4423
1716012671.638391,8097148928,2142,2142
1716012672.6396503,8097148928,3778,3778
1716012673.6409087,8097148928,3470,3470
1716012674.6413636,8097148928,2923,2923
1716012675.6426013,8097148928,3577,3577
1716012676.6438406,8097148928,2569,2569
1716012677.6450818,8097148928,3471,3471
1716012678.645369,8097148928,2531,2531
1716012679.646308,8097148928,2174,2174
1716012680.6475523,8097148928,4276,4276
1716012681.6487987,8097148928,2533,2533
1716012682.6493511,8097148928,4076,4076
1716012683.6505897,8097148928,3137,3137
1716012684.6518612,8097148928,3110,3110
1716012685.6531034,8097148928,3390,3390
1716012686.6533794,8097148928,3157,3157
1716012687.654654,8097148928,3161,3161
1716012688.6558974,8097148928,2877,2877
1716012689.6571693,8097148928,3401,3401
1716012690.658412,8097148928,3134,3134
1716012691.659691,8097148928,2728,2728
1716012692.660941,8097148928,2410,2410
1716012693.66136,8097148928,3786,3786
1716012694.6627085,8097148928,4349,4349
1716012695.6644115,8097148928,3960,3960
1716012696.6653395,8097148928,4821,4821
1716012697.6669214,8097148928,3531,3531
1716012698.6684482,8097148928,5095,5095
1716012699.669712,8097148928,4459,4459
1716012700.6709151,8097148928,3369,3369
1716012701.6726213,8097148928,3071,3071
1716012702.6736026,8097148928,1948,1948
1716012703.6748219,8097148928,2419,2419
1716012704.676061,8097148928,2419,2419
1716012705.677441,8097148928,2689,2689
1716012706.6793659,8097148928,3056,3056
1716012707.680717,8097148928,2499,2499
1716012708.6814759,8097148928,2103,2103
1716012709.6832426,8097148928,1820,1820
1716012710.6844847,8097148928,2808,2808
1716012711.6853476,8097148928,2412,2412
1716012712.6870096,8097148928,2083,2083
1716012713.6885831,8097148928,2442,2442
1716012714.6895528,8097148928,2977,2977
1716012715.691498,8097148928,2703,2703
1716012716.6932805,8097148928,1332,1332
1716012717.6945887,8097148928,2495,2495
1716012718.6957936,8097148928,2447,2447
1716012719.6969986,8097148928,1611,1611
1716012720.6974492,8097148928,2436,2436
1716012721.699186,8097148928,4048,4048
1716012722.7009788,8097148928,3102,3102
1716012723.7017946,8097148928,3082,3082
1716012724.7037427,8097148928,3057,3057
1716012725.7055051,8097148928,1989,1989
1716012726.707415,8097148928,2155,2155
1716012727.7086864,8097148928,1981,1981
1716012728.7093384,8097148928,2504,2504
1716012729.7106023,8097148928,2981,2981
1716012730.7119293,8097148928,3210,3210
1716012731.713276,8097148928,3928,3928
1716012732.7145133,8097148928,3918,3918
1716012733.7157466,8097148928,4192,4192
1716012734.717181,8097148928,5368,5368
1716012735.71842,8097148928,4440,4440
1716012736.719739,8097148928,3115,3115
1716012737.7209454,8097148928,3562,3562
1716012738.7213259,8097148928,3356,3356
1716012739.7225258,8097148928,2419,2419
1716012740.7237349,8097148928,2546,2546
1716012741.7249658,8097148928,2340,2340
1716012742.7253127,8097148928,3286,3286
1716012743.7265167,8097148928,2372,2372
1716012744.727717,8097148928,2297,2297
1716012745.7289155,8097148928,2600,2600
1716012746.729302,8097148928,2662,2662
1716012747.7304993,8097148928,2182,2182
1716012748.731692,8097148928,3163,3163
1716012749.732895,8097148928,2630,2630
1716012750.7333097,8097148928,4250,4250
1716012751.7345073,8097148928,2019,2019
1716012752.7357023,8097148928,2624,2624
1716012753.736904,8097148928,1901,1901
1716012754.7373054,8097148928,3292,3292
1716012755.7385025,8097148928,3536,3536
1716012756.7396965,8097148928,2762,2762
1716012757.7409012,8097148928,1975,1975
1716012758.741298,8097148928,3903,3903
1716012759.7425077,8097148928,2525,2525
1716012760.7436943,8097148928,2585,2585
1716012761.7449193,8097148928,1855,1855
1716012762.745297,8097148928,2730,2730
1716012763.7457123,8097148928,2741,2741
1716012764.7469397,8097148928,2872,2872
1716012765.748133,8097148928,3123,3123
1716012766.749301,8097148928,2038,2038
1716012767.7505162,8097148928,3759,3759
1716012768.7517245,8097148928,2267,2267
1716012769.752003,8097148928,2555,2555
1716012770.7532852,8097148928,3148,3148
1716012771.7545583,8097148928,3357,3357
1716012772.755761,8097148928,1877,1877
1716012773.756969,8097148928,2437,2437
1716012774.7573113,8097148928,1647,1647
1716012775.7585347,8097148928,92786,92786
1716012776.7597363,8097148928,527,527
1716012777.7609618,8097148928,2458,2458
1716012778.761302,8097148928,2408,2408
1716012779.762525,8097148928,2349,2349
1716012780.7637603,8097148928,2206,2206
1716012781.7641828,8097148928,1007,1007
1716012782.7654567,8097148928,159,159
1716012783.7668047,8097148928,0,0
1716012784.768188,8097148928,158,158
1716012785.7694788,8097148928,1250,1250
1716012786.7707057,8097148928,155,155
1716012787.7719872,8097148928,152,152
1716012788.7732568,8097148928,0,0
1716012789.774547,8097148928,0,0
1716012790.77579,8097148928,1394167442,1394167442
1716012791.7770822,8097148928,477729380,477729380
1716012792.7773402,8097148928,0,0
1716012793.778587,8097148928,0,0
1716012794.7798183,8097148928,0,0
1716012795.7810993,8097148928,344,344
1716012796.7813678,8097148928,1871897418,1871897418
1716012797.7826045,8097148928,216,216
1716012798.7838228,8097148928,302,302
1716012799.7850587,8097148928,0,0
1716012800.785315,8097148928,346,346
1716012801.7865236,8097148928,1689,1689
1716012802.78774,8097148928,2090,2090
1716012803.788953,8097148928,1933,1933
1716012804.7893124,8097148928,4076,4076
1716012805.7905128,8097148928,2311,2311
1716012806.7917106,8097148928,2516,2516
1716012807.7929697,8097148928,2997,2997
1716012808.7933674,8097148928,2567,2567
1716012809.7945628,8097148928,2447,2447
1716012810.795815,8097148928,3443,3443
1716012811.7970629,8097148928,3344,3344
1716012812.797312,8097148928,2858,2858
1716012813.798507,8097148928,3321,3321
1716012814.799705,8097148928,2453,2453
1716012815.800909,8097148928,3857,3857
1716012816.801306,8097148928,2943,2943
1716012817.8025572,8097148928,3753,3753
1716012818.8038418,8097148928,2097,2097
1716012819.8051028,8097148928,3137,3137
1716012820.8063376,8097148928,2922,2922
1716012821.8075333,8097148928,1989,1989
1716012822.8087282,8097148928,2095,2095
1716012823.8093047,8097148928,3429,3429
1716012824.8105052,8097148928,2100,2100
1716012825.8117082,8097148928,1659,1659
1716012826.8129277,8097148928,2947,2947
1716012827.8141525,8097148928,3044,3044
1716012828.815393,8097148928,3032,3032
1716012829.816649,8097148928,3503,3503
1716012830.8179166,8097148928,3086,3086
1716012831.8191736,8097148928,2385,2385
1716012832.8204274,8097148928,2183,2183
1716012833.8216712,8097148928,4050,4050
1716012834.822888,8097148928,2715,2715
1716012835.8240855,8097148928,2916,2916
1716012836.8252866,8097148928,3482,3482
1716012837.8264818,8097148928,2515,2515
1716012838.827678,8097148928,3437,3437
1716012839.8288796,8097148928,2744,2744
1716012840.8293283,8097148928,3596,3596
1716012841.8305297,8097148928,2902,2902
1716012842.831756,8097148928,2297,2297
1716012843.832958,8097148928,1677,1677
1716012844.8333304,8097148928,4425,4425
1716012845.8346405,8097148928,3464,3464
1716012846.8359516,8097148928,3748,3748
1716012847.837273,8097148928,3162,3162
1716012848.83856,8097148928,2771,2771
1716012849.839862,8097148928,3718,3718
1716012850.8411937,8097148928,2764,2764
1716012851.8424773,8097148928,3833,3833
1716012852.8437688,8097148928,2399,2399
1716012853.8450708,8097148928,4054,4054
1716012854.846377,8097148928,3004,3004
1716012855.8476214,8097148928,3130,3130
1716012856.8488984,8097148928,2253,2253
1716012857.8501766,8097148928,2645,2645
1716012858.8514962,8097148928,2969,2969
1716012859.8527572,8097148928,3033,3033
1716012860.854045,8097148928,3071,3071
1716012861.8553562,8097148928,2851,2851
1716012862.8566647,8097148928,2143,2143
1716012863.8579795,8097148928,2041,2041
1716012864.8592653,8097148928,4301,4301
1716012865.8605812,8097148928,3204,3204
1716012866.861873,8097148928,3031,3031
1716012867.8631902,8097148928,3177,3177
1716012868.8644896,8097148928,2993,2993
1716012869.865733,8097148928,3553,3553
1716012870.867038,8097148928,2699,2699
1716012871.8683527,8097148928,3207,3207
1716012872.869633,8097148928,2529,2529
1716012873.870945,8097148928,3047,3047
1716012874.872269,8097148928,2711,2711
1716012875.873605,8097148928,3484,3484
1716012876.8748522,8097148928,2468,2468
1716012877.8760886,8097148928,2791,2791
1716012878.8773518,8097148928,2387,2387
1716012879.878601,8097148928,2995,2995
1716012880.879848,8097148928,3422,3422
1716012881.8810987,8097148928,2994,2994
1716012882.8813734,8097148928,2802,2802
1716012883.8826234,8097148928,3428,3428
1716012884.883869,8097148928,2540,2540
1716012885.8851063,8097148928,3550,3550
1716012886.886381,8097148928,2366,2366
1716012887.8879662,8097148928,2430,2430
1716012888.8892689,8097148928,1134,1134
1716012889.8912609,8097148928,715,715
1716012890.8924835,8097148928,561,561
1716012891.8937402,8097148928,155,155
1716012892.894984,8097148928,0,0
1716012893.8965638,8097148928,0,0
1716012894.8978164,8097148928,0,0
1716012895.8993685,8097148928,344,344
1716012896.900653,8097148928,152,152
1716012897.9023614,8097148928,0,0
1716012898.9036267,8097148928,0,0
1716012899.905613,8097148928,0,0
1716012900.9068487,8097148928,344,344
1716012901.908061,8097148928,1330,1330
1716012902.9093032,8097148928,0,0
1716012903.9105353,8097148928,151,151
1716012904.9117458,8097148928,151,151
1716012905.9129634,8097148928,347,347
1716012906.9133275,8097148928,155,155
1716012907.9145432,8097148928,0,0
1716012908.9157622,8097148928,0,0
1716012909.9169934,8097148928,0,0
1716012910.9173236,8097148928,344,344
1716012911.918577,8097148928,152,152
1716012912.9198077,8097148928,0,0
1716012913.921049,8097148928,0,0
1716012914.9213207,8097148928,0,0
1716012915.9225516,8097148928,344,344
1716012916.9237804,8097148928,152,152
1716012917.9249938,8097148928,0,0
1716012918.9262164,8097148928,0,0
1716012919.9274445,8097148928,0,0
1716012920.9286563,8097148928,448,448
1716012921.9298613,8097148928,152,152
1716012922.9311507,8097148928,0,0
1716012923.932374,8097148928,0,0
1716012924.9336274,8097148928,0,0
1716012925.9348505,8097148928,344,344
1716012926.9361055,8097148928,152,152
1716012927.9373116,8097148928,0,0
1716012928.938528,8097148928,0,0
1716012929.9397604,8097148928,857689002,857689002
1716012930.9410133,8097148928,1652021447,1652021447
1716012931.9422426,8097148928,368,368
1716012932.943124,8097148928,269,269
1716012933.9443686,8097148928,4242,4242
1716012934.9456253,8097148928,2523,2523
1716012935.9468615,8097148928,3715,3715
1716012936.9480991,8097148928,3000,3000
1716012937.9493535,8097148928,3619,3619
1716012938.9505975,8097148928,1919,1919
1716012939.9518309,8097148928,3450,3450
1716012940.9530666,8097148928,2790,2790
1716012941.9533525,8097148928,2005,2005
1716012942.9546041,8097148928,4010,4010
1716012943.9558597,8097148928,3153,3153
1716012944.957144,8097148928,3294,3294
1716012945.9583929,8097148928,3587,3587
1716012946.9596524,8097148928,3069,3069
1716012947.9608932,8097148928,3716,3716
1716012948.9613554,8097148928,2545,2545
1716012949.9625938,8097148928,4032,4032
1716012950.963861,8097148928,2948,2948
1716012951.9651341,8097148928,4506,4506
1716012952.9663856,8097148928,3413,3413
1716012953.9676483,8097148928,3081,3081
1716012954.9688923,8097148928,3294,3294
1716012955.9693675,8097148928,3186,3186
1716012956.970621,8097148928,3669,3669
1716012957.9718733,8097148928,2855,2855
1716012958.9731424,8097148928,3399,3399
1716012959.9743738,8097148928,2750,2750
1716012960.9756205,8097148928,4441,4441
1716012961.9768732,8097148928,3641,3641
1716012962.9773598,8097148928,2883,2883
1716012963.9786036,8097148928,3560,3560
1716012964.9798508,8097148928,2938,2938
1716012965.9811044,8097148928,3906,3906
1716012966.9823594,8097148928,3091,3091
1716012967.9836204,8097148928,3549,3549
1716012968.9848607,8097148928,2957,2957
1716012969.9853597,8097148928,2343,2343
1716012970.9866116,8097148928,4013,4013
1716012971.987853,8097148928,2838,2838
1716012972.9891386,8097148928,3576,3576
1716012973.9903812,8097148928,2931,2931
1716012974.9916382,8097148928,3271,3271
1716012975.9929035,8097148928,3244,3244
1716012976.9933436,8097148928,4212,4212
1716012977.9954085,8097148928,1829,1829
1716012978.9972203,8097148928,2028,2028
1716012979.9991252,8097148928,213,213
1716012981.0006268,8097148928,357,357
1716012982.0013433,8097148928,314,314
1716012983.0025597,8097148928,3021,3021
1716012984.00378,8097148928,279,279
1716012985.004996,8097148928,99,99
1716012986.0062284,8097148928,551,551
1716012987.007442,8097148928,155,155
1716012988.0086572,8097148928,0,0
1716012989.0093396,8097148928,0,0
1716012990.01056,8097148928,0,0
1716012991.0117698,8097148928,344,344
1716012992.012971,8097148928,152,152
1716012993.014188,8097148928,0,0
1716012994.0154088,8097148928,0,0
1716012995.0166254,8097148928,0,0
1716012996.0178332,8097148928,344,344
1716012997.0190506,8097148928,152,152
1716012998.0202608,8097148928,0,0
1716012999.0214794,8097148928,0,0
1716013000.0226905,8097148928,0,0
1716013001.023915,8097148928,344,344
1716013002.0251493,8097148928,152,152
1716013003.026364,8097148928,0,0
1716013004.0275776,8097148928,0,0
1716013005.0287821,8097148928,0,0
1716013006.0299864,8097148928,448,448
1716013007.0311995,8097148928,152,152
1716013008.032412,8097148928,33638361,33638361
1716013009.0336432,8097148928,0,0
1716013010.0348444,8097148928,0,0
1716013011.0360856,8097148928,713997123,713997123
1716013012.037363,8218800128,1589272107,1589272107
1716013014.8676972,9654575104,172702590,172702590
1716013015.8855865,9161633792,2721,2721
1716013016.8956678,9161633792,2078,2078
1716013017.9202585,9161633792,2557,2557
1716013018.9321442,9161633792,3982,3982
1716013019.9431527,9161633792,2130,2130
1716013020.9692981,9161633792,3889,3889
1716013021.9708378,9161633792,2258,2258
1716013022.9824865,9161633792,4310,4310
1716013023.9934313,9161633792,3064,3064
1716013025.005997,9161633792,3087,3087
1716013026.0343819,9161633792,3557,3557
1716013027.0631473,9161879552,3354,3354
1716013028.0650008,9161879552,2517,2517
1716013029.0802984,9161879552,2221,2221
1716013030.1058142,9161879552,3950,3950
1716013031.144802,9161879552,2449,2449
1716013032.172401,9161879552,4096,4096
1716013033.1888084,9161879552,3233,3233
1716013034.1922135,9161879552,3275,3275
1716013035.2214773,9161879552,3258,3258
1716013036.227802,9161879552,3689,3689
1716013037.2498705,9161879552,3501,3501
1716013038.2720885,9161879552,2900,2900
1716013039.2902308,9161879552,4153,4153
1716013040.2975025,9161879552,2146,2146
1716013041.3109367,9161879552,4270,4270
1716013042.3261056,9161879552,3338,3338
1716013043.3409104,9161879552,3556,3556
1716013044.3436594,9161879552,3163,3163
1716013045.3587344,9161879552,3932,3932
1716013046.364308,9161879552,3174,3174
1716013047.3702486,9161879552,3646,3646
1716013048.3782222,9161879552,2816,2816
1716013049.3798487,9161879552,3842,3842
1716013050.3935537,9161879552,2174,2174
1716013051.3986397,9161879552,4868,4868
1716013052.4238982,9161879552,3239,3239
1716013053.4539092,9161879552,3246,3246
1716013054.4641283,9161879552,3106,3106
1716013055.4668462,9161879552,3348,3348
1716013056.472072,9161879552,4038,4038
1716013057.4898944,9161879552,2454,2454
1716013058.4914658,9161879552,4448,4448
1716013059.4936955,9161879552,4820,4820
1716013060.495317,9161879552,4947,4947
1716013061.4965298,9161879552,3491,3491
1716013062.497426,9161879552,2517,2517
1716013063.4988444,9161879552,1914,1914
1716013064.500468,9161879552,2331,2331
1716013065.5020623,9161879552,2762,2762
1716013066.5039036,9161879552,1704,1704
1716013067.5059276,9161879552,2045,2045
1716013068.507143,9161879552,2368,2368
1716013069.508363,9161879552,2422,2422
1716013070.5094469,9161879552,3240,3240
1716013071.510795,9161879552,2682,2682
1716013072.5122795,9161879552,2437,2437
1716013073.5140426,9161879552,2560,2560
1716013074.5156848,9161879552,2353,2353
1716013075.5174613,9161879552,1892,1892
1716013076.5189784,9161879552,2281,2281
1716013077.5202055,9161879552,92920,92920
1716013078.5213087,9161879552,708,708
1716013079.52264,9161879552,3174,3174
1716013080.524284,9161879552,2438,2438
1716013081.5260506,9161879552,2764,2764
1716013082.5281196,9161879552,2384,2384
1716013083.5302901,9161879552,2458,2458
1716013084.531699,9161879552,1906,1906
1716013085.5332026,9161879552,2566,2566
1716013086.5344088,9161879552,3155,3155
1716013087.5356448,9161879552,2682,2682
1716013088.5369544,9161879552,5481,5481
1716013089.5375915,9161879552,2270,2270
1716013090.539237,9161879552,2229,2229
1716013091.5407398,9161879552,2006,2006
1716013092.5422804,9161879552,1834,1834
1716013093.5437434,9161879552,2385,2385
1716013094.5449545,9161879552,1815,1815
1716013095.5453148,9161879552,2661,2661
1716013096.5466516,9161879552,3814,3814
1716013097.5834446,9161879552,3628,3628
1716013098.5931046,9161879552,4141,4141
1716013099.5933495,9161879552,2794,2794
1716013100.6195607,9161879552,4037,4037
1716013101.6215515,9161879552,2815,2815
1716013102.6465678,9161879552,3914,3914
1716013103.649717,9161879552,2214,2214
1716013104.6746306,9161879552,4317,4317
1716013105.7006457,9161879552,2576,2576
1716013106.7337976,9161879552,2730,2730
1716013107.7598042,9161879552,3247,3247
1716013108.7642202,9161879552,2637,2637
1716013109.7993965,9161879552,3091,3091
1716013110.82734,9161879552,3451,3451
1716013111.8463485,9161879552,2484,2484
1716013112.8803666,9161879552,2417,2417
1716013113.8955834,9161879552,3808,3808
1716013114.9309034,9161879552,3352,3352
1716013115.967653,9161879552,3486,3486
1716013116.9873984,9161879552,3345,3345
1716013118.0128567,9161879552,3104,3104
1716013119.022262,9183997952,2553,2553
1716013120.0299916,9225039872,2642,2642
1716013121.0440736,9253302272,2910,2910
1716013122.0510926,9325555712,2254,2254
1716013123.0837786,9350868992,3766,3766
1716013124.090095,9404686336,2222,2222
1716013125.0928655,9502281728,4029,4029
1716013126.119763,9505230848,3620,3620
1716013127.1244998,9600139264,3138,3138
1716013128.160207,9624961024,3133,3133
1716013129.1815917,9675571200,3003,3003
1716013130.1841908,9773150208,2192,2192
1716013131.2151,9782489088,3012,3012
1716013132.2352676,9848868864,2268,2268
1716013133.2636023,9889419264,2192,2192
1716013134.2666767,10015518720,3698,3698
1716013135.2678912,10018959360,2505,2505
1716013136.30301,10103500800,2676,2676
1716013137.3181865,10176045056,1336,1336
1716013138.3389952,10232569856,2145,2145
1716013156.6428578,11466444800,486533334,486533334
1716013157.644099,11507200000,2776723165,2776723165
1716013158.6453273,11507200000,1028,1028
1716013159.6465707,11507200000,104,104
1716013160.6477828,11507200000,344,344
1716013161.6490412,8384327680,480089039,480089039
1716013162.649347,8384327680,0,0
1716013163.650571,8384327680,0,0
1716013164.6517866,8384327680,0,0
1716013165.6530433,8384327680,344,344
1716013166.6542509,8384327680,1528,1528
1716013167.6554558,8384327680,2121,2121
1716013168.656669,8384327680,1894,1894
1716013169.657878,8384327680,3750,3750
1716013170.6591005,8384327680,3616,3616
1716013171.6603007,8384327680,2694,2694
1716013172.661307,8384327680,2982,2982
1716013173.6625092,8384327680,2751,2751
1716013174.663708,8384327680,2137,2137
1716013175.6649218,8384327680,2796,2796
1716013176.6653206,8384327680,3512,3512
1716013177.6665194,8384327680,2691,2691
1716013178.667725,8384327680,3726,3726
1716013179.6689436,8384327680,3337,3337
1716013180.6693134,8384327680,3133,3133
1716013181.6705172,8384327680,3106,3106
1716013182.6717138,8384327680,2568,2568
1716013183.672917,8384327680,1724,1724
1716013184.6733065,8384327680,2049,2049
1716013185.6745121,8384327680,2396,2396
1716013186.6757128,8384327680,2253,2253
1716013187.6769247,8384327680,2963,2963
1716013188.6781304,8384327680,2753,2753
1716013189.679326,8384327680,3307,3307
1716013190.6805313,8384327680,3161,3161
1716013191.681731,8384327680,3938,3938
1716013192.6829288,8384327680,2609,2609
1716013193.6841254,8384327680,2214,2214
1716013194.685333,8384327680,2101,2101
1716013195.6865616,8384327680,3676,3676
1716013196.6877747,8384327680,2579,2579
1716013197.6889777,8384327680,3674,3674
1716013198.6901855,8384327680,2085,2085
1716013199.6914036,8384327680,3931,3931
1716013200.692606,8384327680,3491,3491
1716013201.6938255,8384327680,2967,2967
1716013202.6950269,8384327680,2174,2174
1716013203.6962414,8384327680,2145,2145
1716013204.6974528,8384327680,2793,2793
1716013205.6986518,8384327680,3230,3230
1716013206.699661,8384327680,3602,3602
1716013207.7009041,8384327680,1975,1975
1716013208.7021708,8384327680,2600,2600
1716013209.7034376,8384327680,3299,3299
1716013210.7046442,8384327680,3770,3770
1716013211.7052908,8384327680,1986,1986
1716013212.7064822,8384327680,1744,1744
1716013213.7076964,8384327680,308,308
1716013214.7088683,8384327680,158,158
1716013215.7093134,8384327680,514,514
1716013216.7105083,8384327680,154,154
1716013217.711708,8384327680,0,0
1716013218.712896,8384327680,2276,2276
1716013219.713303,8384327680,1774,1774
1716013220.7145057,8384327680,2787,2787
1716013221.7157125,8384327680,3790,3790
1716013222.7169113,8384327680,2180,2180
1716013223.7181191,8384327680,3942,3942
1716013224.7193074,8384327680,3340,3340
1716013225.7205107,8384327680,2963,2963
1716013226.7217174,8384327680,3468,3468
1716013227.722917,8384327680,3049,3049
1716013228.7241237,8384327680,3086,3086
1716013229.7253118,8384327680,2750,2750
1716013230.7265198,8384327680,3819,3819
1716013231.727712,8384327680,2816,2816
1716013232.7289026,8384327680,3853,3853
1716013233.729311,8384327680,2134,2134
1716013234.730171,8384327680,4114,4114
1716013235.7313678,8384327680,3222,3222
1716013236.7325583,8384327680,3015,3015
1716013237.7333035,8384327680,2449,2449
1716013238.7344923,8384327680,2232,2232
1716013239.7356815,8384327680,2468,2468
1716013240.7368777,8384327680,2494,2494
1716013241.7380714,8384327680,3303,3303
1716013242.7392626,8384327680,2685,2685
1716013243.7404585,8384327680,3675,3675
1716013244.7412963,8384327680,3221,3221
1716013245.7424839,8384327680,3367,3367
1716013246.743672,8384327680,2890,2890
1716013247.7448668,8384327680,2853,2853
1716013248.7460659,8384327680,2217,2217
1716013249.7472544,8384327680,2393,2393
1716013250.7484581,8384327680,3438,3438
1716013251.749656,8384327680,2913,2913
1716013252.750853,8384327680,2185,2185
1716013253.7520566,8384327680,2378,2378
1716013254.7532768,8384327680,3829,3829
1716013255.7544825,8384327680,2506,2506
1716013256.7556803,8384327680,3996,3996
1716013257.7568886,8384327680,2552,2552
1716013258.7571938,8384327680,3093,3093
1716013259.759187,8384327680,2966,2966
1716013260.7604198,8384327680,2444,2444
1716013261.761888,8384327680,604,604
1716013262.7631273,8384327680,0,0
1716013263.7645926,8384327680,161,161
1716013264.7657757,8384327680,0,0
1716013265.7670171,8384327680,349,349
1716013266.7683964,8384327680,152,152
1716013267.769315,8384327680,0,0
1716013268.770863,8384327680,0,0
1716013269.7721086,8384327680,0,0
1716013270.7736573,8384327680,344,344
1716013271.7749794,8384327680,152,152
1716013272.7767258,8384327680,0,0
1716013273.7773042,8384327680,904,904
1716013274.778513,8384327680,294,294
1716013275.7797241,8384327680,350,350
1716013276.7809465,8384327680,155,155
1716013277.7821407,8384327680,190,190
1716013278.7833364,8384327680,0,0
1716013279.784544,8384327680,0,0
1716013280.785314,8384327680,344,344
1716013281.786518,8384327680,152,152
1716013282.78772,8384327680,0,0
1716013283.7889364,8384327680,0,0
1716013284.789299,8384327680,0,0
1716013285.7905116,8384327680,344,344
1716013286.7917185,8384327680,152,152
1716013287.7929342,8384327680,0,0
1716013288.7941463,8384327680,0,0
1716013289.7953632,8384327680,0,0
1716013290.7965817,8384327680,344,344
1716013291.7977943,8384327680,152,152
1716013292.799016,8384327680,0,0
1716013293.800239,8384327680,0,0
1716013294.8013263,8384327680,0,0
1716013295.802545,8384327680,344,344
1716013296.803775,8384327680,152,152
1716013297.8049998,8384327680,0,0
1716013298.8053138,8384327680,0,0
1716013299.8065166,8384327680,0,0
1716013300.8074458,8384327680,344,344
1716013301.8087347,8384327680,840567929,840567929
1716013302.8093417,8384327680,1669216220,1669216220
1716013303.8105798,8384327680,216,216
1716013304.8118057,8384327680,0,0
1716013305.813056,8384327680,4479,4479
1716013306.81335,8384327680,2665,2665
1716013307.8145895,8384327680,3582,3582
1716013308.8158302,8384327680,3065,3065
1716013309.817075,8384327680,2943,2943
1716013310.8173609,8384327680,3481,3481
1716013311.8186069,8384327680,3535,3535
1716013312.8198593,8384327680,3209,3209
1716013313.8211086,8384327680,3633,3633
1716013314.8223689,8384327680,2855,2855
1716013315.8236246,8384327680,4296,4296
1716013316.8248649,8384327680,1844,1844
1716013317.8260846,8384327680,3305,3305
1716013318.827329,8384327680,2254,2254
1716013319.8285768,8384327680,3290,3290
1716013320.8291001,8384327680,3268,3268
1716013321.8293407,8384327680,3627,3627
1716013322.8305886,8384327680,2810,2810
1716013323.8318257,8384327680,3712,3712
1716013324.8330755,8384327680,2883,2883
1716013325.8333554,8384327680,4211,4211
1716013326.8346007,8384327680,2979,2979
1716013327.835844,8384327680,4114,4114
1716013328.837093,8384327680,3101,3101
1716013329.8383482,8384327680,2569,2569
1716013330.8395889,8384327680,2347,2347
1716013331.840831,8384327680,3615,3615
1716013332.8413432,8384327680,2513,2513
1716013333.8425918,8384327680,4112,4112
1716013334.8438325,8384327680,3507,3507
1716013335.8450906,8384327680,3438,3438
1716013336.8453598,8384327680,3490,3490
1716013337.8466146,8384327680,3395,3395
1716013338.8478644,8384327680,3116,3116
1716013339.849089,8384327680,3162,3162
1716013340.8493593,8384327680,2686,2686
1716013341.8505955,8384327680,2584,2584
1716013342.8518398,8384327680,3375,3375
1716013343.8530807,8384327680,2542,2542
1716013344.8533561,8384327680,4185,4185
1716013345.8546362,8384327680,3275,3275
1716013346.8558798,8384327680,3374,3374
1716013347.8573496,8384327680,2529,2529
1716013348.8588974,8384327680,2467,2467
1716013349.8605163,8384327680,1615,1615
1716013350.8613608,8384327680,1012,1012
1716013351.8625908,8384327680,160,160
1716013352.8639483,8384327680,1262,1262
1716013353.8652234,8384327680,0,0
