Timestamp,MemoryUsage,NetSent,NetRecv
1716011385.7291386,515211264,432,432
1716011386.7304769,522584064,8822,8822
1716011387.731871,522584064,153,153
1716011388.733166,522584064,303,303
1716011389.7334492,522584064,154,154
1716011390.734842,522584064,3130,3130
1716011391.7362368,522584064,313,313
1716011392.737341,522584064,152,152
1716011393.738569,522584064,313,313
1716011394.7399838,522584064,0,0
1716011395.7413354,522584064,349,349
1716011396.7426248,522584064,1714,1714
1716011397.7438755,522584064,4112,4112
1716011398.745132,522584064,1535,1535
1716011399.746364,522584064,956,956
1716011400.7476552,522584064,517,517
1716011401.7489572,522584064,157,157
1716011402.749398,522584064,152,152
1716011403.750818,522584064,152,152
1716011404.7522228,522584064,0,0
1716011405.7534533,522584064,344,344
1716011406.7546716,522584064,744,744
1716011407.7559185,522584064,2274,2274
1716011408.757194,522584064,1924,1924
1716011409.7584422,522584064,1678,1678
1716011410.7596936,522584064,1052,1052
1716011411.7609556,522584064,157,157
1716011412.7613683,522584064,152,152
1716011413.762614,522584064,152,152
1716011414.7638617,522584064,0,0
1716011415.7651315,522584064,344,344
1716011416.7664068,522584064,152,152
1716011417.7676613,522584064,152,152
1716011418.768926,522584064,152,152
1716011419.7701962,522584064,356,356
1716011420.7714634,522584064,347,347
1716011421.7727022,522584064,155,155
1716011422.7733548,522584064,152,152
1716011423.774606,522584064,152,152
1716011424.775842,522584064,338,338
1716011425.7771378,522584064,347,347
1716011426.7783964,522584064,155,155
1716011427.7796733,522584064,152,152
1716011428.780964,522584064,504,504
1716011429.7813857,522584064,0,0
1716011430.7826452,522584064,347,347
1716011431.7838874,522584064,155,155
1716011432.7851648,522584064,152,152
1716011433.7864332,522584064,152,152
1716011434.7876928,522584064,1292,1292
1716011435.7889638,522584064,1867,1867
1716011436.7902377,522584064,3317,3317
1716011437.7915065,522584064,2906,2906
1716011438.7927573,522584064,1300,1300
1716011439.7933722,522584064,2366,2366
1716011440.7946136,522584064,2334,2334
1716011441.795875,522584064,1568,1568
1716011442.7972572,522584064,3424,3424
1716011443.7985668,522584064,3011,3011
1716011444.7998254,522584064,1866,1866
1716011445.8011098,522584064,3055,3055
1716011446.8023946,522584064,2725,2725
1716011447.803656,522584064,2947,2947
1716011448.8048818,522584064,2085,2085
1716011449.8053172,522584064,4555,4555
1716011450.8065434,522584064,1685,1685
1716011451.807766,522584064,932,932
1716011452.8090246,522584064,152,152
1716011453.8095987,522584064,307,307
1716011454.810893,522584064,0,0
1716011455.812299,522584064,347,347
1716011456.8136947,522584064,154,154
1716011457.815161,522584064,152,152
1716011458.816516,522584064,1324,1324
1716011459.8178883,522584064,4275,4275
1716011460.8192532,522584064,357,357
1716011461.820529,522584064,155,155
1716011462.821331,522584064,152,152
1716011463.822046,522584064,510,510
1716011464.823298,522584064,0,0
1716011465.8245876,522584064,347,347
1716011466.8258743,522584064,155,155
1716011467.8272715,522584064,152,152
1716011468.8286164,522584064,506,506
1716011469.8294914,522584064,0,0
1716011470.8308938,522584064,347,347
1716011471.8322406,522584064,155,155
1716011472.8335202,522584064,152,152
1716011473.8347745,522584064,152,152
1716011474.8360734,522584064,0,0
1716011475.8373256,522584064,344,344
1716011476.8385973,522584064,152,152
1716011477.8398204,522584064,152,152
1716011478.841159,522584064,152,152
1716011479.842393,522584064,351,351
1716011480.8436306,522584064,348,348
1716011481.8448544,522584064,4200039,4200039
1716011482.8453617,766623744,494097903,494097903
1716011488.6150882,5428596736,3257853484,3257853484
1716011489.6208708,5481578496,4536,4536
1716011490.639694,5481578496,3083,3083
1716011491.6575527,5481578496,3638,3638
1716011492.6723433,5481578496,3035,3035
1716011493.6876006,5481578496,4255,4255
1716011494.7057831,5481578496,2248,2248
1716011495.7231526,5482070016,4575,4575
1716011496.7414594,5482315776,3370,3370
1716011497.766877,5482807296,3471,3471
1716011498.7858393,5483790336,3313,3313
1716011499.8030298,5484036096,3210,3210
1716011500.8213186,5484527616,3968,3968
1716011501.8324401,5491654656,3154,3154
1716011502.8443873,5491654656,4081,4081
1716011503.8567984,5492883456,2335,2335
1716011504.8679414,5492883456,3184,3184
1716011505.8813634,5493866496,3178,3178
1716011506.8915687,5493866496,4159,4159
1716011507.900082,5494849536,2420,2420
1716011508.9112637,5494849536,4432,4432
1716011509.9223232,5501730816,2942,2942
1716011510.945044,5509349376,3586,3586
1716011511.970084,5509840896,3814,3814
1716011512.9957404,5510332416,3553,3553
1716011514.0098445,5510823936,3702,3702
1716011515.017164,5511315456,2663,2663
1716011516.0556345,5511315456,4245,4245
1716011517.0709693,5528518656,3514,3514
1716011518.0932,5551374336,3355,3355
1716011519.1370888,5551620096,3849,3849
1716011520.1477458,5552603136,2856,2856
1716011521.1489804,5553094656,3627,3627
1716011522.1825945,5553340416,3212,3212
1716011523.1900446,5553340416,3965,3965
1716011524.2174094,5555306496,2828,2828
1716011525.2232997,5555552256,3154,3154
1716011526.2442052,5556043776,3520,3520
1716011527.250319,5616500736,3702,3702
1716011528.2664263,5617483776,2424,2424
1716011529.2753901,5656559616,3016,3016
1716011530.294566,5656559616,3198,3198
1716011531.3062625,5657788416,3304,3304
1716011532.322211,5657788416,4578,4578
1716011533.339928,5657788416,3856,3856
1716011534.3585672,5657788416,3718,3718
1716011535.3605442,5673254912,4075,4075
1716011536.361283,5687627776,2922,2922
1716011537.362643,5743812608,1700,1700
1716011538.3643591,5922717696,2589,2589
1716011539.3653996,5792714752,1258,1258
1716011540.3668263,5700354048,2299,2299
1716011541.3682008,5688176640,2580,2580
1716011542.3695083,5982228480,2912,2912
1716011543.3709805,5761658880,3000,3000
1716011544.3724773,5687676928,1964,1964
1716011545.3733637,5700001792,2209,2209
1716011546.3746457,5922988032,3364,3364
1716011547.376109,5687439360,2317,2317
1716011548.377436,5681434624,2633,2633
1716011549.3786857,5681201152,2163,2163
1716011550.3802438,6138081280,2416,2416
1716011551.3814042,5822816256,2797,2797
1716011552.3828065,5688881152,2584,2584
1716011553.3841195,5681324032,2351,2351
1716011554.385393,5815877632,2423,2423
1716011555.3868318,5776093184,2347,2347
1716011556.3881192,5700153344,2770,2770
1716011557.3894892,5687971840,2961,2961
1716011558.3911138,5916020736,2582,2582
1716011559.3925238,5756846080,1867,1867
1716011560.393323,5681553408,2324,2324
1716011561.3945959,5699698688,1962,1962
1716011562.3958995,6048768000,2629,2629
1716011563.3973176,5850193920,1750,1750
1716011564.3986607,5700059136,1597,1597
1716011565.3999727,5699973120,77768,77768
1716011566.401337,5709484032,17092,17092
1716011567.4027941,5861666816,3295,3295
1716011568.40418,5662912512,3443,3443
1716011569.4054317,5699960832,4222,4222
1716011570.406886,5902016512,7166,7166
1716011571.4081705,5755879424,4019,4019
1716011572.4093223,5700558848,2372,2372
1716011573.4105504,5700780032,2560,2560
1716011574.4119554,5904887808,2435,2435
1716011575.4133294,5847949312,2042,2042
1716011576.4145265,5681975296,2545,2545
1716011577.4158835,5791272960,2963,2963
1716011578.4174607,6095388672,3022,3022
1716011579.4187381,5681115136,2141,2141
1716011580.4199939,5681225728,2071,2071
1716011581.4214184,5896900608,2556,2556
1716011582.4227111,5757403136,2678,2678
1716011583.423965,5792473088,2596,2596
1716011584.4254236,5681549312,1879,1879
1716011585.426731,5680959488,2374,2374
1716011586.4279962,5681008640,2182,2182
1716011587.4292612,5924847616,3278,3278
1716011588.4306002,5757968384,2318,2318
1716011589.431949,5662408704,2152,2152
1716011590.4335098,5681225728,2746,2746
1716011591.4350462,5915652096,2851,2851
1716011592.436421,5756387328,2013,2013
1716011593.437612,5687218176,2409,2409
1716011594.4446514,5666013184,5224,5224
1716011595.4658096,5666013184,2652,2652
1716011596.4892113,5666013184,4194,4194
1716011597.5227566,5684936704,3285,3285
1716011598.5498872,5719588864,3260,3260
1716011599.5551436,5751046144,3160,3160
1716011600.5819538,5785698304,3435,3435
1716011601.5839577,5817155584,2915,2915
1716011602.6097162,5851561984,3988,3988
1716011603.611908,5883265024,3211,3211
1716011604.6390698,5917917184,3249,3249
1716011605.6425867,5952569344,3190,3190
1716011606.654816,5990416384,3056,3056
1716011607.6697297,6024822784,3628,3628
1716011608.679004,6062669824,2834,2834
1716011609.6925194,6100516864,3054,3054
1716011610.7071865,6135169024,2873,2873
1716011611.7151983,6173753344,4113,4113
1716011612.7269309,6211600384,2813,2813
1716011613.7535937,6252396544,3714,3714
1716011614.762918,6299828224,2648,2648
1716011615.767355,6343819264,4113,4113
1716011616.7723734,6387810304,2648,2648
1716011617.7794933,6431801344,2444,2444
1716011618.7854645,6476038144,3257,3257
1716011619.8132155,6501105664,3158,3158
1716011620.8437493,6592528384,3404,3404
1716011621.8642988,6627119104,3100,3100
1716011622.877282,6655381504,3689,3689
1716011623.89562,6727835648,2955,2955
1716011624.92421,6797344768,2558,2558
1716011625.9439604,6825361408,2862,2862
1716011626.9546034,6894747648,3339,3339
1716011627.987563,6970781696,3199,3199
1716011628.988502,6995849216,3879,3879
1716011629.9903114,7052619776,2782,2782
1716011630.9986625,7131164672,4177,4177
1716011632.0290062,7184740352,2340,2340
1716011633.1722522,7332855808,3104,3104
1716011634.1742103,7332855808,2521,2521
1716011635.2083254,7408058368,2097,2097
1716011652.9616847,9353486336,11085,11085
1716011653.962937,12381216768,2329132069,2329132069
1716011654.9641736,12381216768,1023813169,1023813169
1716011655.9654024,12381216768,500,500
1716011656.9666367,12381216768,256,256
1716011657.9678798,12381216768,152,152
1716011658.9691083,8635224064,395038504,395038504
1716011659.9703722,8635224064,0,0
1716011660.9716136,8635224064,344,344
1716011661.9728322,8635224064,152,152
1716011662.974048,8635224064,152,152
1716011663.975285,8635224064,152,152
1716011664.9764981,8635224064,2391,2391
1716011665.9773164,8635224064,2523,2523
1716011666.9785225,8635224064,3118,3118
1716011667.9797146,8635224064,2871,2871
1716011668.9809484,8635224064,3713,3713
1716011669.9813082,8635224064,2758,2758
1716011670.982524,8635224064,3477,3477
1716011671.9837253,8635224064,2988,2988
1716011672.9849343,8635224064,2939,2939
1716011673.986131,8635224064,2419,2419
1716011674.9873424,8635224064,1906,1906
1716011675.9885423,8635224064,3643,3643
1716011676.989306,8635224064,3399,3399
1716011677.9905066,8635224064,3060,3060
1716011678.9917138,8635224064,3286,3286
1716011679.9929214,8635224064,2964,2964
1716011680.9933167,8635224064,2511,2511
1716011681.9945173,8635224064,2685,2685
1716011682.995715,8635224064,2207,2207
1716011683.996893,8635224064,2299,2299
1716011684.9973164,8635224064,1660,1660
1716011685.9985173,8635224064,2295,2295
1716011686.999711,8635224064,1131,1131
1716011688.0009158,8635224064,1979,1979
1716011689.0021303,8635224064,2479,2479
1716011690.0033174,8635224064,2418,2418
1716011691.0045073,8635224064,3601,3601
1716011692.0057046,8635224064,3093,3093
1716011693.006914,8635224064,1864,1864
1716011694.0081115,8635224064,3202,3202
1716011695.0092995,8635224064,2394,2394
1716011696.0105038,8635224064,3784,3784
1716011697.011708,8635224064,2331,2331
1716011698.012931,8635224064,658,658
1716011699.0133154,8635224064,4247,4247
1716011700.0145428,8635224064,3111,3111
1716011701.0157459,8635224064,2563,2563
1716011702.0169446,8635224064,1294,1294
1716011703.017317,8635224064,3042,3042
1716011704.0185125,8635224064,1722,1722
1716011705.0197115,8635224064,1745,1745
1716011706.0208957,8635224064,2886,2886
1716011707.0213037,8635224064,2191,2191
1716011708.02251,8635224064,1584,1584
1716011709.023739,8635224064,4628,4628
1716011710.0249755,8635224064,2864,2864
1716011711.0253544,8635224064,756,756
1716011712.0265977,8635224064,2248,2248
1716011713.0278337,8635224064,1177,1177
1716011714.0290897,8635224064,2060,2060
1716011715.0303354,8635224064,2747,2747
1716011716.0316215,8635224064,3119,3119
1716011717.032866,8635224064,3534,3534
1716011718.0333452,8635469824,3147,3147
1716011719.0346115,8635469824,3431,3431
1716011720.035862,8635469824,2728,2728
1716011721.037146,8635469824,3730,3730
1716011722.038376,8635469824,3400,3400
1716011723.0396256,8635469824,2541,2541
1716011724.0408964,8635469824,2999,2999
1716011725.0421667,8635469824,3076,3076
1716011726.0434954,8635469824,3410,3410
1716011727.0447543,8635469824,3202,3202
1716011728.0459998,8635469824,3532,3532
1716011729.047277,8635469824,2633,2633
1716011730.0485146,8635469824,3678,3678
1716011731.049779,8635469824,2725,2725
1716011732.0510406,8635469824,4011,4011
1716011733.0522761,8635469824,2952,2952
1716011734.0535157,8635469824,2440,2440
1716011735.0547702,8635469824,1756,1756
1716011736.056008,8635469824,3725,3725
1716011737.0572553,8635469824,2378,2378
1716011738.0585053,8635469824,2150,2150
1716011739.0597558,8635469824,2107,2107
1716011740.061005,8635469824,3719,3719
1716011741.0622563,8635469824,2663,2663
1716011742.063523,8635469824,2130,2130
1716011743.0647688,8635469824,3052,3052
1716011744.0653477,8635469824,2879,2879
1716011745.0666134,8635469824,2669,2669
1716011746.067865,8635469824,3307,3307
1716011747.069103,8635469824,2097,2097
1716011748.0693562,8635469824,3803,3803
1716011749.0699675,8635469824,2836,2836
1716011750.0711653,8635469824,2759,2759
1716011751.0731902,8635469824,2795,2795
1716011752.0744424,8635469824,1188,1188
1716011753.0760646,8635469824,730,730
1716011754.077367,8635469824,152,152
1716011755.0783763,8635469824,160,160
1716011756.0797586,8635469824,503,503
1716011757.0809383,8635469824,0,0
1716011758.0814602,8635469824,0,0
1716011759.082681,8635469824,0,0
1716011760.0843375,8635469824,0,0
1716011761.0855718,8635469824,496,496
1716011762.0871453,8635469824,0,0
1716011763.0884218,8635469824,0,0
1716011764.0897686,8635469824,0,0
1716011765.0909894,8635469824,1143,1143
1716011766.0922246,8635469824,557,557
1716011767.0933309,8635469824,0,0
1716011768.0945587,8635469824,0,0
1716011769.0957613,8635469824,0,0
1716011770.0969796,8635469824,0,0
1716011771.09733,8635469824,496,496
1716011772.0985513,8635469824,0,0
1716011773.0997775,8635469824,0,0
1716011774.1009934,8635469824,0,0
1716011775.1013188,8635469824,0,0
1716011776.1025434,8635469824,496,496
1716011777.1037574,8635469824,0,0
1716011778.1049721,8635469824,0,0
1716011779.1053145,8635469824,0,0
1716011780.106541,8635469824,0,0
1716011781.107759,8635469824,496,496
1716011782.1087525,8635469824,0,0
1716011783.1099691,8635469824,0,0
1716011784.1111798,8635469824,0,0
1716011785.1124203,8635469824,336,336
1716011786.113665,8635469824,502,502
1716011787.1148841,8635469824,0,0
1716011788.1161041,8635469824,0,0
1716011789.1173372,8635469824,381094802,381094802
1716011790.1185672,8635469824,0,0
1716011791.1197853,8635469824,496,496
1716011792.1210048,8635469824,0,0
1716011793.122232,8635469824,51423694,51423694
1716011794.123477,8635469824,2076772406,2076772406
1716011795.1247332,8635469824,0,0
1716011796.1255107,8635469824,496,496
1716011797.126747,8635469824,2831,2831
1716011798.127983,8635469824,3033,3033
1716011799.1292968,8635469824,2132,2132
1716011800.1305614,8635469824,4018,4018
1716011801.1318061,8635469824,3059,3059
1716011802.1330512,8635469824,3959,3959
1716011803.1333504,8635469824,3012,3012
1716011804.1346028,8635469824,3270,3270
1716011805.1358411,8635469824,3738,3738
1716011806.1371067,8635469824,3917,3917
1716011807.1383703,8635469824,3098,3098
1716011808.1396344,8635469824,2237,2237
1716011809.140869,8635469824,1645,1645
1716011810.1413484,8635469824,3650,3650
1716011811.142605,8635469824,2912,2912
1716011812.14384,8635469824,3963,3963
1716011813.1451097,8635469824,2574,2574
1716011814.1463757,8635469824,4373,4373
1716011815.1471932,8635469824,2375,2375
1716011816.1484487,8635469824,4550,4550
1716011817.149371,8635469824,3346,3346
1716011818.1506178,8635469824,3336,3336
1716011819.1518607,8635469824,3302,3302
1716011820.153136,8635469824,2814,2814
1716011821.1543949,8635469824,3829,3829
1716011822.1557083,8635469824,2530,2530
1716011823.15696,8635469824,3002,3002
1716011824.157356,8635469824,2059,2059
1716011825.158611,8635469824,2552,2552
1716011826.1598728,8635469824,3257,3257
1716011827.16115,8635469824,2189,2189
1716011828.162415,8635469824,1670,1670
1716011829.16369,8635469824,3475,3475
1716011830.1649508,8635469824,2593,2593
1716011831.1653655,8635469824,4324,4324
1716011832.1666138,8635469824,2620,2620
1716011833.1678612,8635469824,3721,3721
1716011834.169142,8635469824,3473,3473
1716011835.1703906,8635469824,2997,2997
1716011836.1716805,8635469824,4094,4094
1716011837.1729386,8635469824,2703,2703
1716011838.1733778,8635469824,3306,3306
1716011839.1746538,8635469824,3210,3210
1716011840.1759126,8635469824,3577,3577
1716011841.1772249,8635469824,2240,2240
1716011842.1786115,8635469824,1414,1414
1716011843.1798887,8635469824,308,308
1716011844.1811883,8635469824,158,158
1716011845.1824608,8635469824,158,158
1716011846.1838772,8635469824,507,507
1716011847.185255,8635469824,0,0
1716011848.186696,8635469824,0,0
1716011849.1879356,8635469824,1264,1264
1716011850.1891804,8635469824,1909,1909
1716011851.1903985,8635469824,505,505
1716011852.191624,8635469824,0,0
1716011853.1928554,8635469824,0,0
1716011854.194069,8635469824,0,0
1716011855.1952908,8635469824,0,0
1716011856.1965175,8635469824,496,496
1716011857.1977332,8635469824,0,0
1716011858.1989565,8635469824,0,0
1716011859.2001827,8635469824,0,0
1716011860.2013907,8635469824,0,0
1716011861.2026086,8635469824,496,496
1716011862.2038136,8635469824,0,0
1716011863.2050257,8635469824,0,0
1716011864.2062356,8635469824,0,0
1716011865.2074552,8635469824,0,0
1716011866.2087083,8635469824,496,496
1716011867.2099228,8635469824,90976,90976
1716011868.2111332,8635469824,0,0
1716011869.212352,8635469824,0,0
1716011870.2135925,8635469824,0,0
1716011871.2148015,8635469824,660,660
1716011872.2160108,8635469824,0,0
1716011873.2172415,8635469824,346,346
1716011874.218453,8635469824,387261874,387261874
1716011875.2196693,8635469824,0,0
1716011876.2209003,8635469824,501,501
1716011877.2221243,8635469824,0,0
1716011878.223535,8635469824,875441802,875441802
1716011879.224761,8635469824,1246455912,1246455912
1716011880.2253175,8635469824,0,0
1716011881.2265236,8635469824,496,496
1716011882.2277632,8635469824,2554,2554
1716011883.229012,8635469824,3302,3302
1716011884.2302692,8635469824,2451,2451
1716011885.231512,8635469824,741,741
1716011886.2327456,8635469824,4853,4853
1716011887.2333624,8635469824,1872,1872
1716011888.234618,8635469824,4039,4039
1716011889.235865,8635469824,1724,1724
1716011890.2371426,8635469824,3271,3271
1716011891.2383776,8635469824,3526,3526
1716011892.239642,8635469824,2624,2624
1716011893.2408788,8635469824,2910,2910
1716011894.2421374,8635469824,3440,3440
1716011895.243385,8635469824,2938,2938
1716011896.244637,8635469824,3290,3290
1716011897.245877,8635469824,3033,3033
1716011898.2471383,8635469824,3119,3119
1716011899.2483747,8635469824,2943,2943
1716011900.249356,8635469824,1639,1639
1716011901.2506022,8635469824,1244,1244
1716011902.2518663,8635469824,4251,4251
1716011903.2531455,8635469824,2423,2423
1716011904.2544012,8635469824,3284,3284
1716011905.2556374,8635469824,1419,1419
1716011906.2568657,8635469824,3372,3372
1716011907.2573333,8635469824,3279,3279
1716011908.2585433,8635469824,3141,3141
1716011909.2597988,8635469824,3208,3208
1716011910.2610204,8635469824,3483,3483
1716011911.261361,8635469824,3352,3352
1716011912.2626164,8635469824,3660,3660
1716011913.2638779,8635469824,3641,3641
1716011914.2651749,8635469824,2974,2974
1716011915.2664282,8635469824,367,367
1716011916.2676852,8635469824,4338,4338
1716011917.268951,8635469824,2432,2432
1716011918.2702148,8635469824,3094,3094
1716011919.271467,8635469824,2245,2245
1716011920.2727225,8635469824,2357,2357
1716011921.273986,8635469824,4181,4181
1716011922.275262,8635469824,2358,2358
1716011923.2765045,8635469824,4254,4254
1716011924.2777643,8635469824,2038,2038
1716011925.2789958,8635469824,3058,3058
1716011926.280259,8635469824,1712,1712
1716011927.2814567,8635469824,2850,2850
1716011928.2829146,8635469824,2493,2493
1716011929.284331,8635469824,4852,4852
1716011930.2854152,8635469824,3676,3676
1716011931.2868211,8635469824,1500,1500
1716011932.2887015,8635469824,1831,1831
1716011933.2893898,8635469824,2750,2750
1716011934.2906747,8635469824,1959,1959
1716011935.2919316,8635469824,1154,1154
1716011936.293444,8635469824,2751,2751
1716011937.294828,8635469824,1971,1971
1716011938.2961292,8635469824,1918,1918
1716011939.2976742,8635469824,2278,2278
1716011940.2991245,8635469824,2552,2552
1716011941.3007848,8635469824,3176,3176
1716011942.3014255,8635469824,1996,1996
1716011943.3029432,8635469824,1953,1953
1716011944.3041737,8635469824,2135,2135
1716011945.305351,8635469824,2287,2287
1716011946.3066404,8635469824,3372,3372
1716011947.307881,8635469824,2275,2275
1716011948.3092155,8635469824,2010,2010
1716011949.3105183,8635469824,2287,2287
1716011950.3120008,8635469824,2004,2004
1716011951.313312,8635469824,3412,3412
1716011952.3147728,8635469824,2099,2099
1716011953.3160985,8635469824,2005,2005
1716011954.3174512,8635469824,2292,2292
1716011955.3188617,8635469824,2771,2771
1716011956.3203607,8635469824,2116,2116
1716011957.3214462,8635469824,2194,2194
1716011958.3227968,8635469824,2295,2295
1716011959.3243465,8635469824,2303,2303
1716011960.3257067,8635469824,2310,2310
1716011961.3273072,8635469824,2863,2863
1716011962.3286636,8635469824,1997,1997
1716011963.32938,8635469824,1864,1864
1716011964.3306558,8635469824,3372,3372
1716011965.3319287,8635469824,3827,3827
1716011966.333185,8635469824,3015,3015
1716011967.334687,8635469824,3026,3026
1716011968.3360271,8635469824,2603,2603
1716011969.3372724,8635469824,1546,1546
1716011970.3386297,8635469824,770,770
1716011971.3399217,8635469824,1777,1777
1716011972.341308,8635469824,1049,1049
1716011973.3426025,8635469824,962,962
1716011974.3438647,8635469824,1257,1257
1716011975.3450963,8635469824,944,944
1716011976.345548,8635469824,1912,1912
1716011977.3467853,8635469824,943,943
1716011978.3481681,8635469824,1357,1357
1716011979.3493197,8635469824,950,950
1716011980.3506694,8635469824,1622,1622
1716011981.351923,8635469824,1608,1608
1716011982.353251,8635469824,1349,1349
1716011983.3545651,8635469824,758,758
1716011984.3550763,8635469824,1245,1245
1716011985.3563347,8635469824,1336,1336
1716011986.3573246,8635469824,2230,2230
1716011987.3585298,8635469824,1396,1396
1716011988.3597317,8635469824,2707,2707
1716011989.3609397,8635469824,663,663
1716011990.3616793,8635469824,3399,3399
1716011991.3629565,8635469824,3409,3409
1716011992.3642051,8635469824,2372,2372
1716011993.3653584,8635469824,2310,2310
1716011994.3656359,8635469824,3256,3256
1716011995.366849,8635469824,2761,2761
1716011996.368073,8635469824,4352,4352
1716011997.3693051,8635469824,3320,3320
1716011998.370525,8635469824,3023,3023
1716011999.3717334,8635469824,3410,3410
1716012000.3729424,8635469824,2906,2906
1716012001.3733199,8635469824,2860,2860
1716012002.374542,8635469824,2438,2438
1716012003.3757524,8635469824,3401,3401
1716012004.3769884,8635469824,2689,2689
1716012005.3773007,8635469824,3604,3604
1716012006.3785124,8635469824,2710,2710
1716012007.3797245,8635469824,3247,3247
1716012008.3809345,8635469824,1015,1015
1716012009.381315,8635469824,158,158
1716012010.3825493,8635469824,158,158
1716012011.3838136,8635469824,508,508
1716012012.3850389,8635469824,0,0
1716012013.385326,8635469824,196,196
1716012014.386556,8635469824,1426,1426
1716012015.3877852,8635469824,1536,1536
1716012016.3890135,8635469824,3353,3353
1716012017.3893137,8635469824,3036,3036
1716012018.3905435,8635469824,1147,1147
1716012019.3917708,8635469824,2372,2372
1716012020.3930018,8635469824,2096,2096
1716012021.3942418,8635469824,1999,1999
1716012022.395486,8635469824,1852,1852
1716012023.3961504,8635469824,2853,2853
1716012024.3973482,8635469824,1871899594,1871899594
1716012025.3985782,8635469824,2722,2722
1716012026.3997917,8635469824,1783,1783
1716012027.4010165,8635469824,2234,2234
1716012028.4013338,8635469824,1866,1866
1716012029.4021647,8635469824,1140,1140
1716012030.403375,8635469824,1494,1494
1716012031.4045885,8635469824,511,511
1716012032.40533,8635469824,0,0
1716012033.4065423,8635469824,161,161
1716012034.4077458,8635469824,0,0
1716012035.4089725,8635469824,154,154
1716012036.409329,8635469824,344,344
1716012037.4105582,8635469824,0,0
1716012038.4117646,8635469824,0,0
1716012039.4129703,8635469824,0,0
1716012040.4133224,8635469824,152,152
1716012041.4145489,8635469824,344,344
1716012042.4157708,8635469824,0,0
1716012043.4169912,8635469824,0,0
1716012044.4173315,8635469824,0,0
1716012045.4185786,8635469824,1871902171,1871902171
1716012046.4198067,8635469824,352,352
1716012047.421045,8635469824,0,0
1716012048.4222736,8635469824,0,0
1716012049.4235427,8635469824,0,0
1716012050.4247584,8635469824,1622,1622
1716012051.425969,8635469824,2530,2530
1716012052.4271698,8635469824,2100,2100
1716012053.4283783,8635469824,3660,3660
1716012054.4295895,8635469824,3327,3327
1716012055.4307983,8635469824,2642,2642
1716012056.432021,8635469824,2168,2168
1716012057.4332514,8635469824,3619,3619
1716012058.4344773,8635469824,3387,3387
1716012059.4356818,8635469824,2931,2931
1716012060.436902,8635469824,3326,3326
1716012061.4381278,8635469824,3220,3220
1716012062.439353,8635469824,2934,2934
1716012063.440554,8635469824,2806,2806
1716012064.4417646,8635469824,3132,3132
1716012065.4429624,8635469824,2915,2915
1716012066.4441693,8635469824,3628,3628
1716012067.4453754,8635469824,2399,2399
1716012068.4465895,8635469824,3494,3494
1716012069.4477868,8635469824,3043,3043
1716012070.449003,8635469824,3086,3086
1716012071.4502032,8635469824,3341,3341
1716012072.4514196,8635469824,3046,3046
1716012073.4526637,8635469824,3054,3054
1716012074.4533076,8635469824,2338,2338
1716012075.4545197,8635469824,3302,3302
1716012076.4557204,8635469824,3002,3002
1716012077.4569244,8635469824,3342,3342
1716012078.4581308,8635469824,2401,2401
1716012079.4593408,8635469824,3721,3721
1716012080.4605668,8635469824,2207,2207
1716012081.4617884,8635469824,2879,2879
1716012082.4629965,8635469824,2209,2209
1716012083.464207,8635469824,2615,2615
1716012084.465435,8635469824,3454,3454
1716012085.4666362,8635469824,2835,2835
1716012086.4678302,8635469824,4153,4153
1716012087.469054,8635469824,3171,3171
1716012088.4693055,8635469824,2668,2668
1716012089.4705086,8635469824,2104,2104
1716012090.4717164,8635469824,2328,2328
1716012091.4729178,8635469824,2552,2552
1716012092.4741147,8635469824,1868,1868
1716012093.475321,8635469824,3630,3630
1716012094.4765275,8635469824,3294,3294
1716012095.4777308,8635469824,2879,2879
1716012096.4789343,8635469824,2451,2451
1716012097.480129,8635469824,4213,4213
1716012098.4813325,8635469824,2975,2975
1716012099.482537,8635469824,3072,3072
1716012100.483732,8635469824,3197,3197
1716012101.4849315,8635469824,3408,3408
1716012102.4852972,8635469824,3133,3133
1716012103.4865015,8635469824,2399,2399
1716012104.4876854,8635469824,3566,3566
1716012105.4888842,8635469824,2358,2358
1716012106.490086,8635469824,4375,4375
1716012107.4912806,8635469824,2103,2103
1716012108.4924862,8635469824,2462,2462
1716012109.4936955,8635469824,3000,3000
1716012110.4948866,8635469824,3083,3083
1716012111.496081,8635469824,3882,3882
1716012112.497293,8635469824,2349,2349
1716012113.4984772,8635469824,3993,3993
1716012114.4996693,8635469824,2089,2089
1716012115.5008686,8635469824,2528,2528
1716012116.5013118,8635469824,2570,2570
1716012117.502523,8635469824,2366,2366
1716012118.5037146,8635469824,2892,2892
1716012119.5049112,8635469824,2754,2754
1716012120.5061064,8635469824,3028,3028
1716012121.507308,8635469824,3173,3173
1716012122.5085223,8635469824,3031,3031
1716012123.509306,8635469824,2969,2969
1716012124.51052,8635469824,3326,3326
1716012125.5117333,8635469824,2786,2786
1716012126.5122366,8635469824,4169,4169
1716012127.5135171,8635469824,2145,2145
1716012128.5147657,8635469824,3989,3989
1716012129.5160203,8635469824,2792,2792
1716012130.5173247,8635469824,3241,3241
1716012131.518589,8635469824,3412,3412
1716012132.519863,8635469824,3034,3034
1716012133.521138,8635469824,3503,3503
1716012134.5223927,8635469824,2233,2233
1716012135.523608,8635469824,2940,2940
1716012136.5255728,8635469824,2490,2490
1716012137.5268764,8635469824,2237,2237
1716012138.5288455,8635469824,309,309
1716012139.5293362,8635469824,158,158
1716012140.531217,8635469824,313,313
1716012141.5324538,8635469824,354,354
1716012142.534327,8635469824,0,0
1716012143.5355744,8635469824,0,0
1716012144.5374446,8635469824,366,366
1716012145.538718,8635469824,152,152
1716012146.5402694,8635469824,350,350
1716012147.5416632,8635469824,0,0
1716012148.5436187,8635469824,0,0
1716012149.544859,8635469824,0,0
1716012150.5453155,8635469824,1317,1317
1716012151.5465672,8635469824,352,352
1716012152.5477788,8635469824,0,0
1716012153.5487788,8635469824,0,0
1716012154.5500038,8635469824,0,0
1716012155.5512276,8635469824,152,152
1716012156.5525637,8635469824,344,344
1716012157.5539093,8635469824,0,0
1716012158.5552769,8635469824,0,0
1716012159.55661,8635469824,0,0
1716012160.5580068,8635469824,152,152
1716012161.5593548,8635469824,344,344
1716012162.5607424,8635469824,0,0
1716012163.562085,8635469824,0,0
1716012164.5633543,8635469824,0,0
1716012165.5645945,8635469824,484,484
1716012166.5653179,8635469824,350,350
1716012167.5665412,8635469824,0,0
1716012168.5677884,8635469824,0,0
1716012169.5690212,8635469824,0,0
1716012170.5702658,8635469824,152,152
1716012171.5714836,8635469824,91319,91319
1716012172.572728,8635469824,0,0
1716012173.5739565,8635469824,158,158
1716012174.5752053,8635469824,0,0
1716012175.5764265,8635469824,310,310
1716012176.5776482,8635469824,347,347
1716012177.5788927,8635469824,635091686,635091686
1716012178.580144,8635469824,1874412232,1874412232
1716012179.5814092,8635469824,458,458
1716012180.5826612,8635469824,152,152
1716012181.5838609,8635469824,2216,2216
1716012182.5851538,8635469824,3716,3716
1716012183.5864024,8635469824,2465,2465
1716012184.5876527,8635469824,3887,3887
1716012185.5888908,8635469824,2977,2977
1716012186.5893502,8635469824,2742,2742
1716012187.590595,8635469824,3199,3199
1716012188.5918396,8635469824,3757,3757
1716012189.5931299,8635469824,2496,2496
1716012190.594377,8635469824,4139,4139
1716012191.5956318,8635469824,3025,3025
1716012192.5969267,8635469824,4289,4289
1716012193.5973582,8635469824,3209,3209
1716012194.5986073,8635469824,3244,3244
1716012195.5998597,8635469824,3176,3176
1716012196.6011434,8635469824,3619,3619
1716012197.6022332,8635469824,3381,3381
1716012198.6035016,8635469824,2789,2789
1716012199.604749,8635469824,2156,2156
1716012200.6053758,8635469824,1853,1853
1716012201.6066394,8635469824,4177,4177
1716012202.6078851,8635469824,2859,2859
1716012203.609164,8635469824,3913,3913
1716012204.6103976,8635469824,3434,3434
1716012205.6116586,8635469824,3027,3027
1716012206.6129296,8635469824,4004,4004
1716012207.613382,8635469824,2852,2852
1716012208.6146257,8635469824,3606,3606
1716012209.6158717,8635469824,2846,2846
1716012210.6171992,8635469824,3585,3585
1716012211.6184654,8635469824,3090,3090
1716012212.619745,8635469824,3833,3833
1716012213.6209962,8635469824,2622,2622
1716012214.6213717,8635469824,4266,4266
1716012215.6226206,8635469824,3661,3661
1716012216.6238768,8635469824,3014,3014
1716012217.6251378,8635469824,3304,3304
1716012218.6264024,8635469824,3231,3231
1716012219.6276774,8635469824,3660,3660
1716012220.6289275,8635469824,3224,3224
1716012221.6293502,8635469824,4134,4134
1716012222.6305943,8635469824,2227,2227
1716012223.6318474,8635469824,4108,4108
1716012224.6331306,8635469824,2188,2188
1716012225.6348553,8635469824,2583,2583
1716012226.6366284,8635469824,2520,2520
1716012227.6373417,8635469824,2337,2337
1716012228.6385808,8635469824,0,0
1716012229.6397817,8635469824,1563,1563
1716012230.6415768,8635469824,1623,1623
1716012231.6427987,8635469824,1567,1567
1716012232.6440291,8635469824,729,729
1716012233.6452622,8635469824,0,0
1716012234.6464944,8635469824,2113,2113
1716012235.647707,8635469824,302,302
1716012236.6489255,8635469824,207,207
1716012237.6501377,8635469824,0,0
1716012238.650667,8635469824,190,190
1716012239.6518874,8635469824,0,0
1716012240.6531026,8635469824,344,344
1716012241.6533287,8635469824,152,152
1716012242.6545393,8635469824,0,0
1716012243.655763,8635469824,0,0
1716012244.6569889,8635469824,0,0
1716012245.658211,8635469824,448,448
1716012246.6594439,8635469824,152,152
1716012247.6606736,8635469824,0,0
1716012248.6619043,8635469824,0,0
1716012249.6631358,8635469824,0,0
1716012250.6643574,8635469824,344,344
1716012251.665583,8635469824,152,152
1716012252.6668067,8635469824,0,0
1716012253.6680324,8635469824,0,0
1716012254.669272,8635469824,0,0
1716012255.6705,8635469824,344,344
1716012256.6717367,8635469824,152,152
1716012257.672957,8635469824,0,0
1716012258.674198,8938737664,611369136,611369136
1716012259.6754317,8963805184,24749417,24749417
1716012260.6766496,8963805184,344,344
1716012261.677867,8963805184,152,152
1716012262.679085,8998948864,34632267,34632267
1716012265.9906883,10936336384,1838618171,1838618171
1716012266.9968889,7950483456,4626,4626
1716012268.0077446,7950483456,2635,2635
1716012269.0290647,7950483456,3390,3390
1716012270.036376,7950483456,3148,3148
1716012271.0438378,7950483456,4099,4099
1716012272.0665255,7950483456,3046,3046
1716012273.0777428,7950483456,3933,3933
1716012274.0875945,7950483456,2270,2270
1716012275.112449,7950483456,2591,2591
1716012276.1224134,7950483456,3770,3770
1716012277.1361313,7950483456,3243,3243
1716012278.161741,7950729216,3338,3338
1716012279.1765501,7950729216,3038,3038
1716012280.177435,7950729216,3466,3466
1716012281.2197132,7950729216,3066,3066
1716012282.2470634,7950729216,4433,4433
1716012283.2636461,7950729216,3476,3476
1716012284.27111,7950729216,2783,2783
1716012285.2756145,7950729216,3601,3601
1716012286.281293,7950729216,3520,3520
1716012287.2908144,7950729216,3509,3509
1716012288.3131504,7950729216,2898,2898
1716012289.3351088,7950729216,3989,3989
1716012290.35148,7950729216,2158,2158
1716012291.364743,7950729216,2880,2880
1716012292.3760977,7950729216,2306,2306
1716012293.391383,7954907136,4209,4209
1716012294.408964,7969652736,2425,2425
1716012295.4346397,7969652736,4038,4038
1716012296.4443722,7969652736,3655,3655
1716012297.461021,7969652736,3309,3309
1716012298.4959493,7969652736,3248,3248
1716012299.5140805,7969652736,3099,3099
1716012300.515955,7969652736,3865,3865
1716012301.5436108,7969652736,2911,2911
1716012302.5499105,8009711616,3974,3974
1716012303.57438,8009711616,2532,2532
1716012304.592661,8034906112,4097,4097
1716012305.618368,8034906112,1961,1961
1716012306.6321292,8034906112,4262,4262
1716012307.6415641,8013885440,2209,2209
1716012308.6438448,8013885440,3912,3912
1716012309.6451602,8163008512,3836,3836
1716012310.6464362,8385761280,5220,5220
1716012311.6476922,8115585024,1739,1739
1716012312.6489925,8002449408,2674,2674
1716012313.6495817,8067735552,1661,1661
1716012314.6508973,8123891712,1643,1643
1716012315.6521807,8250863616,1966,1966
1716012316.6535292,8085176320,1753,1753
1716012317.6552463,8007651328,1484,1484
1716012318.6566658,8042881024,1663,1663
1716012319.657502,8136671232,1954,1954
1716012320.65887,8215232512,2350,2350
1716012321.6601942,8178130944,1484,1484
1716012322.661392,8024424448,1413,1413
1716012323.6628797,8328642560,2767,2767
1716012324.664308,8150794240,2337,2337
1716012325.6655822,8028815360,1743,1743
1716012326.66624,8060387328,2091,2091
1716012327.6676235,8169111552,1796,1796
1716012328.6693316,8322654208,926,926
1716012329.6706917,8182939648,1961,1961
1716012330.671967,8014700544,1988,1988
1716012331.6733384,8066101248,1815,1815
1716012332.6755378,8071651328,2364,2364
1716012333.6768618,8371589120,1772,1772
1716012334.677556,8152064000,1989,1989
1716012335.6788867,8052817920,2166,2166
1716012336.6801107,8033546240,2422,2422
1716012337.681441,8075235328,1801,1801
1716012338.6827407,8243142656,1783,1783
1716012339.6841667,8208060416,1700,1700
1716012340.6854112,8035586048,2433,2433
1716012341.6866686,8056967168,1840,1840
1716012342.6880484,8175628288,2066,2066
1716012343.6893237,8479019008,1696,1696
1716012344.6907315,8149618688,1808,1808
1716012345.6922321,8043540480,2599,2599
1716012346.693523,8023740416,2088,2088
1716012347.6949713,8276234240,2159,2159
1716012348.6963835,8159662080,1506,1506
1716012349.6975844,8039583744,1685,1685
1716012350.6989746,8088158208,2794,2794
1716012351.7006183,8288358400,2090,2090
1716012352.701368,8030461952,1694,1694
1716012353.7026677,8044617728,2198,2198
1716012354.7041016,8218177536,1834,1834
1716012355.7054386,8414797824,2125,2125
1716012356.7067327,8135634944,1899,1899
1716012357.7079718,8070451200,2025,2025
1716012358.7092824,8034398208,2208,2208
1716012359.7107315,8194420736,2063,2063
1716012360.711958,8244207616,1997,1997
1716012361.7132277,8056061952,2015,2015
1716012362.7144573,8028758016,1961,1961
1716012363.7160864,8054087680,1504,1504
1716012364.7175057,8143822848,2250,2250
1716012365.7187364,8278261760,1853,1853
1716012366.7200274,8169037824,2300,2300
1716012367.7216318,8071139328,1507,1507
1716012368.7229383,8042045440,1323,1323
1716012369.748752,7974637568,3948,3948
1716012370.7696197,7974637568,3934,3934
1716012371.8039522,7999705088,3406,3406
1716012372.805219,8034357248,3243,3243
1716012373.8393095,8065814528,3086,3086
1716012374.8405874,8100466688,2960,2960
1716012375.8426075,8131923968,3862,3862
1716012376.8474703,8163381248,2809,2809
1716012377.8757567,8198033408,4040,4040
1716012378.8808546,8229490688,3512,3512
1716012379.9075758,8264142848,3061,3061
1716012380.9100113,8295600128,3543,3543
1716012381.917106,8333447168,3464,3464
1716012382.927976,8374243328,2262,2262
1716012383.9502692,8408895488,2392,2392
1716012384.958433,8446742528,3910,3910
1716012385.9857378,8487538688,4015,4015
1716012387.0123425,8522190848,3088,3088
1716012388.0397384,8563232768,3545,3545
1716012389.0578268,8591495168,2837,2837
1716012390.0763388,8660799488,3480,3480
1716012391.0775545,8685867008,3355,3355
1716012392.1143887,8736247808,2517,2517
1716012393.1208375,8783433728,1993,1993
1716012394.1352246,8827424768,4012,4012
1716012395.1364343,8877805568,3096,3096
1716012396.144754,8928292864,3460,3460
1716012397.1741984,8984817664,2144,2144
1716012398.175419,9029066752,2412,2412
1716012399.2373643,9120497664,3376,3376
1716012400.2695062,9145319424,2872,2872
1716012401.289359,9198993408,2986,2986
1716012402.3162012,9252569088,2893,2893
1716012403.3267987,9302712320,2853,2853
1716012404.3358464,9369165824,2731,2731
1716012405.3665733,9409716224,2193,2193
1716012406.479143,9520250880,4352,4352
1716012407.480341,9549496320,2862,2862
1716012408.503947,9633300480,2197,2197
1716012409.5192816,9731141632,2557,2557
1716012410.5258534,9762353152,2522,2522
1716012428.9227827,11739316224,1872077341,1872077341
1716012429.9240806,11040657408,6000499,6000499
1716012430.9253497,11040657408,500,500
1716012431.92665,11040657408,152,152
1716012432.92792,11040657408,774782187,774782187
1716012433.92924,7917731840,1091486017,1091486017
1716012434.930515,7917731840,216,216
1716012435.9318082,7917731840,344,344
1716012436.9331071,7917731840,152,152
1716012437.934426,7917731840,0,0
1716012438.935644,7917731840,868,868
1716012439.9369051,7917731840,2034,2034
1716012440.9381535,7917731840,2501,2501
1716012441.9394135,7917731840,3854,3854
1716012442.9406576,7917731840,2399,2399
1716012443.941921,7917731840,3516,3516
1716012444.9431777,7917731840,3439,3439
1716012445.9444537,7917731840,3262,3262
1716012446.945706,7917731840,1060,1060
1716012447.9469767,7917731840,3045,3045
1716012448.9482064,7917731840,3426,3426
1716012449.949463,7917731840,3651,3651
1716012450.9507096,7917731840,2921,2921
1716012451.9519718,7917731840,2829,2829
1716012452.9532404,7917731840,2630,2630
1716012453.9545095,7917731840,3403,3403
1716012454.9557722,7917731840,2588,2588
1716012455.9569848,7917731840,3870,3870
1716012456.9582267,7917731840,3326,3326
1716012457.9594967,7917731840,2698,2698
1716012458.9607182,7917731840,3342,3342
1716012459.9619768,7917731840,2807,2807
1716012460.9632194,7917731840,3550,3550
1716012461.9644768,7917731840,2549,2549
1716012462.9657388,7917731840,3427,3427
1716012463.9669955,7917731840,2408,2408
1716012464.9682395,7917731840,4029,4029
1716012465.9694932,7917731840,3359,3359
1716012466.9707396,7917731840,2921,2921
1716012467.9720113,7917731840,2403,2403
1716012468.9732423,7917731840,1889,1889
1716012469.9745028,7917731840,3314,3314
1716012470.9757504,7917731840,2986,2986
1716012471.9770048,7917731840,2457,2457
1716012472.978251,7917731840,2378,2378
1716012473.9795058,7917731840,92551,92551
1716012474.9807613,7917731840,1470,1470
1716012475.982023,7917731840,2180,2180
1716012476.9832642,7917731840,3605,3605
1716012477.9845207,7917731840,2308,2308
1716012478.9857357,7917731840,636,636
1716012479.9869936,7917731840,2650,2650
1716012480.9881833,7917731840,1809,1809
1716012481.9894567,7917731840,4047,4047
1716012482.9907038,7917731840,3004,3004
1716012483.9919007,7917731840,3888,3888
1716012484.9931445,7917731840,3530,3530
1716012485.9943373,7917731840,3186,3186
1716012486.9955344,7917731840,3558,3558
1716012487.9967313,7917731840,2645,2645
1716012488.9979315,7917731840,3675,3675
1716012489.9991274,7917731840,2402,2402
1716012491.0003378,7917731840,4072,4072
1716012492.0015469,7917731840,2088,2088
1716012493.0027487,7917731840,3414,3414
1716012494.0039563,7917731840,2389,2389
1716012495.005191,7917731840,3357,3357
1716012496.006389,7917731840,3149,3149
1716012497.007617,7917731840,3927,3927
1716012498.0088384,7917731840,3380,3380
1716012499.010047,7917731840,2658,2658
1716012500.0112307,7917731840,2918,2918
1716012501.0124333,7917731840,3257,3257
1716012502.0136538,7917731840,3231,3231
1716012503.0148504,7917731840,3059,3059
1716012504.0160685,7917731840,2109,2109
1716012505.0172894,7917731840,2776,2776
1716012506.0185013,7917731840,3607,3607
1716012507.0197313,7917731840,2452,2452
1716012508.020939,7917731840,3666,3666
1716012509.021311,7917731840,2090,2090
1716012510.0225139,7917731840,4073,4073
1716012511.023711,7917731840,3363,3363
1716012512.024912,7917731840,3474,3474
1716012513.0253112,7917731840,2669,2669
1716012514.0265322,7917731840,3487,3487
1716012515.0277295,7917731840,2158,2158
1716012516.0289423,7917731840,4310,4310
1716012517.0301406,7917731840,2904,2904
1716012518.031331,7917731840,3151,3151
1716012519.032526,7917731840,3131,3131
1716012520.0337658,7917731840,2989,2989
1716012521.0349765,7917731840,3602,3602
1716012522.0361724,7917731840,2841,2841
1716012523.037387,7917731840,3258,3258
1716012524.0386019,7917731840,2919,2919
1716012525.04026,7917731840,2642,2642
1716012526.041348,7917731840,2164,2164
1716012527.0433,7917731840,315,315
1716012528.0445552,7917731840,0,0
1716012529.0460143,7917731840,161,161
1716012530.0472655,7917731840,0,0
1716012531.049377,7917731840,349,349
1716012532.0506358,7917731840,152,152
1716012533.0525415,7917731840,0,0
1716012534.053354,7917731840,0,0
1716012535.0552244,7917731840,0,0
1716012536.0565116,7917731840,344,344
1716012537.0576067,7917731840,152,152
1716012538.0588818,7917731840,0,0
1716012539.0601075,7917731840,1172,1172
1716012540.0613286,7917731840,0,0
1716012541.0625575,7917731840,500,500
1716012542.0637739,7917731840,155,155
1716012543.064996,7917731840,0,0
1716012544.0662084,7917731840,0,0
1716012545.0674334,7917731840,0,0
1716012546.0686607,7917731840,344,344
1716012547.0698729,7917731840,152,152
1716012548.0710862,7917731840,0,0
1716012549.0723097,7917731840,0,0
1716012550.0735238,7917731840,0,0
1716012551.07474,7917731840,448,448
1716012552.0759554,7917731840,152,152
1716012553.0772007,7917731840,0,0
1716012554.0784278,7917731840,0,0
1716012555.0796566,7917731840,0,0
1716012556.0804908,7917731840,344,344
1716012557.081703,7917731840,152,152
1716012558.0829215,7917731840,0,0
1716012559.084126,7917731840,0,0
1716012560.0853167,7917731840,0,0
1716012561.0865283,7917731840,496,496
1716012562.087734,7917731840,0,0
1716012563.0889716,7917731840,891356074,891356074
1716012564.0902147,7917731840,0,0
1716012565.091441,7917731840,0,0
1716012566.092678,7917731840,363518324,363518324
1716012567.0939002,7917731840,1254799516,1254799516
1716012568.0951335,7917731840,190,190
1716012569.0963824,7917731840,657,657
1716012570.0973506,7917731840,4380,4380
1716012571.0986032,7917731840,2956,2956
1716012572.0998452,7917731840,3378,3378
1716012573.1010876,7917731840,2547,2547
1716012574.1023314,7917731840,3971,3971
1716012575.1035757,7917731840,2453,2453
1716012576.1048129,7917731840,4418,4418
1716012577.105374,7917731840,3401,3401
1716012578.1066215,7917731840,2874,2874
1716012579.1078515,7917731840,3603,3603
1716012580.109106,7917731840,2902,2902
1716012581.110333,7917731840,4020,4020
1716012582.1115618,7917731840,3141,3141
1716012583.1128273,7917731840,3755,3755
1716012584.1133463,7917731840,2513,2513
1716012585.1146066,7917731840,4116,4116
1716012586.1158466,7917731840,2166,2166
1716012587.1170883,7917731840,3071,3071
1716012588.117338,7917731840,2447,2447
1716012589.1185777,7917731840,1905,1905
1716012590.1198065,7917731840,3604,3604
1716012591.1210465,7917731840,1989,1989
1716012592.1213305,7917731840,3684,3684
1716012593.1225848,7917731840,2925,2925
1716012594.1238215,7917731840,3398,3398
1716012595.1250758,7917731840,3187,3187
1716012596.1253512,7917731840,4317,4317
1716012597.126598,7917731840,2898,2898
1716012598.1278353,7917731840,3897,3897
1716012599.1290767,7917731840,2955,2955
1716012600.13033,7917731840,3520,3520
1716012601.131579,7917731840,3948,3948
1716012602.1328335,7917731840,3488,3488
1716012603.1333501,7917731840,3185,3185
1716012604.1345947,7917731840,2773,2773
1716012605.1358278,7917731840,3156,3156
1716012606.1370754,7917731840,3267,3267
1716012607.137368,7917731840,2916,2916
1716012608.1386557,7917731840,3054,3054
1716012609.1398988,7917731840,3661,3661
1716012610.1411748,7917731840,2444,2444
1716012611.1424363,7917731840,4505,4505
1716012612.1436732,7917731840,2218,2218
1716012613.1454086,7917731840,3571,3571
1716012614.146656,7917731840,853,853
1716012615.1483355,7917731840,319,319
1716012616.1500437,7917731840,511,511
1716012617.1518145,7917731840,0,0
1716012618.1535525,7917731840,1313,1313
1716012619.1547768,7917731840,2050,2050
1716012620.156009,7917731840,0,0
1716012621.1572545,7917731840,505,505
1716012622.1584759,7917731840,0,0
1716012623.1596859,7917731840,0,0
1716012624.1610322,7917731840,0,0
1716012625.1614385,7917731840,0,0
1716012626.162758,7917731840,496,496
1716012627.1641073,7917731840,0,0
1716012628.1654203,7917731840,0,0
1716012629.1667633,7917731840,0,0
1716012630.1679866,7917731840,0,0
1716012631.169228,7917731840,496,496
1716012632.1704476,7917731840,0,0
1716012633.1716998,7917731840,0,0
1716012634.1729286,7917731840,0,0
1716012635.1741543,7917731840,0,0
1716012636.1753712,7917731840,496,496
1716012637.1765938,7917731840,0,0
1716012638.1778126,7917731840,0,0
1716012639.179053,7917731840,0,0
1716012640.1802676,7917731840,0,0
1716012641.1814961,7917731840,496,496
1716012642.182717,7917731840,0,0
1716012643.183941,7917731840,0,0
1716012644.1851733,7917731840,0,0
1716012645.186388,7917731840,0,0
1716012646.1876125,7917731840,496,496
1716012647.1888366,7917731840,857707306,857707306
1716012648.1900833,7917731840,1651992842,1651992842
1716012649.191317,7917731840,432,432
1716012650.1925428,7917731840,0,0
1716012651.1933575,7917731840,4300,4300
1716012652.194608,7917731840,2316,2316
1716012653.1958554,7917731840,2045,2045
1716012654.1971054,7917731840,4251,4251
1716012655.1983693,7917731840,3257,3257
1716012656.1996057,7917731840,3611,3611
1716012657.2008557,7917731840,3232,3232
1716012658.202111,7917731840,3002,3002
1716012659.2033617,7917731840,3743,3743
1716012660.2046216,7917731840,3038,3038
1716012661.2058601,7917731840,4535,4535
1716012662.2071042,7917731840,2185,2185
1716012663.2083282,7917731840,4154,4154
1716012664.2095706,7917731840,3274,3274
1716012665.2108073,7917731840,3234,3234
1716012666.2120464,7917731840,3965,3965
1716012667.2133017,7917731840,3143,3143
1716012668.2145593,7917731840,3409,3409
1716012669.2157905,7917731840,2365,2365
1716012670.2170317,7917731840,3570,3570
1716012671.2182796,7917731840,3399,3399
1716012672.2195172,7917731840,2978,2978
1716012673.2207587,7917731840,3016,3016
1716012674.2220006,7917731840,3623,3623
1716012675.2232485,7917731840,2724,2724
1716012676.2245,7917731840,4487,4487
1716012677.225733,7917731840,1951,1951
1716012678.2269619,7917731840,3585,3585
1716012679.228191,7917731840,2036,2036
1716012680.2293432,7917731840,3269,3269
1716012681.2305715,7917731840,3328,3328
1716012682.2318032,7917731840,3620,3620
1716012683.2330225,7917731840,2649,2649
1716012684.2333891,7917731840,3496,3496
1716012685.2346194,7917731840,2805,2805
1716012686.235842,7917731840,4109,4109
1716012687.2370586,7917731840,2462,2462
1716012688.2373233,7917731840,3774,3774
1716012689.238553,7917731840,3384,3384
1716012690.239749,7917731840,2841,2841
1716012691.2409866,7917731840,3090,3090
1716012692.2422369,7917731840,2265,2265
1716012693.243503,7917731840,3565,3565
1716012694.2448523,7917731840,4094,4094
1716012695.245618,7917731840,3766,3766
1716012696.2470407,7917731840,4948,4948
1716012697.2483466,7917731840,3554,3554
1716012698.2494676,7917731840,4600,4600
1716012699.2507129,7917731840,4672,4672
1716012700.252195,7917731840,3721,3721
1716012701.2537038,7917731840,3230,3230
1716012702.2554998,7917731840,3060,3060
1716012703.2568464,7917731840,2093,2093
1716012704.2581344,7917731840,1928,1928
1716012705.2593462,7917731840,2696,2696
1716012706.2606468,7917731840,3129,3129
1716012707.261453,7917731840,2345,2345
1716012708.262898,7917731840,2467,2467
1716012709.2645724,7917731840,2303,2303
1716012710.2658238,7917731840,1684,1684
1716012711.2670918,7917731840,2713,2713
1716012712.2683148,7917731840,2479,2479
1716012713.2693863,7917731840,2269,2269
1716012714.2708092,7917731840,2629,2629
1716012715.2723823,7917731840,2602,2602
1716012716.2741466,7917731840,2423,2423
1716012717.2754867,7917731840,2155,2155
1716012718.277282,7917731840,1954,1954
1716012719.278558,7917731840,2454,2454
1716012720.279783,7917731840,1668,1668
1716012721.2810094,7917731840,3590,3590
1716012722.2814226,7917731840,3352,3352
1716012723.2827957,7917731840,3089,3089
1716012724.2841856,7917731840,2856,2856
1716012725.2858691,7917731840,2201,2201
1716012726.2875144,7917731840,2509,2509
1716012727.2888777,7917731840,1331,1331
1716012728.2901094,7917731840,3171,3171
1716012729.2916481,7917731840,2890,2890
1716012730.2928796,7917731840,2502,2502
1716012731.2937293,7917731840,3320,3320
1716012732.2949247,7917731840,4563,4563
1716012733.2967563,7917731840,4257,4257
1716012734.2974524,7917731840,5170,5170
1716012735.2986693,7917731840,4549,4549
1716012736.299895,7917731840,3538,3538
1716012737.3011463,7917731840,3403,3403
1716012738.3018005,7917731840,3461,3461
1716012739.3030434,7917731840,2740,2740
1716012740.3042529,7917731840,2251,2251
1716012741.3054678,7917731840,2786,2786
1716012742.3066692,7917731840,3214,3214
1716012743.307873,7917731840,2783,2783
1716012744.3090725,7917731840,1645,1645
1716012745.3102937,7917731840,2303,2303
1716012746.311503,7917731840,3094,3094
1716012747.3127098,7917731840,2154,2154
1716012748.3139179,7917731840,2946,2946
1716012749.3151276,7917731840,2982,2982
1716012750.3163335,7917731840,3098,3098
1716012751.3175392,7917731840,3644,3644
1716012752.3187387,7917731840,2334,2334
1716012753.3199337,7917731840,2424,2424
1716012754.3211577,7917731840,2319,2319
1716012755.322374,7917731840,2558,2558
1716012756.3235915,7917731840,3907,3907
1716012757.3248205,7917731840,1953,1953
1716012758.3253114,7917731840,3386,3386
1716012759.3265402,7917731840,3020,3020
1716012760.3277464,7917731840,2523,2523
1716012761.3289647,7917731840,2416,2416
1716012762.3301835,7917731840,2626,2626
1716012763.3313904,7917731840,2524,2524
1716012764.3326058,7917731840,1962,1962
1716012765.33332,7917731840,3542,3542
1716012766.3345573,7917731840,2400,2400
1716012767.3357747,7917731840,3067,3067
1716012768.3369937,7917731840,3127,3127
1716012769.3373206,7917731840,2354,2354
1716012770.3385143,7917731840,2385,2385
1716012771.339767,7917731840,3810,3810
1716012772.340997,7917731840,2494,2494
1716012773.342219,7917731840,2134,2134
1716012774.3434381,7917731840,2156,2156
1716012775.3446596,7917731840,92724,92724
1716012776.3458729,7917731840,997,997
1716012777.347091,7917731840,1785,1785
1716012778.3483067,7917731840,2517,2517
1716012779.3495374,7917731840,1581,1581
1716012780.3507705,7917731840,2424,2424
1716012781.352011,7917731840,2289,2289
1716012782.3532562,7917731840,159,159
1716012783.354488,7917731840,0,0
1716012784.3557134,7917731840,158,158
1716012785.35693,7917731840,609,609
1716012786.358171,7917731840,796,796
1716012787.3594189,7917731840,0,0
1716012788.3606527,7917731840,152,152
1716012789.361897,7917731840,0,0
1716012790.3631332,7917731840,0,0
1716012791.3643656,7917731840,1871896822,1871896822
1716012792.3655858,7917731840,0,0
1716012793.3668098,7917731840,0,0
1716012794.368041,7917731840,0,0
1716012795.3692787,7917731840,0,0
1716012796.3705142,7917731840,523857311,523857311
1716012797.371738,7917731840,1348040667,1348040667
1716012798.3729403,7917731840,0,0
1716012799.3733082,7917731840,302,302
1716012800.3745174,7917731840,0,0
1716012801.3757026,7917731840,1338,1338
1716012802.3768985,7917731840,2024,2024
1716012803.3773072,7917731840,2097,2097
1716012804.3785112,7917731840,3431,3431
1716012805.3797233,7917731840,2254,2254
1716012806.3809218,7917731840,2738,2738
1716012807.3813064,7917731840,2089,2089
1716012808.3825095,7917731840,3470,3470
1716012809.383707,7917731840,2220,2220
1716012810.38492,7917731840,3618,3618
1716012811.3861673,7917731840,2661,2661
1716012812.386726,7917731840,3578,3578
1716012813.3879173,7917731840,3344,3344
1716012814.3891575,7917731840,2756,2756
1716012815.3903553,7917731840,3387,3387
1716012816.3915641,7917731840,3453,3453
1716012817.3927598,7917731840,3332,3332
1716012818.3933198,7917731840,2488,2488
1716012819.394514,7917731840,2668,2668
1716012820.3957016,7917731840,2699,2699
1716012821.396889,7917731840,2561,2561
1716012822.3973145,7917731840,2094,2094
1716012823.3985155,7917731840,2861,2861
1716012824.3997102,7917731840,2666,2666
1716012825.399935,7917731840,2188,2188
1716012826.4011576,7917731840,2417,2417
1716012827.4023554,7917731840,1906,1906
1716012828.4036047,7917731840,3977,3977
1716012829.404813,7917731840,3131,3131
1716012830.4060493,7917731840,3039,3039
1716012831.4072642,7917731840,2793,2793
1716012832.4084573,7917731840,2181,2181
1716012833.4096642,7917731840,3753,3753
1716012834.4108672,7917731840,2199,2199
1716012835.4120758,7917731840,3507,3507
1716012836.4132764,7917731840,2845,2845
1716012837.4144766,7917731840,3688,3688
1716012838.4156735,7917731840,3444,3444
1716012839.4168723,7917731840,2786,2786
1716012840.4180746,7917731840,2658,2658
1716012841.4192665,7917731840,3432,3432
1716012842.4204664,7917731840,2196,2196
1716012843.4216769,7917731840,2581,2581
1716012844.4228787,7917731840,3166,3166
1716012845.424107,7917731840,2702,2702
1716012846.4253073,7917731840,5322,5322
1716012847.4265068,7917731840,2151,2151
1716012848.4277043,7917731840,3807,3807
1716012849.4289043,7917731840,3021,3021
1716012850.4301035,7917731840,2812,2812
1716012851.4312928,7917731840,3830,3830
1716012852.4325008,7917731840,2760,2760
1716012853.4337316,7917731840,3395,3395
1716012854.4349463,7917731840,2757,2757
1716012855.4361496,7917731840,3921,3921
1716012856.437315,7917731840,2794,2794
1716012857.438513,7917731840,2033,2033
1716012858.439709,7917731840,2283,2283
1716012859.4409165,7917731840,3911,3911
1716012860.442118,7917731840,2785,2785
1716012861.443317,7917731840,3324,3324
1716012862.4445229,7917731840,2148,2148
1716012863.4453044,7917731840,2377,2377
1716012864.4465044,7917731840,3705,3705
1716012865.4477057,7917731840,2191,2191
1716012866.4489048,7917731840,4142,4142
1716012867.450109,7917731840,2095,2095
1716012868.451311,7917731840,3953,3953
1716012869.452524,7917731840,3025,3025
1716012870.4537497,7917731840,3365,3365
1716012871.454941,7917731840,3029,3029
1716012872.4561327,7917731840,2904,2904
1716012873.4573145,7917731840,2766,2766
1716012874.4585178,7917731840,2708,2708
1716012875.459713,7917731840,3164,3164
1716012876.4609058,7917731840,3106,3106
1716012877.4621153,7917731840,1806,1806
1716012878.4633083,7917731840,3654,3654
1716012879.4645653,7917731840,1810,1810
1716012880.465335,7917731840,3795,3795
1716012881.466577,7917731840,2545,2545
1716012882.4678118,7917731840,3743,3743
1716012883.469049,7917731840,3138,3138
1716012884.4693441,7917731840,2747,2747
1716012885.4706028,7917731840,3022,3022
1716012886.47185,7917731840,3212,3212
1716012887.4730608,7917731840,2151,2151
1716012888.4736311,7917731840,1413,1413
1716012889.4748585,7917731840,1283,1283
1716012890.4762928,7917731840,316,316
1716012891.477342,7917731840,400,400
1716012892.4791248,7917731840,0,0
1716012893.4803545,7917731840,0,0
1716012894.482082,7917731840,0,0
1716012895.4831967,7917731840,152,152
1716012896.4846926,7917731840,344,344
1716012897.4853323,7917731840,0,0
1716012898.4871771,7917731840,0,0
1716012899.488405,7917731840,0,0
1716012900.490289,7917731840,152,152
1716012901.4915156,7917731840,714,714
1716012902.492726,7917731840,808,808
1716012903.4932973,7917731840,0,0
1716012904.4936304,7917731840,302,302
1716012905.4948373,7917731840,153,153
1716012906.496061,7917731840,349,349
1716012907.4972796,7917731840,0,0
1716012908.4985042,7917731840,0,0
1716012909.4997337,7917731840,0,0
1716012910.5009584,7917731840,152,152
1716012911.5021641,7917731840,344,344
1716012912.5033793,7917731840,0,0
1716012913.504578,7917731840,0,0
1716012914.5058033,7917731840,0,0
1716012915.507019,7917731840,152,152
1716012916.5082376,7917731840,344,344
1716012917.5094564,7917731840,0,0
1716012918.5106697,7917731840,0,0
1716012919.5118747,7917731840,0,0
1716012920.5130928,7917731840,152,152
1716012921.5143104,7917731840,448,448
1716012922.5155385,7917731840,0,0
1716012923.516748,7917731840,0,0
1716012924.517952,7917731840,0,0
1716012925.51918,7917731840,152,152
1716012926.5204067,7917731840,344,344
1716012927.5216205,7917731840,0,0
1716012928.5228393,7917731840,0,0
1716012929.5240715,7917731840,857689002,857689002
1716012930.5253317,7917731840,1652021255,1652021255
1716012931.5265725,7917731840,560,560
1716012932.5278144,7917731840,0,0
1716012933.5290463,7917731840,3638,3638
1716012934.5293572,7917731840,2305,2305
1716012935.5305917,7917731840,2344,2344
1716012936.531828,7917731840,4325,4325
1716012937.533066,7917731840,3488,3488
1716012938.5333536,7917731840,3022,3022
1716012939.534595,7917731840,1214,1214
1716012940.535838,7917731840,4025,4025
1716012941.5370774,7917731840,2648,2648
1716012942.5373573,7917731840,3099,3099
1716012943.538592,7917731840,2852,2852
1716012944.5388823,7917731840,4254,4254
1716012945.5401556,7917731840,2349,2349
1716012946.541348,7917731840,4161,4161
1716012947.5426388,7917731840,3081,3081
1716012948.5438707,7917731840,3004,3004
1716012949.5451508,7917731840,3642,3642
1716012950.5463934,7917731840,3137,3137
1716012951.5476363,7917731840,4021,4021
1716012952.5488718,7917731840,3056,3056
1716012953.549373,7917731840,3993,3993
1716012954.5506132,7917731840,2571,2571
1716012955.55185,7917731840,3995,3995
1716012956.5530868,7917731840,3842,3842
1716012957.5533578,7917731840,2937,2937
1716012958.554598,7917731840,3217,3217
1716012959.5558407,7917731840,2721,2721
1716012960.5570872,7917731840,3601,3601
1716012961.5573566,7917731840,3478,3478
1716012962.5586011,7917731840,3634,3634
1716012963.559846,7917731840,2726,2726
1716012964.5610893,7917731840,4030,4030
1716012965.562309,7917731840,3578,3578
1716012966.563544,7917731840,3337,3337
1716012967.564774,7917731840,3490,3490
1716012968.5653422,7917731840,3010,3010
1716012969.5665972,7917731840,2643,2643
1716012970.5678487,7917731840,2494,2494
1716012971.5690906,7917731840,4149,4149
1716012972.5693524,7917731840,2794,2794
1716012973.5699224,7917731840,4024,4024
1716012974.570712,7917731840,3173,3173
1716012975.571955,7917731840,3108,3108
1716012976.5735042,7917731840,3639,3639
1716012977.5755193,7917731840,2791,2791
1716012978.577333,7917731840,2190,2190
1716012979.5789347,7917731840,673,673
1716012980.5801768,7917731840,157,157
1716012981.5813448,7917731840,514,514
1716012982.5825589,7917731840,1717,1717
1716012983.5837655,7917731840,1583,1583
1716012984.5849657,7917731840,0,0
1716012985.5860333,7917731840,456,456
1716012986.5866988,7917731840,349,349
1716012987.5878959,7917731840,0,0
1716012988.5891023,7917731840,0,0
1716012989.5893111,7917731840,0,0
1716012990.5903895,7917731840,152,152
1716012991.5909052,7917731840,344,344
1716012992.5921295,7917731840,0,0
1716012993.5933187,7917731840,0,0
1716012994.5945375,7917731840,0,0
1716012995.5951118,7917731840,152,152
1716012996.5963302,7917731840,344,344
1716012997.5973163,7917731840,0,0
1716012998.5982742,7917731840,0,0
1716012999.5994816,7917731840,0,0
1716013000.6006963,7917731840,152,152
1716013001.6019034,7917731840,344,344
1716013002.6031294,7917731840,0,0
1716013003.6043391,7917731840,0,0
1716013004.605323,7917731840,0,0
1716013005.6065319,7917731840,152,152
1716013006.607727,7917731840,448,448
1716013007.6089408,7917731840,33638361,33638361
1716013008.6093144,7917731840,0,0
1716013009.6105282,7917731840,0,0
1716013010.611704,7917731840,152,152
1716013011.6129227,7917731840,874495274,874495274
1716013012.6133425,7917731840,1601475484,1601475484
1716013013.6145792,7917731840,242,242
1716013014.6157691,7917731840,259,259
1716013015.6170037,7917731840,2549,2549
1716013016.6173697,7917731840,2131,2131
1716013017.6186016,7917731840,2271,2271
1716013018.619727,7917731840,3684,3684
1716013019.6209707,7917731840,2755,2755
1716013020.6213422,7917731840,2879,2879
1716013021.6220694,7917731840,3272,3272
1716013022.622536,7917731840,3709,3709
1716013023.6237879,7917731840,2777,2777
1716013024.6250455,7917731840,3697,3697
1716013025.6253572,7917731840,3360,3360
1716013026.626606,7917731840,3218,3218
1716013027.6278543,7917731840,2518,2518
1716013028.6291513,7917731840,2181,2181
1716013029.6303902,7917731840,2999,2999
1716013030.6316404,7917731840,3194,3194
1716013031.632843,7917731840,3486,3486
1716013032.6333525,7917731840,3044,3044
1716013033.6338658,7917731840,3745,3745
1716013034.635112,7917731840,2800,2800
1716013035.636347,7917731840,4181,4181
1716013036.637374,7917731840,3588,3588
1716013037.6386166,7917731840,2983,2983
1716013038.6398597,7917731840,3476,3476
1716013039.6411335,7917731840,2980,2980
1716013040.6423893,7917731840,3091,3091
1716013041.6436517,7917731840,3418,3418
1716013042.6446254,7917731840,3145,3145
1716013043.6453578,7917731840,3784,3784
1716013044.6456409,7917731840,3127,3127
1716013045.6469033,7917731840,4020,4020
1716013046.6481516,7917731840,2799,2799
1716013047.6493583,7917731840,4186,4186
1716013048.650539,7917731840,3150,3150
1716013049.6517751,7917731840,2879,2879
1716013050.653045,7917731840,3575,3575
1716013051.6533513,7917731840,3517,3517
1716013052.6539898,7917731840,3320,3320
1716013053.6552472,7917731840,3154,3154
1716013054.6565053,7917731840,3433,3433
1716013055.657356,7917731840,2910,2910
1716013056.658616,7917731840,4113,4113
1716013057.65987,7917731840,2180,2180
1716013058.6611433,7917731840,5425,5425
1716013059.6626475,7917731840,5044,5044
1716013060.6648214,7917731840,4323,4323
1716013061.6660023,7917731840,3260,3260
1716013062.6678805,7917731840,1887,1887
1716013063.6691504,7917731840,2271,2271
1716013064.670381,7917731840,2319,2319
1716013065.6717327,7917731840,2616,2616
1716013066.6732156,7917731840,1787,1787
1716013067.6747854,7917731840,2627,2627
1716013068.6765263,7917731840,2085,2085
1716013069.6777298,7917731840,2124,2124
1716013070.6793714,7917731840,3347,3347
1716013071.6806035,7917731840,2642,2642
1716013072.681324,7917731840,2441,2441
1716013073.6825497,7917731840,2567,2567
1716013074.6841311,7917731840,2044,2044
1716013075.685621,7917731840,2325,2325
1716013076.6877842,7917731840,2673,2673
1716013077.6891997,7917731840,92043,92043
1716013078.6912265,7917731840,2240,2240
1716013079.692454,7917731840,1808,1808
1716013080.6933455,7917731840,2770,2770
1716013081.6946394,7917731840,2451,2451
1716013082.6959605,7917731840,2543,2543
1716013083.6975002,7917731840,2459,2459
1716013084.698865,7917731840,2442,2442
1716013085.70054,7917731840,2878,2878
1716013086.7021036,7917731840,2776,2776
1716013087.7039242,7917731840,2172,2172
1716013088.705452,7917731840,5535,5535
1716013089.706689,7917731840,2275,2275
1716013090.707917,7917731840,2266,2266
1716013091.709419,7917731840,1606,1606
1716013092.7113929,7917731840,2434,2434
1716013093.7134893,7917731840,2436,2436
1716013094.7149146,7917731840,1702,1702
1716013095.7162743,7917731840,2889,2889
1716013096.7173445,7917731840,3399,3399
1716013097.7187693,7917731840,4502,4502
1716013098.720013,7917731840,3227,3227
1716013099.7212307,7917731840,2483,2483
1716013100.7224422,7917731840,4830,4830
1716013101.7236574,7917731840,2342,2342
1716013102.7248502,7917731840,4062,4062
1716013103.7253072,7917731840,2874,2874
1716013104.7265089,7917731840,3189,3189
1716013105.727684,7917731840,2576,2576
1716013106.7290037,7917731840,2730,2730
1716013107.7293086,7917731840,3247,3247
1716013108.7305303,7917731840,2637,2637
1716013109.7317235,7917731840,2888,2888
1716013110.7329276,7917731840,3205,3205
1716013111.7341297,7917731840,2764,2764
1716013112.735319,7917731840,2101,2101
1716013113.7365632,7917731840,3821,3821
1716013114.73737,7917731840,2409,2409
1716013115.738632,7917731840,4416,4416
1716013116.7399085,7917731840,3262,3262
1716013117.7411978,7917731840,3025,3025
1716013118.7424638,7917731840,1743,1743
1716013119.7434125,7917731840,3493,3493
1716013120.7446237,7917731840,2507,2507
1716013121.745343,7917731840,2663,2663
1716013122.7465432,7917731840,2844,2844
1716013123.7477381,7917731840,3098,3098
1716013124.748961,7917731840,3478,3478
1716013125.7493138,7917731840,3120,3120
1716013126.750543,7917731840,3896,3896
1716013127.7517512,7917731840,2230,2230
1716013128.7529602,7917731840,3992,3992
1716013129.7533143,7917731840,1945,1945
1716013130.7545507,7917731840,2919,2919
1716013131.7557962,7917731840,2364,2364
1716013132.7570167,7917731840,2480,2480
1716013133.7573187,7917731840,2661,2661
1716013134.758527,7917731840,3256,3256
1716013135.7597456,7917731840,2559,2559
1716013136.7609575,7917731840,1781,1781
1716013137.7613215,7917731840,1372,1372
1716013138.7625287,7917731840,2481,2481
1716013139.7637537,7917731840,2197,2197
1716013140.7649784,7917731840,1693,1693
1716013141.7653341,7917731840,1046,1046
1716013142.7665637,7917731840,159,159
1716013143.767806,7917731840,0,0
1716013144.76904,7917731840,161,161
1716013145.7702765,7917731840,349,349
1716013146.7715163,7917731840,152,152
1716013147.772737,7917731840,0,0
1716013148.773346,7917731840,0,0
1716013149.774602,7917731840,0,0
1716013150.7758293,7917731840,344,344
1716013151.776557,7917731840,1497,1497
1716013152.7773397,7917731840,0,0
1716013153.7785704,7917731840,303,303
1716013154.7797928,7917731840,0,0
1716013155.781014,7917731840,346,346
1716013156.781353,7917731840,1196968856,1196968856
1716013157.7825925,7917731840,2066279327,2066279327
1716013158.783817,7917731840,156,156
1716013159.7850537,7917731840,104,104
1716013160.7853153,7917731840,344,344
1716013161.7865443,7917731840,480089039,480089039
1716013162.7877734,7917731840,0,0
1716013163.7889924,7917731840,0,0
1716013164.7893238,7917731840,0,0
1716013165.7905545,7917731840,344,344
1716013166.7917445,7917731840,1686,1686
1716013167.792948,7917731840,2412,2412
1716013168.793316,7917731840,2623,2623
1716013169.7945178,7917731840,2858,2858
1716013170.7957187,7917731840,3382,3382
1716013171.7969244,7917731840,2923,2923
1716013172.7981374,7917731840,3018,3018
1716013173.7993374,7917731840,3034,3034
1716013174.80053,7917731840,2138,2138
1716013175.8017406,7917731840,2507,2507
1716013176.8029406,7917731840,3930,3930
1716013177.8041446,7917731840,2277,2277
1716013178.8053563,7917731840,4012,4012
1716013179.806568,7917731840,2735,2735
1716013180.8077633,7917731840,3417,3417
1716013181.808962,7917731840,3108,3108
1716013182.8093107,7917731840,2282,2282
1716013183.8105214,7917731840,2012,2012
1716013184.811716,7917731840,1813,1813
1716013185.8129227,7917731840,2509,2509
1716013186.8141282,7917731840,2485,2485
1716013187.8153272,7917731840,2730,2730
1716013188.8165386,7917731840,3038,3038
1716013189.8173158,7917731840,3368,3368
1716013190.8185177,7917731840,2936,2936
1716013191.819715,7917731840,3909,3909
1716013192.8209472,7917731840,2646,2646
1716013193.8221521,7917731840,2207,2207
1716013194.8225088,7917731840,1815,1815
1716013195.8237104,7917731840,3963,3963
1716013196.824928,7917731840,2344,2344
1716013197.8253002,7917731840,3905,3905
1716013198.8265004,7917731840,2935,2935
1716013199.8276985,7917731840,3081,3081
1716013200.82895,7917731840,3542,3542
1716013201.8301535,7917731840,3199,3199
1716013202.8313844,7917731840,2215,2215
1716013203.8326137,7917731840,2054,2054
1716013204.833823,7917731840,3202,3202
1716013205.8350348,7917731840,2357,2357
1716013206.8362367,7917731840,3550,3550
1716013207.8374405,7917731840,2027,2027
1716013208.8386445,7917731840,3030,3030
1716013209.8398488,7917731840,3099,3099
1716013210.841051,7917731840,3770,3770
1716013211.8412995,7917731840,1988,1988
1716013212.842491,7917731840,1460,1460
1716013213.8436744,7917731840,308,308
1716013214.844856,7917731840,158,158
1716013215.8453062,7917731840,514,514
1716013216.8465004,7917731840,154,154
1716013217.8476958,7917731840,396,396
1716013218.8489342,7917731840,1880,1880
1716013219.8493462,7917731840,2059,2059
1716013220.8505893,7917731840,2502,2502
1716013221.8518224,7917731840,3790,3790
1716013222.8530672,7917731840,3371,3371
1716013223.853365,7917731840,2803,2803
1716013224.854617,7917731840,3628,3628
1716013225.8558512,7917731840,3191,3191
1716013226.8570926,7917731840,3225,3225
1716013227.8573418,7917731840,3010,3010
1716013228.8585973,7917731840,3433,3433
1716013229.85983,7917731840,2683,2683
1716013230.8610752,7917731840,4026,4026
1716013231.8613489,7917731840,2325,2325
1716013232.8621912,7917731840,4138,4138
1716013233.8633912,7917731840,3142,3142
1716013234.8645847,7917731840,2539,2539
1716013235.8652997,7917731840,3274,3274
1716013236.8664927,7917731840,3248,3248
1716013237.8676953,7917731840,2164,2164
1716013238.8688765,7917731840,2519,2519
1716013239.8700745,7917731840,2233,2233
1716013240.87126,7917731840,2727,2727
1716013241.872467,7917731840,3806,3806
1716013242.8733034,7917731840,2095,2095
1716013243.8744953,7917731840,3960,3960
1716013244.8756826,7917731840,2985,2985
1716013245.8768659,7917731840,3548,3548
1716013246.877304,7917731840,2711,2711
1716013247.8784976,7917731840,2885,2885
1716013248.8796842,7917731840,2143,2143
1716013249.8808684,7917731840,2472,2472
1716013250.881302,7917731840,3787,3787
1716013251.8824902,7917731840,2559,2559
1716013252.883676,7917731840,2470,2470
1716013253.8848622,7917731840,2093,2093
1716013254.8852937,7917731840,3833,3833
1716013255.8864834,7917731840,3423,3423
1716013256.887684,7917731840,3240,3240
1716013257.8888786,7917731840,2633,2633
1716013258.889309,7917731840,3050,3050
1716013259.8905385,7917731840,3121,3121
1716013260.8920517,7917731840,1805,1805
1716013261.893329,7917731840,604,604
1716013262.8952162,7917731840,0,0
1716013263.8966599,7917731840,161,161
1716013264.8978934,7917731840,0,0
1716013265.8995066,7917731840,349,349
1716013266.9007473,7917731840,152,152
1716013267.9018424,7917731840,0,0
1716013268.9030786,7917731840,0,0
1716013269.90496,7917731840,0,0
1716013270.905471,7917731840,344,344
1716013271.9071553,7917731840,152,152
1716013272.9085758,7917731840,0,0
1716013273.9093165,7917731840,1198,1198
1716013274.9105246,7917731840,0,0
1716013275.9117255,7917731840,350,350
1716013276.91295,7917731840,155,155
1716013277.9133356,7917731840,190,190
1716013278.9145544,7917731840,0,0
1716013279.915768,7917731840,0,0
1716013280.9169967,7917731840,344,344
1716013281.9182172,7917731840,152,152
1716013282.919424,7917731840,0,0
1716013283.920633,7917731840,0,0
1716013284.921319,7917731840,0,0
1716013285.922539,7917731840,344,344
1716013286.9237514,7917731840,152,152
1716013287.924484,7917731840,0,0
1716013288.9257007,7917731840,0,0
1716013289.9269073,7917731840,0,0
1716013290.9281282,7917731840,344,344
1716013291.929316,7917731840,152,152
1716013292.9305336,7917731840,0,0
1716013293.9316719,7917731840,0,0
1716013294.9328907,7917731840,0,0
1716013295.9331417,7917731840,344,344
1716013296.9343643,7917731840,152,152
1716013297.9355836,7917731840,0,0
1716013298.936799,7917731840,0,0
1716013299.937456,7917731840,0,0
1716013300.938663,7917731840,344,344
1716013301.9398613,7917731840,840567929,840567929
1716013302.9410884,7917731840,1669216220,1669216220
1716013303.941318,7917731840,216,216
1716013304.9425392,7917731840,0,0
1716013305.943778,7917731840,5214,5214
1716013306.945028,7917731840,2217,2217
1716013307.9462821,7917731840,3295,3295
1716013308.9475546,7917731840,3346,3346
1716013309.9488285,7917731840,3074,3074
1716013310.949371,7917731840,3313,3313
1716013311.9506154,7917731840,3788,3788
1716013312.9518628,7917731840,2919,2919
1716013313.953145,7917731840,3911,3911
1716013314.9544003,7917731840,2576,2576
1716013315.9556432,7917731840,4526,4526
1716013316.9568899,7917731840,1615,1615
1716013317.9573693,7917731840,3306,3306
1716013318.9586117,7917731840,2288,2288
1716013319.9598513,7917731840,3371,3371
1716013320.9611835,7917731840,3229,3229
1716013321.9624403,7917731840,3343,3343
1716013322.9636788,7917731840,3098,3098
1716013323.9649289,7917731840,3780,3780
1716013324.9661884,7917731840,2813,2813
1716013325.9674358,7917731840,4337,4337
1716013326.968681,7917731840,3785,3785
1716013327.9693627,7917731840,2948,2948
1716013328.970623,7917731840,3376,3376
1716013329.971866,7917731840,2897,2897
1716013330.973142,7917731840,2880,2880
1716013331.9743938,7917731840,3026,3026
1716013332.9756448,7917731840,2269,2269
1716013333.9768875,7917731840,4400,4400
1716013334.9773717,7917731840,3273,3273
1716013335.9786255,7917731840,3628,3628
1716013336.9798734,7917731840,3592,3592
1716013337.9811633,7917731840,3291,3291
1716013338.9824164,7917731840,3306,3306
1716013339.9836597,7917731840,2661,2661
1716013340.9849284,7917731840,2684,2684
1716013341.98535,7917731840,2300,2300
1716013342.9865975,7917731840,3895,3895
1716013343.9878302,7917731840,3280,3280
1716013344.9890673,7917731840,3211,3211
1716013345.9893732,7917731840,3552,3552
1716013346.9906213,7917731840,3056,3056
1716013347.9918752,7917731840,3305,3305
1716013348.993153,7917731840,1448,1448
1716013349.994195,7917731840,1615,1615
1716013350.9957266,7917731840,1012,1012
1716013351.99738,7917731840,160,160
1716013352.9985902,7917731840,1262,1262
1716013354.0004425,7917731840,0,0
