Timestamp,MemoryUsage,NetSent,NetRecv
1716003710.5001225,514224128,0,0
1716003711.5012858,521842688,14354,14354
1716003712.5026677,521842688,0,0
1716003713.503896,521842688,557,557
1716003714.5051742,521842688,156,156
1716003715.5064704,521842688,0,0
1716003716.5077431,521842688,0,0
1716003717.509026,521842688,0,0
1716003718.5102344,521842688,448,448
1716003719.5114646,521842688,152,152
1716003720.5128236,521842688,0,0
1716003721.5133843,521842688,0,0
1716003722.5148203,521842688,0,0
1716003723.5161996,521842688,448,448
1716003724.5172417,521842688,152,152
1716003725.5184755,521842688,0,0
1716003726.5197845,521842688,0,0
1716003727.5212111,521842688,0,0
1716003728.5224707,521842688,448,448
1716003729.5237443,521842688,152,152
1716003730.5250826,521842688,0,0
1716003731.5269344,521842688,0,0
1716003732.5281088,521842688,2313,2313
1716003733.529197,521842688,4266,4266
1716003734.5304098,521842688,4878,4878
1716003735.5316617,521842688,3926,3926
1716003736.5328581,521842688,1918,1918
1716003737.534072,521842688,0,0
1716003738.535303,521842688,725,725
1716003739.5365396,521842688,154,154
1716003740.537742,521842688,0,0
1716003741.5389438,521842688,0,0
1716003742.5401444,521842688,0,0
1716003743.5411985,521842688,396,396
1716003744.542394,521842688,152,152
1716003745.5435936,521842688,310,310
1716003746.544788,521842688,0,0
1716003747.5451992,521842688,152,152
1716003748.5464125,521842688,345,345
1716003749.5476148,521842688,155,155
1716003750.5488012,521842688,0,0
1716003751.5491948,521842688,0,0
1716003752.550437,521842688,0,0
1716003753.55163,521842688,344,344
1716003754.5528271,521842688,152,152
1716003755.55319,521842688,0,0
1716003756.5543966,521842688,0,0
1716003757.5555923,521842688,0,0
1716003758.556781,521842688,448,448
1716003759.5572355,521842688,2019,2019
1716003760.5584342,521842688,1975,1975
1716003761.5596302,521842688,1922,1922
1716003762.5608284,521842688,2196,2196
1716003763.5612016,521842688,900,900
1716003764.562404,521842688,2387,2387
1716003765.5635865,521842688,1899,1899
1716003766.5647886,521842688,3318,3318
1716003767.5652115,521842688,1550,1550
1716003768.566432,521842688,3639,3639
1716003769.5676422,521842688,2256,2256
1716003770.5688498,521842688,3483,3483
1716003771.570049,521842688,1293,1293
1716003772.571186,521842688,2530,2530
1716003773.572415,521842688,3489,3489
1716003774.5732017,521842688,2775,2775
1716003775.5743945,521842688,0,0
1716003776.5755985,521842688,252,252
1716003777.5768151,521842688,0,0
1716003778.5772097,521842688,399,399
1716003779.5784447,521842688,155,155
1716003780.5796537,521842688,0,0
1716003781.5808494,521842688,0,0
1716003782.581201,521842688,0,0
1716003783.5824027,521842688,396,396
1716003784.5836062,521842688,152,152
1716003785.5848086,521842688,0,0
1716003786.5852103,521842688,0,0
1716003787.586411,521842688,0,0
1716003788.5876126,521842688,396,396
1716003789.5884974,521842688,152,152
1716003790.5892015,521842688,0,0
1716003791.5904038,521842688,0,0
1716003792.5916128,521842688,0,0
1716003793.5928268,521842688,396,396
1716003794.5931988,521842688,152,152
1716003795.594405,521842688,0,0
1716003796.595612,521842688,0,0
1716003797.5962641,521842688,0,0
1716003798.5972447,521842688,444,444
1716003799.5984755,521842688,52,52
1716003800.5996935,521842688,0,0
1716003801.6009076,521842688,0,0
1716003802.6012056,521842688,410480490,410480490
1716003803.602413,521842688,548,548
1716003804.6036265,521842688,52,52
1716003805.6048381,521842688,0,0
1716003806.6052408,521842688,17841210,17841210
1716003807.6064894,521842688,1066040623,1066040623
1716003808.6077192,521842688,2261855560,2261855560
1716003809.608955,521842688,104,104
1716003810.6092606,521842688,0,0
1716003811.6104896,521842688,0,0
1716003812.6117177,521842688,0,0
1716003813.6129684,521842688,4504,4504
1716003814.6132383,521842688,4240,4240
1716003815.614491,521842688,6155,6155
1716003816.6157422,521842688,5618,5618
1716003817.6169822,521842688,5093,5093
1716003818.617243,521842688,5242,5242
1716003819.6184852,521842688,3744,3744
1716003820.6197271,521842688,4993,4993
1716003821.6209667,521842688,5891,5891
1716003822.6212413,521842688,5240,5240
1716003823.6224945,521842688,4612,4612
1716003824.62374,521842688,4555,4555
1716003825.6250322,521842688,3794,3794
1716003826.6262841,521842688,4917,4917
1716003827.6275308,521842688,4938,4938
1716003828.6287847,521842688,6013,6013
1716003829.6292574,521842688,4561,4561
1716003830.6305194,521842688,3492,3492
1716003831.6317668,521842688,5473,5473
1716003832.6324437,521842688,4118,4118
1716003833.6332583,521842688,6080,6080
1716003834.6345167,521842688,5911,5911
1716003835.6357713,521842688,5298,5298
1716003836.637048,521842688,4115,4115
1716003837.6381612,521842688,4756,4756
1716003838.6394174,521842688,6721,6721
1716003839.6406682,521842688,5974,5974
1716003840.6419206,521842688,3920,3920
1716003841.6431758,521842688,3981,3981
1716003842.6444466,521842688,2881,2881
1716003843.6452677,521842688,6794,6794
1716003844.6465294,521842688,3775,3775
1716003845.6478126,521842688,3903,3903
1716003846.6490822,521842688,5968,5968
1716003847.650346,521842688,5851,5851
1716003848.6515853,521842688,6817,6817
1716003849.6528559,521842688,4435,4435
1716003850.6541135,521842688,4149,4149
1716003851.6554973,521842688,5955,5955
1716003852.6567523,521842688,6427,6427
1716003853.6572523,521842688,5097,5097
1716003854.6585197,521842688,5659,5659
1716003855.659751,521842688,6295,6295
1716003856.6610415,521842688,2940,2940
1716003857.6622884,521842688,3797,3797
1716003858.6636593,521842688,6622,6622
1716003859.6649885,521842688,5009,5009
1716003860.6653225,521842688,3739,3739
1716003861.6664996,521842688,2995,2995
1716003862.6677613,521842688,4781,4781
1716003863.669091,521842688,4843,4843
1716003864.6703804,521842688,1615,1615
1716003865.6715136,521842688,1511,1511
1716003866.6727521,521842688,2283,2283
1716003867.6733663,521842688,1510,1510
1716003868.6746547,521842688,2635,2635
1716003869.6762853,521842688,1566,1566
1716003870.677265,521842688,2007,2007
1716003871.6785614,521842688,1793,1793
1716003872.6793058,521842688,1501,1501
1716003873.6805716,521842688,2747,2747
1716003874.6814404,521842688,1517,1517
1716003875.6827166,521842688,2276,2276
1716003876.6841319,521842688,1506,1506
1716003877.6852958,521842688,1889,1889
1716003878.6866298,521842688,2647,2647
1716003879.6880298,521842688,2287,2287
1716003880.6893995,521842688,1515,1515
1716003881.6908307,521842688,1507,1507
1716003882.6921926,521842688,1684,1684
1716003883.6933737,521842688,2161,2161
1716003884.6946898,521842688,2282,2282
1716003885.6959379,521842688,1511,1511
1716003886.6973426,521842688,1514,1514
1716003887.698605,521842688,1767,1767
1716003888.6997986,521842688,4684,4684
1716003889.7011456,521842688,732,732
1716003890.7024539,521842688,734,734
1716003891.7041612,521842688,1429,1429
1716003892.705288,521842688,732,732
1716003893.7065003,521842688,2002,2002
1716003894.7077036,521842688,3377,3377
1716003895.7089193,521842688,3821,3821
1716003896.7091904,521842688,5878,5878
1716003897.7103732,521842688,5855,5855
1716003898.7115989,521842688,4105,4105
1716003899.7127948,521842688,4593,4593
1716003900.713999,521842688,4425,4425
1716003901.7151961,521842688,5891,5891
1716003902.7164187,521842688,3676,3676
1716003903.7172148,521842688,6169,6169
1716003904.7184224,521842688,6430,6430
1716003905.7196226,521842688,5338,5338
1716003906.720608,521842688,1842,1842
1716003907.7212226,521842688,2741,2741
1716003908.7219417,521842688,6352,6352
1716003909.7231436,521842688,3509,3509
1716003910.724351,521842688,2767,2767
1716003911.7255588,521842688,5043,5043
1716003912.7267642,521842688,4032,4032
1716003913.7279773,521842688,3497,3497
1716003914.729203,521842688,4226,4226
1716003915.7304006,521842688,2829,2829
1716003916.731594,521842688,3474,3474
1716003917.7328033,521842688,4963,4963
1716003918.7340093,521842688,6478,6478
1716003919.7352102,521842688,1135,1135
1716003920.73643,521842688,4303,4303
1716003921.737208,521842688,4133,4133
1716003922.7384071,521842688,5254,5254
1716003923.7396207,521842688,3946,3946
1716003924.740825,521842688,6350,6350
1716003925.7412188,521842688,4178,4178
1716003926.7424242,521842688,4254,4254
1716003927.7447658,521842688,3919,3919
1716003928.7459896,521842688,3380,3380
1716003929.7472303,521842688,3071,3071
1716003930.7484446,521842688,608,608
1716003931.7496755,521842688,1791,1791
1716003932.7508895,521842688,2705,2705
1716003933.752109,521842688,1979,1979
1716003934.7532248,521842688,1656,1656
1716003935.7544372,521842688,388,388
1716003936.7556505,521842688,152,152
1716003937.756873,521842688,158,158
1716003938.7572122,521842688,610,610
1716003939.7584193,521842688,0,0
1716003940.7596223,521842688,0,0
1716003941.7609537,521842688,913,913
1716003942.7613509,521842688,0,0
1716003943.762677,521842688,557,557
1716003944.764011,521842688,0,0
1716003945.765336,521842688,0,0
1716003946.7666955,521842688,0,0
1716003947.7679176,521842688,1763441499,1763441499
1716003948.7691627,521842688,107821264,107821264
1716003949.7703812,521842688,0,0
1716003950.7716055,521842688,0,0
1716003951.7728271,521842688,704,704
1716003952.7732277,521842688,274931319,274931319
1716003953.7736602,521842688,1597034005,1597034005
1716003954.774887,521842688,0,0
1716003955.7760828,521842688,0,0
1716003956.7772117,521842688,0,0
1716003957.7784173,521842688,0,0
1716003958.779606,521842688,2369,2369
1716003959.7806091,521842688,3764,3764
1716003960.7811968,521842688,3560,3560
1716003961.782394,521842688,3824,3824
1716003962.7835844,521842688,3824,3824
1716003963.7845724,521842688,4597,4597
1716003964.7852125,521842688,2778,2778
1716003965.7864017,521842688,4161,4161
1716003966.7875938,521842688,2624,2624
1716003967.7887967,521842688,1758,1758
1716003968.789714,521842688,3539,3539
1716003969.790912,521842688,1087,1087
1716003970.7921128,521842688,2855,2855
1716003971.7932012,521842688,2850,2850
1716003972.7943983,521842688,2141,2141
1716003973.7955909,521842688,3997,3997
1716003974.796798,521842688,1574,1574
1716003975.7972128,521842688,1464,1464
1716003976.7983997,521842688,2136,2136
1716003977.799587,521842688,2808,2808
1716003978.8008146,521842688,4657,4657
1716003979.8012006,521842688,5065,5065
1716003980.802392,521842688,92038,92038
1716003981.8035834,521842688,3497,3497
1716003982.8047764,521842688,3590,3590
1716003983.8059673,521842688,3276,3276
1716003984.807178,521842688,3634,3634
1716003985.8083708,521842688,5607,5607
1716003986.8092022,521842688,5593,5593
1716003987.8103929,521842688,3723,3723
1716003988.8115842,521842688,968,968
1716003989.8127894,521842688,2044,2044
1716003990.8132124,521842688,1666,1666
1716003991.8144102,521842688,2131,2131
1716003992.815605,521842688,2169,2169
1716003993.8168237,521842688,3951,3951
1716003994.8171928,521842688,4353,4353
1716003995.8183875,521842688,614,614
1716003996.819579,521842688,1959,1959
1716003997.8207698,521842688,1670,1670
1716003998.8212178,521842688,4062,4062
1716003999.8224084,521842688,3746,3746
1716004000.8236017,521842688,3245,3245
1716004001.8248076,521842688,2849,2849
1716004002.825213,521842688,4020,4020
1716004003.826449,521842688,5271,5271
1716004004.8276777,521842688,3715,3715
1716004005.8289125,521842688,3865,3865
1716004006.8292458,521842688,2167,2167
1716004007.8304706,521842688,3876,3876
1716004008.8317096,521842688,3958,3958
1716004009.8329444,521842688,1687,1687
1716004010.833241,521842688,3544,3544
1716004011.8344715,521842688,4939,4939
1716004012.8357265,521842688,2958,2958
1716004013.8369703,521842688,2182,2182
1716004014.837242,521842688,3675,3675
1716004015.8384724,521842688,3093,3093
1716004016.8397079,521842688,4333,4333
1716004017.8409352,521842688,2248,2248
1716004018.841244,521842688,3618,3618
1716004019.8418796,521842688,3789,3789
1716004020.8430805,521842688,2748,2748
1716004021.844272,521842688,3123,3123
1716004022.8451989,521842688,3761,3761
1716004023.8463967,521842688,4158,4158
1716004024.8475995,521842688,4633,4633
1716004025.8488,521842688,1283,1283
1716004026.8491993,521842688,396,396
1716004027.8504016,521842688,2019,2019
1716004028.8516083,521842688,3531,3531
1716004029.8528075,521842688,15730,15730
1716004030.8532677,521842688,9798,9798
1716004031.8545215,521842688,8085,8085
1716004032.8557472,521842688,2870,2870
1716004033.8570337,521842688,4268,4268
1716004034.8582897,521842688,8920,8920
1716004035.8595233,521842688,1477,1477
1716004036.8607585,521842688,4493,4493
1716004037.8615575,521842688,1897,1897
1716004038.8620977,521842688,3973,3973
1716004039.8633237,521842688,2371,2371
1716004040.8645587,521842688,3758,3758
1716004041.865248,521842688,1403,1403
1716004042.8664982,521842688,3160,3160
1716004043.8677437,521842688,3954,3954
1716004044.8697474,521842688,2631,2631
1716004045.8700387,521842688,159,159
1716004046.8716278,521842688,153,153
1716004047.8728983,521842688,158,158
1716004048.8740911,521842688,508,508
1716004049.875372,521842688,0,0
1716004050.8762543,521842688,0,0
1716004051.8772316,521842688,0,0
1716004052.8790333,521842688,0,0
1716004053.8804197,521842688,600,600
1716004054.8812277,521842688,0,0
1716004055.882992,521842688,0,0
1716004056.8842502,521842688,0,0
1716004057.8853986,521842688,0,0
1716004058.8866143,521842688,1785,1785
1716004059.8878345,521842688,0,0
1716004060.8890624,521842688,301,301
1716004061.89027,521842688,0,0
1716004062.8914552,521842688,0,0
1716004063.892696,521842688,606,606
1716004064.893218,521842688,0,0
1716004065.8944304,521842688,0,0
1716004066.8956268,521842688,0,0
1716004067.896835,521842688,0,0
1716004068.8980296,521842688,600,600
1716004069.8992352,521842688,0,0
1716004070.8997371,521842688,0,0
1716004071.9009306,521842688,0,0
1716004072.9021564,521842688,0,0
1716004073.9033644,521842688,496,496
1716004074.9045582,521842688,0,0
1716004075.9057698,521842688,0,0
1716004076.9069712,521842688,0,0
1716004077.908175,521842688,0,0
1716004078.9092038,521842688,600,600
1716004079.9104042,521842688,0,0
1716004080.911599,521842688,0,0
1716004081.9128149,521842688,0,0
1716004082.913216,521842688,0,0
1716004083.914426,521842688,600,600
1716004084.9156165,521842688,0,0
1716004085.9168165,521842688,0,0
1716004086.9180186,521842688,806246932,806246932
1716004087.9187071,521842688,1703087523,1703087523
1716004088.9199255,521842688,842,842
1716004089.921173,521842688,0,0
1716004090.922378,521842688,3052,3052
1716004091.9236264,521842688,3902,3902
1716004092.9248638,521842688,5094,5094
1716004093.9252682,521842688,6023,6023
1716004094.9265056,521842688,4174,4174
1716004095.9277575,521842688,2553,2553
1716004096.9289985,521842688,4718,4718
1716004097.930266,521842688,5741,5741
1716004098.9315035,521842688,5823,5823
1716004099.9319503,521842688,3866,3866
1716004100.9332175,521842688,5900,5900
1716004101.934474,521842688,5033,5033
1716004102.9357195,521842688,6337,6337
1716004103.9369583,521842688,5073,5073
1716004104.9372709,521842688,3378,3378
1716004105.9385104,521842688,4146,4146
1716004106.9397612,521842688,6770,6770
1716004107.9410295,521842688,3914,3914
1716004108.942288,521842688,6577,6577
1716004109.9435406,521842688,6611,6611
1716004110.944811,521842688,6619,6619
1716004111.9452465,521842688,6523,6523
1716004112.9464936,521842688,6441,6441
1716004113.9477425,521842688,3547,3547
1716004114.9490004,521842688,3993,3993
1716004115.9492831,521842688,4208,4208
1716004116.9505694,521842688,4359,4359
1716004117.9518323,521842688,3289,3289
1716004118.9531035,521842688,2015,2015
1716004119.9541466,521842688,2586,2586
1716004120.9554174,521842688,2943,2943
1716004121.9566581,521842688,2507,2507
1716004122.9579213,521842688,2958,2958
1716004123.9591632,521842688,4174,4174
1716004124.96042,521842688,2111,2111
1716004125.9612663,521842688,4503,4503
1716004126.9625041,521842688,3757,3757
1716004127.9637592,521842688,4727,4727
1716004128.964995,521842688,6676,6676
1716004129.9652407,521842688,5759,5759
1716004130.9664881,521842688,5016,5016
1716004131.9677315,521842688,2964,2964
1716004132.9690578,521842688,3816,3816
1716004133.9696035,521842688,1414,1414
1716004134.9708676,521842688,0,0
1716004135.9720788,521842688,1265,1265
1716004136.9732423,521842688,2117,2117
1716004137.9744415,521842688,159,159
1716004138.9758368,521842688,564,564
1716004139.9770622,521842688,0,0
1716004140.9782677,521842688,2181,2181
1716004141.9794614,521842688,0,0
1716004142.9806676,521842688,303,303
1716004143.9812105,521842688,606,606
1716004144.9824266,521842688,0,0
1716004145.9836354,521842688,0,0
1716004146.9848428,521842688,0,0
1716004147.9851975,521842688,0,0
1716004148.9864068,521842688,600,600
1716004149.9875994,521842688,0,0
1716004150.988805,521842688,0,0
1716004151.9892147,521842688,0,0
1716004152.990422,521842688,0,0
1716004153.9916196,521842688,496,496
1716004154.9928215,521842688,0,0
1716004155.9932027,521842688,0,0
1716004156.9944005,521842688,0,0
1716004157.9953473,521842688,0,0
1716004158.9965355,521842688,600,600
1716004159.9977436,521842688,0,0
1716004160.9989507,521842688,0,0
1716004162.0001514,521842688,0,0
1716004163.001353,521842688,0,0
1716004164.002553,521842688,600,600
1716004165.0037906,521842688,806232909,806232909
1716004166.0049992,521842688,173,173
1716004167.0062258,521842688,190,190
1716004168.007415,521842688,0,0
1716004169.0086205,521842688,34632971,34632971
1716004170.0092435,521842688,1668400495,1668400495
1716004171.009705,521842688,242,242
1716004172.0109146,521842688,0,0
1716004173.012111,521842688,2159,2159
1716004174.0132513,521842688,5947,5947
1716004175.0145075,521842688,3878,3878
1716004176.0157619,521842688,5757,5757
1716004177.017032,521842688,5806,5806
1716004178.0182834,521842688,5889,5889
1716004179.0195422,521842688,5010,5010
1716004180.0207803,521842688,6199,6199
1716004181.0217547,521842688,6400,6400
1716004182.0223994,521842688,2849,2849
1716004183.0236309,521842688,6084,6084
1716004184.024862,521842688,6243,6243
1716004185.0252402,521842688,6384,6384
1716004186.0256321,521842688,4246,4246
1716004187.0268815,521842688,4122,4122
1716004188.0281544,521842688,4204,4204
1716004189.0292592,521842688,6341,6341
1716004190.0305183,521842688,3935,3935
1716004191.031775,521842688,6050,6050
1716004192.033035,521842688,3785,3785
1716004193.0342941,521842688,2929,2929
1716004194.0355444,521842688,3819,3819
1716004195.0367851,521842688,6732,6732
1716004196.0372336,521842688,4436,4436
1716004197.038452,521842688,5634,5634
1716004198.039683,521842688,4777,4777
1716004199.040952,521842688,6487,6487
1716004200.041247,521842688,4512,4512
1716004201.0424743,521842688,3668,3668
1716004202.0437353,521842688,3266,3266
1716004203.0449803,521842688,3750,3750
1716004204.0452518,521842688,4695,4695
1716004205.046504,521842688,3655,3655
1716004206.0477407,521842688,4491,4491
1716004207.0489845,521842688,5784,5784
1716004208.0492444,521842688,5641,5641
1716004209.0504959,521842688,6663,6663
1716004210.051734,521842688,5650,5650
1716004211.0529683,521842688,5378,5378
1716004212.0532475,521842688,6351,6351
1716004213.0544784,521842688,5887,5887
1716004214.055739,521842688,7205,7205
1716004215.0569768,521842688,5802,5802
1716004216.0573049,521842688,5903,5903
1716004217.0587728,521842688,6564,6564
1716004218.0599155,521842688,3538,3538
1716004219.0611837,521842688,2171,2171
1716004220.0623915,521842688,1776,1776
1716004221.063696,521842688,2382,2382
1716004222.0649776,521842688,1699,1699
1716004223.0653508,521842688,2063,2063
1716004224.0667267,521842688,3053,3053
1716004225.068378,521842688,2114,2114
1716004226.0693815,521842688,2285,2285
1716004227.0706742,521842688,2177,2177
1716004228.0719378,521842688,1708,1708
1716004229.0725758,521842688,2983,2983
1716004230.0734403,521842688,2285,2285
1716004231.074544,521842688,2285,2285
1716004232.0763574,521842688,2276,2276
1716004233.0773087,521842688,1960,1960
1716004234.0785327,521842688,2322,2322
1716004235.0799165,521842688,1971,1971
1716004236.08133,521842688,4005,4005
1716004237.0826838,521842688,1375,1375
1716004238.0840738,521842688,737,737
1716004239.0852542,521842688,1978,1978
1716004240.0865366,521842688,959,959
1716004241.0878053,521842688,679,679
1716004242.0891247,521842688,1586,1586
1716004243.0904078,521842688,1472,1472
1716004244.091687,521842688,1305,1305
1716004245.093174,521842688,738,738
1716004246.0944655,521842688,1497,1497
1716004247.095709,521842688,464,464
1716004248.0969424,521842688,1783,1783
1716004249.09821,521842688,1881,1881
1716004250.099481,521842688,3290,3290
1716004251.1007228,521842688,4132,4132
1716004252.101272,521842688,5828,5828
1716004253.1025088,521842688,3890,3890
1716004254.1037624,521842688,6151,6151
1716004255.105097,521842688,3837,3837
1716004256.106341,521842688,4336,4336
1716004257.1075985,521842688,5988,5988
1716004258.1088383,521842688,5825,5825
1716004259.1092496,521842688,6853,6853
1716004260.1104906,521842688,5605,5605
1716004261.111212,521842688,5944,5944
1716004262.1124396,521842688,3912,3912
1716004263.1136603,521842688,3356,3356
1716004264.114873,521842688,1791,1791
1716004265.1161203,521842688,5712,5712
1716004266.117321,521842688,5600,5600
1716004267.1185424,521842688,4392,4392
1716004268.1197896,521842688,3232,3232
1716004269.120937,521842688,6187,6187
1716004270.1212769,521842688,4718,4718
1716004271.1225402,521842688,3115,3115
1716004272.1237986,521842688,3818,3818
1716004273.1250699,521842688,4430,4430
1716004274.126333,521842688,3351,3351
1716004275.127599,521842688,3551,3551
1716004276.1288497,521842688,4167,4167
1716004277.129244,521842688,2374,2374
1716004278.1305037,521842688,955,955
1716004279.1317642,521842688,3407,3407
1716004280.1330516,521842688,2907,2907
1716004281.1343076,521842688,92308,92308
1716004282.135551,521842688,1886,1886
1716004283.1367733,521842688,723,723
1716004284.137234,521842688,2832,2832
1716004285.1376247,521842688,2806,2806
1716004286.1388469,521842688,3457,3457
1716004287.140075,521842688,2171,2171
1716004288.1412888,521842688,4296,4296
1716004289.1424973,521842688,1131,1131
1716004290.1437156,521842688,1474,1474
1716004291.1449406,521842688,730,730
1716004292.1452212,521842688,0,0
1716004293.1464424,521842688,310,310
1716004294.1476762,521842688,1871889429,1871889429
1716004295.148912,521842688,0,0
1716004296.149223,521842688,0,0
1716004297.150437,521842688,0,0
1716004298.1516428,521842688,300,300
1716004299.1528594,521842688,300,300
1716004300.1532063,521842688,0,0
1716004301.1544063,521842688,0,0
1716004302.1556163,521842688,0,0
1716004303.156856,521842688,910,910
1716004304.1572037,521842688,404,404
1716004305.158395,521842688,0,0
1716004306.1592076,521842688,0,0
1716004307.160447,521842688,0,0
1716004308.161676,521842688,1871865700,1871865700
1716004309.1629112,521842688,300,300
1716004310.1641178,521842688,0,0
1716004311.1653233,521842688,0,0
1716004312.1665342,521842688,0,0
1716004313.1677263,521842688,1645,1645
1716004314.1689053,521842688,3944,3944
1716004315.1691806,521842688,3787,3787
1716004316.1703727,521842688,4378,4378
1716004317.1715536,521842688,2909,2909
1716004318.1727378,521842688,3405,3405
1716004319.1739402,521842688,3883,3883
1716004320.1751192,521842688,3688,3688
1716004321.1763136,521842688,1695,1695
1716004322.1772146,521842688,13130,13130
1716004323.1784272,521842688,6108,6108
1716004324.1796134,521842688,4951,4951
1716004325.1808074,521842688,3338,3338
1716004326.181192,521842688,3110,3110
1716004327.1823914,521842688,3488,3488
1716004328.1835713,521842688,3013,3013
1716004329.1847563,521842688,3395,3395
1716004330.1859481,521842688,2701,2701
1716004331.187136,521842688,515,515
1716004332.1883254,521842688,2142,2142
1716004333.1891959,521842688,3756,3756
1716004334.1903915,521842688,3229,3229
1716004335.1915815,521842688,1333,1333
1716004336.1927977,521842688,4272,4272
1716004337.1931891,521842688,2971,2971
1716004338.1943789,521842688,3335,3335
1716004339.195584,521842688,3994,3994
1716004340.1967657,521842688,3842,3842
1716004341.1971946,521842688,4079,4079
1716004342.1983883,521842688,2887,2887
1716004343.1995857,521842688,4082,4082
1716004344.2007718,521842688,1987,1987
1716004345.2019668,521842688,3143,3143
1716004346.2031572,521842688,3910,3910
1716004347.2043536,521842688,4011,4011
1716004348.2051945,521842688,4165,4165
1716004349.2063813,521842688,2291,2291
1716004350.207576,521842688,3140,3140
1716004351.2087743,521842688,3086,3086
1716004352.2091947,521842688,1172,1172
1716004353.2103906,521842688,3862,3862
1716004354.2115788,521842688,2523,2523
1716004355.2127724,521842688,3285,3285
1716004356.2132275,521842688,3321,3321
1716004357.2144206,521842688,3528,3528
1716004358.2156563,521842688,5760,5760
1716004359.2168589,521842688,4011,4011
1716004360.218056,521842688,2448,2448
1716004361.2192745,521842688,4234,4234
1716004362.2204652,521842688,2485,2485
1716004363.221181,521842688,4441,4441
1716004364.2223902,521842688,4284,4284
1716004365.2235792,521842688,3297,3297
1716004366.224787,521842688,3833,3833
1716004367.2259874,521842688,5118,5118
1716004368.227176,521842688,2221,2221
1716004369.228367,521842688,2262,2262
1716004370.2295604,521842688,5265,5265
1716004371.230753,521842688,1897,1897
1716004372.231951,521842688,3324,3324
1716004373.2331576,521842688,2766,2766
1716004374.2343552,521842688,2851,2851
1716004375.235567,521842688,3757,3757
1716004376.2367513,521842688,3679,3679
1716004377.2379692,521842688,3650,3650
1716004378.2391667,521842688,3980,3980
1716004379.239932,521842688,1018,1018
1716004380.241172,521842688,4429,4429
1716004381.242341,521842688,3591,3591
1716004382.2435794,521842688,6176,6176
1716004383.2447584,521842688,3942,3942
1716004384.2451813,521842688,3755,3755
1716004385.2463622,521842688,2657,2657
1716004386.2475333,521842688,2236,2236
1716004387.248711,521842688,3422,3422
1716004388.2499309,521842688,4619,4619
1716004389.2511094,521842688,3449,3449
1716004390.2522936,521842688,4188,4188
1716004391.2531817,521842688,3763,3763
1716004392.2543705,521842688,2953,2953
1716004393.2555645,521842688,1737,1737
1716004394.256758,521842688,5344,5344
1716004395.2572155,521842688,3404,3404
1716004396.2584238,521842688,3696,3696
1716004397.2596204,521842688,1120,1120
1716004398.2608492,521842688,4341,4341
1716004399.2619252,521842688,1726,1726
1716004400.2631588,521842688,0,0
1716004401.2651904,521842688,310,310
1716004402.2664514,521842688,0,0
1716004403.2684498,521842688,351,351
1716004404.2692327,521842688,152,152
1716004405.2711897,521842688,0,0
1716004406.2724166,521842688,0,0
1716004407.2735174,521842688,0,0
1716004408.274744,521842688,448,448
1716004409.276455,521842688,152,152
1716004410.2773924,521842688,0,0
1716004411.278615,521842688,0,0
1716004412.280067,521842688,0,0
1716004413.2811975,521842688,1601,1601
1716004414.2824047,521842688,155,155
1716004415.2836132,521842688,0,0
1716004416.2848136,521842688,0,0
1716004417.2851918,521842688,0,0
1716004418.2864094,521842688,448,448
1716004419.2876067,521842688,152,152
1716004420.288815,521842688,0,0
1716004421.2892032,521842688,0,0
1716004422.2904084,521842688,0,0
1716004423.2916176,521842688,448,448
1716004424.2928376,521842688,152,152
1716004425.2940469,521842688,0,0
1716004426.295257,521842688,0,0
1716004427.296461,521842688,0,0
1716004428.2976713,521842688,448,448
1716004429.298884,521842688,152,152
1716004430.3000858,521842688,0,0
1716004431.3012025,521842688,0,0
1716004432.3024135,521842688,0,0
1716004433.3033843,521842688,448,448
1716004434.3045948,521842688,152,152
1716004435.3057873,521842688,0,0
1716004436.306981,521842688,0,0
1716004437.3081927,521842688,0,0
1716004438.309198,521842688,344,344
1716004439.310415,521842688,152,152
1716004440.3116262,521842688,703361914,703361914
1716004441.3129764,521842688,1806149705,1806149705
1716004442.313366,521842688,0,0
1716004443.3146896,521842688,448,448
1716004444.3158853,521842688,2272,2272
1716004445.3171344,521842688,3685,3685
1716004446.3183746,521842688,4483,4483
1716004447.3196452,521842688,5523,5523
1716004448.3208804,521842688,3928,3928
1716004449.3219752,521842688,4665,4665
1716004450.3232074,521842688,4141,4141
1716004451.3244646,521842688,5664,5664
1716004452.3252556,521842688,6556,6556
1716004453.3264909,521842688,4282,4282
1716004454.3277442,521842688,3870,3870
1716004455.3289752,521842688,5894,5894
1716004456.3292377,521842688,6500,6500
1716004457.3304646,521842688,5745,5745
1716004458.3317149,521842688,4373,4373
1716004459.3322601,521842688,4104,4104
1716004460.3332598,521842688,5536,5536
1716004461.3344932,521842688,5970,5970
1716004462.335735,521842688,6630,6630
1716004463.3360226,521842688,4196,4196
1716004464.337234,521842688,6306,6306
1716004465.3384862,521842688,6220,6220
1716004466.3397207,521842688,5108,5108
1716004467.3409433,521842688,6315,6315
1716004468.3412464,521842688,4581,4581
1716004469.3425457,521842688,6065,6065
1716004470.3437932,521842688,4103,4103
1716004471.3450532,521842688,5045,5045
1716004472.3463073,521842688,2234,2234
1716004473.3475254,521842688,6703,6703
1716004474.3487818,521842688,4570,4570
1716004475.3496292,521842688,3017,3017
1716004476.3508708,521842688,5603,5603
1716004477.352133,521842688,4928,4928
1716004478.353246,521842688,5546,5546
1716004479.354624,521842688,9643,9643
1716004480.355908,521842688,2381,2381
1716004481.357162,521842688,6802,6802
1716004482.358185,521842688,6081,6081
1716004483.35944,521842688,7527,7527
1716004484.3606863,521842688,8652,8652
1716004485.361249,521842688,4883,4883
1716004486.3627424,521842688,5271,5271
1716004487.3641212,521842688,3461,3461
1716004488.3652349,521842688,626,626
1716004489.3665993,521842688,1577,1577
1716004490.3678367,521842688,0,0
1716004491.3692892,521842688,310,310
1716004492.3704927,521842688,1363,1363
1716004493.371709,521842688,1109,1109
1716004494.3729165,521842688,155,155
1716004495.3731987,521842688,0,0
1716004496.3743877,521842688,0,0
1716004497.375586,521842688,8109,8109
1716004498.3768036,521842688,2688,2688
1716004499.3780081,521842688,2787,2787
1716004500.3792276,521842688,2100,2100
1716004501.3804252,521842688,0,0
1716004502.3812127,521842688,309,309
1716004503.3820527,521842688,352,352
1716004504.3832846,521842688,155,155
1716004505.3845108,521842688,0,0
1716004506.3852184,521842688,0,0
1716004507.3855999,521842688,0,0
1716004508.3868124,521842688,448,448
1716004509.388015,521842688,152,152
1716004510.3892012,521842688,0,0
1716004511.3904045,521842688,0,0
1716004512.3910248,521842688,0,0
1716004513.3922393,521842688,448,448
1716004514.393205,521842688,152,152
1716004515.394405,521842688,0,0
1716004516.39562,521842688,0,0
1716004517.396843,521842688,0,0
1716004518.397216,521842688,448,448
1716004519.398415,521842688,152,152
1716004520.3996246,521842688,0,0
1716004521.4008574,521842688,520239184,520239184
1716004522.4012537,521842688,1989361030,1989361030
1716004523.4023848,521842688,448,448
1716004524.4035945,521842688,152,152
1716004525.404836,521842688,3455,3455
1716004526.405231,521842688,4208,4208
1716004527.406464,521842688,5618,5618
1716004528.4076953,521842688,4608,4608
1716004529.4089384,521842688,4569,4569
1716004530.4092383,521842688,6183,6183
1716004531.4104657,521842688,6219,6219
1716004532.4116995,521842688,6252,6252
1716004533.4129364,521842688,6722,6722
1716004534.413263,521842688,3723,3723
1716004535.4145067,521842688,4058,4058
1716004536.415753,521842688,3987,3987
1716004537.416996,521842688,5280,5280
1716004538.4172523,521842688,3822,3822
1716004539.4185128,521842688,5760,5760
1716004540.419744,521842688,5628,5628
1716004541.4209914,521842688,4592,4592
1716004542.4212537,521842688,6156,6156
1716004543.4224932,521842688,6109,6109
1716004544.4237204,521842688,4097,4097
1716004545.4249594,521842688,4289,4289
1716004546.425234,521842688,3626,3626
1716004547.426484,521842688,4412,4412
1716004548.427299,521842688,4091,4091
1716004549.4285443,521842688,4069,4069
1716004550.429241,521842688,6018,6018
1716004551.4304779,521842688,6535,6535
1716004552.4317093,521842688,2931,2931
1716004553.4329338,521842688,5581,5581
1716004554.4332108,521842688,6002,6002
1716004555.4344332,521842688,3918,3918
1716004556.4356563,521842688,5485,5485
1716004557.4368927,521842688,3996,3996
1716004558.4372346,521842688,6115,6115
1716004559.4384816,521842688,6262,6262
1716004560.439719,521842688,6284,6284
1716004561.4409547,521842688,4365,4365
1716004562.4422064,521842688,3361,3361
1716004563.4434233,521842688,4207,4207
1716004564.4446592,521842688,5836,5836
1716004565.4452386,521842688,4125,4125
1716004566.4464808,521842688,6212,6212
1716004567.4477167,521842688,3733,3733
1716004568.4489295,521842688,7421,7421
1716004569.4493363,521842688,4491,4491
1716004570.4507325,521842688,2331,2331
1716004571.4515448,521842688,2567,2567
1716004572.4533353,521842688,1890,1890
1716004573.4549837,521842688,1671,1671
1716004574.456432,521842688,3045,3045
1716004575.4572344,521842688,1963,1963
1716004576.4585967,521842688,1244,1244
1716004577.4600158,521842688,1966,1966
1716004578.462084,521842688,2469,2469
1716004579.464048,521842688,1688,1688
1716004580.465384,521842688,1916,1916
1716004581.4666066,521842688,93038,93038
1716004582.4678268,521842688,2581,2581
1716004583.4692056,521842688,1764,1764
1716004584.4708824,521842688,2709,2709
1716004585.4726636,521842688,1160,1160
1716004586.4738846,521842688,3327,3327
1716004587.4756074,521842688,2243,2243
1716004588.4768226,521842688,3541,3541
1716004589.4780095,521842688,3674,3674
1716004590.4792483,521842688,5027,5027
1716004591.4804628,521842688,3665,3665
1716004592.4816737,521842688,4345,4345
1716004593.482914,521842688,3982,3982
1716004594.4841192,521842688,4727,4727
1716004595.485234,521842688,4068,4068
1716004596.4864361,521842688,5684,5684
1716004597.487641,521842688,5387,5387
1716004598.4888613,521842688,4185,4185
1716004599.4900606,521842688,3695,3695
1716004600.4912524,521842688,6006,6006
1716004601.4924662,521842688,5811,5811
1716004602.4932177,521842688,4453,4453
1716004603.4944355,521842688,2491,2491
1716004604.4956455,521842688,5713,5713
1716004605.4968562,521842688,3957,3957
1716004606.4972363,521842688,3857,3857
1716004607.498454,521842688,3877,3877
1716004608.4996767,521842688,5116,5116
1716004609.5008936,521842688,5307,5307
1716004610.50122,521842688,1855,1855
1716004611.5024333,521842688,4741,4741
1716004612.503667,521842688,4707,4707
1716004613.5048857,521842688,5226,5226
1716004614.5052261,521842688,5311,5311
1716004615.506426,521842688,5176,5176
1716004616.5076466,521842688,3934,3934
1716004617.5088634,521842688,3540,3540
1716004618.5092242,521842688,3783,3783
1716004619.5104392,521842688,4894,4894
1716004620.5116475,521842688,4093,4093
1716004621.5128877,521842688,4643,4643
1716004622.513222,521842688,4739,4739
1716004623.5144339,521842688,2872,2872
1716004624.5156355,521842688,2394,2394
1716004625.5168626,521842688,3926,3926
1716004626.5172255,521842688,5665,5665
1716004627.5184438,521842688,4940,4940
1716004628.5196514,521842688,4699,4699
1716004629.5208666,521842688,3518,3518
1716004630.5212193,521842688,1788,1788
1716004631.5224452,521842688,0,0
1716004632.5236871,521842688,312,312
1716004633.524908,521842688,456,456
1716004634.5260718,521842688,155,155
1716004635.5272963,521842688,0,0
1716004636.5276973,521842688,0,0
1716004637.5289228,521842688,0,0
1716004638.529239,521842688,448,448
1716004639.5304666,521842688,152,152
1716004640.5316885,521842688,0,0
1716004641.5329208,521842688,912,912
1716004642.5332363,521842688,0,0
1716004643.5344732,521842688,402,402
1716004644.5357044,521842688,155,155
1716004645.5369425,521842688,0,0
1716004646.5381799,521842688,757,757
1716004647.5394216,521842688,2841279204,2841279204
1716004648.540642,521842688,433697760,433697760
1716004649.5418675,521842688,207,207
1716004650.543058,521842688,104,104
1716004651.54426,521842688,104,104
1716004652.5454702,521842688,470567646,470567646
1716004653.5466883,521842688,448,448
1716004654.5478995,521842688,152,152
1716004655.5491147,521842688,0,0
1716004656.5503254,521842688,0,0
1716004657.551537,521842688,0,0
1716004658.5527346,521842688,4142,4142
1716004659.5532038,521842688,3958,3958
1716004660.554409,521842688,2584,2584
1716004661.5556014,521842688,3178,3178
1716004662.5568094,521842688,3736,3736
1716004663.5572026,521842688,3544,3544
1716004664.5584064,521842688,1874,1874
1716004665.5596042,521842688,3708,3708
1716004666.5608115,521842688,2133,2133
1716004667.5612,521842688,3684,3684
1716004668.5616133,521842688,4030,4030
1716004669.56282,521842688,5598,5598
1716004670.5640295,521842688,1559,1559
1716004671.565201,521842688,5222,5222
1716004672.566405,521842688,4247,4247
1716004673.5676038,521842688,4856,4856
1716004674.5688224,521842688,1335,1335
1716004675.569865,521842688,2793,2793
1716004676.571058,521842688,3519,3519
1716004677.5722568,521842688,2849,2849
1716004678.5734694,521842688,3836,3836
1716004679.5746617,521842688,3520,3520
1716004680.575858,521842688,3463,3463
1716004681.5770795,521842688,3322,3322
1716004682.578291,521842688,3519,3519
1716004683.5794978,521842688,4227,4227
1716004684.580729,521842688,3737,3737
1716004685.581942,521842688,4922,4922
1716004686.5831428,521842688,1494,1494
1716004687.5843446,521842688,4547,4547
1716004688.5851955,521842688,2449,2449
1716004689.5863936,521842688,5688,5688
1716004690.5875845,521842688,3698,3698
1716004691.5887878,521842688,6054,6054
1716004692.5892081,521842688,1579,1579
1716004693.5903988,521842688,6083,6083
1716004694.5915987,521842688,3956,3956
1716004695.5927951,521842688,3657,3657
1716004696.594021,521842688,2628,2628
1716004697.5952227,521842688,3145,3145
1716004698.5964136,521842688,2394,2394
1716004699.597246,521842688,3740,3740
1716004700.5984483,521842688,3084,3084
1716004701.5996852,521842688,4495,4495
1716004702.600893,521842688,2787,2787
1716004703.6011996,521842688,5144,5144
1716004704.601484,521842688,4061,4061
1716004705.6026847,521842688,3828,3828
1716004706.6038852,521842688,4034,4034
1716004707.6051333,521842688,4113,4113
1716004708.6063309,521842688,4410,4410
1716004709.607525,521842688,3418,3418
1716004710.608763,521842688,3503,3503
1716004711.6092026,521842688,3819,3819
1716004712.6104078,521842688,3720,3720
1716004713.6116006,521842688,4134,4134
1716004714.6128016,521842688,2916,2916
1716004715.6131885,521842688,3337,3337
1716004716.614391,521842688,3273,3273
1716004717.6155834,521842688,2153,2153
1716004718.616796,521842688,2236,2236
1716004719.6179965,521842688,4450,4450
1716004720.6191874,521842688,2205,2205
1716004721.6203837,521842688,3886,3886
1716004722.6211982,521842688,3683,3683
1716004723.622394,521842688,4428,4428
1716004724.623592,521842688,1330,1330
1716004725.6247969,521842688,6768,6768
1716004726.625267,521842688,1723,1723
1716004727.6264806,521842688,3454,3454
1716004728.6276882,521842688,4030,4030
1716004729.628888,521842688,3690,3690
1716004730.6292014,521842688,2293,2293
1716004731.630391,521842688,5698,5698
1716004732.6315973,521842688,2946,2946
1716004733.6328006,521842688,3360,3360
1716004734.6332097,521842688,4200,4200
1716004735.6343958,521842688,3264,3264
1716004736.6355777,521842688,5479,5479
1716004737.6367764,521842688,3504,3504
1716004738.637194,521842688,4135,4135
1716004739.6383913,521842688,4404,4404
1716004740.639584,521842688,3056,3056
1716004741.6407814,521842688,3858,3858
1716004742.6412296,521842688,1175,1175
1716004743.6424553,521842688,4211,4211
1716004744.644363,521842688,1784,1784
1716004745.645531,521842688,0,0
1716004746.6467676,521842688,311,311
1716004747.6481912,521842688,0,0
1716004748.6499026,521842688,558,558
1716004749.651291,521842688,52,52
1716004750.6528819,521842688,0,0
1716004751.6542947,521842688,0,0
1716004752.65554,521842688,0,0
1716004753.6569693,521842688,548,548
1716004754.6572337,521842688,52,52
1716004755.6586409,521842688,0,0
1716004756.6598608,521842688,0,0
1716004757.6604903,521842688,0,0
1716004758.6612124,521842688,1712,1712
1716004759.6624246,521842688,52,52
1716004760.6636355,521842688,570,570
1716004761.664838,521842688,190,190
1716004762.6652024,521842688,0,0
1716004763.6664078,521842688,548,548
1716004764.6676195,521842688,52,52
1716004765.6688397,521842688,0,0
1716004766.6692088,521842688,190,190
1716004767.670415,521842688,0,0
1716004768.6716275,521842688,548,548
1716004769.6728437,521842688,52,52
1716004770.674056,521842688,0,0
1716004771.6752625,521842688,0,0
1716004772.6764839,521842688,0,0
1716004773.677697,521842688,548,548
1716004774.6789093,521842688,52,52
1716004775.6801147,521842688,0,0
1716004776.6812027,521842688,0,0
1716004777.682415,521842688,0,0
1716004778.6836169,521842688,548,548
1716004779.6848423,521842688,52,52
1716004780.6852076,521842688,0,0
1716004781.68641,521842688,0,0
1716004782.6876137,521842688,548966788,548966788
1716004783.6888568,521842688,600,600
1716004784.6891918,521842688,0,0
1716004785.6904132,521842688,34637961,34637961
1716004786.6916437,521842688,1925929234,1925929234
1716004787.6928658,521842688,458,458
1716004788.693227,521842688,600,600
1716004789.6944642,521842688,3235,3235
1716004790.694811,521842688,3304,3304
1716004791.6960893,521842688,4956,4956
1716004792.6972747,521842688,19481,19481
1716004793.698209,521842688,8707,8707
1716004794.6994455,521842688,8926,8926
1716004795.700687,521842688,5083,5083
1716004796.7012506,521842688,5767,5767
1716004797.7024949,521842688,6405,6405
1716004798.7037342,521842688,5950,5950
1716004799.7049716,521842688,5305,5305
1716004800.7052486,521842688,6792,6792
1716004801.7065191,521842688,4000,4000
1716004802.707778,521842688,6079,6079
1716004803.7090507,521842688,5821,5821
1716004804.7102892,521842688,6653,6653
1716004805.7115288,521842688,4017,4017
1716004806.7127755,521842688,5988,5988
1716004807.7133834,521842688,6137,6137
1716004808.7146158,521842688,4617,4617
1716004809.7158697,521842688,6222,6222
1716004810.7171192,521842688,6503,6503
1716004811.718382,521842688,4676,4676
1716004812.7196116,521842688,3993,3993
1716004813.7208512,521842688,5898,5898
1716004814.7212443,521842688,4136,4136
1716004815.7225032,521842688,5121,5121
1716004816.7237442,521842688,6318,6318
1716004817.7249606,521842688,4093,4093
1716004818.7252238,521842688,4519,4519
1716004819.7264519,521842688,5800,5800
1716004820.7272527,521842688,5427,5427
1716004821.728467,521842688,3715,3715
1716004822.7292478,521842688,4105,4105
1716004823.7304926,521842688,5539,5539
1716004824.7317338,521842688,6233,6233
1716004825.732996,521842688,4477,4477
1716004826.7332501,521842688,5225,5225
1716004827.7338576,521842688,4643,4643
1716004828.7351167,521842688,6002,6002
1716004829.7362452,521842688,2591,2591
1716004830.7372596,521842688,6190,6190
1716004831.7385366,521842688,3794,3794
1716004832.7397568,521842688,4173,4173
1716004833.741558,521842688,2262,2262
1716004834.7428093,521842688,0,0
1716004835.7440274,521842688,1968,1968
1716004836.7452345,521842688,651,651
1716004837.7464738,521842688,496,496
1716004838.747696,521842688,759,759
1716004839.748897,521842688,0,0
1716004840.7492023,521842688,0,0
1716004841.7504106,521842688,0,0
1716004842.751619,521842688,0,0
1716004843.7528324,521842688,548,548
1716004844.754007,521842688,0,0
1716004845.755224,521842688,0,0
1716004846.7564309,521842688,0,0
1716004847.7572145,521842688,0,0
1716004848.7584147,521842688,600,600
1716004849.759625,521842688,0,0
1716004850.7608306,521842688,0,0
1716004851.7612164,521842688,0,0
1716004852.7624211,521842688,0,0
1716004853.7636306,521842688,600,600
1716004854.7648354,521842688,0,0
1716004855.7652092,521842688,0,0
1716004856.7664196,521842688,0,0
1716004857.7676325,521842688,0,0
1716004858.7688606,521842688,496,496
1716004859.7692037,521842688,0,0
1716004860.7704234,521842688,399986027,399986027
1716004861.7716668,521842688,242,242
1716004862.7728932,521842688,0,0
1716004863.773209,521842688,600,600
1716004864.7744174,521842688,17841277,17841277
1716004868.8064296,3847217152,2091182446,2091182446
1716004869.8279839,3954339840,4837,4837
1716004870.8292103,3954339840,4134,4134
1716004871.8327785,3954831360,4536,4536
1716004872.8504343,3954831360,4251,4251
1716004873.8539674,3954831360,4538,4538
1716004874.8556483,3955322880,4408,4408
1716004875.8727524,3955568640,5987,5987
1716004876.8787746,3956060160,4110,4110
1716004877.882667,3956551680,6164,6164
1716004878.9031606,3956797440,3157,3157
1716004879.9083164,3957288960,2377,2377
1716004880.9261918,3960238080,1985,1985
1716004881.934634,3962695680,95161,95161
1716004882.9543643,3963432960,5392,5392
1716004883.9866793,3963924480,4547,4547
1716004885.007635,3964907520,4008,4008
1716004886.0147781,3964907520,6129,6129
1716004887.0359998,3965399040,3882,3882
1716004888.0406141,3965890560,5017,5017
1716004889.0530758,3962863616,5133,5133
1716004890.0667193,3975397376,6491,6491
1716004891.0766778,3976626176,4143,4143
1716004892.1136627,3977117696,5910,5910
1716004893.1235874,3977609216,4930,4930
1716004894.1471179,3978100736,5693,5693
1716004895.1739986,3989405696,6186,6186
1716004896.1975477,4000219136,5962,5962
1716004897.207918,3984838656,4919,4919
1716004898.217772,4005974016,6650,6650
1716004899.239327,4006957056,4679,4679
1716004900.2506173,4007202816,5231,5231
1716004901.2580214,4007694336,4243,4243
1716004902.2621806,4009168896,3357,3357
1716004903.272526,4009168896,4815,4815
1716004904.2884138,4009660416,6219,6219
1716004905.292115,4050702336,6337,6337
1716004906.298834,4051685376,5182,5182
1716004907.3000762,4076752896,6495,6495
1716004908.311622,4077981696,4240,4240
1716004909.3199456,4079210496,4870,4870
1716004910.3244212,4079210496,6004,6004
1716004911.3500082,4079210496,3934,3934
1716004912.3514042,4094513152,7009,7009
1716004913.3528273,4258975744,1972,1972
1716004914.3534155,4161257472,2438,2438
1716004915.35487,4172816384,906,906
1716004916.3561368,4179423232,1908,1908
1716004917.357288,4116779008,1782,1782
1716004918.3584635,4179804160,2032,2032
1716004919.359123,4377501696,2261,2261
1716004920.3604364,4147372032,1497,1497
1716004921.3615823,4166557696,1502,1502
1716004922.3628888,4135215104,2217,2217
1716004923.364256,4273631232,1840,1840
1716004924.3652732,4314431488,2172,2172
1716004925.366563,4283895808,2075,2075
1716004926.3678765,4244594688,1500,1500
1716004927.369232,4117118976,1494,1494
1716004928.3705533,4166934528,2480,2480
1716004929.3719525,4135677952,1970,1970
1716004930.373257,4444155904,1941,1941
1716004931.3746736,4165591040,1498,1498
1716004932.376099,4122599424,1498,1498
1716004933.3773572,4167016448,1700,1700
1716004934.378666,4135403520,2376,2376
1716004935.3799038,4305428480,2278,2278
1716004936.3813336,4403585024,1501,1501
1716004937.3827264,4169338880,1500,1500
1716004938.384184,4137476096,1852,1852
1716004939.3853064,4161736704,1760,1760
1716004940.3867178,4136161280,1227,1227
1716004941.388056,4366069760,2501,2501
1716004942.3895419,4618395648,1792,1792
1716004943.4082012,4182896640,3527,3527
1716004944.4287598,4186828800,6551,6551
1716004945.4483027,4186828800,4756,4756
1716004946.4606516,4186828800,6069,6069
1716004947.4783144,4193464320,5855,5855
1716004948.5088117,4224921600,5682,5682
1716004949.5308647,4259573760,3922,3922
1716004950.5339274,4291031040,6381,6381
1716004951.5562265,4325683200,3978,3978
1716004952.5843794,4360089600,2607,2607
1716004953.615868,4391792640,4520,4520
1716004954.6425147,4426199040,5394,5394
1716004955.6592035,4457902080,1952,1952
1716004956.6883368,4498698240,2768,2768
1716004957.7103517,4539740160,4006,4006
1716004958.7129507,4571197440,4885,4885
1716004959.7370012,4611993600,4267,4267
1716004960.7441094,4650332160,1791,1791
1716004961.7525225,4688179200,5664,5664
1716004962.7769783,4728975360,5783,5783
1716004963.7807362,4776161280,4742,4742
1716004964.802364,4801474560,3807,3807
1716004965.8177638,4864389120,5323,5323
1716004966.819011,4895846400,3162,3162
1716004967.8503637,4933447680,4140,4140
1716004968.8563216,4987023360,2140,2140
1716004969.8598418,5037502464,4438,4438
1716004970.883316,5128933376,10981,10981
1716004971.9049041,5141221376,5243,5243
1716004972.9250772,5226471424,5271,5271
1716004973.945752,5251293184,5194,5194
1716004974.9622748,5308157952,3877,3877
1716004975.985715,5399592960,4918,4918
1716004977.0187435,5411880960,2494,2494
1716004978.0334992,5475135488,5173,5173
1716004979.0554094,5518880768,4755,4755
1716004980.0636022,5641961472,2777,2777
1716004981.0781193,5651300352,1210,1210
1716004982.1029148,5736333312,3353,3353
1716004983.1068442,5802668032,5226,5226
1716004984.121975,5865336832,4363,4363
1716005002.1808782,9677492224,7870,7870
1716005003.1812308,10848182272,1907525355,1907525355
1716005004.1824439,10848182272,363,363
1716005005.183646,10848182272,0,0
1716005006.184836,10848182272,770922195,770922195
1716005007.1860714,7725625344,1065914444,1065914444
1716005008.187278,7725625344,292,292
1716005009.1884882,7725625344,152,152
1716005010.1896894,7725625344,0,0
1716005011.1908803,7725625344,0,0
1716005012.192072,7725625344,3959,3959
1716005013.1931994,7725625344,3806,3806
1716005014.1943944,7725625344,3820,3820
1716005015.1955884,7725625344,2690,2690
1716005016.1967852,7725625344,3385,3385
1716005017.1979809,7725625344,3339,3339
1716005018.1991649,7725625344,3640,3640
1716005019.200358,7725625344,3477,3477
1716005020.2012012,7725625344,3639,3639
1716005021.202393,7725625344,3639,3639
1716005022.2035923,7725625344,5895,5895
1716005023.2047956,7725625344,1867,1867
1716005024.2059977,7725625344,3864,3864
1716005025.2072117,7725625344,3668,3668
1716005026.208406,7725625344,5213,5213
1716005027.2091975,7725625344,2665,2665
1716005028.2104073,7725625344,1081,1081
1716005029.2115953,7725625344,3359,3359
1716005030.2128143,7725625344,3095,3095
1716005031.2131927,7725625344,3736,3736
1716005032.2144036,7725625344,3696,3696
1716005033.2156265,7725625344,2960,2960
1716005034.2168381,7725625344,3401,3401
1716005035.2180457,7725625344,2762,2762
1716005036.2192502,7725625344,2039,2039
1716005037.2204459,7725625344,3044,3044
1716005038.2216606,7725625344,2656,2656
1716005039.2228668,7725625344,4143,4143
1716005040.224078,7725625344,2090,2090
1716005041.2252781,7725625344,1660,1660
1716005042.2264943,7725625344,2393,2393
1716005043.2277002,7725625344,2258,2258
1716005044.2289026,7725625344,3800,3800
1716005045.2291908,7725625344,2660,2660
1716005046.229919,7725625344,3509,3509
1716005047.2311206,7725625344,2733,2733
1716005048.2323592,7725625344,3485,3485
1716005049.23322,7725625344,1467,1467
1716005050.234425,7725625344,3139,3139
1716005051.235617,7725625344,3054,3054
1716005052.2368143,7725625344,2638,2638
1716005053.2372096,7725625344,1334,1334
1716005054.238413,7725625344,2745,2745
1716005055.2396486,7725625344,4411,4411
1716005056.2408814,7725625344,4665,4665
1716005057.2421117,7725625344,2861,2861
1716005058.243342,7725625344,3214,3214
1716005059.24457,7725625344,4340,4340
1716005060.2452445,7725625344,5269,5269
1716005061.2464767,7725625344,3646,3646
1716005062.2477105,7725625344,4020,4020
1716005063.2489386,7725625344,2668,2668
1716005064.2501996,7725625344,4956,4956
1716005065.2514412,7725625344,3678,3678
1716005066.2527127,7725625344,4237,4237
1716005067.2532396,7725625344,2172,2172
1716005068.2544837,7725625344,5759,5759
1716005069.2557302,7725625344,4046,4046
1716005070.2569761,7725625344,2849,2849
1716005071.2582266,7725625344,3143,3143
1716005072.2594662,7725625344,4059,4059
1716005073.2607174,7725625344,2374,2374
1716005074.2619681,7725625344,5033,5033
1716005075.2632205,7725625344,4618,4618
1716005076.264457,7725625344,4328,4328
1716005077.2657092,7725625344,1223,1223
1716005078.266826,7725625344,1847,1847
1716005079.268036,7725625344,5002,5002
1716005080.2692504,7725625344,3733,3733
1716005081.270462,7725625344,3786,3786
1716005082.2716675,7725625344,3473,3473
1716005083.2729018,7725625344,3960,3960
1716005084.2732,7725625344,3669,3669
1716005085.274427,7725625344,2750,2750
1716005086.2756114,7725625344,2141,2141
1716005087.2768126,7725625344,3132,3132
1716005088.278004,7725625344,4056,4056
1716005089.2792008,7725625344,3994,3994
1716005090.280419,7725625344,4196,4196
1716005091.281201,7725625344,3697,3697
1716005092.282405,7725625344,3581,3581
1716005093.2836597,7725625344,3737,3737
1716005094.284918,7725625344,3931,3931
1716005095.2861576,7725625344,3899,3899
1716005096.2874002,7725625344,3139,3139
1716005097.2886376,7725625344,3780,3780
1716005098.289391,7725625344,905,905
1716005099.2906113,7725625344,157,157
1716005100.2920938,7725625344,0,0
1716005101.2932334,7725625344,0,0
1716005102.2945802,7725625344,0,0
1716005103.2961037,7725625344,396,396
1716005104.2975028,7725625344,152,152
1716005105.2993886,7725625344,0,0
1716005106.300765,7725625344,0,0
1716005107.3012333,7725625344,0,0
1716005108.3027518,7725625344,396,396
1716005109.3039854,7725625344,152,152
1716005110.3054473,7725625344,0,0
1716005111.3066359,7725625344,1147,1147
1716005112.3078134,7725625344,0,0
1716005113.3090343,7725625344,754,754
1716005114.3102345,7725625344,155,155
1716005115.311488,7725625344,0,0
1716005116.312666,7725625344,0,0
1716005117.3132021,7725625344,0,0
1716005118.3143885,7725625344,396,396
1716005119.315587,7725625344,152,152
1716005120.316781,7725625344,0,0
1716005121.3171856,7725625344,0,0
1716005122.3184037,7725625344,0,0
1716005123.319595,7725625344,292,292
1716005124.3207796,7725625344,152,152
1716005125.3211856,7725625344,0,0
1716005126.3223708,7725625344,0,0
1716005127.3235588,7725625344,0,0
1716005128.3247566,7725625344,396,396
1716005129.325192,7725625344,152,152
1716005130.3263817,7725625344,0,0
1716005131.3273249,7725625344,0,0
1716005132.3285174,7725625344,0,0
1716005133.3297067,7725625344,292,292
1716005134.3309128,7725625344,152,152
1716005135.3321247,7725625344,390276693,390276693
1716005136.3332002,7725625344,121,121
1716005137.3343985,7725625344,0,0
1716005138.3356018,7725625344,13104,13104
1716005139.3363876,7725625344,34633385,34633385
1716005140.33724,7725625344,2084297675,2084297675
1716005141.3384588,7725625344,313,313
1716005142.3396902,7725625344,0,0
1716005143.340926,7725625344,3231,3231
1716005144.341252,7725625344,4956,4956
1716005145.341898,7725625344,6137,6137
1716005146.3431368,7725625344,6003,6003
1716005147.3443952,7725625344,3926,3926
1716005148.345243,7725625344,6397,6397
1716005149.3464792,7725625344,6338,6338
1716005150.347717,7725625344,3906,3906
1716005151.3489442,7725625344,3830,3830
1716005152.3492444,7725625344,3924,3924
1716005153.3502865,7725625344,4824,4824
1716005154.351532,7725625344,5071,5071
1716005155.352784,7725625344,6253,6253
1716005156.3532882,7725625344,4006,4006
1716005157.35393,7725625344,3486,3486
1716005158.3551824,7725625344,3003,3003
1716005159.3564305,7725625344,6284,6284
1716005160.3572605,7725625344,6120,6120
1716005161.3585095,7725625344,5996,5996
1716005162.3597548,7725625344,6149,6149
1716005163.3610005,7725625344,4159,4159
1716005164.3622758,7725625344,4061,4061
1716005165.3635104,7725625344,5993,5993
1716005166.3647566,7725625344,3835,3835
1716005167.36527,7725625344,4864,4864
1716005168.3665245,7725625344,5601,5601
1716005169.3677795,7725625344,4575,4575
1716005170.3690517,7725625344,5116,5116
1716005171.3703089,7725625344,6006,6006
1716005172.3715584,7725625344,5988,5988
1716005173.3728154,7725625344,4223,4223
1716005174.373275,7725625344,6124,6124
1716005175.3745003,7725625344,6140,6140
1716005176.3757308,7725625344,4031,4031
1716005177.3769739,7725625344,6163,6163
1716005178.377264,7725625344,6694,6694
1716005179.3782556,7725625344,4216,4216
1716005180.3792584,7725625344,6162,6162
1716005181.3805041,7725625344,4070,4070
1716005182.3812573,7725625344,97674,97674
1716005183.3819697,7725625344,4477,4477
1716005184.3829432,7725625344,6485,6485
1716005185.384268,7725625344,2116,2116
1716005186.385401,7725625344,0,0
1716005187.3867617,7725625344,1105,1105
1716005188.388154,7725625344,599,599
1716005189.389212,7725625344,157,157
1716005190.3905764,7725625344,0,0
1716005191.3918145,7725625344,2065,2065
1716005192.3930497,7725625344,0,0
1716005193.3942552,7725625344,651,651
1716005194.3945398,7725625344,155,155
1716005195.3957393,7725625344,0,0
1716005196.3969357,7725625344,0,0
1716005197.397215,7725625344,0,0
1716005198.3984227,7725625344,396,396
1716005199.3996358,7725625344,152,152
1716005200.400831,7725625344,0,0
1716005201.4012098,7725625344,0,0
1716005202.402404,7725625344,0,0
1716005203.4036107,7725625344,396,396
1716005204.404806,7725625344,152,152
1716005205.4051971,7725625344,0,0
1716005206.4063926,7725625344,0,0
1716005207.4076002,7725625344,0,0
1716005208.4087985,7725625344,292,292
1716005209.4092069,7725625344,462,462
1716005210.410419,7725625344,0,0
1716005211.4116318,7725625344,151,151
1716005212.4128435,7725625344,0,0
1716005213.413195,7725625344,449,449
1716005214.4144094,7725625344,152,152
1716005215.4156146,7749955584,33608868,33608868
1716005216.4168234,7749955584,190,190
1716005217.4172087,7749955584,0,0
1716005218.4184365,7749955584,34643618,34643618
1716005219.419799,7839166464,1365315069,1365315069
1716005222.4471335,10505330688,1075939834,1075939834
1716005223.4564588,8667652096,2667,2667
1716005224.4641528,8667652096,3230,3230
1716005225.4850304,8667652096,6174,6174
1716005226.4939802,8667652096,6212,6212
1716005227.5028975,8667652096,4665,4665
1716005228.5241315,8667652096,6248,6248
1716005229.533307,8667652096,4168,4168
1716005230.5425467,8667652096,5845,5845
1716005231.5650766,8667652096,3987,3987
1716005232.5735047,8667652096,3860,3860
1716005233.5850267,8667652096,7187,7187
1716005234.6112127,8667897856,5383,5383
1716005235.6223838,8667897856,3819,3819
1716005236.64665,8667897856,3755,3755
1716005237.6589558,8667897856,6225,6225
1716005238.6850615,8667897856,7084,7084
1716005239.6958969,8667897856,5730,5730
1716005240.7225049,8667897856,5967,5967
1716005241.7343314,8667897856,6021,6021
1716005242.7500525,8667897856,3947,3947
1716005243.7681327,8667897856,5339,5339
1716005244.7891967,8667897856,4467,4467
1716005245.7941313,8667897856,809,809
1716005246.7998445,8667897856,2679,2679
1716005247.830268,8667897856,5505,5505
1716005248.8402414,8667897856,6877,6877
1716005249.857382,8667897856,4938,4938
1716005250.8848133,8667897856,6465,6465
1716005251.8889954,8667897856,10604,10604
1716005252.8905747,8667897856,4325,4325
1716005253.8923578,8667897856,1684,1684
1716005254.8932295,8667897856,3649,3649
1716005255.897401,8667897856,7202,7202
1716005256.9114368,8667897856,4522,4522
1716005257.912691,8667897856,6175,6175
1716005258.9314592,8667897856,6612,6612
1716005259.939814,8667897856,3760,3760
1716005260.9658027,8667897856,2134,2134
1716005261.9745948,8667897856,1931,1931
1716005262.994351,8667897856,5575,5575
1716005264.0025103,8667897856,4349,4349
1716005265.0166383,8667897856,3865,3865
1716005266.0175734,8667897856,6811,6811
1716005267.018804,8667897856,11557,11557
1716005268.0199907,8667897856,2934,2934
1716005269.021276,8667947008,2147,2147
1716005270.0226288,8667353088,3081,3081
1716005271.02395,8667353088,2806,2806
1716005272.0256653,8667353088,2882,2882
1716005273.0270753,8786055168,2266,2266
1716005274.0283966,8667152384,2788,2788
1716005275.0292213,8667152384,1810,1810
1716005276.0304217,8667152384,832,832
1716005277.0317426,8667152384,1929,1929
1716005278.0324674,8667152384,1899,1899
1716005279.03364,8667152384,2192,2192
1716005280.0358148,8667152384,3340,3340
1716005281.0371737,8749424640,2903,2903
1716005282.0384278,8667262976,2295,2295
1716005283.039685,8666882048,1992,1992
1716005284.04105,8666882048,1966,1966
1716005285.042535,8666882048,1987,1987
1716005286.047507,8667865088,3787,3787
1716005287.0718834,8667865088,5768,5768
1716005288.0885205,8667865088,5252,5252
1716005289.1104248,8667865088,4517,4517
1716005290.1352928,8667865088,4020,4020
1716005291.1523764,8667865088,4472,4472
1716005292.1751404,8667865088,3099,3099
1716005293.200583,8667865088,6216,6216
1716005294.2183762,8667865088,4039,4039
1716005295.2414799,8667865088,4388,4388
1716005296.2666776,8667865088,1904,1904
1716005297.2898595,8667865088,5941,5941
1716005298.295748,8667865088,4541,4541
1716005299.328114,8667865088,3491,3491
1716005300.3602347,8667865088,2352,2352
1716005301.3951018,8667865088,5477,5477
1716005302.429163,8667865088,3352,3352
1716005303.441595,8667865088,5035,5035
1716005304.4440513,8702517248,4468,4468
1716005305.4565399,8740364288,4480,4480
1716005306.4785376,8793694208,5793,5793
1716005307.4855936,8841125888,6272,6272
1716005308.494712,8888311808,5779,5779
1716005309.5024674,8935497728,3908,3908
1716005310.5084174,8982683648,5680,5680
1716005311.5310402,9023479808,4114,4114
1716005312.5669777,9077190656,5733,5733
1716005313.5737164,9152897024,4657,4657
1716005314.606725,9184108544,3476,3476
1716005315.6184702,9250471936,1176,1176
1716005316.6484683,9326014464,4483,4483
1716005317.6518805,9341497344,4140,4140
1716005318.6699545,9423593472,3256,3256
1716005319.6957207,9499136000,5241,5241
1716005320.6985433,9499136000,3623,3623
1716005321.7295873,9583923200,3928,3928
1716005322.7480845,9665961984,2736,2736
1716005323.765869,9716097024,5276,5276
1716005324.789496,9826492416,3384,3384
1716005325.7988849,9845170176,2457,2457
1716005326.8637235,9936658432,3522,3522
1716005344.6991696,11850301440,5689,5689
1716005345.700379,8031518720,2909009062,2909009062
1716005346.701198,8031518720,1132,1132
1716005347.7024112,8031518720,104,104
1716005348.7036285,8031518720,548,548
1716005349.7048273,8031518720,589007536,589007536
1716005350.706065,8031518720,245786114,245786114
1716005351.707272,8031518720,52,52
1716005352.7084606,8031518720,0,0
1716005353.7096765,8031518720,548,548
1716005354.7108853,8031518720,1333,1333
1716005355.7121105,8031518720,3092,3092
1716005356.7133195,8031518720,3781,3781
1716005357.7145305,8031518720,3712,3712
1716005358.7157402,8031518720,1177,1177
1716005359.7169406,8031518720,5546,5546
1716005360.7181478,8031518720,3840,3840
1716005361.7193706,8031518720,3806,3806
1716005362.72058,8031518720,3811,3811
1716005363.7212417,8031518720,4160,4160
1716005364.7224457,8031518720,3712,3712
1716005365.723648,8031518720,2576,2576
1716005366.7248378,8031518720,3240,3240
1716005367.725202,8031518720,3490,3490
1716005368.7264094,8031518720,7839,7839
1716005369.7276304,8031518720,6048,6048
1716005370.72883,8031518720,8261,8261
1716005371.7292194,8031518720,1068,1068
1716005372.730416,8031518720,2285,2285
1716005373.7316186,8031518720,3683,3683
1716005374.7328012,8031518720,3655,3655
1716005375.733183,8031518720,4442,4442
1716005376.7343566,8031518720,3451,3451
1716005377.7355406,8031518720,1801,1801
1716005378.736738,8031518720,1251,1251
1716005379.7371953,8031518720,5591,5591
1716005380.738376,8031518720,3331,3331
1716005381.7395813,8031518720,3614,3614
1716005382.7407498,8031518720,3983,3983
1716005383.7411928,8031518720,4271,4271
1716005384.742358,8031518720,3731,3731
1716005385.7435372,8031518720,3185,3185
1716005386.7447193,8031518720,2712,2712
1716005387.7451842,8031518720,5251,5251
1716005388.7463627,8031518720,4237,4237
1716005389.747546,8031518720,4399,4399
1716005390.7487297,8031518720,3754,3754
1716005391.7491922,8031518720,3479,3479
1716005392.7504091,8031518720,3723,3723
1716005393.751611,8031518720,4006,4006
1716005394.7527957,8031518720,3159,3159
1716005395.7531917,8031518720,1657,1657
1716005396.7543616,8031518720,2351,2351
1716005397.7555497,8031518720,2983,2983
1716005398.756755,8031518720,3140,3140
1716005399.7571678,8031518720,2566,2566
1716005400.7583256,8031518720,892,892
1716005401.759482,8031518720,158,158
1716005402.7606354,8031518720,158,158
1716005403.7611933,8031518720,612,612
1716005404.7623913,8031518720,0,0
1716005405.7635572,8031518720,0,0
1716005406.764762,8031518720,2192,2192
1716005407.7652488,8031518720,2841,2841
1716005408.7664745,8031518720,4139,4139
1716005409.767727,8031518720,3701,3701
1716005410.7689908,8031518720,3769,3769
1716005411.769256,8031518720,3682,3682
1716005412.7704759,8031518720,3738,3738
1716005413.7717166,8031518720,1343,1343
1716005414.7729378,8031518720,356,356
1716005415.773236,8031518720,355,355
1716005416.7744703,8031518720,398,398
1716005417.7757075,8031518720,5247,5247
1716005418.7769296,8031518720,2190,2190
1716005419.7781627,8031518720,3648,3648
1716005420.7794232,8031518720,3554,3554
1716005421.7806494,8031518720,5882,5882
1716005422.7812228,8031518720,2134,2134
1716005423.78246,8031518720,3456,3456
1716005424.7836998,8031518720,4705,4705
1716005425.784968,8031518720,3564,3564
1716005426.7852414,8031518720,3874,3874
1716005427.7864785,8031518720,3484,3484
1716005428.7877219,8031518720,4184,4184
1716005429.7889397,8031518720,3632,3632
1716005430.7901838,8031518720,4019,4019
1716005431.7914448,8031518720,4054,4054
1716005432.7927,8031518720,2962,2962
1716005433.7939367,8031518720,3113,3113
1716005434.795184,8031518720,3204,3204
1716005435.7964158,8031518720,3815,3815
1716005436.7976944,8031518720,3799,3799
1716005437.7989259,8031518720,4279,4279
1716005438.800153,8031518720,4935,4935
1716005439.8013847,8031518720,2854,2854
1716005440.8026266,8031518720,771,771
1716005441.8038921,8031518720,2467,2467
1716005442.8051467,8031518720,3007,3007
1716005443.806381,8031518720,3745,3745
1716005444.8076155,8031518720,4010,4010
1716005445.8088517,8031518720,2829,2829
1716005446.8092453,8031518720,3761,3761
1716005447.8106058,8031518720,2701,2701
1716005448.8118417,8031518720,620,620
1716005449.813264,8031518720,0,0
1716005450.8144825,8031518720,0,0
1716005451.8160114,8031518720,0,0
1716005452.8172288,8031518720,0,0
1716005453.818981,8031518720,548,548
1716005454.8192697,8031518720,0,0
1716005455.8210595,8031518720,0,0
1716005456.822294,8031518720,0,0
1716005457.8239148,8031518720,0,0
1716005458.825218,8031518720,548,548
1716005459.827249,8031518720,0,0
1716005460.8284833,8031518720,0,0
1716005461.8291953,8031518720,1147,1147
1716005462.8303823,8031518720,0,0
1716005463.831577,8031518720,506,506
1716005464.8327684,8031518720,0,0
1716005465.833184,8031518720,190,190
1716005466.8343754,8031518720,0,0
1716005467.8355737,8031518720,0,0
1716005468.8367758,8031518720,600,600
1716005469.837201,8031518720,0,0
1716005470.838387,8031518720,0,0
1716005471.839586,8031518720,0,0
1716005472.8407795,8031518720,2166,2166
1716005473.8412127,8031518720,3744,3744
1716005474.8424199,8031518720,0,0
1716005475.8436189,8031518720,313,313
1716005476.8448179,8031518720,8357,8357
1716005477.845207,8031518720,583,583
1716005478.8463924,8031518720,1950,1950
1716005479.847582,8031518720,3813,3813
1716005480.8487616,8031518720,1347,1347
1716005481.849195,8031518720,6888,6888
1716005482.8503819,8031518720,91310,91310
1716005483.8515496,8031518720,980,980
1716005484.8527396,8031518720,0,0
1716005485.8531957,8031518720,156,156
1716005486.8543863,8031518720,0,0
1716005487.855577,8031518720,0,0
1716005488.8567781,8031518720,556,556
1716005489.8572383,8031518720,719836075,719836075
1716005490.8583977,8031518720,1789920743,1789920743
1716005491.8596022,8031518720,432,432
1716005492.8608096,8031518720,0,0
1716005493.861205,8031518720,2308,2308
1716005494.8624625,8031518720,5281,5281
1716005495.8636994,8031518720,4368,4368
1716005496.864419,8031518720,5872,5872
1716005497.8652258,8031518720,3831,3831
1716005498.8664641,8031518720,6151,6151
1716005499.8677156,8031518720,6432,6432
1716005500.8689566,8031518720,5851,5851
1716005501.869237,8031518720,6006,6006
1716005502.8704708,8031518720,6412,6412
1716005503.8717146,8031518720,5964,5964
1716005504.8729699,8031518720,6969,6969
1716005505.8732414,8031518720,6058,6058
1716005506.8744733,8031518720,6115,6115
1716005507.8756754,8031518720,1555,1555
1716005508.8769076,8031518720,771,771
1716005509.8775048,8031518720,404,404
1716005510.8787196,8031518720,6684,6684
1716005511.879961,8031518720,3721,3721
1716005512.8812134,8031518720,4430,4430
1716005513.8824503,8031518720,6344,6344
1716005514.8836887,8031518720,3942,3942
1716005515.88492,8031518720,2914,2914
1716005516.8852503,8031518720,3120,3120
1716005517.8862445,8031518720,4192,4192
1716005518.887133,8031518720,6639,6639
1716005519.8883684,8031518720,3532,3532
1716005520.8892372,8031518720,3461,3461
1716005521.8905194,8031518720,6303,6303
1716005522.8917596,8031518720,3577,3577
1716005523.8930283,8031518720,3799,3799
1716005524.894272,8031518720,6207,6207
1716005525.8955362,8031518720,4911,4911
1716005526.8967779,8031518720,3852,3852
1716005527.897256,8031518720,4063,4063
1716005528.8984885,8031518720,6732,6732
1716005529.8988962,8031518720,5903,5903
1716005530.8994837,8031518720,5535,5535
1716005531.9007225,8031518720,5825,5825
1716005532.9012623,8031518720,6126,6126
1716005533.9025016,8031518720,6302,6302
1716005534.903735,8031518720,3978,3978
1716005535.904983,8031518720,5646,5646
1716005536.9052472,8031518720,1857,1857
1716005537.906546,8031518720,4646,4646
1716005538.907778,8031518720,1089,1089
1716005539.9089694,8031518720,920,920
