Timestamp,MemoryUsage,NetSent,NetRecv
1716003710.6381922,514674688,0,0
1716003711.6395707,521064448,10479,10479
1716003712.6410506,521064448,0,0
1716003713.6424968,521064448,713,713
1716003714.6437168,521064448,0,0
1716003715.6449296,521064448,0,0
1716003716.645395,521064448,0,0
1716003717.6466625,521064448,0,0
1716003718.6479013,521064448,600,600
1716003719.6493177,521064448,0,0
1716003720.6505368,521064448,0,0
1716003721.6517565,521064448,0,0
1716003722.6532726,521064448,0,0
1716003723.6544943,521064448,600,600
1716003724.6558976,521310208,0,0
1716003725.6573033,521310208,0,0
1716003726.6585205,521310208,0,0
1716003727.6597562,521310208,0,0
1716003728.6611426,521310208,600,600
1716003729.6625628,521310208,0,0
1716003730.663958,521310208,0,0
1716003731.66543,521310208,0,0
1716003732.6664343,521310208,3067,3067
1716003733.6676192,521310208,4440,4440
1716003734.6688225,521310208,4801,4801
1716003735.6692162,521310208,3890,3890
1716003736.670407,521310208,1103,1103
1716003737.6716003,521310208,0,0
1716003738.6727943,521310208,879,879
1716003739.6731882,521310208,0,0
1716003740.6743777,521310208,0,0
1716003741.6751924,521310208,0,0
1716003742.6764045,521310208,0,0
1716003743.6771905,521310208,548,548
1716003744.6776335,521310208,0,0
1716003745.6788325,521310208,310,310
1716003746.6800318,521310208,0,0
1716003747.6812406,521310208,152,152
1716003748.682417,521310208,500,500
1716003749.683608,521310208,0,0
1716003750.6848009,521310208,0,0
1716003751.68518,521310208,0,0
1716003752.6863773,521310208,0,0
1716003753.6871183,521310208,496,496
1716003754.6881032,521310208,0,0
1716003755.6892939,521310208,0,0
1716003756.6904738,521310208,0,0
1716003757.6916595,521310208,0,0
1716003758.6928592,521310208,600,600
1716003759.6932108,521310208,2190,2190
1716003760.694405,521310208,2273,2273
1716003761.6955976,521310208,1588,1588
1716003762.6967819,521310208,2348,2348
1716003763.6971953,521310208,617,617
1716003764.6984022,521310208,2231,2231
1716003765.6996014,521310208,2964,2964
1716003766.700818,521310208,2253,2253
1716003767.7011998,521310208,2122,2122
1716003768.70241,521310208,3225,3225
1716003769.7036085,521310208,2774,2774
1716003770.704794,521310208,3093,3093
1716003771.7052107,521310208,1007,1007
1716003772.7064154,521310208,3096,3096
1716003773.7076273,521310208,3239,3239
1716003774.70794,521310208,2459,2459
1716003775.70914,521310208,0,0
1716003776.71033,521310208,252,252
1716003777.711523,521310208,0,0
1716003778.7124884,521310208,554,554
1716003779.7131948,521310208,0,0
1716003780.7143764,521310208,0,0
1716003781.7155426,521310208,0,0
1716003782.7164032,521310208,0,0
1716003783.717201,521310208,548,548
1716003784.71839,521310208,0,0
1716003785.7186546,521310208,0,0
1716003786.7198334,521310208,0,0
1716003787.7210314,521310208,0,0
1716003788.7213519,521310208,548,548
1716003789.7225378,521310208,0,0
1716003790.723724,521310208,0,0
1716003791.7249148,521310208,0,0
1716003792.7251935,521310208,0,0
1716003793.7263906,521310208,548,548
1716003794.727587,521310208,0,0
1716003795.7287617,521310208,0,0
1716003796.7291915,521310208,0,0
1716003797.7303834,521310208,0,0
1716003798.731594,521310208,496,496
1716003799.7327766,521310208,0,0
1716003800.7332008,521310208,0,0
1716003801.7343853,521310208,0,0
1716003802.7355769,521310208,410480490,410480490
1716003803.7367728,521310208,600,600
1716003804.7371912,521310208,0,0
1716003805.7383933,521310208,0,0
1716003806.7396057,521310208,17841210,17841210
1716003807.7408426,521310208,1575441453,1575441453
1716003808.741233,521310208,1752454834,1752454834
1716003809.7424548,521310208,0,0
1716003810.7436585,521310208,0,0
1716003811.7448623,521310208,0,0
1716003812.7452006,521310208,0,0
1716003813.7464478,521310208,5459,5459
1716003814.7477112,521310208,4286,4286
1716003815.7484844,521310208,6153,6153
1716003816.749742,521310208,4619,4619
1716003817.7510204,521310208,6236,6236
1716003818.7523549,521310208,4652,4652
1716003819.753237,521310208,3670,3670
1716003820.7544684,521310208,6098,6098
1716003821.75571,521310208,5543,5543
1716003822.7569544,521310208,5833,5833
1716003823.7572458,521310208,3301,3301
1716003824.7584918,521310208,4037,4037
1716003825.7597418,521310208,3794,3794
1716003826.760993,521310208,6147,6147
1716003827.761246,521310208,5199,5199
1716003828.7624922,521310208,5389,5389
1716003829.7637298,521310208,4394,4394
1716003830.7649732,521310208,3608,3608
1716003831.7652442,521310208,4657,4657
1716003832.7665024,521310208,5001,5001
1716003833.7676003,521310208,5920,5920
1716003834.7688377,521310208,6232,6232
1716003835.769256,521310208,5164,5164
1716003836.770544,521310208,4523,4523
1716003837.771779,521310208,4258,4258
1716003838.773046,521310208,7295,7295
1716003839.7742848,521310208,5108,5108
1716003840.775487,521310208,3918,3918
1716003841.7767663,521310208,3988,3988
1716003842.777269,521310208,3369,3369
1716003843.778515,521310208,6375,6375
1716003844.779789,521310208,3725,3725
1716003845.7810643,521310208,3561,3561
1716003846.782306,521310208,5911,5911
1716003847.7835891,521310208,5698,5698
1716003848.7848432,521310208,6817,6817
1716003849.7852554,521310208,4694,4694
1716003850.7864914,521310208,3942,3942
1716003851.78775,521310208,6084,6084
1716003852.7889774,521310208,6246,6246
1716003853.789262,521310208,5754,5754
1716003854.7905035,521310208,6032,6032
1716003855.7915,521310208,5317,5317
1716003856.7927513,521310208,3867,3867
1716003857.7935462,521310208,3896,3896
1716003858.7948623,521310208,7084,7084
1716003859.7961085,521310208,4427,4427
1716003860.7973216,521310208,3242,3242
1716003861.798631,521310208,3058,3058
1716003862.8000329,521310208,4899,4899
1716003863.8012905,521310208,4253,4253
1716003864.8025548,521310208,1563,1563
1716003865.8038194,521310208,2005,2005
1716003866.805158,521310208,1789,1789
1716003867.8064735,521310208,2248,2248
1716003868.8077269,521310208,1949,1949
1716003869.8089654,521310208,1514,1514
1716003870.8092642,521310208,2289,2289
1716003871.8107846,521310208,1511,1511
1716003872.8120518,521310208,1953,1953
1716003873.8133156,521310208,2295,2295
1716003874.8145654,521310208,2290,2290
1716003875.8159695,521310208,1503,1503
1716003876.8173168,521310208,1506,1506
1716003877.8186023,521310208,2454,2454
1716003878.819852,521310208,2577,2577
1716003879.8213532,521310208,1792,1792
1716003880.8226166,521310208,1515,1515
1716003881.8239818,521310208,1507,1507
1716003882.8253248,521310208,1684,1684
1716003883.826602,521310208,2645,2645
1716003884.8278635,521310208,1798,1798
1716003885.829221,521310208,1511,1511
1716003886.8306441,521310208,1514,1514
1716003887.8318706,521310208,2840,2840
1716003888.8332772,521310208,3611,3611
1716003889.8345585,521310208,732,732
1716003890.835782,521310208,1371,1371
1716003891.83705,521310208,792,792
1716003892.8382711,521310208,906,906
1716003893.83946,521310208,2027,2027
1716003894.8406796,521310208,3178,3178
1716003895.8411996,521310208,3821,3821
1716003896.8424013,521310208,6059,6059
1716003897.8435981,521310208,5674,5674
1716003898.844795,521310208,4105,4105
1716003899.845195,521310208,6042,6042
1716003900.8463993,521310208,3950,3950
1716003901.847601,521310208,5921,5921
1716003902.8487844,521310208,3924,3924
1716003903.8493903,521310208,6149,6149
1716003904.8504097,521310208,6156,6156
1716003905.8516135,521310208,4380,4380
1716003906.8528192,521310208,2850,2850
1716003907.8531997,521310208,2682,2682
1716003908.8544068,521310208,5455,5455
1716003909.8555996,521310208,3776,3776
1716003910.8568096,521310208,3773,3773
1716003911.857195,521310208,4782,4782
1716003912.8584197,521310208,3964,3964
1716003913.8596234,521310208,4514,4514
1716003914.8608336,521310208,2855,2855
1716003915.8612092,521310208,2650,2650
1716003916.8624334,521310208,3716,3716
1716003917.8634076,521310208,4508,4508
1716003918.8646019,521310208,6280,6280
1716003919.8652298,521310208,1083,1083
1716003920.8664367,521310208,4303,4303
1716003921.8676586,521310208,4133,4133
1716003922.8688653,521310208,5562,5562
1716003923.8692248,521310208,4251,4251
1716003924.8704226,521310208,5789,5789
1716003925.8716366,521310208,5159,5159
1716003926.8739963,521310208,3588,3588
1716003927.8752117,521310208,4183,4183
1716003928.8764281,521310208,2948,2948
1716003929.877216,521310208,2872,2872
1716003930.878431,521310208,608,608
1716003931.8796413,521310208,2182,2182
1716003932.8808725,521310208,2314,2314
1716003933.881209,521310208,1979,1979
1716003934.8824239,521310208,2044,2044
1716003935.883635,521310208,0,0
1716003936.8848627,521310208,310,310
1716003937.8852324,521310208,0,0
1716003938.8864415,521310208,610,610
1716003939.8876607,521310208,0,0
1716003940.888876,521310208,0,0
1716003941.889237,521310208,913,913
1716003942.8904521,521310208,0,0
1716003943.891676,521310208,557,557
1716003944.892899,521310208,0,0
1716003945.893228,521310208,0,0
1716003946.8944561,521310208,95699863,95699863
1716003947.8956783,521310208,1775562136,1775562136
1716003948.896893,521310208,764,764
1716003949.8980923,521310208,0,0
1716003950.899298,521310208,0,0
1716003951.9005032,521310208,704,704
1716003952.9012246,521310208,788893840,788893840
1716003953.902439,521310208,1083071484,1083071484
1716003954.9036336,521310208,0,0
1716003955.9048193,521310208,0,0
1716003956.9051976,521310208,0,0
1716003957.9063756,521310208,0,0
1716003958.9075694,521310208,2946,2946
1716003959.9087563,521310208,3538,3538
1716003960.9091792,521310208,3209,3209
1716003961.9103665,521310208,3824,3824
1716003962.9109025,521310208,3824,3824
1716003963.9120984,521310208,5167,5167
1716003964.9131997,521310208,2765,2765
1716003965.9143891,521310208,3772,3772
1716003966.9154613,521310208,3026,3026
1716003967.9166603,521310208,1500,1500
1716003968.9172113,521310208,3514,3514
1716003969.9184039,521310208,852,852
1716003970.9195998,521310208,3002,3002
1716003971.9207926,521310208,2816,2816
1716003972.9211907,521310208,1976,1976
1716003973.9223702,521310208,3997,3997
1716003974.9235563,521310208,2142,2142
1716003975.92474,521310208,896,896
1716003976.9251873,521310208,2521,2521
1716003977.9263737,521310208,2581,2581
1716003978.9275677,521310208,4499,4499
1716003979.9287586,521310208,5065,5065
1716003980.9292133,521310208,92038,92038
1716003981.9304104,521310208,3846,3846
1716003982.9315906,521310208,3241,3241
1716003983.9327939,521310208,4245,4245
1716003984.933202,521310208,3840,3840
1716003985.9343872,521310208,5798,5798
1716003986.9355814,521310208,5147,5147
1716003987.9367793,521310208,2803,2803
1716003988.9371943,521310208,968,968
1716003989.93839,521310208,2044,2044
1716003990.9395866,521310208,1666,1666
1716003991.9401631,521310208,2183,2183
1716003992.9411917,521310208,3141,3141
1716003993.9423776,521310208,4253,4253
1716003994.9435642,521310208,3385,3385
1716003995.9447596,521310208,256,256
1716003996.945202,521310208,3028,3028
1716003997.9463837,521310208,601,601
1716003998.9475756,521310208,4410,4410
1716003999.948772,521310208,3755,3755
1716004000.9492,521310208,3242,3242
1716004001.9501123,521310208,2547,2547
1716004002.951315,521310208,4658,4658
1716004003.952504,521310208,4581,4581
1716004004.953201,521310208,4193,4193
1716004005.9543798,521310208,3736,3736
1716004006.955563,521310208,2535,2535
1716004007.956745,521310208,4576,4576
1716004008.9571888,521310208,3230,3230
1716004009.9583995,521310208,1800,1800
1716004010.959381,521310208,3575,3575
1716004011.9605742,521310208,4476,4476
1716004012.961194,521310208,3041,3041
1716004013.962381,521310208,2248,2248
1716004014.9635634,521310208,3320,3320
1716004015.9647539,521310208,3678,3678
1716004016.9651842,521310208,4319,4319
1716004017.9663568,521310208,1707,1707
1716004018.9675388,521310208,3895,3895
1716004019.9687393,521310208,3518,3518
1716004020.9691834,521310208,2548,2548
1716004021.9703593,521310208,3123,3123
1716004022.9715445,521310208,3761,3761
1716004023.9727242,521310208,4414,4414
1716004024.973204,521310208,4377,4377
1716004025.974373,521310208,1283,1283
1716004026.9755418,521310208,396,396
1716004027.97672,521310208,2630,2630
1716004028.9771714,521310208,2920,2920
1716004029.9783628,521310208,17951,17951
1716004030.979562,521310208,9130,9130
1716004031.9807556,521310208,6584,6584
1716004032.9819667,521310208,3140,3140
1716004033.9831557,521310208,4266,4266
1716004034.9843562,521310208,9119,9119
1716004035.9851813,521310208,2532,2532
1716004036.9863675,521310208,3317,3317
1716004037.9875488,521310208,1662,1662
1716004038.9887402,521310208,4044,4044
1716004039.9893062,521310208,2137,2137
1716004040.990505,521310208,3758,3758
1716004041.9916916,521310208,1403,1403
1716004042.9928923,521310208,3518,3518
1716004043.9940705,521310208,3648,3648
1716004044.9952674,521310208,2738,2738
1716004045.9972897,521310208,0,0
1716004046.9985259,521310208,311,311
1716004048.0006757,521310208,0,0
1716004049.002072,521310208,508,508
1716004050.0034478,521310208,0,0
1716004051.0046887,521310208,0,0
1716004052.00598,521310208,0,0
1716004053.006685,521310208,0,0
1716004054.0079067,521310208,600,600
1716004055.0093455,521310208,0,0
1716004056.010541,521310208,0,0
1716004057.012001,521310208,0,0
1716004058.013233,521310208,0,0
1716004059.0144246,521310208,1785,1785
1716004060.01562,521310208,0,0
1716004061.0168204,521310208,301,301
1716004062.01719,521310208,0,0
1716004063.0183735,521310208,0,0
1716004064.0195546,521310208,606,606
1716004065.020698,521310208,0,0
1716004066.0211926,521310208,0,0
1716004067.0223894,521310208,0,0
1716004068.0235748,521310208,0,0
1716004069.024768,521310208,600,600
1716004070.0252085,521310208,0,0
1716004071.0264127,521310208,0,0
1716004072.027601,521310208,0,0
1716004073.0287888,521310208,0,0
1716004074.0292037,521310208,496,496
1716004075.0304139,521310208,0,0
1716004076.0316124,521310208,0,0
1716004077.0328014,521310208,0,0
1716004078.033992,521310208,0,0
1716004079.0351782,521310208,600,600
1716004080.0354128,521310208,0,0
1716004081.0366118,521310208,0,0
1716004082.0371976,521310208,0,0
1716004083.0383873,521310208,0,0
1716004084.0395694,521310208,600,600
1716004085.0407653,521310208,0,0
1716004086.0411866,521310208,0,0
1716004087.0424619,521310208,1134814124,1134814124
1716004088.0436995,521310208,1374520573,1374520573
1716004089.0449333,521310208,600,600
1716004090.0461607,521310208,0,0
1716004091.0473676,521310208,4087,4087
1716004092.048602,521310208,4094,4094
1716004093.0492382,521310208,5641,5641
1716004094.0504827,521310208,4607,4607
1716004095.0517237,521310208,3816,3816
1716004096.0529683,521310208,3898,3898
1716004097.0532396,521310208,4087,4087
1716004098.0544865,521310208,5742,5742
1716004099.0557237,521310208,5160,5160
1716004100.0569613,521310208,4664,4664
1716004101.058191,521310208,6210,6210
1716004102.05942,521310208,4079,4079
1716004103.0606506,521310208,6668,6668
1716004104.0612593,521310208,4731,4731
1716004105.0625057,521310208,3664,3664
1716004106.0637336,521310208,4453,4453
1716004107.0649762,521310208,6231,6231
1716004108.0652616,521310208,4540,4540
1716004109.0665045,521310208,5702,5702
1716004110.0677583,521310208,6663,6663
1716004111.0689974,521310208,6800,6800
1716004112.0703151,521310208,6290,6290
1716004113.0715454,521310208,6493,6493
1716004114.072798,521310208,4559,4559
1716004115.073268,521310208,4082,4082
1716004116.0745175,521310208,3055,3055
1716004117.0757682,521310208,5853,5853
1716004118.077024,521310208,2693,2693
1716004119.0782843,521310208,2666,2666
1716004120.0795336,521310208,1037,1037
1716004121.0807812,521310208,3230,3230
1716004122.08141,521310208,3461,3461
1716004123.082656,521310208,1717,1717
1716004124.0839057,521310208,4509,4509
1716004125.0851645,521310208,1935,1935
1716004126.0864131,521310208,4955,4955
1716004127.0876524,521310208,3146,3146
1716004128.0888937,521310208,5430,5430
1716004129.0901506,521310208,6619,6619
1716004130.0914009,521310208,6180,6180
1716004131.0926409,521310208,4139,4139
1716004132.0932243,521310208,3138,3138
1716004133.0946212,521310208,3741,3741
1716004134.095861,521310208,1125,1125
1716004135.0973096,521310208,0,0
1716004136.0985012,521310208,1265,1265
1716004137.0996468,521310208,2276,2276
1716004138.100851,521310208,0,0
1716004139.101237,521310208,564,564
1716004140.1025505,521310208,0,0
1716004141.1037555,521310208,2181,2181
1716004142.1049476,521310208,0,0
1716004143.1052034,521310208,303,303
1716004144.1064022,521310208,606,606
1716004145.1076024,521310208,0,0
1716004146.1088018,521310208,0,0
1716004147.1091962,521310208,0,0
1716004148.1103818,521310208,0,0
1716004149.111592,521310208,600,600
1716004150.1127958,521310208,0,0
1716004151.113211,521310208,0,0
1716004152.1140018,521310208,0,0
1716004153.1152086,521310208,0,0
1716004154.1164107,521310208,496,496
1716004155.1171944,521310208,0,0
1716004156.1179671,521310208,0,0
1716004157.119163,521310208,0,0
1716004158.1203623,521310208,0,0
1716004159.1211932,521310208,600,600
1716004160.1223893,521310208,0,0
1716004161.12359,521310208,0,0
1716004162.12479,521310208,0,0
1716004163.1252165,521310208,0,0
1716004164.1264243,521310208,600,600
1716004165.1276357,521310208,806233082,806233082
1716004166.128833,521310208,0,0
1716004167.1300325,521310208,190,190
1716004168.1312244,521310208,0,0
1716004169.1324222,521310208,34632971,34632971
1716004170.1332202,521310208,1668400495,1668400495
1716004171.134433,521310208,242,242
1716004172.1356452,521310208,0,0
1716004173.1368604,521310208,2159,2159
1716004174.1372635,521310208,6932,6932
1716004175.13851,521310208,3980,3980
1716004176.1397479,521310208,6444,6444
1716004177.140987,521310208,6225,6225
1716004178.1422098,521310208,4044,4044
1716004179.1434531,521310208,6445,6445
1716004180.1440022,521310208,5669,5669
1716004181.1452603,521310208,6906,6906
1716004182.1465049,521310208,1854,1854
1716004183.1477346,521310208,6012,6012
1716004184.1489666,521310208,6669,6669
1716004185.1492374,521310208,5596,5596
1716004186.1504672,521310208,4246,4246
1716004187.1517074,521310208,4524,4524
1716004188.152771,521310208,3801,3801
1716004189.1533635,521310208,6601,6601
1716004190.1545906,521310208,4101,4101
1716004191.1558316,521310208,5834,5834
1716004192.1570902,521310208,3720,3720
1716004193.1583335,521310208,2860,2860
1716004194.1595871,521310208,3414,3414
1716004195.1608346,521310208,6732,6732
1716004196.1612465,521310208,4692,4692
1716004197.1624885,521310208,6120,6120
1716004198.1637425,521310208,4446,4446
1716004199.1649864,521310208,6128,6128
1716004200.165249,521310208,4460,4460
1716004201.1664908,521310208,4364,4364
1716004202.1677465,521310208,3658,3658
1716004203.1689806,521310208,4040,4040
1716004204.169223,521310208,3887,3887
1716004205.1704605,521310208,3527,3527
1716004206.1716936,521310208,5540,5540
1716004207.1729317,521310208,5447,5447
1716004208.1732423,521310208,5308,5308
1716004209.1744945,521310208,7228,7228
1716004210.175747,521310208,5976,5976
1716004211.1769845,521310208,4544,4544
1716004212.1772275,521310208,6122,6122
1716004213.1784744,521310208,6136,6136
1716004214.1797323,521310208,7077,7077
1716004215.1809723,521310208,5961,5961
1716004216.181415,521310208,6036,6036
1716004217.1826465,521310208,6431,6431
1716004218.1838949,521310208,3190,3190
1716004219.1851916,521310208,2171,2171
1716004220.1864073,521310208,1473,1473
1716004221.1877034,521310208,2685,2685
1716004222.1890848,521310208,1118,1118
1716004223.1902976,521310208,3107,3107
1716004224.1916595,521310208,2200,2200
1716004225.192895,521310208,2111,2111
1716004226.193831,521310208,2097,2097
1716004227.194653,521310208,2177,2177
1716004228.195873,521310208,2452,2452
1716004229.1972558,521310208,2953,2953
1716004230.198498,521310208,1757,1757
1716004231.2000136,521310208,2099,2099
1716004232.2013607,521310208,2276,2276
1716004233.2025812,521310208,2712,2712
1716004234.2038884,521310208,1570,1570
1716004235.2049797,521310208,1971,1971
1716004236.2052345,521310208,4123,4123
1716004237.2065234,521310208,1257,1257
1716004238.2080164,521310208,1145,1145
1716004239.209281,521310208,1570,1570
1716004240.2105906,521310208,959,959
1716004241.2118998,521310208,1245,1245
1716004242.2133179,521310208,1020,1020
1716004243.2146106,521310208,1882,1882
1716004244.2158568,521310208,895,895
1716004245.217108,521310208,1485,1485
1716004246.2183363,521310208,750,750
1716004247.2196474,521310208,464,464
1716004248.220989,521310208,2188,2188
1716004249.2212472,521310208,1476,1476
1716004250.2224958,521310208,3290,3290
1716004251.2227068,521310208,5008,5008
1716004252.2239115,521310208,5987,5987
1716004253.2251556,521310208,4029,4029
1716004254.2263663,521310208,5503,5503
1716004255.2275662,521310208,4169,4169
1716004256.2285008,521310208,4259,4259
1716004257.2292657,521310208,5583,5583
1716004258.2305133,521310208,6053,6053
1716004259.2317593,521310208,6249,6249
1716004260.233052,521310208,5605,5605
1716004261.2342975,521310208,5944,5944
1716004262.2355654,521310208,3912,3912
1716004263.2361913,521310208,3767,3767
1716004264.2372215,521310208,1380,1380
1716004265.2384217,521310208,7019,7019
1716004266.2396274,521310208,5839,5839
1716004267.2408295,521310208,2846,2846
1716004268.2412028,521310208,4496,4496
1716004269.2423975,521310208,6124,6124
1716004270.2427704,521310208,3868,3868
1716004271.2439773,521310208,2764,2764
1716004272.2452466,521310208,4495,4495
1716004273.2458813,521310208,4162,4162
1716004274.247076,521310208,2942,2942
1716004275.248272,521310208,4206,4206
1716004276.2492113,521310208,4124,4124
1716004277.2500846,521310208,1762,1762
1716004278.2512982,521310208,1363,1363
1716004279.2525158,521310208,3319,3319
1716004280.2532094,521310208,2587,2587
1716004281.2544112,521310208,92470,92470
1716004282.2547717,521310208,1724,1724
1716004283.2559834,521310208,881,881
1716004284.2572072,521310208,2876,2876
1716004285.2584274,521310208,2769,2769
1716004286.2596471,521310208,3292,3292
1716004287.2608624,521310208,2171,2171
1716004288.2617006,521310208,4705,4705
1716004289.2625477,521310208,722,722
1716004290.2637656,521310208,2152,2152
1716004291.264989,521310208,52,52
1716004292.2652395,521310208,258,258
1716004293.2664683,521310208,254445497,254445497
1716004294.2676718,521310208,1617443984,1617443984
1716004295.268898,521310208,0,0
1716004296.2692063,521310208,0,0
1716004297.2704244,521310208,0,0
1716004298.2716312,521310208,448,448
1716004299.272814,521310208,152,152
1716004300.2731938,521310208,0,0
1716004301.27438,521310208,0,0
1716004302.275583,521310208,706,706
1716004303.2767887,521310208,204,204
1716004304.277203,521310208,404,404
1716004305.2783937,521310208,0,0
1716004306.2796001,521310208,0,0
1716004307.280805,521310208,0,0
1716004308.2812183,521310208,1871865848,1871865848
1716004309.2824194,521310208,152,152
1716004310.2836301,521310208,0,0
1716004311.2848225,521310208,0,0
1716004312.285203,521310208,0,0
1716004313.2863967,521310208,1902,1902
1716004314.2875817,521310208,3687,3687
1716004315.288771,521310208,3787,3787
1716004316.289181,521310208,5659,5659
1716004317.290367,521310208,1628,1628
1716004318.2915525,521310208,3913,3913
1716004319.2927575,521310208,3932,3932
1716004320.293967,521310208,3131,3131
1716004321.2951615,521310208,2676,2676
1716004322.295662,521310208,13301,13301
1716004323.296853,521310208,6046,6046
1716004324.2972167,521310208,4552,4552
1716004325.2984104,521310208,3018,3018
1716004326.299595,521310208,3058,3058
1716004327.3007843,521310208,3910,3910
1716004328.3011947,521310208,2882,2882
1716004329.3023798,521310208,2985,2985
1716004330.3035572,521310208,2501,2501
1716004331.3047445,521310208,1178,1178
1716004332.3051784,521310208,1637,1637
1716004333.3063717,521310208,3598,3598
1716004334.307563,521310208,3281,3281
1716004335.3087518,521310208,1281,1281
1716004336.3091953,521310208,5578,5578
1716004337.3094816,521310208,1665,1665
1716004338.3106737,521310208,4097,4097
1716004339.3118632,521310208,3890,3890
1716004340.3130684,521310208,3356,3356
1716004341.3142538,521310208,4254,4254
1716004342.3154702,521310208,3663,3663
1716004343.316655,521310208,3011,3011
1716004344.3171926,521310208,2302,2302
1716004345.3183892,521310208,3602,3602
1716004346.319569,521310208,4201,4201
1716004347.3207586,521310208,3728,3728
1716004348.3211799,521310208,4169,4169
1716004349.3223784,521310208,1839,1839
1716004350.3235497,521310208,2754,2754
1716004351.3247278,521310208,3086,3086
1716004352.3251774,521310208,1172,1172
1716004353.3263733,521310208,4095,4095
1716004354.3265824,521310208,2290,2290
1716004355.3277812,521310208,3781,3781
1716004356.3289855,521310208,2825,2825
1716004357.3292112,521310208,4247,4247
1716004358.3301299,521310208,5093,5093
1716004359.331353,521310208,4267,4267
1716004360.332528,521310208,2140,2140
1716004361.333193,521310208,4669,4669
1716004362.3343797,521310208,3166,3166
1716004363.3356102,521310208,3897,3897
1716004364.3367946,521310208,4898,4898
1716004365.3371813,521310208,2827,2827
1716004366.3383625,521310208,3603,3603
1716004367.3395295,521310208,4632,4632
1716004368.3407068,521310208,2921,2921
1716004369.341186,521310208,2132,2132
1716004370.3423636,521310208,4981,4981
1716004371.34354,521310208,2063,2063
1716004372.3447309,521310208,2924,2924
1716004373.3451867,521310208,3616,3616
1716004374.3463738,521310208,2615,2615
1716004375.3475564,521310208,3624,3624
1716004376.3480031,521310208,3554,3554
1716004377.3491762,521310208,3754,3754
1716004378.3503606,521310208,3929,3929
1716004379.3515334,521310208,1032,1032
1716004380.3527124,521310208,4100,4100
1716004381.3531792,521310208,3445,3445
1716004382.3543622,521310208,6228,6228
1716004383.355371,521310208,3890,3890
1716004384.3565714,521310208,3807,3807
1716004385.357764,521310208,2605,2605
1716004386.3589506,521310208,3259,3259
1716004387.3601358,521310208,2826,2826
1716004388.3611844,521310208,4192,4192
1716004389.3623893,521310208,4112,4112
1716004390.3636038,521310208,4183,4183
1716004391.3648071,521310208,3825,3825
1716004392.3651805,521310208,2233,2233
1716004393.3663886,521310208,3377,3377
1716004394.3675556,521310208,3874,3874
1716004395.3687432,521310208,3751,3751
1716004396.3691893,521310208,3179,3179
1716004397.3703785,521310208,1902,1902
1716004398.3723366,521310208,4165,4165
1716004399.3736067,521310208,1120,1120
1716004400.3748832,521310208,152,152
1716004401.3762505,521310208,158,158
1716004402.377244,521310208,0,0
1716004403.378597,521310208,351,351
1716004404.3802752,521310208,152,152
1716004405.3813603,521310208,0,0
1716004406.3828192,521310208,0,0
1716004407.3841445,521310208,0,0
1716004408.3852217,521310208,448,448
1716004409.386246,521310208,152,152
1716004410.3874974,521310208,0,0
1716004411.3891609,521310208,0,0
1716004412.3903737,521310208,900,900
1716004413.391564,521310208,701,701
1716004414.3922052,521310208,155,155
1716004415.39319,521310208,0,0
1716004416.3939874,521310208,0,0
1716004417.395173,521310208,0,0
1716004418.3963656,521310208,448,448
1716004419.3971834,521310208,152,152
1716004420.3983638,521310208,0,0
1716004421.3995428,521310208,0,0
1716004422.400725,521310208,0,0
1716004423.4011965,521310208,448,448
1716004424.4023824,521310208,152,152
1716004425.4035966,521310208,0,0
1716004426.4047842,521310208,0,0
1716004427.405208,521310208,0,0
1716004428.4063923,521310208,448,448
1716004429.4075768,521310208,152,152
1716004430.4087636,521310208,0,0
1716004431.4091866,521310208,0,0
1716004432.4104037,521310208,0,0
1716004433.411591,521310208,448,448
1716004434.412791,521310208,152,152
1716004435.4139733,521310208,0,0
1716004436.415163,521310208,0,0
1716004437.4163568,521310208,0,0
1716004438.4175398,521310208,344,344
1716004439.418742,521310208,152,152
1716004440.4199317,521310208,703361966,703361966
1716004441.421177,521310208,1806149653,1806149653
1716004442.4223986,521310208,0,0
1716004443.423608,521310208,448,448
1716004444.4248455,521310208,2272,2272
1716004445.4261012,521310208,3685,3685
1716004446.4272501,521310208,6208,6208
1716004447.428493,521310208,4216,4216
1716004448.4297342,521310208,3510,3510
1716004449.4309664,521310208,4665,4665
1716004450.4322045,521310208,4881,4881
1716004451.43327,521310208,5495,5495
1716004452.434511,521310208,5985,5985
1716004453.4357693,521310208,5098,5098
1716004454.4368849,521310208,4112,4112
1716004455.437251,521310208,5824,5824
1716004456.4384997,521310208,6325,6325
1716004457.4397428,521310208,5473,5473
1716004458.4410217,521310208,4372,4372
1716004459.4422777,521310208,4267,4267
1716004460.4435341,521310208,5624,5624
1716004461.4447913,521310208,5839,5839
1716004462.4452467,521310208,6166,6166
1716004463.446454,521310208,4000,4000
1716004464.4476943,521310208,6306,6306
1716004465.4489474,521310208,6220,6220
1716004466.4492548,521310208,5108,5108
1716004467.4504929,521310208,6572,6572
1716004468.4517555,521310208,4324,4324
1716004469.4530265,521310208,6117,6117
1716004470.4542632,521310208,4307,4307
1716004471.45552,521310208,5143,5143
1716004472.4567866,521310208,2776,2776
1716004473.4572465,521310208,5807,5807
1716004474.4584916,521310208,4849,4849
1716004475.459734,521310208,4145,4145
1716004476.460263,521310208,5391,5391
1716004477.4612272,521310208,4909,4909
1716004478.462464,521310208,6801,6801
1716004479.4637222,521310208,8247,8247
1716004480.4649649,521310208,2355,2355
1716004481.4662292,521310208,6264,6264
1716004482.4674654,521310208,6326,6326
1716004483.4687116,521310208,8334,8334
1716004484.4692583,521310208,7924,7924
1716004485.4705,521310208,4534,4534
1716004486.4717252,521310208,5394,5394
1716004487.4732955,521310208,2892,2892
1716004488.4745345,521310208,1268,1268
1716004489.475947,521310208,935,935
1716004490.4772089,521310208,0,0
1716004491.478442,521310208,310,310
1716004492.4796343,521310208,2067,2067
1716004493.480837,521310208,405,405
1716004494.4812112,521310208,155,155
1716004495.4824061,521310208,0,0
1716004496.483635,521310208,0,0
1716004497.4848278,521310208,9338,9338
1716004498.4852145,521310208,1459,1459
1716004499.4864151,521310208,3393,3393
1716004500.4876132,521310208,1494,1494
1716004501.488797,521310208,0,0
1716004502.4896688,521310208,309,309
1716004503.4908998,521310208,352,352
1716004504.492115,521310208,155,155
1716004505.4932408,521310208,0,0
1716004506.4944391,521310208,0,0
1716004507.4956307,521310208,0,0
1716004508.4968297,521310208,448,448
1716004509.4980314,521310208,152,152
1716004510.4992232,521310208,0,0
1716004511.5004268,521310208,0,0
1716004512.501687,521310208,0,0
1716004513.502896,521310208,448,448
1716004514.5040915,521310208,152,152
1716004515.5053084,521310208,0,0
1716004516.506507,521310208,0,0
1716004517.507713,521310208,0,0
1716004518.5089178,521310208,448,448
1716004519.5101113,521310208,152,152
1716004520.5113146,521310208,8651036,8651036
1716004521.5125463,521310208,918662009,918662009
1716004522.5137818,521310208,1582287169,1582287169
1716004523.5149958,521310208,448,448
1716004524.5162022,521310208,152,152
1716004525.517268,521310208,3996,3996
1716004526.5185187,521310208,4293,4293
1716004527.5197594,521310208,5200,5200
1716004528.5210228,521310208,4937,4937
1716004529.522263,521310208,4280,4280
1716004530.523504,521310208,6145,6145
1716004531.5247617,521310208,6009,6009
1716004532.5252411,521310208,6252,6252
1716004533.5264952,521310208,6722,6722
1716004534.5272872,521310208,3723,3723
1716004535.5285375,521310208,4058,4058
1716004536.5292432,521310208,4243,4243
1716004537.5304966,521310208,5751,5751
1716004538.531738,521310208,4169,4169
1716004539.532982,521310208,5628,5628
1716004540.5332358,521310208,6345,6345
1716004541.5344942,521310208,4154,4154
1716004542.535758,521310208,6075,6075
1716004543.5370514,521310208,6379,6379
1716004544.538303,521310208,4249,4249
1716004545.5395806,521310208,2727,2727
1716004546.5408115,521310208,3626,3626
1716004547.542054,521310208,5020,5020
1716004548.5423381,521310208,3483,3483
1716004549.5435674,521310208,4664,4664
1716004550.5448062,521310208,6312,6312
1716004551.5452464,521310208,6461,6461
1716004552.5465045,521310208,2960,2960
1716004553.547748,521310208,5579,5579
1716004554.5490265,521310208,6225,6225
1716004555.5502667,521310208,3750,3750
1716004556.5515196,521310208,5118,5118
1716004557.5527625,521310208,4498,4498
1716004558.5532706,521310208,5976,5976
1716004559.5545125,521310208,6079,6079
1716004560.5557513,521310208,6055,6055
1716004561.5570493,521310208,4025,4025
1716004562.5577075,521310208,3394,3394
1716004563.5589585,521310208,4223,4223
1716004564.5602021,521310208,5646,5646
1716004565.5612504,521310208,4125,4125
1716004566.5624945,521310208,6212,6212
1716004567.563744,521310208,3733,3733
1716004568.5650628,521310208,8159,8159
1716004569.5663085,521310208,4196,4196
1716004570.567525,521310208,2781,2781
1716004571.5689554,521310208,1674,1674
1716004572.5693688,521310208,1890,1890
1716004573.571045,521310208,1671,1671
1716004574.5733864,521310208,3045,3045
1716004575.574756,521310208,2256,2256
1716004576.5760124,521310208,1754,1754
1716004577.577247,521310208,1511,1511
1716004578.5787828,521310208,2121,2121
1716004579.580179,521310208,1688,1688
1716004580.5817833,521310208,1916,1916
1716004581.5836508,521310208,93848,93848
1716004582.584069,521310208,2339,2339
1716004583.5852318,521310208,1850,1850
1716004584.586512,521310208,2247,2247
1716004585.5878935,521310208,1687,1687
1716004586.5894217,521310208,2608,2608
1716004587.5912023,521310208,2243,2243
1716004588.591524,521310208,3541,3541
1716004589.5927286,521310208,4159,4159
1716004590.593239,521310208,5775,5775
1716004591.5944436,521310208,3685,3685
1716004592.5950298,521310208,3757,3757
1716004593.5962365,521310208,3317,3317
1716004594.597236,521310208,6342,6342
1716004595.598432,521310208,3167,3167
1716004596.5996242,521310208,5740,5740
1716004597.6008434,521310208,4617,4617
1716004598.601207,521310208,4922,4922
1716004599.6024275,521310208,4078,4078
1716004600.6036305,521310208,5823,5823
1716004601.604852,521310208,5742,5742
1716004602.6052005,521310208,4428,4428
1716004603.606413,521310208,1904,1904
1716004604.6076148,521310208,5853,5853
1716004605.6088233,521310208,3561,3561
1716004606.60977,521310208,3857,3857
1716004607.6109936,521310208,3877,3877
1716004608.6122186,521310208,6398,6398
1716004609.613464,521310208,4025,4025
1716004610.6146796,521310208,1855,1855
1716004611.6158984,521310208,6102,6102
1716004612.6171143,521310208,3907,3907
1716004613.6183755,521310208,6033,6033
1716004614.6195898,521310208,4409,4409
1716004615.620828,521310208,5378,5378
1716004616.6212225,521310208,3266,3266
1716004617.6224332,521310208,3540,3540
1716004618.6236756,521310208,4484,4484
1716004619.6248884,521310208,5072,5072
1716004620.6261196,521310208,3783,3783
1716004621.6273625,521310208,4945,4945
1716004622.6285615,521310208,3868,3868
1716004623.6292152,521310208,3392,3392
1716004624.6304193,521310208,2542,2542
1716004625.6316316,521310208,4003,4003
1716004626.6328397,521310208,5619,5619
1716004627.6332421,521310208,4438,4438
1716004628.6345215,521310208,4704,4704
1716004629.635848,521310208,3484,3484
1716004630.6370795,521310208,1620,1620
1716004631.6383023,521310208,0,0
1716004632.6395278,521310208,312,312
1716004633.6407702,521310208,559,559
1716004634.6419969,521310208,52,52
1716004635.6432278,521310208,0,0
1716004636.6444497,521310208,0,0
1716004637.6452258,521310208,0,0
1716004638.6464474,521310208,548,548
1716004639.6476772,521310208,52,52
1716004640.648905,521310208,0,0
1716004641.6501176,521310208,912,912
1716004642.651347,521310208,0,0
1716004643.6525693,521310208,557,557
1716004644.6533582,521310208,0,0
1716004645.6545737,521310208,158,158
1716004646.6558049,521310208,599,599
1716004647.6570528,521310208,3074199536,3074199536
1716004648.6582747,521310208,200777531,200777531
1716004649.659471,521310208,104,104
1716004650.66067,521310208,104,104
1716004651.6612139,521310208,2752118,2752118
1716004652.6624203,521310208,467815632,467815632
1716004653.6636326,521310208,548,548
1716004654.6648455,521310208,52,52
1716004655.6652272,521310208,0,0
1716004656.6665409,521310208,0,0
1716004657.6677887,521310208,0,0
1716004658.6689763,521310208,4350,4350
1716004659.6701915,521310208,3750,3750
1716004660.6713786,521310208,3742,3742
1716004661.6725738,521310208,2660,2660
1716004662.6732,521310208,3885,3885
1716004663.6743963,521310208,3426,3426
1716004664.675593,521310208,2103,2103
1716004665.6768067,521310208,3467,3467
1716004666.6772213,521310208,1856,1856
1716004667.67844,521310208,3410,3410
1716004668.6796465,521310208,4029,4029
1716004669.6808457,521310208,5491,5491
1716004670.6812012,521310208,1559,1559
1716004671.6823938,521310208,5222,5222
1716004672.6835873,521310208,4299,4299
1716004673.6847916,521310208,4961,4961
1716004674.6851964,521310208,1178,1178
1716004675.6863863,521310208,3282,3282
1716004676.687577,521310208,3030,3030
1716004677.6888113,521310208,3803,3803
1716004678.6892073,521310208,4097,4097
1716004679.6904051,521310208,3668,3668
1716004680.69159,521310208,2823,2823
1716004681.6927848,521310208,2599,2599
1716004682.6931994,521310208,4130,4130
1716004683.6943564,521310208,4344,4344
1716004684.6955914,521310208,3749,3749
1716004685.6967905,521310208,4182,4182
1716004686.697202,521310208,2748,2748
1716004687.6984012,521310208,3789,3789
1716004688.6996028,521310208,2534,2534
1716004689.7008016,521310208,5723,5723
1716004690.701203,521310208,3283,3283
1716004691.702427,521310208,5853,5853
1716004692.7036204,521310208,1579,1579
1716004693.704816,521310208,6242,6242
1716004694.7052,521310208,3797,3797
1716004695.7057314,521310208,3657,3657
1716004696.7069259,521310208,3703,3703
1716004697.7081447,521310208,2757,2757
1716004698.7092047,521310208,2432,2432
1716004699.7104018,521310208,3852,3852
1716004700.711603,521310208,2247,2247
1716004701.7128375,521310208,4753,4753
1716004702.7131894,521310208,3477,3477
1716004703.7143896,521310208,5288,5288
1716004704.71558,521310208,3636,3636
1716004705.716782,521310208,3642,3642
1716004706.7171881,521310208,4570,4570
1716004707.718385,521310208,3455,3455
1716004708.7195742,521310208,5198,5198
1716004709.7207677,521310208,2271,2271
1716004710.7212384,521310208,4160,4160
1716004711.7224276,521310208,3520,3520
1716004712.7236278,521310208,3362,3362
1716004713.7248225,521310208,4291,4291
1716004714.7251961,521310208,2811,2811
1716004715.7263865,521310208,3856,3856
1716004716.7275884,521310208,2702,2702
1716004717.728775,521310208,3128,3128
1716004718.72979,521310208,2733,2733
1716004719.7309778,521310208,3822,3822
1716004720.7321696,521310208,1794,1794
1716004721.7332032,521310208,4061,4061
1716004722.7343872,521310208,3233,3233
1716004723.7355797,521310208,4427,4427
1716004724.7367716,521310208,2123,2123
1716004725.737209,521310208,5870,5870
1716004726.7383957,521310208,1671,1671
1716004727.7395873,521310208,3712,3712
1716004728.7407765,521310208,4185,4185
1716004729.741187,521310208,4338,4338
1716004730.7423885,521310208,2009,2009
1716004731.743575,521310208,5368,5368
1716004732.7447538,521310208,2499,2499
1716004733.7451935,521310208,3569,3569
1716004734.7463937,521310208,4733,4733
1716004735.7475789,521310208,3536,3536
1716004736.748765,521310208,4840,4840
1716004737.7492044,521310208,3646,3646
1716004738.7503939,521310208,4242,4242
1716004739.751582,521310208,3921,3921
1716004740.7528012,521310208,2915,2915
1716004741.7530875,521310208,3858,3858
1716004742.7542872,521310208,2019,2019
1716004743.755538,521310208,3805,3805
1716004744.7570033,521310208,1346,1346
1716004745.7583125,521310208,0,0
1716004746.7599049,521310208,311,311
1716004747.7611456,521310208,0,0
1716004748.7626958,521310208,610,610
1716004749.7639327,521310208,0,0
1716004750.7654004,521310208,0,0
1716004751.7666488,521310208,0,0
1716004752.7683802,521310208,0,0
1716004753.7692163,521310208,600,600
1716004754.7710292,521310208,0,0
1716004755.7722688,521310208,0,0
1716004756.774219,521310208,0,0
1716004757.7754524,521310208,856,856
1716004758.7766404,521310208,908,908
1716004759.7771935,521310208,0,0
1716004760.7783978,521310208,760,760
1716004761.7790966,521310208,0,0
1716004762.780306,521310208,0,0
1716004763.7811992,521310208,600,600
1716004764.782391,521310208,0,0
1716004765.7836006,521310208,0,0
1716004766.7847846,521310208,190,190
1716004767.7851923,521310208,0,0
1716004768.7863915,521310208,600,600
1716004769.7876008,521310208,0,0
1716004770.7888029,521310208,0,0
1716004771.7891917,521310208,0,0
1716004772.790406,521310208,0,0
1716004773.7915986,521310208,600,600
1716004774.7928035,521310208,0,0
1716004775.793189,521310208,0,0
1716004776.79441,521310208,0,0
1716004777.7956116,521310208,0,0
1716004778.796832,521310208,600,600
1716004779.7972016,521310208,0,0
1716004780.7983866,521310208,0,0
1716004781.799615,521310208,169048012,169048012
1716004782.800816,521310208,379918776,379918776
1716004783.8018873,521310208,600,600
1716004784.8030667,521310208,0,0
1716004785.8040621,521310208,34637961,34637961
1716004786.8052418,521310208,1925929234,1925929234
1716004787.806458,521310208,458,458
1716004788.8076634,521310208,600,600
1716004789.8088975,521310208,3235,3235
1716004790.8092957,521310208,3964,3964
1716004791.8105335,521310208,6141,6141
1716004792.811774,521310208,19045,19045
1716004793.8130386,521310208,9552,9552
1716004794.8142784,521310208,6672,6672
1716004795.8155136,521310208,6268,6268
1716004796.8167555,521310208,5641,5641
1716004797.8172445,521310208,5826,5826
1716004798.818493,521310208,6229,6229
1716004799.8197389,521310208,4546,4546
1716004800.8200967,521310208,7413,7413
1716004801.8212378,521310208,4225,4225
1716004802.8224676,521310208,5804,5804
1716004803.8237033,521310208,6315,6315
1716004804.824255,521310208,5965,5965
1716004805.8252444,521310208,4225,4225
1716004806.8264885,521310208,6464,6464
1716004807.8277333,521310208,5623,5623
1716004808.8289785,521310208,4907,4907
1716004809.8292599,521310208,6162,6162
1716004810.8305078,521310208,5884,5884
1716004811.83176,521310208,4763,4763
1716004812.832993,521310208,5455,5455
1716004813.833234,521310208,4243,4243
1716004814.8344266,521310208,4084,4084
1716004815.835674,521310208,5121,5121
1716004816.8369286,521310208,6318,6318
1716004817.8372364,521310208,4454,4454
1716004818.8385024,521310208,4416,4416
1716004819.8388143,521310208,5542,5542
1716004820.840052,521310208,5684,5684
1716004821.8412232,521310208,3458,3458
1716004822.8424609,521310208,4665,4665
1716004823.8437073,521310208,6465,6465
1716004824.8444626,521310208,6198,6198
1716004825.8452525,521310208,4101,4101
1716004826.8464878,521310208,5747,5747
1716004827.8477376,521310208,4213,4213
1716004828.8489625,521310208,5124,5124
1716004829.849241,521310208,2302,2302
1716004830.8504674,521310208,6242,6242
1716004831.8517199,521310208,3742,3742
1716004832.8537712,521310208,5147,5147
1716004833.8553233,521310208,1288,1288
1716004834.8565419,521310208,0,0
1716004835.8572211,521310208,2319,2319
1716004836.8584056,521310208,300,300
1716004837.8596127,521310208,496,496
1716004838.8604143,521310208,759,759
1716004839.8611896,521310208,0,0
1716004840.8623772,521310208,0,0
1716004841.863588,521310208,0,0
1716004842.8647783,521310208,0,0
1716004843.865202,521310208,548,548
1716004844.8663938,521310208,0,0
1716004845.8676004,521310208,0,0
1716004846.8688016,521310208,0,0
1716004847.8699956,521310208,0,0
1716004848.8711953,521310208,600,600
1716004849.87239,521310208,0,0
1716004850.873593,521310208,0,0
1716004851.8748176,521310208,0,0
1716004852.8760164,521310208,0,0
1716004853.8772159,521310208,600,600
1716004854.878425,521310208,0,0
1716004855.879628,521310208,0,0
1716004856.8808177,521310208,0,0
1716004857.8811812,521310208,0,0
1716004858.8823872,521310208,496,496
1716004859.883601,521310208,0,0
1716004860.8848264,521310208,399986027,399986027
1716004861.8860445,521310208,242,242
1716004862.887236,521310208,0,0
1716004863.8884273,521310208,600,600
1716004864.8892126,521310208,48847500,48847500
1716004865.8904524,521310208,2060174228,2060174228
1716004866.8916593,521310208,0,0
1716004867.8928561,521310208,0,0
1716004868.8932505,521310208,2789,2789
1716004869.8944893,521310208,4411,4411
1716004870.8957245,521310208,4352,4352
1716004871.8969662,521310208,4551,4551
1716004872.8972385,521310208,3926,3926
1716004873.8984835,521310208,4765,4765
1716004874.899723,521310208,4125,4125
1716004875.9009416,521310208,5976,5976
1716004876.902173,521310208,4108,4108
1716004877.9034057,521310208,5957,5957
1716004878.9046316,521310208,3157,3157
1716004879.9052403,521310208,2377,2377
1716004880.9064713,521310208,1878,1878
1716004881.9077013,521310208,94880,94880
1716004882.9089346,521310208,5780,5780
1716004883.9092174,521310208,4547,4547
1716004884.9104397,521310208,4008,4008
1716004885.911661,521310208,6129,6129
1716004886.912888,521310208,3882,3882
1716004887.9132538,521310208,3967,3967
1716004888.9144816,521310208,6183,6183
1716004889.9157355,521310208,6310,6310
1716004890.9169755,521310208,4324,4324
1716004891.9172578,521310208,5910,5910
1716004892.9184902,521310208,4930,4930
1716004893.9197423,521310208,4650,4650
1716004894.9209974,521310208,5660,5660
1716004895.9212484,521310208,5898,5898
1716004896.922482,521310208,5505,5505
1716004897.923711,521310208,5365,5365
1716004898.92494,521310208,6657,6657
1716004899.9252539,521310208,4376,4376
1716004900.9264934,521310208,4845,4845
1716004901.9277432,521310208,2434,2434
1716004902.928979,521310208,5279,5279
1716004903.9292324,521310208,5048,5048
1716004904.9304547,521310208,6213,6213
1716004905.9316838,521310208,5685,5685
1716004906.932905,521310208,5577,5577
1716004907.9332547,521310208,4109,4109
1716004908.9345121,521310208,5072,5072
1716004909.9357545,521310208,5739,5739
1716004910.937022,521310208,5759,5759
1716004911.9382725,521310208,5891,5891
1716004912.939569,521310208,3826,3826
1716004913.940895,521310208,2065,2065
1716004914.941331,521310208,1499,1499
1716004915.9425554,521310208,1653,1653
1716004916.9438884,521310208,1498,1498
1716004917.9452345,521310208,1502,1502
1716004918.9465911,521310208,1992,1992
1716004919.9479332,521310208,2251,2251
1716004920.9493163,521310208,1494,1494
1716004921.950642,521310208,2107,2107
1716004922.9520278,521310208,1657,1657
1716004923.9532537,521310208,2003,2003
1716004924.9544873,521310208,2488,2488
1716004925.9557824,521310208,1549,1549
1716004926.9571774,521310208,2275,2275
1716004927.9585464,521310208,1507,1507
1716004928.9598107,521310208,1896,1896
1716004929.961183,521310208,1494,1494
1716004930.9624715,521310208,2213,2213
1716004931.9638534,521310208,2277,2277
1716004932.9652352,521310208,918,918
1716004933.966654,521310208,2430,2430
1716004934.9679537,521310208,1503,1503
1716004935.969248,521310208,2226,2226
1716004936.9704661,521310208,1689,1689
1716004937.971828,521310208,1758,1758
1716004938.9735527,521310208,2281,2281
1716004939.9748588,521310208,910,910
1716004940.97629,521310208,1331,1331
1716004941.977292,521310208,2381,2381
1716004942.9785872,521310208,3244,3244
1716004943.979778,521310208,5237,5237
1716004944.980985,521310208,5122,5122
1716004945.9811924,521310208,5308,5308
1716004946.9823778,521310208,5767,5767
1716004947.983571,521310208,6082,6082
1716004948.9847806,521310208,4224,4224
1716004949.9851975,521310208,5072,5072
1716004950.9863973,521310208,4522,4522
1716004951.9875968,521310208,3810,3810
1716004952.9887862,521310208,4157,4157
1716004953.9892209,521310208,4568,4568
1716004954.990437,521310208,3921,3921
1716004955.991636,521310208,1220,1220
1716004956.9928548,521310208,3415,3415
1716004957.9931948,521310208,5962,5962
1716004958.994385,521310208,3473,3473
1716004959.9956174,521310208,3369,3369
1716004960.9968023,521310208,3076,3076
1716004961.9972157,521310208,5808,5808
1716004962.9984078,521310208,5695,5695
1716004963.9996073,521310208,4707,4707
1716004965.000793,521310208,3853,3853
1716004966.001197,521310208,4014,4014
1716004967.0023904,521310208,3162,3162
1716004968.0035746,521310208,4840,4840
1716004969.0048027,521310208,1104,1104
1716004970.0052018,521310208,6301,6301
1716004971.0064,521310208,10315,10315
1716004972.007629,521310208,5054,5054
1716004973.0088303,521310208,5281,5281
1716004974.0091977,521310208,4867,4867
1716004975.0103805,521310208,3662,3662
1716004976.0115783,521310208,4597,4597
1716004977.0127842,521310208,2339,2339
1716004978.0132177,521310208,5173,5173
1716004979.014426,521310208,4484,4484
1716004980.0156138,521310208,3048,3048
1716004981.0168335,521310208,715,715
1716004982.0171738,521310208,2920,2920
1716004983.0183797,521310208,5314,5314
1716004984.0196028,521310208,4352,4352
1716004985.020816,521310208,5962,5962
1716004986.021211,521310208,560,560
1716004987.022413,521310208,161,161
1716004988.0236287,521310208,158,158
1716004989.0248427,521310208,461,461
1716004990.025213,521310208,0,0
1716004991.025536,521310208,0,0
1716004992.0267515,521310208,152,152
1716004993.0279777,521310208,0,0
1716004994.029207,521310208,600,600
1716004995.030428,521310208,0,0
1716004996.031633,521310208,0,0
1716004997.03284,521310208,0,0
1716004998.0332243,521310208,0,0
1716004999.0344331,521310208,444,444
1716005000.0356488,521310208,0,0
1716005001.0368674,521310208,383,383
1716005002.0372307,521310208,1252376912,1252376912
1716005003.0384526,521310208,655147874,655147874
1716005004.039652,521310208,668,668
1716005005.04084,521310208,104,104
1716005006.0413017,521310208,769349094,769349094
1716005007.0425172,521310208,1067487329,1067487329
1716005008.0437098,521310208,216,216
1716005009.0449033,521310208,444,444
1716005010.0451832,521310208,0,0
1716005011.0463834,521310208,0,0
1716005012.0476139,521310208,2869,2869
1716005013.0488527,521310208,3408,3408
1716005014.049233,521310208,3676,3676
1716005015.0504603,521310208,3476,3476
1716005016.0517523,521310208,3050,3050
1716005017.0530183,521310208,3678,3678
1716005018.0542743,521310208,3740,3740
1716005019.0555716,521310208,4113,4113
1716005020.0568147,521310208,3745,3745
1716005021.057224,521310208,3406,3406
1716005022.0584886,521310208,5819,5819
1716005023.0597427,521310208,1819,1819
1716005024.0609965,521310208,3564,3564
1716005025.0612593,521310208,3762,3762
1716005026.0626223,521310208,4349,4349
1716005027.0638654,521310208,3465,3465
1716005028.06511,521310208,1351,1351
1716005029.0663612,521310208,3664,3664
1716005030.0675986,521310208,3147,3147
1716005031.0689404,521310208,2741,2741
1716005032.0702548,521310208,3741,3741
1716005033.071512,521310208,3553,3553
1716005034.072755,521310208,2312,2312
1716005035.0732355,521310208,3815,3815
1716005036.0744743,521310208,1802,1802
1716005037.0757055,521310208,3622,3622
1716005038.0769615,521310208,1547,1547
1716005039.077235,521310208,4972,4972
1716005040.0784874,521310208,1924,1924
1716005041.0797443,521310208,1313,1313
1716005042.0810883,521310208,2256,2256
1716005043.0823512,521310208,2330,2330
1716005044.0836163,521310208,4181,4181
1716005045.0848525,521310208,3189,3189
1716005046.0852442,521310208,3509,3509
1716005047.0864878,521310208,2733,2733
1716005048.0877461,521310208,3126,3126
1716005049.0890322,521310208,1826,1826
1716005050.0902655,521310208,3087,3087
1716005051.0914912,521310208,2126,2126
1716005052.0927496,521310208,3566,3566
1716005053.0932262,521310208,1230,1230
1716005054.0945566,521310208,2690,2690
1716005055.095871,521310208,4069,4069
1716005056.0971174,521310208,5218,5218
1716005057.0983472,521310208,2861,2861
1716005058.099574,521310208,2342,2342
1716005059.1008043,521310208,4384,4384
1716005060.1012356,521310208,5145,5145
1716005061.1025646,521310208,4228,4228
1716005062.103843,521310208,3201,3201
1716005063.1051147,521310208,2628,2628
1716005064.1063404,521310208,5668,5668
1716005065.1075678,521310208,4195,4195
1716005066.1088076,521310208,3633,3633
1716005067.1092374,521310208,2617,2617
1716005068.1104488,521310208,4299,4299
1716005069.1116886,521310208,4323,4323
1716005070.1129413,521310208,3593,3593
1716005071.1141698,521310208,2734,2734
1716005072.1154232,521310208,4261,4261
1716005073.11667,521310208,2189,2189
1716005074.117219,521310208,5781,5781
1716005075.1184337,521310208,3950,3950
1716005076.1196492,521310208,4316,4316
1716005077.1208634,521310208,1828,1828
1716005078.122096,521310208,480,480
1716005079.1233315,521310208,6169,6169
1716005080.1245804,521310208,3731,3731
1716005081.1258655,521310208,3842,3842
1716005082.1270955,521310208,3589,3589
1716005083.1283221,521310208,3749,3749
1716005084.1292412,521310208,4227,4227
1716005085.1304557,521310208,2750,2750
1716005086.131667,521310208,2141,2141
1716005087.1328938,521310208,3132,3132
1716005088.133226,521310208,3750,3750
1716005089.1345146,521310208,4300,4300
1716005090.1357536,521310208,3887,3887
1716005091.1369903,521310208,3401,3401
1716005092.1382587,521310208,3838,3838
1716005093.139506,521310208,3676,3676
1716005094.1407425,521555968,4340,4340
1716005095.1419847,521555968,3051,3051
1716005096.1432357,521555968,3201,3201
1716005097.1446693,521555968,3879,3879
1716005098.145216,521555968,1131,1131
1716005099.1466126,521555968,618,618
1716005100.1478157,521555968,0,0
1716005101.1493933,521555968,0,0
1716005102.1506703,521555968,0,0
1716005103.1523163,521555968,0,0
1716005104.1532145,521555968,548,548
1716005105.154597,521555968,0,0
1716005106.1558042,521555968,0,0
1716005107.1574647,521555968,0,0
1716005108.1586745,521555968,0,0
1716005109.1600852,521555968,548,548
1716005110.1612065,521555968,0,0
1716005111.1623812,521555968,1147,1147
1716005112.1635659,521555968,0,0
1716005113.1647427,521555968,601,601
1716005114.1651845,521555968,308,308
1716005115.166373,521555968,0,0
1716005116.1675525,521555968,0,0
1716005117.1687403,521555968,0,0
1716005118.1692038,521555968,244,244
1716005119.1703987,521555968,304,304
1716005120.171594,521555968,0,0
1716005121.1727757,521555968,0,0
1716005122.1732821,521555968,0,0
1716005123.174575,521555968,292,292
1716005124.175902,521555968,152,152
1716005125.177211,521555968,0,0
1716005126.1785004,521555968,0,0
1716005127.1797886,521555968,0,0
1716005128.181097,521555968,396,396
1716005129.1823714,521555968,152,152
1716005130.1836555,521555968,0,0
1716005131.1848269,521555968,0,0
1716005132.1851811,521555968,0,0
1716005133.1863894,521555968,292,292
1716005134.1875808,521555968,152,152
1716005135.188779,830476288,308873508,308873508
1716005136.1891782,914034688,81403306,81403306
1716005137.190358,914034688,0,0
1716005138.1915479,914034688,11516,11516
1716005139.1927373,949915648,34634973,34634973
1716005143.226609,3912372224,2084300576,2084300576
1716005144.2559037,4019200000,5062,5062
1716005145.261807,4019200000,6492,6492
1716005146.269208,4019691520,6185,6185
1716005147.2875645,4019691520,3874,3874
1716005148.2931955,4019691520,5306,5306
1716005149.2980747,4020183040,7429,7429
1716005150.3161416,4020674560,3830,3830
1716005151.3212059,4020920320,3753,3753
1716005152.327448,4021657600,4129,4129
1716005153.3468132,4021903360,4824,4824
1716005154.3521144,4022394880,5261,5261
1716005155.3725853,4025098240,6063,6063
1716005156.4111474,4027555840,4006,4006
1716005157.4348667,4028293120,3833,3833
1716005158.4469876,4028784640,3128,3128
1716005159.4714563,4029276160,6901,6901
1716005160.4816356,4029767680,6209,6209
1716005161.5074506,4030259200,6045,6045
1716005162.5199103,4030996480,6108,6108
1716005163.5384345,4027969536,4500,4500
1716005164.5586383,4040503296,4099,4099
1716005165.575957,4041732096,6024,6024
1716005166.6185136,4041977856,4063,4063
1716005167.6328788,4042469376,5295,5295
1716005168.6346543,4043206656,6461,6461
1716005169.6502378,4050087936,4306,4306
1716005170.6775823,4063637504,5034,5034
1716005171.7033126,4070273024,6011,6011
1716005172.706438,4070273024,5889,5889
1716005173.7168887,4071747584,4271,4271
1716005174.7184832,4071993344,4711,4711
1716005175.7586322,4072484864,5444,5444
1716005176.7670324,4073713664,5960,5960
1716005177.7908862,4073959424,6048,6048
1716005178.800401,4074696704,6192,6192
1716005179.821753,4114755584,5260,5260
1716005180.8350308,4116230144,5996,5996
1716005181.84632,4142034944,4168,4168
1716005182.8680756,4142526464,97739,97739
1716005183.8784485,4144001024,4668,4668
1716005184.8858986,4144001024,5140,5140
1716005185.9131184,4144001024,308,308
1716005186.916218,4144001024,1105,1105
1716005187.9174125,4455186432,0,0
1716005188.9183323,4322242560,756,756
1716005189.9195564,4168130560,0,0
1716005190.9207835,2953101312,2065,2065
1716005191.9212112,2953101312,0,0
1716005192.9224179,2953101312,304,304
1716005193.9236214,2953101312,502,502
1716005194.9248374,2953101312,0,0
1716005195.9260423,2953101312,0,0
1716005196.927252,2953101312,0,0
1716005197.9284642,2953101312,0,0
1716005198.9296687,2953101312,548,548
1716005199.9308698,2953101312,0,0
1716005200.9320803,2953101312,0,0
1716005201.933208,2953101312,0,0
1716005202.9344137,2953101312,0,0
1716005203.935617,2953101312,548,548
1716005204.9368217,2953101312,0,0
1716005205.9372165,2953101312,0,0
1716005206.9384117,2953101312,0,0
1716005207.9396293,2953101312,0,0
1716005208.9408617,2953101312,754,754
1716005209.9412081,2953101312,0,0
1716005210.9424164,2953101312,151,151
1716005211.9430282,2953101312,0,0
1716005212.9442382,2953101312,0,0
1716005213.9452097,2953101312,601,601
1716005214.9464128,2953101312,33608868,33608868
1716005215.9476206,2953101312,190,190
1716005216.9488182,2953101312,0,0
1716005217.9491956,2953101312,0,0
1716005218.950398,2953101312,34643917,34643917
1716005219.9516199,2953101312,2441254131,2441254131
1716005220.9528377,2953101312,0,0
1716005221.953512,2953101312,0,0
1716005222.954752,2953101312,1036,1036
1716005223.9552672,2953101312,3260,3260
1716005224.9565086,2953101312,5389,5389
1716005225.9572554,2953101312,6287,6287
1716005226.9584973,2953101312,6073,6073
1716005227.9597547,2953101312,4092,4092
1716005228.960991,2953101312,6353,6353
1716005229.9615664,2953101312,2708,2708
1716005230.9628139,2953101312,5634,5634
1716005231.9640524,2953101312,3914,3914
1716005232.9652832,2953101312,6187,6187
1716005233.9665284,2953101312,5710,5710
1716005234.967769,2953101312,4899,4899
1716005235.968997,2953101312,2582,2582
1716005236.9702208,2953101312,5361,5361
1716005237.9714544,2953101312,6065,6065
1716005238.972718,2953101312,7119,7119
1716005239.9732575,2953101312,5399,5399
1716005240.9745126,2953101312,5955,5955
1716005241.9757574,2953101312,5229,5229
1716005242.9770284,2953101312,4151,4151
1716005243.9782858,2953101312,5976,5976
1716005244.9795434,2953101312,3640,3640
1716005245.980774,2953101312,963,963
1716005246.981247,2953101312,3582,3582
1716005247.98248,2953101312,3882,3882
1716005248.9837258,2953101312,6877,6877
1716005249.9849784,2953101312,4938,4938
1716005250.985245,2953101312,6517,6517
1716005251.9864771,2953101312,10552,10552
1716005252.9877186,2953101312,4932,4932
1716005253.9889617,2953101312,2148,2148
1716005254.9892392,2953101312,3166,3166
1716005255.9904778,2953101312,7354,7354
1716005256.9917207,2953101312,3834,3834
1716005257.9924202,2953101312,6304,6304
1716005258.9932585,2953101312,6483,6483
1716005259.9944913,2953101312,4269,4269
1716005260.994786,2953101312,1967,1967
1716005261.9960134,2953101312,1537,1537
1716005262.9972405,2953101312,5575,5575
1716005263.998497,2953101312,4349,4349
1716005264.9997435,2953101312,3865,3865
1716005266.0011191,2953101312,5871,5871
1716005267.0023675,2953101312,12157,12157
1716005268.003584,2953101312,3274,3274
1716005269.0049787,2953101312,1987,1987
1716005270.005704,2953101312,3241,3241
1716005271.0075388,2953101312,2806,2806
1716005272.008924,2953101312,2882,2882
1716005273.0098052,2953101312,2266,2266
1716005274.011268,2953101312,2788,2788
1716005275.012488,2953101312,1501,1501
1716005276.0135534,2953101312,1141,1141
1716005277.0148766,2953101312,1738,1738
1716005278.0159407,2953101312,2090,2090
1716005279.017039,2953101312,2192,2192
1716005280.0188637,2953101312,3340,3340
1716005281.0205421,2953101312,2903,2903
1716005282.021238,2953101312,2295,2295
1716005283.0224206,2953101312,1992,1992
1716005284.0237665,2953101312,1966,1966
1716005285.0252,2953101312,1987,1987
1716005286.0263884,2953101312,3787,3787
1716005287.027585,2953101312,5768,5768
1716005288.028825,2953101312,5252,5252
1716005289.0292056,2953101312,4465,4465
1716005290.0304048,2953101312,4072,4072
1716005291.0316188,2953101312,4472,4472
1716005292.0328193,2953101312,3099,3099
1716005293.0332084,2953101312,5572,5572
1716005294.0344033,2953101312,4509,4509
1716005295.0356216,2953101312,4155,4155
1716005296.0368319,2953101312,2111,2111
1716005297.0380404,2953101312,4896,4896
1716005298.0392523,2953101312,5112,5112
1716005299.0404515,2953101312,3486,3486
1716005300.0412898,2953101312,2164,2164
1716005301.0424976,2953101312,4261,4261
1716005302.0437388,2953101312,4253,4253
1716005303.044935,2953101312,3913,3913
1716005304.046144,2953101312,5280,5280
1716005305.0473583,2953101312,4184,4184
1716005306.0485651,2953101312,4875,4875
1716005307.0492034,2953101312,6613,6613
1716005308.0504153,2953101312,5999,5999
1716005309.051629,2953101312,2591,2591
1716005310.0528393,2953101312,6499,6499
1716005311.0540657,2953101312,4232,4232
1716005312.0552654,2953101312,5807,5807
1716005313.056507,2953101312,3822,3822
1716005314.0571964,2953101312,4291,4291
1716005315.0584185,2953101312,3351,3351
1716005316.059628,2953101312,1941,1941
1716005317.0608451,2953101312,3161,3161
1716005318.0620635,2953101312,4422,4422
1716005319.063293,2953101312,4765,4765
1716005320.0644865,2953101312,5042,5042
1716005321.0656843,2953101312,3882,3882
1716005322.0669465,2953101312,2892,2892
1716005323.06816,2953101312,3552,3552
1716005324.0692518,2953101312,4335,4335
1716005325.0704527,2953101312,2371,2371
1716005326.0716527,2953101312,3471,3471
1716005327.0728524,2953101312,2508,2508
1716005328.0732107,2953101312,919,919
1716005329.074432,2953101312,1135,1135
1716005330.075651,2953101312,0,0
1716005331.0760736,2953101312,159,159
1716005332.077224,2953101312,0,0
1716005333.0784416,2953101312,0,0
1716005334.0796645,2953101312,605,605
1716005335.0808935,2953101312,0,0
1716005336.081228,2953101312,0,0
1716005337.0824325,2953101312,0,0
1716005338.0836442,2953101312,0,0
1716005339.0848687,2953101312,548,548
1716005340.0852172,2953101312,1569,1569
1716005341.0864434,2953101312,0,0
1716005342.0876656,2953101312,304,304
1716005343.0888894,2953101312,0,0
1716005344.089217,2953101312,605,605
1716005345.0905778,2953101312,1720622289,1720622289
1716005346.0918984,2953101312,1188387594,1188387594
1716005347.0932393,2953101312,156,156
1716005348.094548,2953101312,104,104
1716005349.095876,2953101312,386797667,386797667
1716005350.097116,2953101312,447996393,447996393
1716005351.09833,2953101312,190,190
1716005352.0995324,2953101312,0,0
1716005353.1007414,2953101312,0,0
1716005354.1019492,2953101312,548,548
1716005355.1031494,2953101312,2183,2183
1716005356.104342,2953101312,3061,3061
1716005357.1052034,2953101312,3569,3569
1716005358.1064034,2953101312,3763,3763
1716005359.1075957,2953101312,3554,3554
1716005360.1087956,2953101312,3746,3746
1716005361.109203,2953101312,3675,3675
1716005362.1103964,2953101312,3617,3617
1716005363.1108859,2953101312,3810,3810
1716005364.112084,2953101312,3800,3800
1716005365.1132915,2953101312,3442,3442
1716005366.1144783,2953101312,2945,2945
1716005367.1156588,2953101312,3774,3774
1716005368.1168659,2953101312,2895,2895
1716005369.11721,2953101312,12071,12071
1716005370.1184106,2953101312,2103,2103
1716005371.1196141,2953101312,8324,8324
1716005372.1208198,2953101312,1885,1885
1716005373.1220222,2953101312,1400,1400
1716005374.12323,2953101312,3835,3835
1716005375.124434,2953101312,3540,3540
1716005376.1256368,2953101312,5205,5205
1716005377.126844,2953101312,2653,2653
1716005378.1280358,2953101312,1011,1011
1716005379.129202,2953101312,2732,2732
1716005380.1303992,2953101312,4429,4429
1716005381.131601,2953101312,4079,4079
1716005382.1328006,2953101312,3753,3753
1716005383.1332016,2953101312,5194,5194
1716005384.1343944,2953101312,4473,4473
1716005385.1355927,2953101312,1623,1623
1716005386.1367908,2953101312,4563,4563
1716005387.1371932,2953101312,2472,2472
1716005388.1383817,2953101312,4083,4083
1716005389.1396246,2953101312,5365,5365
1716005390.1408403,2953101312,4356,4356
1716005391.141206,2953101312,3702,3702
1716005392.142398,2953101312,3720,3720
1716005393.1436043,2953101312,3547,3547
1716005394.1448116,2953101312,2780,2780
1716005395.1460135,2953101312,3783,3783
1716005396.147216,2953101312,628,628
1716005397.148409,2953101312,3678,3678
1716005398.1496282,2953101312,3165,3165
1716005399.1508088,2953101312,2075,2075
1716005400.1516137,2953101312,2798,2798
1716005401.1528153,2953101312,216,216
1716005402.153169,2953101312,316,316
1716005403.1543293,2953101312,0,0
1716005404.1555078,2953101312,612,612
1716005405.1566706,2953101312,0,0
1716005406.1578672,2953101312,388,388
1716005407.1590557,2953101312,1804,1804
1716005408.1602492,2953101312,4080,4080
1716005409.1611912,2953101312,4089,4089
1716005410.1623816,2953101312,3636,3636
1716005411.1635773,2953101312,3765,3765
1716005412.1647751,2953101312,3428,3428
1716005413.165197,2953101312,3744,3744
1716005414.1663823,2953101312,669,669
1716005415.1675372,2953101312,355,355
1716005416.1687863,2953101312,354,354
1716005417.1692355,2953101312,2470,2470
1716005418.1704955,2953101312,3681,3681
1716005419.171758,2953101312,3473,3473
1716005420.1729507,2953101312,3230,3230
1716005421.1731968,2953101312,3818,3818
1716005422.1743886,2953101312,4622,4622
1716005423.1755762,2953101312,1758,1758
1716005424.176772,2953101312,5792,5792
1716005425.177216,2953101312,3666,3666
1716005426.1783967,2953101312,3717,3717
1716005427.1795833,2953101312,3720,3720
1716005428.1807752,2953101312,3067,3067
1716005429.1811857,2953101312,3806,3806
1716005430.182373,2953101312,3156,3156
1716005431.1835685,2953101312,6244,6244
1716005432.184148,2953101312,1609,1609
1716005433.1853466,2953101312,4126,4126
1716005434.1865346,2953101312,2514,2514
1716005435.1877255,2953101312,3877,3877
1716005436.188921,2953101312,3712,3712
1716005437.1891973,2953101312,5763,5763
1716005438.1903822,2953101312,3255,3255
1716005439.191583,2953101312,3727,3727
1716005440.1927693,2953101312,2555,2555
1716005441.1932042,2953101312,2106,2106
1716005442.1936958,2953101312,1225,1225
1716005443.1948912,2953101312,3698,3698
1716005444.1960952,2953101312,4453,4453
1716005445.197199,2953101312,3388,3388
1716005446.1984148,2953101312,2508,2508
1716005447.1995966,2953101312,3163,3163
1716005448.2008169,2953101312,2594,2594
1716005449.2027812,2953101312,208,208
1716005450.2040179,2953101312,0,0
1716005451.205392,2953101312,0,0
1716005452.2066462,2953101312,0,0
1716005453.2086353,2953101312,396,396
1716005454.2092328,2953101312,152,152
1716005455.2111664,2953101312,0,0
1716005456.21244,2953101312,0,0
1716005457.2136397,2953101312,0,0
1716005458.2140992,2953101312,396,396
1716005459.2162051,2953101312,152,152
1716005460.2172382,2953101312,0,0
1716005461.2187326,2953101312,0,0
1716005462.2199268,2953101312,1147,1147
1716005463.2211368,2953101312,299,299
1716005464.2223427,2953101312,207,207
1716005465.2235367,2953101312,0,0
1716005466.224744,2953101312,190,190
1716005467.2251987,2953101312,0,0
1716005468.2264166,2953101312,396,396
1716005469.227615,2953101312,204,204
1716005470.2288172,2953101312,0,0
1716005471.2300167,2953101312,0,0
1716005472.2312133,2953101312,0,0
1716005473.2324133,2953101312,5543,5543
1716005474.2332127,2953101312,367,367
1716005475.2344048,2953101312,152,152
1716005476.2356045,2953101312,161,161
1716005477.2368093,2953101312,8409,8409
1716005478.2372017,2953101312,2323,2323
1716005479.2383943,2953101312,2162,2162
1716005480.239588,2953101312,1809,1809
1716005481.240789,2953101312,2659,2659
1716005482.2420075,2953101312,96886,96886
1716005483.2432163,2953101312,547,547
1716005484.2444124,2953101312,433,433
1716005485.2452147,2953101312,0,0
1716005486.2464159,2953101312,156,156
1716005487.2476068,2953101312,0,0
1716005488.2487981,2953101312,404,404
1716005489.2492013,2953101312,152,152
1716005490.250396,2953101312,753773054,753773054
1716005491.2516096,2953101312,1755983980,1755983980
1716005492.2523992,2953101312,216,216
1716005493.2532012,2953101312,292,292
1716005494.2544632,2953101312,3795,3795
1716005495.2556984,2953101312,6511,6511
1716005496.2569375,2953101312,3899,3899
1716005497.2575355,2953101312,3877,3877
1716005498.2587812,2953101312,6645,6645
1716005499.2600462,2953101312,6074,6074
1716005500.2612581,2953101312,5878,5878
1716005501.262496,2953101312,5879,5879
1716005502.263749,2953101312,6035,6035
1716005503.26469,2953101312,5696,5696
1716005504.2652447,2953101312,6878,6878
1716005505.2665033,2953101312,5699,5699
1716005506.2677433,2953101312,6077,6077
1716005507.2689736,2953101312,5332,5332
1716005508.269497,2953101312,1011,1011
1716005509.2707417,2953101312,537,537
1716005510.2719972,2953101312,3605,3605
1716005511.273231,2953101312,4021,4021
1716005512.2744713,2953101312,4538,4538
1716005513.2757168,2953101312,5828,5828
1716005514.2769642,2953101312,4277,4277
1716005515.2772443,2953101312,3762,3762
1716005516.2784758,2953101312,3432,3432
1716005517.279455,2953101312,4071,4071
1716005518.2807028,2953101312,4586,4586
1716005519.2819576,2953101312,6285,6285
1716005520.2832057,2953101312,1723,1723
1716005521.2844503,2953101312,6034,6034
1716005522.2852402,2953101312,5799,5799
1716005523.2864783,2953101312,2029,2029
1716005524.2877197,2953101312,6223,6223
1716005525.2889733,2953101312,5079,5079
1716005526.2892375,2953101312,3866,3866
1716005527.2904787,2953101312,3984,3984
1716005528.2917418,2953101312,5812,5812
1716005529.2929783,2953101312,5726,5726
1716005530.2932527,2953101312,6762,6762
1716005531.2945023,2953101312,5404,5404
1716005532.2957358,2953101312,5912,5912
1716005533.29698,2953101312,5347,5347
1716005534.2972426,2953101312,4870,4870
1716005535.2984703,2953101312,4927,4927
1716005536.2997122,2953101312,4794,4794
1716005537.301285,2953101312,2458,2458
1716005538.3031332,2953101312,4250,4250
1716005539.3044877,2953101312,159,159
1716005540.3051677,2953101312,3381,3381
