Timestamp,MemoryUsage,NetSent,NetRecv
1716003711.059882,514453504,52,52
1716003712.061307,522072064,2757,2757
1716003713.0627015,522072064,0,0
1716003714.0639188,522072064,713,713
1716003715.0648189,522072064,0,0
1716003716.0658293,522072064,0,0
1716003717.0670855,522072064,0,0
1716003718.0684764,522072064,0,0
1716003719.0692232,522072064,600,600
1716003720.0704505,522072064,0,0
1716003721.0709352,522072064,0,0
1716003722.0723498,522072064,0,0
1716003723.0733778,522072064,0,0
1716003724.0746229,522072064,600,600
1716003725.075822,522072064,0,0
1716003726.0770988,522072064,0,0
1716003727.0783873,522072064,0,0
1716003728.0798614,522072064,0,0
1716003729.0811694,522072064,600,600
1716003730.0825117,522072064,0,0
1716003731.083528,522072064,0,0
1716003732.084748,522072064,1505,1505
1716003733.085195,522072064,3262,3262
1716003734.086413,522072064,4816,4816
1716003735.0876174,522072064,3804,3804
1716003736.0888195,522072064,3914,3914
1716003737.0891957,522072064,0,0
1716003738.0903769,522072064,318,318
1716003739.0913801,522072064,561,561
1716003740.0925784,522072064,0,0
1716003741.0931916,522072064,0,0
1716003742.0943928,522072064,0,0
1716003743.0955877,522072064,0,0
1716003744.0967724,522072064,548,548
1716003745.0971973,522072064,0,0
1716003746.098411,522072064,310,310
1716003747.099595,522072064,0,0
1716003748.1007907,522072064,152,152
1716003749.1012168,522072064,500,500
1716003750.1024222,522072064,0,0
1716003751.1036093,522072064,0,0
1716003752.1048083,522072064,0,0
1716003753.1052108,522072064,0,0
1716003754.1064079,522072064,496,496
1716003755.1076152,522072064,0,0
1716003756.1088223,522072064,0,0
1716003757.1091943,522072064,0,0
1716003758.110387,522072064,0,0
1716003759.1107178,522072064,1610,1610
1716003760.1119184,522072064,2273,2273
1716003761.113136,522072064,1623,1623
1716003762.11434,522072064,2027,2027
1716003763.1155353,522072064,1466,1466
1716003764.1167533,522072064,1628,1628
1716003765.1172147,522072064,1420,1420
1716003766.118142,522072064,4410,4410
1716003767.119335,522072064,1120,1120
1716003768.1205263,522072064,3376,3376
1716003769.121192,522072064,2575,2575
1716003770.122386,522072064,3020,3020
1716003771.1235707,522072064,1730,1730
1716003772.1241088,522072064,1987,1987
1716003773.125213,522072064,3722,3722
1716003774.1264067,522072064,4092,4092
1716003775.1275904,522072064,0,0
1716003776.1287966,522072064,252,252
1716003777.1300063,522072064,0,0
1716003778.1312113,522072064,153,153
1716003779.132402,522072064,401,401
1716003780.1331797,522072064,0,0
1716003781.1343875,522072064,0,0
1716003782.1355991,522072064,0,0
1716003783.1367984,522072064,152,152
1716003784.1379952,522072064,396,396
1716003785.1391861,522072064,0,0
1716003786.1397135,522072064,0,0
1716003787.1409204,522072064,0,0
1716003788.1411853,522072064,152,152
1716003789.1423821,522072064,396,396
1716003790.1435804,522072064,0,0
1716003791.1447783,522072064,0,0
1716003792.1451817,522072064,0,0
1716003793.1463752,522072064,152,152
1716003794.147568,522072064,396,396
1716003795.1487637,522072064,0,0
1716003796.149209,522072064,0,0
1716003797.1504066,522072064,0,0
1716003798.1516113,522072064,152,152
1716003799.1528113,522072064,344,344
1716003800.153208,522072064,0,0
1716003801.1544027,522072064,0,0
1716003802.1556292,522072064,29319342,29319342
1716003803.156825,522072064,381161448,381161448
1716003804.157189,522072064,300,300
1716003805.1583788,522072064,0,0
1716003806.1595533,522072064,0,0
1716003807.1607604,522072064,17841210,17841210
1716003808.1612449,522072064,3005522551,3005522551
1716003809.1624868,522072064,322373736,322373736
1716003810.163709,522072064,0,0
1716003811.1649435,522072064,0,0
1716003812.1652176,522072064,0,0
1716003813.1664135,522072064,2622,2622
1716003814.1676638,522072064,4830,4830
1716003815.168902,522072064,4534,4534
1716003816.1692684,522072064,6178,6178
1716003817.1705158,522072064,4670,4670
1716003818.1717598,522072064,5714,5714
1716003819.1730382,522072064,4550,4550
1716003820.174301,522072064,3937,3937
1716003821.1755538,522072064,5781,5781
1716003822.1768024,522072064,6493,6493
1716003823.1772547,522072064,4127,4127
1716003824.1785223,522072064,2611,2611
1716003825.179795,522072064,5470,5470
1716003826.1811013,522072064,4457,4457
1716003827.1823623,522072064,5413,5413
1716003828.1836562,522072064,5114,5114
1716003829.1848955,522072064,5966,5966
1716003830.185256,522072064,3608,3608
1716003831.1865437,522072064,4683,4683
1716003832.1877534,522072064,4211,4211
1716003833.1889691,522072064,5791,5791
1716003834.1892471,522072064,5781,5781
1716003835.1904628,522072064,5855,5855
1716003836.1916575,522072064,4949,4949
1716003837.1929092,522072064,3792,3792
1716003838.1933115,522072064,6254,6254
1716003839.194565,522072064,6149,6149
1716003840.1958315,522072064,4323,4323
1716003841.1971147,522072064,3489,3489
1716003842.198376,522072064,3924,3924
1716003843.1996167,522072064,4913,4913
1716003844.2008848,522072064,4639,4639
1716003845.202144,522072064,3831,3831
1716003846.2034063,522072064,5280,5280
1716003847.2046545,522072064,5955,5955
1716003848.2052648,522072064,6422,6422
1716003849.2065682,522072064,7085,7085
1716003850.2078161,522072064,3966,3966
1716003851.2091126,522072064,4002,4002
1716003852.2103817,522072064,6497,6497
1716003853.2116232,522072064,6493,6493
1716003854.2128892,522072064,5352,5352
1716003855.2132447,522072064,5775,5775
1716003856.214505,522072064,3587,3587
1716003857.2157543,522072064,3683,3683
1716003858.2170017,522072064,5843,5843
1716003859.2182958,522072064,7198,7198
1716003860.219561,522072064,3219,3219
1716003861.2207983,522072064,2052,2052
1716003862.221328,522072064,5531,5531
1716003863.2226255,522072064,2803,2803
1716003864.2243435,522072064,3465,3465
1716003865.2253747,522072064,2205,2205
1716003866.2266464,522072064,2241,2241
1716003867.2279909,522072064,1516,1516
1716003868.2293196,522072064,2045,2045
1716003869.2305586,522072064,2193,2193
1716003870.2319083,522072064,1511,1511
1716003871.2332895,522072064,2244,2244
1716003872.2345881,522072064,1513,1513
1716003873.2359638,522072064,2626,2626
1716003874.2374716,522072064,1669,1669
1716003875.2387998,522072064,1678,1678
1716003876.2401114,522072064,2063,2063
1716003877.2412648,522072064,1917,1917
1716003878.2426023,522072064,2454,2454
1716003879.2440312,522072064,1721,1721
1716003880.2453141,522072064,1675,1675
1716003881.246564,522072064,2268,2268
1716003882.2479165,522072064,2103,2103
1716003883.2492692,522072064,1492,1492
1716003884.2506967,522072064,1607,1607
1716003885.2519846,522072064,1680,1680
1716003886.253532,522072064,2076,2076
1716003887.25481,522072064,2288,2288
1716003888.2560663,522072064,2523,2523
1716003889.2572405,522072064,2589,2589
1716003890.2585068,522072064,1298,1298
1716003891.2597797,522072064,689,689
1716003892.2610006,522072064,1472,1472
1716003893.2613184,522072064,1153,1153
1716003894.26252,522072064,1363,1363
1716003895.2637148,522072064,3425,3425
1716003896.264924,522072064,6094,6094
1716003897.2651904,522072064,6151,6151
1716003898.2663918,522072064,5083,5083
1716003899.2675984,522072064,4535,4535
1716003900.268805,522072064,4167,4167
1716003901.2692144,522072064,5217,5217
1716003902.2704031,522072064,4653,4653
1716003903.2715912,522072064,5014,5014
1716003904.2727985,522072064,6526,6526
1716003905.2732034,522072064,6429,6429
1716003906.2744062,522072064,2309,2309
1716003907.2756248,522072064,2507,2507
1716003908.2768364,522072064,5177,5177
1716003909.2780414,522072064,4300,4300
1716003910.279244,522072064,3931,3931
1716003911.2804513,522072064,4109,4109
1716003912.2812037,522072064,4992,4992
1716003913.2824068,522072064,3703,3703
1716003914.2835999,522072064,2742,2742
1716003915.2848122,522072064,3401,3401
1716003916.2858884,522072064,1932,1932
1716003917.2870772,522072064,5237,5237
1716003918.2882748,522072064,6058,6058
1716003919.2891989,522072064,3711,3711
1716003920.290394,522072064,2103,2103
1716003921.2915888,522072064,3150,3150
1716003922.2928004,522072064,6925,6925
1716003923.29369,522072064,5298,5298
1716003924.294897,522072064,4229,4229
1716003925.2961204,522072064,5120,5120
1716003926.2973363,522072064,5468,5468
1716003927.2985373,522072064,1230,1230
1716003928.2997496,522072064,4996,4996
1716003929.3009658,522072064,2294,2294
1716003930.3023968,522072064,3112,3112
1716003931.30361,522072064,517,517
1716003932.3048186,522072064,3098,3098
1716003933.3052416,522072064,1252,1252
1716003934.305828,522072064,1813,1813
1716003935.3070452,522072064,1839,1839
1716003936.3082678,522072064,0,0
1716003937.30924,522072064,310,310
1716003938.3104599,522072064,455,455
1716003939.3116803,522072064,155,155
1716003940.3128939,522072064,0,0
1716003941.3132262,522072064,0,0
1716003942.3144405,522072064,913,913
1716003943.3156583,522072064,402,402
1716003944.316887,522072064,155,155
1716003945.317231,522072064,0,0
1716003946.3184552,522072064,0,0
1716003947.319714,522072064,910027820,910027820
1716003948.3209398,522072064,961234791,961234791
1716003949.3212225,522072064,152,152
1716003950.3218966,522072064,0,0
1716003951.3231199,522072064,704,704
1716003952.324344,522072064,98524,98524
1716003953.3252273,522072064,1871866645,1871866645
1716003954.3264384,522072064,155,155
1716003955.32764,522072064,0,0
1716003956.3288403,522072064,0,0
1716003957.3291926,522072064,0,0
1716003958.3303967,522072064,588,588
1716003959.3315918,522072064,4047,4047
1716003960.3327806,522072064,3564,3564
1716003961.3331935,522072064,3395,3395
1716003962.3343875,522072064,3560,3560
1716003963.3355808,522072064,4679,4679
1716003964.33678,522072064,3954,3954
1716003965.3371978,522072064,3458,3458
1716003966.3383923,522072064,2600,2600
1716003967.3395782,522072064,3220,3220
1716003968.3407738,522072064,1331,1331
1716003969.3411906,522072064,3348,3348
1716003970.3423836,522072064,890,890
1716003971.3435829,522072064,3287,3287
1716003972.3447778,522072064,3295,3295
1716003973.345194,522072064,3178,3178
1716003974.3463843,522072064,2908,2908
1716003975.347571,522072064,728,728
1716003976.34876,522072064,736,736
1716003977.349187,522072064,4428,4428
1716003978.350372,522072064,3838,3838
1716003979.3515728,522072064,3726,3726
1716003980.3527844,522072064,94100,94100
1716003981.353201,522072064,3591,3591
1716003982.3543947,522072064,1025,1025
1716003983.3555822,522072064,4341,4341
1716003984.356786,522072064,3511,3511
1716003985.357205,522072064,4066,4066
1716003986.3584063,522072064,6642,6642
1716003987.3596146,522072064,5578,5578
1716003988.3608186,522072064,1389,1389
1716003989.3620093,522072064,2199,2199
1716003990.3632057,522072064,366,366
1716003991.3643975,522072064,2065,2065
1716003992.3652062,522072064,2187,2187
1716003993.3664055,522072064,3617,3617
1716003994.3676288,522072064,4798,4798
1716003995.3688257,522072064,2053,2053
1716003996.3695474,522072064,508,508
1716003997.3707435,522072064,2572,2572
1716003998.3719327,522072064,2940,2940
1716003999.3731441,522072064,3728,3728
1716004000.3743405,522072064,3866,3866
1716004001.3755445,522072064,2248,2248
1716004002.3767474,522072064,4413,4413
1716004003.3772244,522072064,3854,3854
1716004004.3784559,522072064,4912,4912
1716004005.3797102,522072064,3801,3801
1716004006.3809464,522072064,2729,2729
1716004007.3812368,522072064,3189,3189
1716004008.3824673,522072064,3982,3982
1716004009.3837056,522072064,2967,2967
1716004010.3849335,522072064,3061,3061
1716004011.3852415,522072064,4118,4118
1716004012.386483,522072064,2581,2581
1716004013.387721,522072064,3670,3670
1716004014.388956,522072064,3575,3575
1716004015.3892531,522072064,1888,1888
1716004016.3904812,522072064,5260,5260
1716004017.391717,522072064,2815,2815
1716004018.3929536,522072064,1303,1303
1716004019.3932467,522072064,3940,3940
1716004020.3944857,522072064,3724,3724
1716004021.3957112,522072064,2138,2138
1716004022.3969347,522072064,3691,3691
1716004023.397229,522072064,5911,5911
1716004024.398463,522072064,2885,2885
1716004025.3996964,522072064,3696,3696
1716004026.400935,522072064,403,403
1716004027.401244,522072064,523,523
1716004028.4024756,522072064,4527,4527
1716004029.4037278,522072064,9075,9075
1716004030.4049714,522072064,13905,13905
1716004031.4052322,522072064,9906,9906
1716004032.4064703,522072064,2328,2328
1716004033.407705,522072064,3919,3919
1716004034.408945,522072064,7242,7242
1716004035.4092472,522072064,5047,5047
1716004036.4104877,522072064,2214,2214
1716004037.4117153,522072064,3764,3764
1716004038.4129615,522072064,3654,3654
1716004039.4132392,522072064,3016,3016
1716004040.4144719,522072064,3092,3092
1716004041.415703,522072064,1341,1341
1716004042.4169426,522072064,2334,2334
1716004043.4176843,522072064,3551,3551
1716004044.4188774,522072064,4028,4028
1716004045.4207094,522072064,1234,1234
1716004046.4212525,522072064,0,0
1716004047.4229925,522072064,311,311
1716004048.4242332,522072064,155,155
1716004049.4259236,522072064,353,353
1716004050.427254,522072064,0,0
1716004051.4289398,522072064,0,0
1716004052.4303374,522072064,0,0
1716004053.4315643,522072064,448,448
1716004054.4331915,522072064,152,152
1716004055.434462,522072064,0,0
1716004056.4361968,522072064,0,0
1716004057.43747,522072064,0,0
1716004058.4381914,522072064,448,448
1716004059.4393914,522072064,1337,1337
1716004060.4405975,522072064,0,0
1716004061.4412026,522072064,301,301
1716004062.4424,522072064,0,0
1716004063.4435918,522072064,451,451
1716004064.4447973,522072064,155,155
1716004065.4452002,522072064,0,0
1716004066.4464154,522072064,0,0
1716004067.4470413,522072064,0,0
1716004068.4482434,522072064,448,448
1716004069.449206,522072064,152,152
1716004070.4504051,522072064,0,0
1716004071.45161,522072064,0,0
1716004072.4528284,522072064,0,0
1716004073.4532027,522072064,344,344
1716004074.4544022,522072064,152,152
1716004075.4548256,522072064,0,0
1716004076.45614,522072064,0,0
1716004077.457295,522072064,0,0
1716004078.4584975,522072064,448,448
1716004079.4596913,522072064,152,152
1716004080.4608865,522072064,0,0
1716004081.4611864,522072064,0,0
1716004082.462508,522072064,0,0
1716004083.4638147,522072064,448,448
1716004084.4651642,522072064,152,152
1716004085.466357,522072064,0,0
1716004086.4675558,522072064,806246785,806246785
1716004087.4687777,522072064,1248134603,1248134603
1716004088.469211,522072064,454953757,454953757
1716004089.4704177,522072064,152,152
1716004090.4716241,522072064,1963,1963
1716004091.4728549,522072064,3410,3410
1716004092.473252,522072064,4549,4549
1716004093.4744911,522072064,6270,6270
1716004094.475727,522072064,3883,3883
1716004095.4769628,522072064,4505,4505
1716004096.4772477,522072064,3398,3398
1716004097.478484,522072064,4253,4253
1716004098.479728,522072064,6536,6536
1716004099.480966,522072064,4067,4067
1716004100.4812462,522072064,5546,5546
1716004101.4815557,522072064,6262,6262
1716004102.4827907,522072064,4146,4146
1716004103.4840312,522072064,7279,7279
1716004104.485238,522072064,1791,1791
1716004105.4864705,522072064,3866,3866
1716004106.4877114,522072064,6326,6326
1716004107.4889512,522072064,6844,6844
1716004108.4892333,522072064,4280,4280
1716004109.490462,522072064,6294,6294
1716004110.491687,522072064,6734,6734
1716004111.4929273,522072064,6785,6785
1716004112.4932532,522072064,6197,6197
1716004113.4945014,522072064,4569,4569
1716004114.4947982,522072064,4009,4009
1716004115.4960604,522072064,5320,5320
1716004116.4972405,522072064,3674,3674
1716004117.4984968,522072064,3822,3822
1716004118.49955,522072064,2738,2738
1716004119.500355,522072064,2401,2401
1716004120.5012622,522072064,2081,2081
1716004121.502496,522072064,2914,2914
1716004122.503285,522072064,3347,3347
1716004123.5045276,522072064,2118,2118
1716004124.5052547,522072064,3562,3562
1716004125.5059707,522072064,5114,5114
1716004126.5072258,522072064,2319,2319
1716004127.508481,522072064,4410,4410
1716004128.5092585,522072064,5935,5935
1716004129.5104752,522072064,6497,6497
1716004130.5117059,522072064,5838,5838
1716004131.5129297,522072064,2414,2414
1716004132.513314,522072064,3776,3776
1716004133.5146418,522072064,3390,3390
1716004134.5159385,522072064,158,158
1716004135.5168617,522072064,0,0
1716004136.5171952,522072064,1774,1774
1716004137.5184999,522072064,1767,1767
1716004138.5197704,522072064,409,409
1716004139.521229,522072064,155,155
1716004140.5224445,522072064,486,486
1716004141.5236504,522072064,1695,1695
1716004142.5248508,522072064,0,0
1716004143.5251987,522072064,754,754
1716004144.5264006,522072064,155,155
1716004145.5275993,522072064,0,0
1716004146.528804,522072064,0,0
1716004147.5292032,522072064,0,0
1716004148.5304182,522072064,448,448
1716004149.5316057,522072064,152,152
1716004150.5328155,522072064,0,0
1716004151.5332046,522072064,0,0
1716004152.534407,522072064,0,0
1716004153.5356426,522072064,344,344
1716004154.5366352,522072064,152,152
1716004155.537212,522072064,0,0
1716004156.5384429,522072064,0,0
1716004157.5396483,522072064,0,0
1716004158.5408435,522072064,448,448
1716004159.541218,522072064,152,152
1716004160.542436,522072064,0,0
1716004161.5436373,522072064,0,0
1716004162.5448556,522072064,0,0
1716004163.545221,522072064,448,448
1716004164.5464385,522072064,152,152
1716004165.547643,522072064,806233082,806233082
1716004166.5488784,522072064,0,0
1716004167.5491946,522072064,190,190
1716004168.5504107,522072064,34632819,34632819
1716004169.5516331,1052913664,947018300,947018300
1716004173.1430554,4887470080,721384748,721384748
1716004174.16876,3741220864,6932,6932
1716004175.173775,3741712384,3980,3980
1716004176.1773756,3741712384,6444,6444
1716004177.1940463,3741712384,6225,6225
1716004178.1970463,3741712384,4605,4605
1716004179.201054,3742203904,6092,6092
1716004180.2187252,3742449664,6144,6144
1716004181.2218244,3742941184,6223,6223
1716004182.2251468,3743432704,2425,2425
1716004183.240791,3743678464,6436,6436
1716004184.2445986,3744169984,6139,6139
1716004185.2642133,3746873344,5131,5131
1716004186.3016531,3749330944,4246,4246
1716004187.3110538,3749822464,5965,5965
1716004188.3371363,3750559744,3588,3588
1716004189.3392706,3751542784,5373,5373
1716004190.3582144,3751542784,5286,5286
1716004191.3622465,3752034304,5014,5014
1716004192.3635526,3752525824,3407,3407
1716004193.3944316,3752525824,5469,5469
1716004194.4207647,3761963008,3080,3080
1716004195.42659,3761963008,6154,6154
1716004196.4401903,3762946048,4712,4712
1716004197.4434273,3764174848,4963,4963
1716004198.4546182,3764174848,5428,5428
1716004199.45951,3764666368,6117,6117
1716004200.4701378,3764666368,3518,3518
1716004201.5000618,3776217088,4769,4769
1716004202.5228949,3791400960,3211,3211
1716004203.5484421,3791892480,4942,4942
1716004204.5611346,3792629760,3978,3978
1716004205.592712,3793367040,3255,3255
1716004206.5941103,3793612800,5764,5764
1716004207.6183531,3794104320,5602,5602
1716004208.6302834,3794595840,7091,7091
1716004209.6350036,3795333120,5500,5500
1716004210.663614,3796070400,6905,6905
1716004211.673685,3796316160,4846,4846
1716004212.6747882,3837358080,5966,5966
1716004213.7017562,3837849600,7237,7237
1716004214.704386,3857510400,5813,5813
1716004215.7262118,3863900160,6854,6854
1716004216.7345915,3864883200,6168,6168
1716004217.7454114,3865374720,5349,5349
1716004218.752576,3865374720,1989,1989
1716004219.7585258,3865374720,1475,1475
1716004220.7599285,4231831552,2683,2683
1716004221.7613487,4214476800,1690,1690
1716004222.7627392,3975454720,2254,2254
1716004223.7640092,3942137856,2314,2314
1716004224.7653244,3975229440,2248,2248
1716004225.7667227,3943796736,2304,2304
1716004226.768029,4193869824,1990,1990
1716004227.7693875,4164489216,2287,2287
1716004228.77073,3975151616,2441,2441
1716004229.771933,3975577600,2454,2454
1716004230.7732854,3943854080,2268,2268
1716004231.774581,4026269696,2088,2088
1716004232.7762952,4389826560,1955,1955
1716004233.777525,3999543296,2739,2739
1716004234.778753,3976032256,2170,2170
1716004235.7800233,4215578624,3502,3502
1716004236.7813141,3986292736,1305,1305
1716004237.782692,4071432192,1471,1471
1716004238.7840936,4026441728,1245,1245
1716004239.7853103,4017963008,1692,1692
1716004240.7866292,4072124416,508,508
1716004241.7879972,4057378816,1757,1757
1716004242.7893336,4100980736,739,739
1716004243.7905564,3925217280,2038,2038
1716004244.791861,4253388800,738,738
1716004245.7931943,3976110080,747,747
1716004246.7944794,4118544384,1214,1214
1716004247.795897,3963617280,1030,1030
1716004248.8097723,3983839232,2117,2117
1716004249.8363397,3984330752,3130,3130
1716004250.8547215,3984330752,3975,3975
1716004251.8690498,3984330752,5829,5829
1716004252.888639,3984330752,4213,4213
1716004253.9111707,4012838912,6404,6404
1716004254.9157796,4044541952,4094,4094
1716004255.9399307,4079194112,4284,4284
1716004256.9411457,4110651392,4660,4660
1716004257.9653964,4145303552,6478,6478
1716004258.9695394,4176515072,5963,5963
1716004259.9934592,4211167232,6172,6172
1716004261.019308,4249014272,5339,5339
1716004262.025508,4280471552,5356,5356
1716004263.0439258,4324708352,2555,2555
1716004264.0613146,4359114752,2803,2803
1716004265.069051,4396961792,5337,5337
1716004266.0831318,4435300352,5975,5975
1716004267.1013765,4469952512,4392,4392
1716004268.1273658,4510748672,3232,3232
1716004269.1391406,4558180352,6187,6187
1716004270.1467211,4602171392,4718,4718
1716004271.1561153,4646162432,3115,3115
1716004272.1756475,4674424832,4388,4388
1716004273.1781163,4734390272,4116,4116
1716004274.2067745,4769042432,3095,3095
1716004275.2155178,4822421504,3890,3890
1716004276.218998,4907708416,4440,4440
1716004277.2507017,4919996416,1762,1762
1716004278.264468,5005287424,1363,1363
1716004279.2843127,5080829952,3319,3319
1716004280.306551,5090168832,2587,2587
1716004281.330239,5178429440,92751,92751
1716004282.3376462,5197107200,1589,1589
1716004283.370388,5256921088,735,735
1716004284.4040601,5307301888,3805,3805
1716004285.4329445,5420916736,3016,3016
1716004286.4610217,5442543616,2635,2635
1716004287.4768772,5527330816,2681,2681
1716004288.4776106,5581119488,3676,3676
1716004289.4916048,5656567808,1468,1468
1716004306.223118,7598759936,1871891797,1871891797
1716004307.3730543,10626666496,67006,67006
1716004308.3742568,7503745024,1871800156,1871800156
1716004309.3754702,7503745024,152,152
1716004310.3766685,7503745024,0,0
1716004311.3778589,7503745024,0,0
1716004312.3790736,7503745024,0,0
1716004313.3802586,7503745024,2687,2687
1716004314.3811827,7503745024,3741,3741
1716004315.3823802,7503745024,3106,3106
1716004316.3835728,7503745024,5501,5501
1716004317.3847756,7503745024,1628,1628
1716004318.3860407,7503745024,4170,4170
1716004319.3872426,7503745024,3727,3727
1716004320.3884413,7503745024,3685,3685
1716004321.3896332,7503745024,3009,3009
1716004322.3908231,7503745024,14012,14012
1716004323.3920054,7503745024,6160,6160
1716004324.3931963,7503745024,4128,4128
1716004325.3943841,7503745024,1678,1678
1716004326.3955827,7503745024,3058,3058
1716004327.3967798,7503745024,4665,4665
1716004328.3971992,7503745024,2179,2179
1716004329.3983943,7503745024,3254,3254
1716004330.3985806,7503745024,2180,2180
1716004331.3997717,7503745024,1753,1753
1716004332.400962,7503745024,1799,1799
1716004333.4011843,7503745024,3019,3019
1716004334.4023764,7503745024,3290,3290
1716004335.403576,7503745024,1272,1272
1716004336.4048126,7503745024,5472,5472
1716004337.4060318,7503745024,1613,1613
1716004338.4072196,7503745024,4097,4097
1716004339.4084136,7503745024,3890,3890
1716004340.4091964,7503745024,3841,3841
1716004341.4103847,7503745024,3769,3769
1716004342.41159,7503745024,3663,3663
1716004343.4127803,7503745024,3011,3011
1716004344.4139752,7503745024,2302,2302
1716004345.415166,7503745024,3894,3894
1716004346.4163945,7503745024,4530,4530
1716004347.4171994,7503745024,3566,3566
1716004348.4183884,7503745024,4282,4282
1716004349.4195826,7503745024,1723,1723
1716004350.4207673,7503745024,2764,2764
1716004351.4211912,7503745024,2620,2620
1716004352.4223816,7503745024,1560,1560
1716004353.4235694,7503745024,3813,3813
1716004354.4247513,7503745024,2184,2184
1716004355.4259613,7503745024,3781,3781
1716004356.4271686,7503745024,2825,2825
1716004357.4283564,7503745024,5497,5497
1716004358.4295413,7503745024,3995,3995
1716004359.4307213,7503745024,4115,4115
1716004360.4319012,7503745024,2140,2140
1716004361.4331095,7503745024,4669,4669
1716004362.4342928,7503745024,3166,3166
1716004363.435517,7503745024,3949,3949
1716004364.4367015,7503745024,4846,4846
1716004365.4371867,7503745024,3778,3778
1716004366.4383724,7503745024,3672,3672
1716004367.4388573,7503745024,3961,3961
1716004368.4401112,7503745024,2731,2731
1716004369.4412305,7503745024,3261,3261
1716004370.4424574,7503745024,3693,3693
1716004371.4436982,7503745024,2682,2682
1716004372.4449277,7503745024,2305,2305
1716004373.4452317,7503745024,4294,4294
1716004374.4464633,7503745024,2727,2727
1716004375.4476917,7503745024,3526,3526
1716004376.4489207,7503745024,3188,3188
1716004377.4492278,7503745024,3884,3884
1716004378.450458,7503745024,3525,3525
1716004379.4516807,7503745024,1690,1690
1716004380.4529293,7503745024,4208,4208
1716004381.453227,7503745024,3554,3554
1716004382.4544694,7503745024,5445,5445
1716004383.4556997,7503745024,3746,3746
1716004384.4569378,7503745024,3807,3807
1716004385.4572365,7503745024,2605,2605
1716004386.4584632,7503745024,3259,3259
1716004387.4596846,7503745024,3800,3800
1716004388.4609113,7503745024,3218,3218
1716004389.4612362,7503745024,5577,5577
1716004390.4624794,7503745024,3807,3807
1716004391.4636512,7503745024,3693,3693
1716004392.4648216,7503745024,1276,1276
1716004393.4651911,7503745024,3429,3429
1716004394.4663665,7503745024,3822,3822
1716004395.467541,7503745024,3751,3751
1716004396.4687138,7503745024,3179,3179
1716004397.469526,7503745024,2622,2622
1716004398.4709911,7503745024,4249,4249
1716004399.472229,7503745024,316,316
1716004400.4734087,7503745024,152,152
1716004401.4746647,7503745024,158,158
1716004402.4763653,7503745024,0,0
1716004403.4772382,7503745024,351,351
1716004404.4789436,7503745024,152,152
1716004405.4801812,7503745024,0,0
1716004406.4816449,7503745024,0,0
1716004407.4829347,7503745024,0,0
1716004408.4844706,7503745024,448,448
1716004409.48528,7503745024,152,152
1716004410.4869723,7503745024,0,0
1716004411.4882305,7503745024,0,0
1716004412.4892058,7503745024,1199,1199
1716004413.4904137,7503745024,402,402
1716004414.4916549,7503745024,155,155
1716004415.492862,7503745024,0,0
1716004416.4940495,7503745024,0,0
1716004417.495236,7503745024,0,0
1716004418.4964528,7503745024,448,448
1716004419.49768,7503745024,152,152
1716004420.4988713,7503745024,0,0
1716004421.5000684,7503745024,0,0
1716004422.5012572,7503745024,0,0
1716004423.5024614,7503745024,448,448
1716004424.5037172,7503745024,152,152
1716004425.5049217,7503745024,0,0
1716004426.5061357,7503745024,0,0
1716004427.5073776,7503745024,0,0
1716004428.5085814,7503745024,448,448
1716004429.509794,7503745024,152,152
1716004430.5109787,7503745024,0,0
1716004431.5121808,7503745024,0,0
1716004432.513405,7503745024,0,0
1716004433.51459,7503745024,448,448
1716004434.5157745,7503745024,152,152
1716004435.516964,7503745024,0,0
1716004436.5181496,7503745024,0,0
1716004437.5193524,7503745024,0,0
1716004438.5205588,7503745024,344,344
1716004439.5217574,7503745024,152,152
1716004440.522958,7503745024,703362087,703362087
1716004441.5241897,7503745024,1806149532,1806149532
1716004442.525215,7503745024,0,0
1716004443.5264223,7503745024,448,448
1716004444.5276117,7503745024,2272,2272
1716004445.5288835,7503745024,4043,4043
1716004446.5292645,7503745024,6159,6159
1716004447.5304933,7503745024,4999,4999
1716004448.5317175,7503745024,2418,2418
1716004449.5329893,7503745024,5027,5027
1716004450.5332243,7503745024,5971,5971
1716004451.5340946,7503745024,5245,5245
1716004452.5346577,7503745024,4783,4783
1716004453.53591,7503745024,6534,6534
1716004454.5371559,7503745024,4217,4217
1716004455.5383914,7503745024,4984,4984
1716004456.539636,7503745024,6271,6271
1716004457.540894,7503745024,4826,4826
1716004458.5412483,7503745024,4424,4424
1716004459.5425053,7503745024,4785,4785
1716004460.5437734,7503745024,5624,5624
1716004461.545001,7503745024,5963,5963
1716004462.5462549,7503745024,5831,5831
1716004463.5475435,7503745024,4934,4934
1716004464.548426,7503745024,5954,5954
1716004465.5492568,7503745024,5984,5984
1716004466.5504932,7503745024,4866,4866
1716004467.5517237,7503745024,6300,6300
1716004468.5526507,7503745024,4133,4133
1716004469.5532658,7503745024,6117,6117
1716004470.5545013,7503745024,4307,4307
1716004471.555734,7503745024,5143,5143
1716004472.5569904,7503745024,3244,3244
1716004473.5572307,7503745024,5339,5339
1716004474.5584679,7503745024,5339,5339
1716004475.5597224,7503745024,3655,3655
1716004476.5609667,7503745024,6130,6130
1716004477.5612457,7503745024,4170,4170
1716004478.5624897,7503745024,6801,6801
1716004479.563721,7503745024,8299,8299
1716004480.564998,7503745024,3014,3014
1716004481.5652313,7503745024,6865,6865
1716004482.566477,7503745024,6845,6845
1716004483.5676966,7503745024,6965,6965
1716004484.5689545,7503745024,7880,7880
1716004485.5701869,7503745024,5684,5684
1716004486.571451,7503745024,4384,4384
1716004487.5726812,7503745024,2334,2334
1716004488.5733833,7503745024,1567,1567
1716004489.574293,7503745024,636,636
1716004490.5756009,7503745024,152,152
1716004491.576795,7503745024,158,158
1716004492.577995,7503745024,2067,2067
1716004493.5791974,7503745024,405,405
1716004494.5804935,7503745024,155,155
1716004495.5812056,7503745024,0,0
1716004496.5824153,7503745024,0,0
1716004497.583607,7503745024,9977,9977
1716004498.5848143,7503745024,1193,1193
1716004499.5851948,7503745024,3392,3392
1716004500.5863929,7503745024,1122,1122
1716004501.587584,7503745024,0,0
1716004502.5887914,7503745024,309,309
1716004503.5899944,7503745024,352,352
1716004504.59121,7503745024,155,155
1716004505.592418,7503745024,0,0
1716004506.5931823,7503745024,0,0
1716004507.5943754,7503745024,0,0
1716004508.595623,7503745024,448,448
1716004509.5968165,7503745024,152,152
1716004510.5980017,7503745024,0,0
1716004511.5991788,7503745024,0,0
1716004512.600373,7503745024,0,0
1716004513.6015656,7503745024,448,448
1716004514.602119,7503745024,152,152
1716004515.602594,7503745024,0,0
1716004516.603791,7503745024,0,0
1716004517.6050336,7503745024,0,0
1716004518.6062264,7503745024,448,448
1716004519.6074457,7503745024,152,152
1716004520.6086323,7503745024,34634434,34634434
1716004521.6095612,7503745024,1263192115,1263192115
1716004522.6107929,7503745024,1211773665,1211773665
1716004523.6119897,7503745024,448,448
1716004524.613197,7503745024,152,152
1716004525.6144257,7503745024,4700,4700
1716004526.615661,7503745024,4151,4151
1716004527.616894,7503745024,4638,4638
1716004528.617245,7503745024,5495,5495
1716004529.6184697,7503745024,4592,4592
1716004530.6197028,7503745024,5547,5547
1716004531.6209314,7503745024,6715,6715
1716004532.6220393,7503745024,6211,6211
1716004533.623293,7503745024,5901,5901
1716004534.6245308,7503745024,3853,3853
1716004535.6252315,7503745024,3812,3812
1716004536.6264932,7503745024,4243,4243
1716004537.627729,7503745024,5751,5751
1716004538.6286466,7503745024,4169,4169
1716004539.6292343,7503745024,5628,5628
1716004540.6304605,7503745024,6397,6397
1716004541.6317108,7503745024,4102,4102
1716004542.6329472,7503745024,6075,6075
1716004543.6332402,7503745024,6536,6536
1716004544.6344805,7503745024,4092,4092
1716004545.6357172,7503745024,2727,2727
1716004546.6369538,7503745024,4185,4185
1716004547.6372397,7503745024,6084,6084
1716004548.638479,7503745024,2017,2017
1716004549.6397324,7503745024,5678,5678
1716004550.6409657,7503745024,6308,6308
1716004551.6412544,7503745024,5809,5809
1716004552.6424868,7503745024,3614,3614
1716004553.64373,7503745024,5355,5355
1716004554.6449738,7503745024,6700,6700
1716004555.645236,7503745024,2967,2967
1716004556.6464815,7503745024,4481,4481
1716004557.6477141,7503745024,5143,5143
1716004558.6489568,7503745024,5944,5944
1716004559.6492531,7503745024,5932,5932
1716004560.6504967,7503745024,6151,6151
1716004561.6517425,7503745024,3781,3781
1716004562.6521344,7503745024,3823,3823
1716004563.653246,7503745024,4397,4397
1716004564.65448,7503745024,5331,5331
1716004565.6548977,7503745024,4150,4150
1716004566.6554048,7503745024,6126,6126
1716004567.6566517,7503745024,3677,3677
1716004568.6572964,7503745024,7775,7775
1716004569.6592274,7503745024,4369,4369
1716004570.660458,7503745024,3064,3064
1716004571.6612332,7503745024,1724,1724
1716004572.6624649,7503745024,1465,1465
1716004573.6638017,7503745024,2187,2187
1716004574.665577,7503745024,2343,2343
1716004575.6673963,7503745024,2256,2256
1716004576.6692116,7503745024,1754,1754
1716004577.6704307,7503745024,2230,2230
1716004578.6713107,7503745024,1759,1759
1716004579.6729686,7503745024,1331,1331
1716004580.6734478,7503745024,1916,1916
1716004581.674981,7503745024,93848,93848
1716004582.6764152,7503745024,2339,2339
1716004583.6772852,7503745024,2741,2741
1716004584.6785007,7503745024,1520,1520
1716004585.6797533,7503745024,1706,1706
1716004586.6812158,7503745024,2425,2425
1716004587.682934,7503745024,2243,2243
1716004588.6841264,7503745024,3697,3697
1716004589.6852033,7503745024,4236,4236
1716004590.6864085,7503745024,5542,5542
1716004591.6876342,7503745024,3685,3685
1716004592.6888638,7503745024,3757,3757
1716004593.690072,7503745024,3474,3474
1716004594.6912634,7503745024,6443,6443
1716004595.6924717,7503745024,3887,3887
1716004596.6936696,7503745024,6157,6157
1716004597.694904,7503745024,3784,3784
1716004598.6960888,7503745024,5171,5171
1716004599.6971936,7503745024,4757,4757
1716004600.6983826,7503745024,4620,4620
1716004601.6995873,7503745024,6105,6105
1716004602.7007859,7503745024,4120,4120
1716004603.7011998,7503745024,1719,1719
1716004604.7024128,7503745024,6167,6167
1716004605.7036057,7503745024,3942,3942
1716004606.7048128,7503745024,3617,3617
1716004607.7051945,7503745024,3472,3472
1716004608.7063975,7503745024,6348,6348
1716004609.7075973,7503745024,3868,3868
1716004610.7088146,7503745024,1855,1855
1716004611.7092004,7503745024,6154,6154
1716004612.710392,7503745024,3907,3907
1716004613.711599,7503745024,6402,6402
1716004614.712806,7503745024,5104,5104
1716004615.7139974,7503745024,5778,5778
1716004616.7151978,7503745024,1750,1750
1716004617.716406,7503745024,3540,3540
1716004618.7171957,7503745024,5832,5832
1716004619.718394,7503745024,4939,4939
1716004620.7195957,7503745024,4127,4127
1716004621.7201402,7503745024,3905,3905
1716004622.7213426,7503745024,3349,3349
1716004623.721708,7503745024,3549,3549
1716004624.7229097,7503745024,2953,2953
1716004625.7241135,7503745024,4175,4175
1716004626.7252011,7503745024,5346,5346
1716004627.7263985,7503745024,4570,4570
1716004628.7276068,7503745024,5087,5087
1716004629.7288089,7503745024,3110,3110
1716004630.7300122,7503745024,1012,1012
1716004631.731225,7503745024,0,0
1716004632.7324243,7503745024,312,312
1716004633.733207,7503745024,611,611
1716004634.7344093,7503745024,0,0
1716004635.7355993,7503745024,0,0
1716004636.7368078,7503745024,0,0
1716004637.7372224,7503745024,0,0
1716004638.7384233,7503745024,600,600
1716004639.7396157,7503745024,0,0
1716004640.7402813,7503745024,0,0
1716004641.7411883,7503745024,912,912
1716004642.7423887,7503745024,0,0
1716004643.743594,7503745024,557,557
1716004644.7448125,7503745024,0,0
1716004645.7452016,7503745024,705,705
1716004646.7464335,7503745024,306838574,306838574
1716004647.7476506,7503745024,2934949797,2934949797
1716004648.7485306,7503745024,33188800,33188800
1716004649.7492855,7503745024,156,156
1716004650.7505631,7503745024,0,0
1716004651.7519884,7503745024,312364066,312364066
1716004652.7531717,7503745024,158203684,158203684
1716004653.7544382,7503745024,600,600
1716004654.7557156,7503745024,0,0
1716004655.7569816,7503745024,0,0
1716004656.7571707,7503745024,0,0
1716004657.7583404,7503745024,640,640
1716004658.7595217,7503745024,3710,3710
1716004659.7606897,7503745024,3750,3750
1716004660.7611773,7503745024,3742,3742
1716004661.7623584,7503745024,3665,3665
1716004662.7635324,7503745024,3824,3824
1716004663.7647276,7503745024,2482,2482
1716004664.765188,7503745024,2713,2713
1716004665.766373,7503745024,3556,3556
1716004666.7675564,7503745024,1784,1784
1716004667.7687445,7503745024,3517,3517
1716004668.7691815,7503745024,4190,4190
1716004669.7703633,7503745024,4991,4991
1716004670.7715523,7503745024,1699,1699
1716004671.7727652,7503745024,4884,4884
1716004672.7731786,7503745024,4303,4303
1716004673.7743657,7503745024,4760,4760
1716004674.775543,7503745024,1178,1178
1716004675.7767186,7503745024,3282,3282
1716004676.7771833,7503745024,3030,3030
1716004677.77836,7503745024,3803,3803
1716004678.779532,7503745024,4097,4097
1716004679.780708,7503745024,3668,3668
1716004680.7811654,7503745024,3753,3753
1716004681.7823524,7503745024,1669,1669
1716004682.7835302,7503745024,5592,5592
1716004683.7847273,7503745024,3311,3311
1716004684.7851858,7503745024,3758,3758
1716004685.786386,7503745024,3744,3744
1716004686.78758,7503745024,3911,3911
1716004687.788776,7503745024,3317,3317
1716004688.7899787,7503745024,2392,2392
1716004689.7911642,7503745024,5743,5743
1716004690.7923565,7503745024,3543,3543
1716004691.793191,7503745024,5477,5477
1716004692.794381,7503745024,2213,2213
1716004693.7955565,7503745024,5733,5733
1716004694.7967954,7503745024,3737,3737
1716004695.7971747,7503745024,3337,3337
1716004696.7983649,7503745024,3505,3505
1716004697.7995667,7503745024,2809,2809
1716004698.8007565,7503745024,2690,2690
1716004699.8011959,7503745024,4556,4556
1716004700.8023767,7503745024,1233,1233
1716004701.8035746,7503745024,4753,4753
1716004702.8047903,7503745024,3636,3636
1716004703.8052216,7503745024,5129,5129
1716004704.8064458,7503745024,3636,3636
1716004705.807685,7503745024,3823,3823
1716004706.8089097,7503745024,4441,4441
1716004707.8092191,7503745024,3712,3712
1716004708.8104272,7503745024,6108,6108
1716004709.8116426,7503745024,1052,1052
1716004710.8128538,7503745024,4160,4160
1716004711.8136275,7503745024,3776,3776
1716004712.814889,7503745024,3658,3658
1716004713.8161376,7503745024,4290,4290
1716004714.8173764,7503745024,2260,2260
1716004715.8186219,7503745024,5664,5664
1716004716.819885,7503745024,894,894
1716004717.8211417,7503745024,3128,3128
1716004718.8224096,7503745024,3488,3488
1716004719.8236322,7503745024,3647,3647
1716004720.824863,7503745024,1728,1728
1716004721.826102,7503745024,4121,4121
1716004722.8273325,7503745024,3510,3510
1716004723.8285801,7503745024,4501,4501
1716004724.8298051,7503745024,1458,1458
1716004725.8310282,7503745024,5725,5725
1716004726.832246,7503745024,1556,1556
1716004727.8334785,7503745024,3712,3712
1716004728.8347268,7503745024,4185,4185
1716004729.8359575,7503745024,4338,4338
1716004730.8372002,7503745024,2568,2568
1716004731.8384151,7503745024,5115,5115
1716004732.839634,7503745024,2193,2193
1716004733.8408558,7503745024,4045,4045
1716004734.842096,7503745024,5336,5336
1716004735.843348,7503745024,2835,2835
1716004736.8446007,7503745024,4462,4462
1716004737.8452413,7503745024,3646,3646
1716004738.8464842,7503745024,4932,4932
1716004739.8477325,7503745024,3598,3598
1716004740.8489559,7503745024,3014,3014
1716004741.8492334,7503745024,3392,3392
1716004742.8504636,7503745024,2745,2745
1716004743.852272,7503745024,3691,3691
1716004744.8532221,7503745024,734,734
1716004745.8548217,7503745024,152,152
1716004746.8560524,7503745024,159,159
1716004747.8577988,7503745024,0,0
1716004748.8590329,7503745024,610,610
1716004749.8610497,7503745024,0,0
1716004750.8623178,7503745024,0,0
1716004751.8642101,7503745024,0,0
1716004752.865436,7503745024,0,0
1716004753.867187,7503745024,600,600
1716004754.8684158,7503745024,0,0
1716004755.8699517,7503745024,0,0
1716004756.8711846,7503745024,0,0
1716004757.8723638,7503745024,1206,1206
1716004758.8731847,7503745024,558,558
1716004759.8743582,7503745024,0,0
1716004760.8755414,7503745024,760,760
1716004761.876728,7503745024,0,0
1716004762.8771842,7503745024,0,0
1716004763.878365,7503745024,600,600
1716004764.8795435,7503745024,0,0
1716004765.8807304,7503745024,0,0
1716004766.8811805,7503745024,190,190
1716004767.8823557,7503745024,0,0
1716004768.8835285,7503745024,600,600
1716004769.8847172,7503745024,0,0
1716004770.885186,7503745024,0,0
1716004771.8863752,7503745024,0,0
1716004772.8875637,7503745024,0,0
1716004773.8887494,7503745024,600,600
1716004774.8899386,7503745024,0,0
1716004775.891132,7503745024,0,0
1716004776.8923035,7503745024,0,0
1716004777.8931923,7503745024,0,0
1716004778.894381,7503745024,600,600
1716004779.8955662,7503745024,0,0
1716004780.8967087,7503745024,0,0
1716004781.8979855,7719276544,454064204,454064204
1716004782.899188,7779487744,94902584,94902584
1716004783.9003792,7779487744,600,600
1716004784.9016068,7779487744,0,0
1716004785.902816,7784648704,34637961,34637961
1716004789.3780255,10576613376,1925931297,1925931297
1716004790.3841157,8823021568,4996,4996
1716004791.3911877,8823021568,3853,3853
1716004792.4213736,8823021568,15714,15714
1716004793.4262233,8823021568,10009,10009
1716004794.4380465,8823021568,12493,12493
1716004795.4554963,8823021568,4009,4009
1716004796.4585996,8823021568,6099,6099
1716004797.4630058,8823021568,6412,6412
1716004798.4798884,8823021568,6355,6355
1716004799.4843237,8823021568,5963,5963
1716004800.487428,8823021568,5822,5822
1716004801.5094566,8823267328,4491,4491
1716004802.515146,8823267328,5884,5884
1716004803.5349479,8823267328,6342,6342
1716004804.5410922,8823267328,6723,6723
1716004805.5604553,8823267328,4070,4070
1716004806.5677283,8823267328,6229,6229
1716004807.591492,8823267328,6137,6137
1716004808.5990932,8823267328,4460,4460
1716004809.6116688,8823267328,6118,6118
1716004810.6268353,8823267328,6764,6764
1716004811.6430526,8823267328,4676,4676
1716004812.645094,8823267328,3710,3710
1716004813.6565514,8823267328,5297,5297
1716004814.669076,8823267328,5020,5020
1716004815.6779099,8823267328,5121,5121
1716004816.6907558,8823267328,6318,6318
1716004817.715605,8823267328,4093,4093
1716004818.7168314,8823267328,4169,4169
1716004819.7193077,8823267328,6150,6150
1716004820.7238097,8823267328,5427,5427
1716004821.7252736,8823267328,3715,3715
1716004822.7280202,8823267328,4105,4105
1716004823.7377331,8823267328,5646,5646
1716004824.761443,8823267328,6126,6126
1716004825.7642224,8823267328,4584,4584
1716004826.7852814,8823267328,5448,5448
1716004827.79756,8823267328,4420,4420
1716004828.8197625,8823267328,5895,5895
1716004829.8230042,8823267328,2591,2591
1716004830.8453686,8823267328,6242,6242
1716004831.8522322,8823267328,3742,3742
1716004832.8538392,8823267328,5147,5147
1716004833.8553314,8823267328,1288,1288
1716004834.8565414,8823267328,0,0
1716004835.857752,3872010240,2319,2319
1716004836.8589334,3872010240,300,300
1716004837.8601213,3872010240,496,496
1716004838.861185,3872010240,759,759
1716004839.8623831,3872010240,0,0
1716004840.863561,3872010240,0,0
1716004841.8647652,3872010240,0,0
1716004842.8655484,3872010240,0,0
1716004843.8667219,3872010240,548,548
1716004844.8679073,3872010240,0,0
1716004845.869144,3872010240,0,0
1716004846.8703423,3872010240,0,0
1716004847.871542,3872010240,0,0
1716004848.8727665,3872010240,600,600
1716004849.873945,3872010240,0,0
1716004850.8751342,3872010240,0,0
1716004851.876368,3872010240,0,0
1716004852.8775535,3872010240,0,0
1716004853.8787475,3872010240,600,600
1716004854.879945,3872010240,0,0
1716004855.8811522,3872010240,0,0
1716004856.882344,3872010240,0,0
1716004857.883526,3872010240,0,0
1716004858.8847508,3872010240,496,496
1716004859.885937,3872010240,0,0
1716004860.8871303,3872010240,399986027,399986027
1716004861.888337,3872010240,242,242
1716004862.889539,3872010240,0,0
1716004863.8907351,3872010240,600,600
1716004864.8919542,3872010240,57048106,57048106
1716004865.8932853,3872010240,2051973622,2051973622
1716004866.8945732,3872010240,0,0
1716004867.8958752,3872010240,0,0
1716004868.897092,3872010240,2789,2789
1716004869.898328,3872010240,4411,4411
1716004870.899553,3872010240,4352,4352
1716004871.8999608,3872010240,4551,4551
1716004872.9012105,3872010240,3926,3926
1716004873.9024496,3872010240,4765,4765
1716004874.9036763,3872010240,4125,4125
1716004875.904893,3872010240,5976,5976
1716004876.9052222,3872010240,4108,4108
1716004877.9064388,3872010240,5957,5957
1716004878.9076517,3872010240,3157,3157
1716004879.9088688,3872010240,2377,2377
1716004880.9092329,3872010240,1878,1878
1716004881.9104834,3872010240,94880,94880
1716004882.9117124,3872010240,5780,5780
1716004883.912924,3872010240,4547,4547
1716004884.9132338,3872010240,4008,4008
1716004885.914448,3872010240,6129,6129
1716004886.9156702,3872010240,3882,3882
1716004887.9168909,3872010240,3967,3967
1716004888.9172263,3872010240,6183,6183
1716004889.9184518,3872010240,6310,6310
1716004890.9196832,3872010240,4324,4324
1716004891.920917,3872010240,5910,5910
1716004892.921556,3872010240,4930,4930
1716004893.9227946,3872010240,4702,4702
1716004894.9240289,3872010240,5608,5608
1716004895.925242,3872010240,5898,5898
1716004896.9264693,3872010240,5612,5612
1716004897.9277024,3872010240,5258,5258
1716004898.9289432,3872010240,6657,6657
1716004899.9292426,3872010240,4376,4376
1716004900.930472,3872010240,4845,4845
1716004901.9317117,3872010240,2434,2434
1716004902.932945,3872010240,5279,5279
1716004903.933225,3872010240,5048,5048
1716004904.934443,3872010240,6213,6213
1716004905.9356654,3872010240,5685,5685
1716004906.9368923,3872010240,5577,5577
1716004907.9372346,3872010240,4219,4219
1716004908.937725,3872010240,4962,4962
1716004909.9389539,3872010240,5739,5739
1716004910.9401875,3872010240,5759,5759
1716004911.9413488,3872010240,5891,5891
1716004912.942611,3872010240,3826,3826
1716004913.9439735,3872010240,2065,2065
1716004914.9452584,3872010240,1499,1499
1716004915.946576,3872010240,1653,1653
1716004916.9480052,3872010240,1498,1498
1716004917.9493682,3872010240,1502,1502
1716004918.950737,3872010240,1992,1992
1716004919.9521065,3872010240,2251,2251
1716004920.9533236,3872010240,1494,1494
1716004921.9545233,3872010240,2275,2275
1716004922.9559188,3872010240,1489,1489
1716004923.957207,3872010240,2003,2003
1716004924.958533,3872010240,2488,2488
1716004925.9598355,3872010240,1549,1549
1716004926.9607987,3872010240,2275,2275
1716004927.9613397,3872010240,1507,1507
1716004928.9626007,3872010240,1896,1896
1716004929.9641798,3872010240,1494,1494
1716004930.965388,3872010240,2213,2213
1716004931.9666376,3872010240,2277,2277
1716004932.9679043,3872010240,918,918
1716004933.9692225,3872010240,2430,2430
1716004934.9706783,3872010240,1503,1503
1716004935.9721954,3872010240,2226,2226
1716004936.973217,3872010240,1689,1689
1716004937.9744747,3872010240,1758,1758
1716004938.9758856,3872010240,2281,2281
1716004939.9773347,3872010240,910,910
1716004940.9786594,3872010240,1331,1331
1716004941.9800365,3872010240,2381,2381
1716004942.9812038,3872010240,3244,3244
1716004943.9823906,3872010240,5237,5237
1716004944.9836023,3872010240,5122,5122
1716004945.9848046,3872010240,5308,5308
1716004946.9851882,3872010240,5767,5767
1716004947.9863713,3872010240,6082,6082
1716004948.9875727,3872010240,4454,4454
1716004949.9887633,3872010240,4842,4842
1716004950.9891963,3872010240,4522,4522
1716004951.9903986,3872010240,3810,3810
1716004952.9915795,3872010240,4157,4157
1716004953.9927762,3872010240,4568,4568
1716004954.9931936,3872010240,3921,3921
1716004955.9943752,3872010240,1220,1220
1716004956.9956114,3872010240,3415,3415
1716004957.9967918,3872010240,5962,5962
1716004958.9971974,3872010240,3473,3473
1716004959.9983797,3872010240,3369,3369
1716004960.9995663,3872010240,3076,3076
1716004962.0007641,3872010240,5808,5808
1716004963.001548,3872010240,5881,5881
1716004964.002733,3872010240,4521,4521
1716004965.0039237,3872010240,3853,3853
1716004966.0051272,3872010240,4014,4014
1716004967.006318,3872010240,3162,3162
1716004968.007508,3872010240,4840,4840
1716004969.008685,3872010240,1104,1104
1716004970.0091863,3872010240,6301,6301
1716004971.0103714,3872010240,10315,10315
1716004972.0115633,3872010240,5106,5106
1716004973.0127637,3872010240,5229,5229
1716004974.0131848,3872010240,4867,4867
1716004975.0143664,3872010240,3662,3662
1716004976.0155575,3872010240,4597,4597
1716004977.0167687,3872010240,2339,2339
1716004978.0171869,3872010240,5173,5173
1716004979.0183816,3872010240,4484,4484
1716004980.0195656,3872010240,3048,3048
1716004981.0207539,3872010240,715,715
1716004982.0212107,3872010240,2920,2920
1716004983.022391,3872010240,5314,5314
1716004984.0235755,3872010240,4352,4352
1716004985.0247595,3872010240,5962,5962
1716004986.0251865,3872010240,560,560
1716004987.026361,3872010240,161,161
1716004988.0275364,3872010240,158,158
1716004989.0287254,3872010240,461,461
1716004990.02918,3872010240,0,0
1716004991.030367,3872010240,0,0
1716004992.0315454,3872010240,152,152
1716004993.0327704,3872010240,0,0
1716004994.0331829,3872010240,600,600
1716004995.0343676,3872010240,0,0
1716004996.0355482,3872010240,0,0
1716004997.0367503,3872010240,0,0
1716004998.0372007,3872010240,0,0
1716004999.038394,3872010240,444,444
1716005000.0395887,3872010240,0,0
1716005001.040778,3872010240,383,383
1716005002.041201,3872010240,1268126203,1268126203
1716005003.0423806,3872010240,639398583,639398583
1716005004.0435538,3872010240,668,668
1716005005.0447395,3872010240,104,104
1716005006.0459142,3872010240,769349094,769349094
1716005007.0470953,3872010240,1067487329,1067487329
1716005008.0482738,3872010240,216,216
1716005009.049181,3872010240,444,444
1716005010.0503502,3872010240,0,0
1716005011.051554,3872010240,0,0
1716005012.0527427,3872010240,2869,2869
1716005013.053194,3872010240,3408,3408
1716005014.054378,3872010240,3676,3676
1716005015.055563,3872010240,3476,3476
1716005016.0567577,3872010240,3050,3050
1716005017.0572004,3872010240,3678,3678
1716005018.0583785,3872010240,3740,3740
1716005019.0595615,3872010240,4113,4113
1716005020.060755,3872010240,3745,3745
1716005021.0616467,3872010240,3406,3406
1716005022.0628386,3872010240,5819,5819
1716005023.0640216,3872010240,1819,1819
1716005024.0651927,3872010240,3564,3564
1716005025.066386,3872010240,3762,3762
1716005026.0675738,3872010240,4520,4520
1716005027.0687616,3872010240,3294,3294
1716005028.0697904,3872010240,1351,1351
1716005029.0709682,3872010240,3664,3664
1716005030.0721486,3872010240,3147,3147
1716005031.0731843,3872010240,2741,2741
1716005032.0743616,3872010240,3741,3741
1716005033.0755486,3872010240,3553,3553
1716005034.0767312,3872010240,2312,2312
1716005035.0771878,3872010240,3815,3815
1716005036.0783806,3872010240,1802,1802
1716005037.0795712,3872010240,3622,3622
1716005038.080765,3872010240,1547,1547
1716005039.0811963,3872010240,4972,4972
1716005040.082381,3872010240,1924,1924
1716005041.0835614,3872010240,1313,1313
1716005042.0847597,3872010240,2256,2256
1716005043.0851994,3872010240,2330,2330
1716005044.0863795,3872010240,4181,4181
1716005045.087567,3872010240,3189,3189
1716005046.088752,3872010240,3509,3509
1716005047.0891902,3872010240,2733,2733
1716005048.0903723,3872010240,3126,3126
1716005049.091564,3872010240,1826,1826
1716005050.0927563,3872010240,3087,3087
1716005051.0931864,3872010240,2126,2126
1716005052.0943666,3872010240,3566,3566
1716005053.0955484,3872010240,1230,1230
1716005054.0967453,3872010240,2690,2690
1716005055.0972214,3872010240,4069,4069
1716005056.0976548,3872010240,5218,5218
1716005057.0988626,3872010240,2861,2861
1716005058.1000397,3872010240,2342,2342
1716005059.1011837,3872010240,4384,4384
1716005060.1023602,3872010240,5145,5145
1716005061.103534,3872010240,4228,4228
1716005062.1047142,3872010240,3201,3201
1716005063.1051886,3872010240,2628,2628
1716005064.1063628,3872010240,5668,5668
1716005065.107547,3872010240,4195,4195
1716005066.1087255,3872010240,3633,3633
1716005067.1091871,3872010240,2617,2617
1716005068.1093867,3872010240,4299,4299
1716005069.1105757,3872010240,4323,4323
1716005070.1117835,3872010240,3475,3475
1716005071.1129694,3872010240,2852,2852
1716005072.1131976,3872010240,4261,4261
1716005073.1143858,3872010240,2189,2189
1716005074.1155696,3872010240,5781,5781
1716005075.1167595,3872010240,3803,3803
1716005076.117659,3872010240,4351,4351
1716005077.1188543,3872010240,1940,1940
1716005078.120044,3872010240,480,480
1716005079.1212034,3872010240,6169,6169
1716005080.1223912,3872010240,3731,3731
1716005081.12358,3872010240,3842,3842
1716005082.1247642,3872010240,3589,3589
1716005083.1258938,3872010240,3749,3749
1716005084.126991,3872010240,4227,4227
1716005085.128189,3872010240,2750,2750
1716005086.1291926,3872010240,2141,2141
1716005087.1304042,3872010240,3132,3132
1716005088.1315963,3872010240,3750,3750
1716005089.1327982,3872010240,4300,4300
1716005090.133216,3872010240,3887,3887
1716005091.1344101,3872010240,3401,3401
1716005092.135591,3872010240,3838,3838
1716005093.1367836,3872010240,3676,3676
1716005094.1371906,3872010240,4340,4340
1716005095.138387,3872010240,3051,3051
1716005096.1395824,3872010240,3201,3201
1716005097.140053,3872010240,3879,3879
1716005098.141277,3872010240,1131,1131
1716005099.1427658,3872010240,618,618
1716005100.143981,3872010240,0,0
1716005101.1453717,3872010240,0,0
1716005102.1465898,3872010240,0,0
1716005103.14822,3872010240,0,0
1716005104.1492255,3872010240,548,548
1716005105.1505725,3872010240,0,0
1716005106.151789,3872010240,0,0
1716005107.1534336,3872010240,0,0
1716005108.154664,3872010240,0,0
1716005109.1560109,3872010240,548,548
1716005110.15723,3872010240,0,0
1716005111.1584163,3872010240,1147,1147
1716005112.1596215,3872010240,0,0
1716005113.1608222,3872010240,452,452
1716005114.1611984,3872010240,457,457
1716005115.162396,3872010240,0,0
1716005116.1634116,3872010240,0,0
1716005117.1646261,3872010240,0,0
1716005118.1652148,3872010240,96,96
1716005119.166427,3872010240,452,452
1716005120.1668751,3872010240,0,0
1716005121.1680648,3872010240,0,0
1716005122.169202,3872010240,0,0
1716005123.1704044,3872010240,140,140
1716005124.171614,3872010240,304,304
1716005125.1728253,3872010240,0,0
1716005126.1740355,3872010240,0,0
1716005127.17524,3872010240,0,0
1716005128.1764405,3872010240,396,396
1716005129.1772745,3872010240,152,152
1716005130.1784627,3872010240,0,0
1716005131.1796572,3872010240,0,0
1716005132.1808596,3872010240,0,0
1716005133.1812096,3872010240,292,292
1716005134.1824186,3872010240,152,152
1716005135.1836605,3872010240,302108441,302108441
1716005136.1848633,3872010240,88168373,88168373
1716005137.1852074,3872010240,0,0
1716005138.1864238,3872010240,11516,11516
1716005139.187633,3872010240,34634973,34634973
1716005140.1888728,3872010240,2084297407,2084297407
1716005141.1892247,3872010240,581,581
1716005142.189545,3872010240,0,0
1716005143.1907735,3872010240,2588,2588
1716005144.1920063,3872010240,4889,4889
1716005145.1932518,3872010240,5939,5939
1716005146.1944888,3872010240,5695,5695
1716005147.1957216,3872010240,3996,3996
1716005148.1969583,3872010240,5878,5878
1716005149.1972437,3872010240,6328,6328
1716005150.1984777,3872010240,5095,5095
1716005151.1997068,3872010240,3764,3764
1716005152.2002208,3872010240,3923,3923
1716005153.2012405,3872010240,4380,4380
1716005154.2024755,3872010240,5893,5893
1716005155.203714,3872010240,4946,4946
1716005156.2049465,3872010240,5140,5140
1716005157.2057474,3872010240,3834,3834
1716005158.20698,3872010240,2055,2055
1716005159.208226,3872010240,6416,6416
1716005160.2092397,3872010240,6049,6049
1716005161.2104719,3872010240,5454,5454
1716005162.210934,3872010240,6179,6179
1716005163.2121556,3872010240,4312,4312
1716005164.2132378,3872010240,4127,4127
1716005165.2144668,3872010240,6142,6142
1716005166.2156744,3872010240,3903,3903
1716005167.2168674,3872010240,5391,5391
1716005168.2172687,3872010240,5861,5861
1716005169.2185152,3872010240,4751,4751
1716005170.21977,3872010240,5116,5116
1716005171.2205799,3872010240,6006,6006
1716005172.2212336,3872010240,5730,5730
1716005173.2224832,3872010240,4119,4119
1716005174.2237382,3872010240,5222,5222
1716005175.2249882,3872010240,6280,6280
1716005176.2252388,3872010240,4090,4090
1716005177.2264578,3872010240,6126,6126
1716005178.2277029,3872010240,5856,5856
1716005179.22896,3872010240,5681,5681
1716005180.2292588,3872010240,5118,5118
1716005181.2305052,3872010240,5111,5111
1716005182.2317548,3872010240,95941,95941
1716005183.2330017,3872010240,6324,6324
1716005184.2342794,3872010240,4884,4884
1716005185.2360873,3872010240,4081,4081
1716005186.2376003,3872010240,0,0
1716005187.2389967,3872010240,1105,1105
1716005188.239925,3872010240,599,599
1716005189.2413347,3872010240,157,157
1716005190.242752,3872010240,0,0
1716005191.2439446,3872010240,2065,2065
1716005192.2451584,3872010240,0,0
1716005193.2463644,3872010240,651,651
1716005194.2475567,3872010240,155,155
1716005195.2487588,3872010240,0,0
1716005196.2499638,3872010240,0,0
1716005197.251175,3872010240,0,0
1716005198.252402,3872010240,396,396
1716005199.2532063,3872010240,152,152
1716005200.2541897,3872010240,0,0
1716005201.2552476,3872010240,0,0
1716005202.2564464,3872010240,0,0
1716005203.2576654,3872010240,396,396
1716005204.2588618,3872010240,152,152
1716005205.2600563,3872010240,0,0
1716005206.2612188,3872010240,0,0
1716005207.2624204,3872010240,0,0
1716005208.2636368,3872010240,292,292
1716005209.2648535,3872010240,462,462
1716005210.2652044,3872010240,0,0
1716005211.2664115,3872010240,151,151
1716005212.267606,3872010240,0,0
1716005213.268825,3872010240,449,449
1716005214.269208,3872010240,152,152
1716005215.2704217,3872010240,33608868,33608868
1716005216.271635,3872010240,190,190
1716005217.2728407,3872010240,0,0
1716005218.2740448,3872010240,396,396
1716005219.2753139,3872010240,679148450,679148450
1716005220.2765498,3872010240,1796749202,1796749202
1716005221.2777698,3872010240,0,0
1716005222.2789729,3872010240,0,0
1716005223.2802162,3872010240,3140,3140
1716005224.2812634,3872010240,3230,3230
1716005225.2825038,3872010240,6174,6174
1716005226.2837567,3872010240,5135,5135
1716005227.2849915,3872010240,5077,5077
1716005228.2852557,3872010240,4910,4910
1716005229.2864225,3872010240,5806,5806
1716005230.2876832,3872010240,4688,4688
1716005231.2889214,3872010240,3917,3917
1716005232.2901623,3872010240,4070,4070
1716005233.291419,3872010240,5913,5913
1716005234.2926798,3872010240,5353,5353
1716005235.2939317,3872010240,6151,6151
1716005236.2951918,3872010240,1736,1736
1716005237.2964394,3872010240,5757,5757
1716005238.297249,3872010240,6692,6692
1716005239.2984886,3872010240,6144,6144
1716005240.2997332,3872010240,6095,6095
1716005241.30097,3872010240,6076,6076
1716005242.30125,3872010240,3856,3856
1716005243.3024933,3872010240,6105,6105
1716005244.3037622,3872010240,4979,4979
1716005245.3050342,3872010240,2015,2015
1716005246.3062763,3872010240,2719,2719
1716005247.3075185,3872010240,2029,2029
1716005248.3087866,3872010240,7099,7099
1716005249.3092756,3872010240,5464,5464
1716005250.3105278,3872010240,5151,5151
1716005251.3117929,3872010240,11234,11234
1716005252.3130612,3872010240,5149,5149
1716005253.3142943,3872010240,4071,4071
1716005254.3155408,3872010240,2188,2188
1716005255.3167837,3872010240,5415,5415
1716005256.3172593,3872010240,4941,4941
1716005257.3185103,3872010240,4929,4929
1716005258.3197634,3872010240,5955,5955
1716005259.321034,3872010240,6461,6461
1716005260.3223062,3872010240,4034,4034
1716005261.3235598,3872010240,2234,2234
1716005262.324799,3872010240,476,476
1716005263.3252344,3872010240,6268,6268
1716005264.3264716,3872010240,4518,4518
1716005265.3270783,3872010240,4010,4010
1716005266.328308,3872010240,7947,7947
1716005267.3296404,3872010240,10328,10328
1716005268.331058,3872010240,1933,1933
1716005269.3327315,3872010240,3637,3637
1716005270.3333526,3872010240,2816,2816
1716005271.3346708,3872010240,2921,2921
1716005272.3359187,3872010240,2441,2441
1716005273.3369823,3872010240,1968,1968
1716005274.337422,3872010240,2030,2030
1716005275.3380573,3872010240,2096,2096
1716005276.3399498,3872010240,1104,1104
1716005277.342019,3872010240,2628,2628
1716005278.343573,3872010240,1150,1150
1716005279.344854,3872010240,3202,3202
1716005280.3452408,3872010240,2996,2996
1716005281.3464708,3872010240,2074,2074
1716005282.3479388,3872010240,1950,1950
1716005283.3498719,3872010240,2744,2744
1716005284.3517244,3872010240,1966,1966
1716005285.3533766,3872010240,2039,2039
1716005286.3545823,3872010240,6075,6075
1716005287.3558173,3872010240,5235,5235
1716005288.3570385,3872010240,4404,4404
1716005289.358255,3872010240,4478,4478
1716005290.3594582,3872010240,3908,3908
1716005291.360674,3872010240,4327,4327
1716005292.3612106,3872010240,3122,3122
1716005293.3624315,3872010240,5130,5130
1716005294.3636434,3872010240,4486,4486
1716005295.3648484,3872010240,4422,4422
1716005296.3652234,3872010240,2880,2880
1716005297.3664224,3872010240,4456,4456
1716005298.3669991,3872010240,4543,4543
1716005299.368222,3872010240,3398,3398
1716005300.3692079,3872010240,2119,2119
1716005301.3704066,3872010240,5107,5107
1716005302.3716037,3872010240,3722,3722
1716005303.37281,3872010240,4632,4632
1716005304.3732262,3872010240,4180,4180
1716005305.3744295,3872010240,4205,4205
1716005306.3756201,3872010240,5940,5940
1716005307.3768167,3872010240,5957,5957
1716005308.3772125,3872010240,6036,6036
1716005309.3784306,3872010240,3917,3917
1716005310.3796554,3872010240,6069,6069
1716005311.380861,3872010240,3802,3802
1716005312.3812153,3872010240,5774,5774
1716005313.3824153,3872010240,4869,4869
1716005314.3836164,3872010240,3033,3033
1716005315.3848226,3872010240,1913,1913
1716005316.3852043,3872010240,2581,2581
1716005317.38642,3872010240,5676,5676
1716005318.38763,3872010240,3284,3284
1716005319.3888555,3872010240,4302,4302
1716005320.389213,3872010240,4438,4438
1716005321.390424,3872010240,3415,3415
1716005322.3916438,3872010240,2945,2945
1716005323.392868,3872010240,4719,4719
1716005324.3932126,3872010240,4155,4155
1716005325.3944123,3872010240,2063,2063
1716005326.3948905,3872010240,3409,3409
1716005327.3961034,3872010240,2222,2222
1716005328.3973305,3872010240,980,980
1716005329.3985512,3872010240,155,155
1716005330.399766,3872010240,159,159
1716005331.4009922,3872010240,0,0
1716005332.4012392,3872010240,0,0
1716005333.4024513,3872010240,453,453
1716005334.4036787,3872010240,152,152
1716005335.40491,3872010240,0,0
1716005336.4052167,3872010240,0,0
1716005337.4064336,3872010240,0,0
1716005338.4076324,3872010240,396,396
1716005339.4088573,3872010240,1010,1010
1716005340.4092286,3872010240,711,711
1716005341.4098952,3872010240,0,0
1716005342.4102156,3872010240,304,304
1716005343.411443,3872010240,450,450
1716005344.4126637,3872010240,155,155
1716005345.413613,3872010240,2908222010,2908222010
1716005346.4149568,3872010240,787977,787977
1716005347.4162712,3872010240,52,52
1716005348.4175775,3872010240,500,500
1716005349.4187732,3872010240,589006816,589006816
1716005350.419998,3872010240,245786848,245786848
1716005351.4211974,3872010240,190,190
1716005352.4223924,3872010240,0,0
1716005353.4236248,3872010240,396,396
1716005354.4248383,3872010240,152,152
1716005355.425196,3872010240,3908,3908
1716005356.4255548,3872010240,3778,3778
1716005357.4267488,3872010240,3765,3765
1716005358.4279463,3872010240,1289,1289
1716005359.42917,3872010240,4845,4845
1716005360.4303625,3872010240,3465,3465
1716005361.4315577,3872010240,3548,3548
1716005362.4322834,3872010240,3719,3719
1716005363.4334853,3872010240,3709,3709
1716005364.4346874,3872010240,3579,3579
1716005365.4358835,3872010240,2968,2968
1716005366.4370873,3872010240,2592,2592
1716005367.438292,3872010240,5101,5101
1716005368.4394834,3872010240,1977,1977
1716005369.4406846,3872010240,12398,12398
1716005370.4412098,3872010240,7289,7289
1716005371.442406,3872010240,2402,2402
1716005372.4436076,3872010240,1885,1885
1716005373.4448023,3872010240,3565,3565
1716005374.4451993,3872010240,3813,3813
1716005375.446393,3872010240,3939,3939
1716005376.4476147,3872010240,3781,3781
1716005377.4488106,3872010240,2037,2037
1716005378.4492068,3872010240,1353,1353
1716005379.4503996,3872010240,3282,3282
1716005380.451589,3872010240,5046,5046
1716005381.4527931,3872010240,3517,3517
1716005382.453193,3872010240,3589,3589
1716005383.4543989,3872010240,4835,4835
1716005384.4556043,3872010240,4000,4000
1716005385.4568052,3872010240,2103,2103
1716005386.4572048,3872010240,4349,4349
1716005387.4584117,3872010240,3291,3291
1716005388.4595988,3872010240,3887,3887
1716005389.4608068,3872010240,5732,5732
1716005390.4620073,3872010240,3903,3903
1716005391.4632175,3872010240,3491,3491
1716005392.464423,3872010240,3725,3725
1716005393.4653065,3872010240,4050,4050
1716005394.4664958,3872010240,3785,3785
1716005395.4677548,3872010240,1657,1657
1716005396.468967,3872010240,2045,2045
1716005397.470177,3872010240,1829,1829
1716005398.4713993,3872010240,4135,4135
1716005399.4725707,3872010240,3227,3227
1716005400.473738,3872010240,892,892
1716005401.4744601,3872010240,158,158
1716005402.4756327,3872010240,158,158
1716005403.4768069,3872010240,458,458
1716005404.4771826,3872010240,154,154
1716005405.4783516,3872010240,0,0
1716005406.4795759,3872010240,1675,1675
1716005407.480818,3872010240,2666,2666
1716005408.481229,3872010240,3596,3596
1716005409.4824648,3872010240,3549,3549
1716005410.4837744,3872010240,3983,3983
1716005411.4850016,3872010240,3428,3428
1716005412.4862618,3872010240,3782,3782
1716005413.4875011,3872010240,2569,2569
1716005414.4887245,3872010240,513,513
1716005415.489237,3872010240,355,355
1716005416.4904635,3872010240,398,398
1716005417.491685,3872010240,2625,2625
1716005418.4929183,3872010240,4656,4656
1716005419.4941647,3872010240,3089,3089
1716005420.4954057,3872010240,3474,3474
1716005421.496625,3872010240,3789,3789
1716005422.4972482,3872010240,4071,4071
1716005423.4981377,3872010240,3345,3345
1716005424.4993327,3872010240,4250,4250
1716005425.5005102,3872010240,3673,3673
1716005426.5011902,3872010240,3667,3667
1716005427.502375,3872010240,3718,3718
1716005428.5035522,3872010240,4890,4890
1716005429.5047488,3872010240,1371,1371
1716005430.5051932,3872010240,6037,6037
1716005431.506383,3872010240,4053,4053
1716005432.507563,3872010240,2593,2593
1716005433.5087633,3872010240,4193,4193
1716005434.5091999,3872010240,2286,2286
1716005435.510388,3872010240,3664,3664
1716005436.5115802,3872010240,3964,3964
1716005437.5127637,3872010240,4784,4784
1716005438.5131989,3872010240,3735,3735
1716005439.5143988,3872010240,3876,3876
1716005440.5155854,3872010240,1556,1556
1716005441.5167816,3872010240,2415,2415
1716005442.517219,3872010240,1860,1860
1716005443.5184135,3872010240,4266,4266
1716005444.519614,3872010240,3818,3818
1716005445.5208142,3872010240,3699,3699
1716005446.5212045,3872010240,1117,1117
1716005447.522423,3872010240,3768,3768
1716005448.52366,3872010240,2041,2041
1716005449.5252395,3872010240,156,156
1716005450.5264547,3872010240,0,0
1716005451.5278952,3872010240,0,0
1716005452.5291224,3872010240,0,0
1716005453.530651,3872010240,396,396
1716005454.5311499,3872010240,152,152
1716005455.5326314,3872010240,0,0
1716005456.5338974,3872010240,0,0
1716005457.5358028,3872010240,0,0
1716005458.53706,3872010240,396,396
1716005459.5387702,3872010240,152,152
1716005460.5400023,3872010240,0,0
1716005461.5416667,3872010240,0,0
1716005462.5428674,3872010240,1147,1147
1716005463.54405,3872010240,351,351
1716005464.5451899,3872010240,155,155
1716005465.5463686,3872010240,0,0
1716005466.5471478,3872010240,190,190
1716005467.548331,3872010240,0,0
1716005468.5494866,3872010240,448,448
1716005469.5506892,3872010240,152,152
1716005470.5519106,3872010240,0,0
1716005471.5531223,3872010240,0,0
1716005472.554321,3872010240,0,0
1716005473.5555198,3872010240,5754,5754
1716005474.5567355,3872010240,156,156
1716005475.5571957,3872010240,313,313
1716005476.558387,3872010240,5927,5927
1716005477.5595887,3872010240,2482,2482
1716005478.5608032,3872010240,2323,2323
1716005479.5611966,3872010240,3971,3971
1716005480.5624113,3872010240,0,0
1716005481.5636055,3872010240,4459,4459
1716005482.564808,3872010240,95086,95086
1716005483.5660105,3872010240,819,819
1716005484.567209,3872010240,161,161
1716005485.5684013,3872010240,156,156
1716005486.569177,3872010240,0,0
1716005487.5703714,3872010240,0,0
1716005488.5715597,3872010240,404,404
1716005489.5727568,3872010240,152,152
1716005490.5732322,3872993280,1324224200,1324224200
1716005493.6929061,5870346240,1185533342,1185533342
1716005494.7004755,5179351040,7038,7038
1716005495.7106955,5179351040,4627,4627
1716005496.7334542,5179351040,4206,4206
1716005497.744688,5179351040,5497,5497
1716005498.7540386,5179351040,6151,6151
1716005499.7789974,5179351040,6432,6432
1716005500.7891078,5179351040,5851,5851
1716005501.7989206,5179351040,5822,5822
1716005502.8217647,5179351040,6363,6363
1716005503.829772,5179351040,6197,6197
1716005504.8385992,5179351040,6969,6969
1716005505.8625891,5179596800,6058,6058
1716005506.8748431,5179596800,6115,6115
1716005507.9000368,5179596800,1555,1555
1716005508.9106867,5179596800,771,771
1716005509.9356642,5179596800,404,404
1716005510.9488392,5179596800,6684,6684
1716005511.9757125,5179596800,3721,3721
1716005512.9912825,5179596800,6311,6311
1716005514.0123358,5179596800,4810,4810
1716005515.030551,5179596800,3595,3595
1716005516.0538397,5179596800,4109,4109
1716005517.0629869,5179596800,2910,2910
1716005518.0674849,5179596800,4197,4197
1716005519.1027417,5179596800,6771,6771
1716005520.1233656,5179596800,2787,2787
1716005521.164985,5179596800,5584,5584
1716005522.1725686,5179596800,6197,6197
1716005523.184332,5179596800,2081,2081
1716005524.185236,5179596800,6042,6042
1716005525.1883938,5179596800,4818,4818
1716005526.1910846,5179596800,3698,3698
1716005527.1955833,5179596800,3934,3934
1716005528.2098494,5179596800,4978,4978
1716005529.2137501,5179596800,6747,6747
1716005530.2316864,5179596800,6134,6134
1716005531.2364352,5179596800,5515,5515
1716005532.2502394,5179596800,5835,5835
1716005533.25147,5179596800,6307,6307
1716005534.2550385,5179596800,4977,4977
1716005535.2790794,5179596800,4683,4683
1716005536.2843378,5179596800,5038,5038
1716005537.2854629,5179596800,2406,2406
1716005538.2870138,5179596800,4302,4302
1716005539.2885096,5179596800,159,159
1716005540.289206,3926323200,2718,2718
