Timestamp,MemoryUsage,NetSent,NetRecv
1716003710.6406026,514310144,0,0
1716003711.641359,520945664,10151,10151
1716003712.6427891,520945664,0,0
1716003713.6440914,520945664,713,713
1716003714.6452508,520945664,0,0
1716003715.646458,520945664,0,0
1716003716.6479118,520945664,0,0
1716003717.64928,520945664,0,0
1716003718.6504946,520945664,600,600
1716003719.651839,520945664,0,0
1716003720.6530752,520945664,0,0
1716003721.654288,520945664,0,0
1716003722.6555164,520945664,0,0
1716003723.6567252,520945664,600,600
1716003724.657336,520945664,0,0
1716003725.6587129,520945664,0,0
1716003726.6599214,520945664,0,0
1716003727.6611571,520945664,0,0
1716003728.66263,520945664,600,600
1716003729.6640198,520945664,0,0
1716003730.6653888,520945664,0,0
1716003731.6667638,520945664,0,0
1716003732.6679885,520945664,3067,3067
1716003733.6692455,520945664,4440,4440
1716003734.6704571,520945664,4801,4801
1716003735.6717982,520945664,4122,4122
1716003736.6730747,520945664,871,871
1716003737.674289,520945664,0,0
1716003738.6755092,520945664,879,879
1716003739.6767316,520945664,0,0
1716003740.6772301,520945664,0,0
1716003741.6784518,520945664,0,0
1716003742.6796734,520945664,0,0
1716003743.6809092,520945664,548,548
1716003744.6821399,520945664,0,0
1716003745.6833577,520945664,310,310
1716003746.6846387,520945664,0,0
1716003747.6859126,520945664,152,152
1716003748.6871278,520945664,500,500
1716003749.6883717,520945664,0,0
1716003750.6896074,520945664,0,0
1716003751.690827,520945664,0,0
1716003752.6920683,520945664,0,0
1716003753.6933088,520945664,496,496
1716003754.6945374,520945664,0,0
1716003755.6957488,520945664,0,0
1716003756.6970305,520945664,0,0
1716003757.6982791,520945664,0,0
1716003758.699547,520945664,600,600
1716003759.7007594,520945664,2190,2190
1716003760.7012873,520945664,2273,2273
1716003761.7025328,520945664,1588,1588
1716003762.7037961,520945664,2348,2348
1716003763.7050686,520945664,617,617
1716003764.7063065,520945664,2231,2231
1716003765.7075717,520945664,2964,2964
1716003766.708843,520945664,2253,2253
1716003767.7092838,520945664,2122,2122
1716003768.7105086,520945664,3225,3225
1716003769.711751,520945664,2774,2774
1716003770.7129872,520945664,3093,3093
1716003771.7142167,520945664,1007,1007
1716003772.7154813,520945664,3415,3415
1716003773.7167692,520945664,3255,3255
1716003774.7171824,520945664,2124,2124
1716003775.7182655,520945664,0,0
1716003776.7195065,520945664,252,252
1716003777.7200205,520945664,0,0
1716003778.7212262,520945664,554,554
1716003779.722406,520945664,0,0
1716003780.7236948,520945664,0,0
1716003781.724974,520945664,0,0
1716003782.7262592,520945664,0,0
1716003783.7275393,520945664,548,548
1716003784.7288368,520945664,0,0
1716003785.7301245,520945664,0,0
1716003786.7313044,520945664,0,0
1716003787.7324898,520945664,0,0
1716003788.7331815,520945664,548,548
1716003789.734366,520945664,0,0
1716003790.7355368,520945664,0,0
1716003791.7367759,520945664,0,0
1716003792.7372844,520945664,0,0
1716003793.73858,520945664,548,548
1716003794.7398546,520945664,0,0
1716003795.7411249,520945664,0,0
1716003796.7424233,520945664,0,0
1716003797.7436008,520945664,0,0
1716003798.744791,520945664,496,496
1716003799.745186,520945664,0,0
1716003800.7463684,520945664,0,0
1716003801.7475586,520945664,0,0
1716003802.7487423,520945664,410480490,410480490
1716003803.7499301,520945664,600,600
1716003804.751115,520945664,0,0
1716003805.7522926,520945664,0,0
1716003806.7531855,520945664,17841210,17841210
1716003807.7544136,520945664,1629094154,1629094154
1716003808.755627,520945664,1698802133,1698802133
1716003809.7568243,520945664,0,0
1716003810.7571943,520945664,0,0
1716003811.7583897,520945664,0,0
1716003812.7596955,520945664,0,0
1716003813.760933,520945664,5459,5459
1716003814.7612498,520945664,4286,4286
1716003815.762512,520945664,6153,6153
1716003816.7637331,520945664,4619,4619
1716003817.764962,520945664,6236,6236
1716003818.7652638,520945664,4652,4652
1716003819.7665265,520945664,3670,3670
1716003820.7677977,520945664,6098,6098
1716003821.769093,520945664,5543,5543
1716003822.7703395,520945664,5833,5833
1716003823.771615,520945664,3301,3301
1716003824.7728434,520945664,4037,4037
1716003825.773233,520945664,3794,3794
1716003826.7744548,520945664,6147,6147
1716003827.7756686,520945664,5199,5199
1716003828.776883,520945664,5389,5389
1716003829.7772257,520945664,4394,4394
1716003830.7784555,520945664,4691,4691
1716003831.77967,520945664,3574,3574
1716003832.780889,520945664,5001,5001
1716003833.781248,520945664,5920,5920
1716003834.7824817,520945664,6232,6232
1716003835.7837207,520945664,5313,5313
1716003836.7849572,520945664,4374,4374
1716003837.78521,520945664,4546,4546
1716003838.786453,520945664,7007,7007
1716003839.7876792,520945664,5108,5108
1716003840.78891,520945664,3918,3918
1716003841.7892385,520945664,3988,3988
1716003842.7904525,520945664,3369,3369
1716003843.7917154,520945664,6375,6375
1716003844.7929373,520945664,3725,3725
1716003845.793272,520945664,3781,3781
1716003846.794488,520945664,5691,5691
1716003847.7957308,520945664,5698,5698
1716003848.7969527,520945664,6817,6817
1716003849.7972517,520945664,4694,4694
1716003850.7984712,520945664,3942,3942
1716003851.7997122,520945664,6084,6084
1716003852.800934,520945664,6246,6246
1716003853.8012345,520945664,5870,5870
1716003854.8024552,520945664,5916,5916
1716003855.8036792,520945664,5317,5317
1716003856.8049533,520945664,3867,3867
1716003857.8052354,520945664,3896,3896
1716003858.8064384,520945664,7084,7084
1716003859.8076258,520945664,4427,4427
1716003860.8088548,520945664,3242,3242
1716003861.8092718,520945664,3058,3058
1716003862.8105674,520945664,5095,5095
1716003863.8116446,520945664,4057,4057
1716003864.8134682,520945664,1563,1563
1716003865.814709,520945664,2005,2005
1716003866.815985,520945664,1789,1789
1716003867.8173325,520945664,2248,2248
1716003868.8185842,520945664,1949,1949
1716003869.819698,520945664,1706,1706
1716003870.8209355,520945664,2097,2097
1716003871.8212938,520945664,1511,1511
1716003872.822526,520945664,2232,2232
1716003873.824363,520945664,2016,2016
1716003874.8253107,520945664,2290,2290
1716003875.82641,520945664,1503,1503
1716003876.8277116,520945664,1506,1506
1716003877.829122,520945664,2454,2454
1716003878.8303943,520945664,2577,2577
1716003879.831753,520945664,1792,1792
1716003880.8331873,520945664,1515,1515
1716003881.834578,520945664,1507,1507
1716003882.8358924,520945664,1684,1684
1716003883.837109,520945664,2931,2931
1716003884.8383372,520945664,1512,1512
1716003885.839749,520945664,1511,1511
1716003886.841059,520945664,1514,1514
1716003887.8420248,520945664,3061,3061
1716003888.843335,520945664,3390,3390
1716003889.8445692,520945664,732,732
1716003890.8452144,520945664,1371,1371
1716003891.8464768,520945664,792,792
1716003892.8476677,520945664,906,906
1716003893.8488169,520945664,2027,2027
1716003894.8491647,520945664,3178,3178
1716003895.8503327,520945664,3821,3821
1716003896.8514955,520945664,6059,6059
1716003897.8520157,520945664,5674,5674
1716003898.8532329,520945664,4105,4105
1716003899.853694,520945664,6042,6042
1716003900.8548717,520945664,3950,3950
1716003901.855502,520945664,5921,5921
1716003902.8567429,520945664,3924,3924
1716003903.857226,520945664,6149,6149
1716003904.8585265,520945664,6851,6851
1716003905.859766,520945664,3685,3685
1716003906.8609986,520945664,2850,2850
1716003907.8622441,520945664,2682,2682
1716003908.8634987,520945664,5455,5455
1716003909.8647249,520945664,3776,3776
1716003910.8652399,520945664,3773,3773
1716003911.8657396,520945664,4782,4782
1716003912.8669062,520945664,4250,4250
1716003913.8680696,520945664,4228,4228
1716003914.8691523,520945664,2855,2855
1716003915.8703048,520945664,2650,2650
1716003916.8714657,520945664,3716,3716
1716003917.8726463,520945664,4508,4508
1716003918.873787,520945664,6280,6280
1716003919.8746207,520945664,1083,1083
1716003920.8756256,520945664,4303,4303
1716003921.8768563,520945664,4133,4133
1716003922.8772337,520945664,5562,5562
1716003923.8784876,520945664,4251,4251
1716003924.8797183,520945664,5789,5789
1716003925.8809547,520945664,5159,5159
1716003926.8812563,520945664,3588,3588
1716003927.8819096,520945664,4183,4183
1716003928.8842678,520945664,2948,2948
1716003929.8851898,520945664,2872,2872
1716003930.8860471,520945664,608,608
1716003931.8872857,520945664,2182,2182
1716003932.8885217,520945664,2314,2314
1716003933.8892338,520945664,1979,1979
1716003934.8904583,520945664,2044,2044
1716003935.8916483,520945664,0,0
1716003936.8928397,520945664,310,310
1716003937.8931935,520945664,0,0
1716003938.894388,520945664,610,610
1716003939.8955696,520945664,0,0
1716003940.896786,520945664,0,0
1716003941.897192,520945664,913,913
1716003942.898383,520945664,0,0
1716003943.8995728,520945664,557,557
1716003944.9007714,520945664,0,0
1716003945.9011927,520945664,0,0
1716003946.9024103,520945664,111182607,111182607
1716003947.9036198,520945664,1760079392,1760079392
1716003948.9048212,520945664,764,764
1716003949.905186,520945664,0,0
1716003950.9063718,520945664,0,0
1716003951.9075463,520945664,704,704
1716003952.9087489,520945664,818607459,818607459
1716003953.909187,520945664,1053357865,1053357865
1716003954.9103608,520945664,0,0
1716003955.9115338,520945664,0,0
1716003956.9127119,520945664,0,0
1716003957.9131725,520945664,0,0
1716003958.9143536,520945664,2998,2998
1716003959.9155362,520945664,3486,3486
1716003960.9167295,520945664,3209,3209
1716003961.917184,520945664,3824,3824
1716003962.9183369,520945664,3824,3824
1716003963.9195142,520945664,5167,5167
1716003964.9206986,520945664,2872,2872
1716003965.921196,520945664,3665,3665
1716003966.9223437,520945664,3026,3026
1716003967.9234948,520945664,1500,1500
1716003968.9246511,520945664,3514,3514
1716003969.9251664,520945664,852,852
1716003970.9263265,520945664,3002,3002
1716003971.92748,520945664,2816,2816
1716003972.9286265,520945664,1976,1976
1716003973.9291565,520945664,3997,3997
1716003974.9303048,520945664,2142,2142
1716003975.9314601,520945664,896,896
1716003976.9321284,520945664,2521,2521
1716003977.9333837,520945664,2581,2581
1716003978.93461,520945664,4499,4499
1716003979.9358509,520945664,5065,5065
1716003980.9371178,520945664,92038,92038
1716003981.9383693,520945664,3846,3846
1716003982.939608,520945664,3241,3241
1716003983.9408417,520945664,4245,4245
1716003984.9420817,520945664,3840,3840
1716003985.9433208,520945664,5798,5798
1716003986.94456,520945664,5147,5147
1716003987.945238,520945664,2803,2803
1716003988.9464765,520945664,968,968
1716003989.947692,520945664,2044,2044
1716003990.948903,520945664,1666,1666
1716003991.9492333,520945664,2183,2183
1716003992.9504604,520945664,3141,3141
1716003993.951702,520945664,4253,4253
1716003994.9529293,520945664,3589,3589
1716003995.9532125,520945664,52,52
1716003996.9544334,520945664,3080,3080
1716003997.955639,520945664,549,549
1716003998.9568892,520945664,4568,4568
1716003999.9572303,520945664,3597,3597
1716004000.9584022,520945664,3242,3242
1716004001.959571,520945664,2547,2547
1716004002.960764,520945664,4658,4658
1716004003.9612195,520945664,4581,4581
1716004004.962438,520945664,4193,4193
1716004005.9636497,520945664,3736,3736
1716004006.9648628,520945664,3486,3486
1716004007.9652314,520945664,3625,3625
1716004008.9664433,520945664,3230,3230
1716004009.967661,520945664,2081,2081
1716004010.9688888,520945664,3294,3294
1716004011.9701157,520945664,4476,4476
1716004012.9713352,520945664,3041,3041
1716004013.972555,520945664,2248,2248
1716004014.9732215,520945664,3320,3320
1716004015.9744322,520945664,3678,3678
1716004016.9756663,520945664,4371,4371
1716004017.9759846,520945664,1970,1970
1716004018.9771824,520945664,3580,3580
1716004019.978374,520945664,3518,3518
1716004020.979557,520945664,2548,2548
1716004021.9807417,520945664,3123,3123
1716004022.9811869,520945664,3761,3761
1716004023.982358,520945664,4414,4414
1716004024.9833965,520945664,4377,4377
1716004025.984623,520945664,1283,1283
1716004026.9852242,520945664,396,396
1716004027.9864526,520945664,2630,2630
1716004028.9876924,520945664,2920,2920
1716004029.9888828,520945664,17951,17951
1716004030.9892733,520945664,9772,9772
1716004031.9895933,520945664,5942,5942
1716004032.9907854,520945664,3140,3140
1716004033.991934,520945664,4266,4266
1716004034.9928358,520945664,9119,9119
1716004035.9940212,520945664,2532,2532
1716004036.995208,520945664,3317,3317
1716004037.9964428,520945664,1775,1775
1716004038.9971821,520945664,3931,3931
1716004039.9980562,520945664,2137,2137
1716004040.9992456,520945664,3758,3758
1716004042.0004194,520945664,1403,1403
1716004043.0011961,520945664,3722,3722
1716004044.0023563,520945664,3444,3444
1716004045.0035605,520945664,2738,2738
1716004046.0049465,520945664,0,0
1716004047.005193,520945664,311,311
1716004048.0071306,520945664,0,0
1716004049.0083852,520945664,508,508
1716004050.0096729,520945664,0,0
1716004051.0108976,520945664,0,0
1716004052.0125532,520945664,0,0
1716004053.0132575,520945664,0,0
1716004054.01448,520945664,600,600
1716004055.0158787,520945664,0,0
1716004056.0171149,520945664,0,0
1716004057.018556,520945664,0,0
1716004058.0198052,520945664,0,0
1716004059.020982,520945664,1785,1785
1716004060.0217125,520945664,0,0
1716004061.0228982,520945664,301,301
1716004062.0240803,520945664,0,0
1716004063.0251825,520945664,0,0
1716004064.0263662,520945664,606,606
1716004065.0275552,520945664,0,0
1716004066.028687,520945664,0,0
1716004067.0291677,520945664,0,0
1716004068.0303292,520945664,0,0
1716004069.031501,520945664,600,600
1716004070.0326571,520945664,0,0
1716004071.0331671,520945664,0,0
1716004072.0343323,520945664,0,0
1716004073.0355017,520945664,0,0
1716004074.0366645,520945664,496,496
1716004075.0378413,520945664,0,0
1716004076.0390103,520945664,0,0
1716004077.040175,520945664,0,0
1716004078.0411751,520945664,0,0
1716004079.0423424,520945664,600,600
1716004080.0435293,520945664,0,0
1716004081.0447083,520945664,0,0
1716004082.0451791,520945664,0,0
1716004083.0463626,520945664,0,0
1716004084.0475445,520945664,600,600
1716004085.048728,520945664,0,0
1716004086.0491817,520945664,0,0
1716004087.0503688,573292544,1174103406,1174103406
1716004090.9227784,5019553792,1335234943,1335234943
1716004091.9562418,3880529920,3902,3902
1716004092.9573061,3880529920,5401,5401
1716004093.9604976,3880529920,5716,5716
1716004094.9773388,3880529920,4174,4174
1716004095.9790993,3880529920,2553,2553
1716004096.9868555,3881021440,5325,5325
1716004098.006103,3881267200,5583,5583
1716004099.010946,3881758720,5426,5426
1716004100.0175543,3882250240,4375,4375
1716004101.0356803,3882741760,6158,6158
1716004102.0394576,3883233280,4420,4420
1716004103.0598726,3885936640,6668,6668
1716004104.0725884,3888394240,4731,4731
1716004105.099932,3889131520,3664,3664
1716004106.1352909,3889623040,4684,4684
1716004107.157834,3890606080,6942,6942
1716004108.1681917,3890606080,4456,4456
1716004109.19158,3891097600,5888,5888
1716004110.2017245,3891589120,6704,6704
1716004111.2157989,3888656384,6562,6562
1716004112.2347503,3901190144,6394,6394
1716004113.2504077,3902418944,6371,6371
1716004114.2520702,3902664704,4213,4213
1716004115.2648287,3903156224,4352,4352
1716004116.2811198,3903893504,2994,2994
1716004117.2873065,3909791744,5818,5818
1716004118.3096497,3915689984,2790,2790
1716004119.3257682,3930927104,2401,2401
1716004120.3449757,3910561792,748,748
1716004121.360263,3931697152,3890,3890
1716004122.3648143,3932680192,3704,3704
1716004123.3737473,3933417472,942,942
1716004124.4112756,3933417472,4738,4738
1716004125.4190197,3934892032,3974,3974
1716004126.4362843,3935383552,3173,3173
1716004127.437556,3935383552,4405,4405
1716004128.479732,3935383552,5992,5992
1716004129.4945765,3976425472,6731,6731
1716004130.5039637,3977408512,5648,5648
1716004131.5183847,4003459072,2604,2604
1716004132.5369005,4003704832,3828,3828
1716004133.5494533,4004687872,3338,3338
1716004134.5680451,4004933632,158,158
1716004135.5947804,4004933632,0,0
1716004136.5959933,4008128512,1774,1774
1716004137.5972571,4412817408,1767,1767
1716004138.5987198,4068323328,409,409
1716004139.6001399,4398284800,155,155
1716004140.6013584,2796367872,1489,1489
1716004141.6025507,2796367872,692,692
1716004142.6037614,2796367872,0,0
1716004143.6050363,2796367872,754,754
1716004144.6062522,2796367872,155,155
1716004145.6074517,2796367872,0,0
1716004146.6087222,2796367872,0,0
1716004147.6099467,2796367872,0,0
1716004148.6102962,2796367872,448,448
1716004149.6114967,2796367872,152,152
1716004150.6121824,2796367872,0,0
1716004151.6132123,2796367872,0,0
1716004152.6144164,2796367872,0,0
1716004153.615627,2796367872,444,444
1716004154.6168215,2796367872,52,52
1716004155.6171963,2796367872,0,0
1716004156.6184037,2796367872,0,0
1716004157.619612,2796367872,0,0
1716004158.62081,2796367872,548,548
1716004159.6212199,2796367872,52,52
1716004160.6224318,2796367872,0,0
1716004161.623637,2796367872,0,0
1716004162.6248407,2796367872,0,0
1716004163.6252093,2796367872,548,548
1716004164.626417,2796367872,52,52
1716004165.6276317,2880909312,806233082,806233082
1716004166.6288667,2880909312,0,0
1716004167.629201,2880909312,190,190
1716004168.6304145,2916298752,34632919,34632919
1716004172.588449,6752460800,1668400789,1668400789
1716004173.6133015,4920172544,6329,6329
1716004174.6154215,4920172544,3973,3973
1716004175.631994,4920172544,5851,5851
1716004176.6576688,4920172544,6172,6172
1716004177.684554,4920172544,6450,6450
1716004178.703624,4920172544,4387,4387
1716004179.7310262,4920172544,6207,6207
1716004180.760022,4920172544,6711,6711
1716004181.7770734,4920172544,3607,3607
1716004182.8048487,4920172544,5761,5761
1716004183.83576,4920172544,6527,6527
1716004184.838022,4920172544,6237,6237
1716004185.877376,4920172544,4427,4427
1716004186.890293,4920172544,4122,4122
1716004187.896924,4920172544,4416,4416
1716004188.9070625,4920172544,4806,4806
1716004189.9263823,4920172544,5470,5470
1716004190.933028,4920172544,6050,6050
1716004191.9537444,4920172544,3785,3785
1716004192.9655738,4920172544,2929,2929
1716004193.96944,4920172544,3819,3819
1716004194.9843946,4920172544,6419,6419
1716004196.0207944,4920172544,4394,4394
1716004197.0347054,4920172544,5989,5989
1716004198.0583405,4920172544,4777,4777
1716004199.0774434,4920172544,6539,6539
1716004200.0942414,4920172544,4460,4460
1716004201.1032465,4920172544,4020,4020
1716004202.127159,4920172544,4002,4002
1716004203.1459858,4920172544,3733,3733
1716004204.1550968,4920172544,3989,3989
1716004205.173788,4920172544,3732,3732
1716004206.175421,4920172544,5540,5540
1716004207.1889045,4920172544,5447,5447
1716004208.191545,4920172544,5308,5308
1716004209.215112,4920172544,7228,7228
1716004210.216333,4920172544,5976,5976
1716004211.2259305,4920172544,5207,5207
1716004212.2435744,4920172544,6584,6584
1716004213.2457519,4920172544,5547,5547
1716004214.258517,4920172544,7666,7666
1716004215.2597544,4920172544,6022,6022
1716004216.260985,4924088320,6379,6379
1716004217.261183,4924887040,5489,5489
1716004218.2623806,4925165568,3085,3085
1716004219.2642376,4925165568,1689,1689
1716004220.2653205,5126217728,1644,1644
1716004221.2668178,4924997632,2514,2514
1716004222.2681196,4924522496,1781,1781
1716004223.269201,4924112896,2786,2786
1716004224.2708824,4923916288,2482,2482
1716004225.2721663,4924424192,2020,2020
1716004226.2733397,4924698624,1564,1564
1716004227.2748396,4924583936,2347,2347
1716004228.276657,4924583936,2566,2566
1716004229.2772763,4924583936,2721,2721
1716004230.2785347,4924600320,2288,2288
1716004231.2837622,4924190720,1700,1700
1716004232.2851903,4924526592,2092,2092
1716004233.2864864,4924563456,2989,2989
1716004234.288037,4924334080,1293,1293
1716004235.29114,4929495040,2740,2740
1716004236.3032675,4929495040,3825,3825
1716004237.3212585,4929740800,786,786
1716004238.3405857,4929740800,1656,1656
1716004239.3594701,4929740800,1059,1059
1716004240.3768566,4929740800,1467,1467
1716004241.3882802,4929740800,1018,1018
1716004242.4056728,4929740800,1478,1478
1716004243.4253573,4929740800,1143,1143
1716004244.4370294,4929740800,1298,1298
1716004245.449734,4929740800,1082,1082
1716004246.47622,4929740800,750,750
1716004247.5017574,4929740800,1494,1494
1716004248.5381918,4929740800,1308,1308
1716004249.56957,4929740800,1939,1939
1716004250.6040113,4929740800,4005,4005
1716004251.6378725,4929740800,5873,5873
1716004252.6582768,4958248960,5731,5731
1716004253.65948,4999045120,4685,4685
1716004254.6692748,5036892160,4290,4290
1716004255.691542,5090222080,5249,5249
1716004256.6958785,5137653760,3979,3979
1716004257.702264,5184839680,5629,5629
1716004258.7067711,5232025600,6823,6823
1716004259.713939,5279211520,6272,6272
1716004260.7370002,5320007680,5238,5238
1716004261.7721064,5373718528,5617,5617
1716004262.7772698,5449420800,2234,2234
1716004263.8078897,5480632320,4302,4302
1716004264.8178084,5546999808,4318,4318
1716004265.842442,5622542336,5608,5608
1716004266.8454292,5638025216,5397,5397
1716004267.8558247,5720121344,2140,2140
1716004268.8772311,5795663872,6201,6201
1716004269.8832622,5795663872,6165,6165
1716004270.905095,5880205312,2676,2676
1716004271.9138157,5962317824,3428,3428
1716004272.9275508,6012452864,4948,4948
1716004273.9344523,6122868736,3348,3348
1716004274.9431505,6141546496,3173,3173
1716004275.9905968,6233014272,4229,4229
1716004293.1975405,7410311168,256593,256593
1716004294.1987774,8055070720,1871757443,1871757443
1716004295.2000415,8055070720,0,0
1716004296.2012727,8055070720,0,0
1716004297.202475,8055070720,0,0
1716004298.2036872,8055070720,396,396
1716004299.2039778,8055070720,204,204
1716004300.205186,8055070720,0,0
1716004301.2063787,8055070720,0,0
1716004302.2075908,8055070720,159,159
1716004303.2087877,8055070720,751,751
1716004304.209986,8055070720,404,404
1716004305.211188,8055070720,0,0
1716004306.2124226,8055070720,0,0
1716004307.2136114,8055070720,0,0
1716004308.2148366,8055070720,1871865848,1871865848
1716004309.2160218,8055070720,152,152
1716004310.2171845,8055070720,0,0
1716004311.2183678,8055070720,0,0
1716004312.2194195,8055070720,0,0
1716004313.2205968,8055070720,1744,1744
1716004314.2218122,8055070720,3845,3845
1716004315.2230115,8055070720,3787,3787
1716004316.224212,8055070720,5478,5478
1716004317.2252152,8055070720,1809,1809
1716004318.2259626,8055070720,3506,3506
1716004319.2265313,8055070720,3782,3782
1716004320.2277415,8055070720,3688,3688
1716004321.22893,8055070720,2348,2348
1716004322.2292285,8055070720,13411,13411
1716004323.230518,8055070720,5692,5692
1716004324.2317252,8055070720,4657,4657
1716004325.2329187,8055070720,3485,3485
1716004326.2331946,8055070720,3006,3006
1716004327.2343845,8055070720,3687,3687
1716004328.2356167,8055070720,2701,2701
1716004329.2368267,8055070720,3241,3241
1716004330.2380211,8055070720,2701,2701
1716004331.2392077,8055070720,515,515
1716004332.240396,8055070720,2142,2142
1716004333.241587,8055070720,3756,3756
1716004334.2427883,8055070720,3281,3281
1716004335.2439845,8055070720,1281,1281
1716004336.2451878,8055070720,4936,4936
1716004337.2463968,8055070720,2307,2307
1716004338.2475936,8055070720,3507,3507
1716004339.247941,8055070720,3822,3822
1716004340.2491393,8055070720,3842,3842
1716004341.2503335,8055070720,4079,4079
1716004342.2515314,8055070720,2994,2994
1716004343.2527597,8055070720,4027,4027
1716004344.2531993,8055070720,2302,2302
1716004345.2544074,8055070720,3264,3264
1716004346.2556086,8055070720,4195,4195
1716004347.2568178,8055070720,3609,3609
1716004348.258013,8055070720,3900,3900
1716004349.259215,8055070720,2185,2185
1716004350.260411,8055070720,3140,3140
1716004351.2612064,8055070720,3086,3086
1716004352.2623942,8055070720,1172,1172
1716004353.2635868,8055070720,4095,4095
1716004354.264781,8055070720,2290,2290
1716004355.2659779,8055070720,3466,3466
1716004356.2671957,8055070720,3140,3140
1716004357.2683845,8055070720,4088,4088
1716004358.2691858,8055070720,5252,5252
1716004359.270379,8055070720,4267,4267
1716004360.2715652,8055070720,2140,2140
1716004361.2727609,8055070720,4488,4488
1716004362.273173,8055070720,2390,2390
1716004363.2743716,8055070720,4457,4457
1716004364.275581,8055070720,5243,5243
1716004365.276776,8055070720,2720,2720
1716004366.277183,8055070720,3655,3655
1716004367.2783902,8055070720,4739,4739
1716004368.279571,8055070720,2686,2686
1716004369.280778,8055070720,2028,2028
1716004370.2811935,8055070720,5320,5320
1716004371.2823775,8055070720,1847,1847
1716004372.2826052,8055070720,3140,3140
1716004373.2837753,8055070720,3266,3266
1716004374.2849514,8055070720,2459,2459
1716004375.2851849,8055070720,3751,3751
1716004376.286367,8055070720,3525,3525
1716004377.2875524,8055070720,3650,3650
1716004378.2887385,8055070720,3980,3980
1716004379.289947,8055070720,1018,1018
1716004380.2911384,8055070720,4429,4429
1716004381.2923374,8055070720,3591,3591
1716004382.2935145,8055070720,6228,6228
1716004383.294691,8055070720,3890,3890
1716004384.295874,8055070720,3807,3807
1716004385.2970836,8055070720,2605,2605
1716004386.2982717,8055070720,3207,3207
1716004387.299459,8055070720,2719,2719
1716004388.30064,8055070720,4351,4351
1716004389.301828,8055070720,3684,3684
1716004390.3030107,8055070720,4291,4291
1716004391.3042142,8055070720,3712,3712
1716004392.305193,8055070720,2666,2666
1716004393.3063788,8055070720,2371,2371
1716004394.3072815,8055070720,4880,4880
1716004395.308535,8055070720,3580,3580
1716004396.3091958,8055070720,3350,3350
1716004397.3103955,8055070720,1667,1667
1716004398.3115885,8055070720,4074,4074
1716004399.3132343,8055070720,1446,1446
1716004400.3144765,8055070720,0,0
1716004401.3160295,8055070720,310,310
1716004402.3172562,8055070720,0,0
1716004403.3189626,8055070720,351,351
1716004404.3202412,8055070720,152,152
1716004405.32168,8055070720,0,0
1716004406.3228893,8055070720,0,0
1716004407.3235552,8055070720,0,0
1716004408.3248336,8055070720,448,448
1716004409.3262398,8055070720,152,152
1716004410.32752,8055070720,0,0
1716004411.329584,8055070720,0,0
1716004412.330799,8055070720,367,367
1716004413.3319924,8055070720,1234,1234
1716004414.3332033,8055070720,155,155
1716004415.3343759,8055070720,0,0
1716004416.3355472,8055070720,0,0
1716004417.336721,8055070720,0,0
1716004418.3371842,8055070720,448,448
1716004419.3383558,8055070720,152,152
1716004420.3395343,8055070720,0,0
1716004421.3407137,8055070720,0,0
1716004422.3411782,8055070720,0,0
1716004423.3423624,8055070720,448,448
1716004424.3435388,8055070720,152,152
1716004425.3447309,8055070720,0,0
1716004426.345195,8055070720,0,0
1716004427.346376,8055070720,0,0
1716004428.3475654,8055070720,448,448
1716004429.3487601,8055070720,152,152
1716004430.3491833,8055070720,0,0
1716004431.3503685,8055070720,0,0
1716004432.3515537,8055070720,0,0
1716004433.3527472,8055070720,448,448
1716004434.3531864,8055070720,152,152
1716004435.354353,8055070720,0,0
1716004436.3555458,8055070720,0,0
1716004437.3567367,8055070720,0,0
1716004438.357186,8055070720,344,344
1716004439.3583794,8055070720,152,152
1716004440.359575,8055070720,703361966,703361966
1716004443.9743907,10377318400,1806150253,1806150253
1716004444.9792166,8773431296,4020,4020
1716004445.9816206,8773431296,4989,4989
1716004446.9984446,8773431296,5591,5591
1716004448.02575,8773431296,4734,4734
1716004449.0536287,8773431296,4866,4866
1716004450.069172,8773431296,2056,2056
1716004451.0967898,8773431296,7240,7240
1716004452.1248937,8773431296,6651,6651
1716004453.13993,8773431296,4096,4096
1716004454.143375,8773431296,4484,4484
1716004455.1606736,8773431296,6084,6084
1716004456.162545,8773431296,6500,6500
1716004457.1813765,8773431296,5693,5693
1716004458.2013404,8773431296,4373,4373
1716004459.2044542,8773431296,4156,4156
1716004460.2058997,8773677056,5536,5536
1716004461.234907,8773677056,5970,5970
1716004462.2430766,8773677056,6630,6630
1716004463.2603433,8773677056,4196,4196
1716004464.282597,8773677056,6306,6306
1716004465.2899349,8773677056,6168,6168
1716004466.3165047,8773677056,5160,5160
1716004467.3333998,8773677056,6315,6315
1716004468.3509703,8773677056,4581,4581
1716004469.3747356,8773677056,6117,6117
1716004470.3794851,8773677056,4255,4255
1716004471.3809564,8773677056,5195,5195
1716004472.3840122,8773677056,2253,2253
1716004473.397727,8773677056,6330,6330
1716004474.407764,8773677056,4729,4729
1716004475.423749,8773677056,3292,3292
1716004476.4324331,8773677056,5710,5710
1716004477.4394834,8773677056,5511,5511
1716004478.4725044,8773677056,6253,6253
1716004479.492655,8773677056,8899,8899
1716004480.5176475,8773677056,2531,2531
1716004481.5450468,8773677056,7348,7348
1716004482.5640492,8773677056,6845,6845
1716004483.565249,8773677056,6965,6965
1716004484.5692449,8773677056,7880,7880
1716004485.5799255,8773677056,5684,5684
1716004486.581138,8773677056,4942,4942
1716004487.5823143,8773550080,1776,1776
1716004488.5833,3821879296,1619,1619
1716004489.5845034,3821879296,584,584
1716004490.5857372,3821879296,152,152
1716004491.5869448,3821879296,158,158
1716004492.5879014,3821879296,2067,2067
1716004493.5890987,3821879296,405,405
1716004494.590279,3821879296,155,155
1716004495.5914488,3821879296,0,0
1716004496.5926354,3821879296,0,0
1716004497.5931761,3821879296,9977,9977
1716004498.5943546,3821879296,1193,1193
1716004499.595537,3821879296,3705,3705
1716004500.5967276,3821879296,809,809
1716004501.5971844,3821879296,0,0
1716004502.597501,3821879296,309,309
1716004503.5983763,3821879296,352,352
1716004504.5995555,3821879296,155,155
1716004505.6007428,3821879296,0,0
1716004506.6011941,3821879296,0,0
1716004507.6023688,3821879296,0,0
1716004508.6035476,3821879296,448,448
1716004509.6047368,3821879296,152,152
1716004510.6051817,3821879296,0,0
1716004511.6063888,3821879296,0,0
1716004512.6075733,3821879296,0,0
1716004513.6080303,3821879296,448,448
1716004514.609271,3821879296,152,152
1716004515.6105487,3821879296,0,0
1716004516.611733,3821879296,0,0
1716004517.6129127,3821879296,0,0
1716004518.6131802,3821879296,448,448
1716004519.6143851,3821879296,152,152
1716004520.6155648,3821879296,34634434,34634434
1716004521.6167622,3823845376,1293377353,1293377353
1716004524.7849994,5443481600,1181589027,1181589027
1716004525.7932606,5359534080,6314,6314
1716004526.804904,5359534080,3212,3212
1716004527.8325977,5359534080,4324,4324
1716004528.8486736,5359534080,7398,7398
1716004529.8752468,5359534080,3996,3996
1716004530.892308,5359534080,6146,6146
1716004531.9068158,5359534080,6283,6283
1716004532.926813,5359534080,6635,6635
1716004533.9566891,5359534080,4203,4203
1716004534.9744604,5359534080,3641,3641
1716004535.993536,5359534080,6445,6445
1716004537.0213943,5359534080,4159,4159
1716004538.039939,5359534080,4037,4037
1716004539.0458488,5359534080,6023,6023
1716004540.0614314,5359534080,5806,5806
1716004541.065306,5359534080,4349,4349
1716004542.0707202,5359534080,6133,6133
1716004543.1118515,5359534080,6131,6131
1716004544.116849,5359534080,4537,4537
1716004545.1556618,5359534080,4857,4857
1716004546.164102,5359534080,3718,3718
1716004547.187453,5359534080,4020,4020
1716004548.2094705,5359534080,4461,4461
1716004549.2256036,5359534080,3701,3701
1716004550.2389343,5359534080,5836,5836
1716004551.2517161,5359534080,6943,6943
1716004552.270109,5359534080,3000,3000
1716004553.2909782,5359534080,5855,5855
1716004554.2948499,5359534080,6190,6190
1716004555.2967,5359534080,4014,4014
1716004556.3051507,5359534080,5636,5636
1716004557.3165557,5359534080,3996,3996
1716004558.3206275,5359534080,6115,6115
1716004559.3407614,5359534080,6262,6262
1716004560.3538873,5359534080,6284,6284
1716004561.3694265,5359534080,4365,4365
1716004562.375634,5359534080,3361,3361
1716004563.3944871,5359534080,4207,4207
1716004564.399967,5359534080,5836,5836
1716004565.405892,5359534080,4125,4125
1716004566.4072359,5359534080,6212,6212
1716004567.4111032,5359534080,3733,3733
1716004568.4123225,5359534080,6734,6734
1716004569.413363,5359534080,4896,4896
1716004570.4149628,5359534080,2613,2613
1716004571.4169865,5359534080,2567,2567
1716004572.4174871,5359534080,1890,1890
1716004573.4195633,5359534080,1671,1671
1716004574.420775,5359534080,3045,3045
1716004575.4212124,5359534080,1741,1741
1716004576.4225488,5359534080,1466,1466
1716004577.4244676,5359534080,1966,1966
1716004578.4258056,5359534080,2469,2469
1716004579.4268897,5359534080,1688,1688
1716004580.4281223,5359534080,1916,1916
1716004581.4292154,5359534080,93038,93038
1716004582.4305122,5359534080,2166,2166
1716004583.4321918,5359534080,2179,2179
1716004584.4338732,5359534080,2709,2709
1716004585.4358046,5359534080,697,697
1716004586.4375067,5359534080,3790,3790
1716004587.438782,5359534080,2243,2243
1716004588.456847,5359534080,3541,3541
1716004589.4724958,5359534080,3674,3674
1716004590.4903762,5359534080,5027,5027
1716004591.5127687,5359534080,3823,3823
1716004592.5258589,5359534080,4187,4187
1716004593.544348,5359534080,3982,3982
1716004594.5656106,5359534080,5155,5155
1716004595.583366,5359534080,4354,4354
1716004596.6058667,5359534080,5740,5740
1716004597.6303654,5359534080,4617,4617
1716004598.6453707,5359534080,5134,5134
1716004599.6658518,5359534080,4231,4231
1716004600.6705813,5359534080,5745,5745
1716004601.6737492,5359534080,5796,5796
1716004602.678714,5359534080,4139,4139
1716004603.7110178,5359534080,2009,2009
1716004604.742578,5359534080,6507,6507
1716004605.7757466,5359534080,3944,3944
1716004606.807103,5359534080,3851,3851
1716004607.816921,5359534080,3967,3967
1716004608.8360474,5359534080,6265,6265
1716004609.8574286,5359534080,3903,3903
1716004610.8839178,5359534080,1973,1973
1716004611.9042363,5359534080,6397,6397
1716004612.9248784,5359534080,3451,3451
1716004613.9278016,5359534080,6400,6400
1716004614.9544446,5359534080,4881,4881
1716004615.9810576,5419253760,5641,5641
1716004617.0102782,5419253760,3175,3175
1716004618.0361776,5479219200,2479,2479
1716004619.057705,5538938880,5885,5885
1716004620.0729153,5538938880,4485,4485
1716004621.0767124,5639700480,4616,4616
1716004622.1028068,5665132544,4205,4205
1716004623.1290345,5674225664,3401,3401
1716004624.154804,5759258624,3167,3167
1716004625.167568,5832073216,4000,4000
1716004626.1862,5891547136,4205,4205
1716004627.2118378,5992484864,5341,5341
1716004628.2471087,6023696384,5752,5752
1716004629.2724905,6105571328,3735,3735
1716004646.6715658,9184206848,71568,71568
1716004647.6729023,11053703168,3101331974,3101331974
1716004648.6732187,7931043840,173579506,173579506
1716004649.674399,7931043840,104,104
1716004650.6755908,7931043840,104,104
1716004651.6768255,7931043840,32206756,32206756
1716004652.6772017,7931043840,438360994,438360994
1716004653.6785126,7931043840,548,548
1716004654.6798193,7931043840,52,52
1716004655.6811333,7931043840,0,0
1716004656.6823282,7931043840,0,0
1716004657.683521,7931043840,0,0
1716004658.6847162,7931043840,4350,4350
1716004659.685184,7931043840,3750,3750
1716004660.6863732,7931043840,3742,3742
1716004661.6875591,7931043840,2660,2660
1716004662.6887531,7931043840,3885,3885
1716004663.689191,7931043840,3426,3426
1716004664.6903765,7931043840,2155,2155
1716004665.6915684,7931043840,3646,3646
1716004666.6927724,7931043840,1971,1971
1716004667.6931973,7931043840,3338,3338
1716004668.6943824,7931043840,3967,3967
1716004669.6955614,7931043840,5279,5279
1716004670.696749,7931043840,1559,1559
1716004671.6971881,7931043840,5222,5222
1716004672.698376,7931043840,4299,4299
1716004673.6995642,7931043840,4961,4961
1716004674.7007556,7931043840,1178,1178
1716004675.7011821,7931043840,3282,3282
1716004676.7023742,7931043840,3030,3030
1716004677.7035637,7931043840,3803,3803
1716004678.7047603,7931043840,4097,4097
1716004679.7051764,7931043840,3668,3668
1716004680.7063591,7931043840,2823,2823
1716004681.7075405,7931043840,2599,2599
1716004682.7087326,7931043840,4237,4237
1716004683.709457,7931043840,4237,4237
1716004684.7106466,7931043840,3749,3749
1716004685.7118478,7931043840,4182,4182
1716004686.713054,7931043840,2748,2748
1716004687.7142599,7931043840,4028,4028
1716004688.715463,7931043840,2560,2560
1716004689.7166622,7931043840,5688,5688
1716004690.7171874,7931043840,3315,3315
1716004691.7184012,7931043840,5704,5704
1716004692.71959,7931043840,1667,1667
1716004693.7207859,7931043840,6244,6244
1716004694.7211955,7931043840,3594,3594
1716004695.7223845,7931043840,3657,3657
1716004696.7235763,7931043840,3703,3703
1716004697.7247734,7931043840,2757,2757
1716004698.7259653,7931043840,2583,2583
1716004699.7272036,7931043840,3701,3701
1716004700.728398,7931043840,2247,2247
1716004701.7292135,7931043840,4753,4753
1716004702.7304387,7931043840,3477,3477
1716004703.731655,7931043840,5288,5288
1716004704.7329009,7931043840,3636,3636
1716004705.7341242,7931043840,3823,3823
1716004706.7353733,7931043840,4441,4441
1716004707.736149,7931043840,3531,3531
1716004708.7372491,7931043840,5177,5177
1716004709.7384741,7931043840,2164,2164
1716004710.7396972,7931043840,4160,4160
1716004711.7409236,7931043840,3724,3724
1716004712.7412212,7931043840,3158,3158
1716004713.7424364,7931043840,4291,4291
1716004714.7436576,7931043840,2811,2811
1716004715.7448807,7931043840,3974,3974
1716004716.7452242,7931043840,2584,2584
1716004717.7464476,7931043840,3128,3128
1716004718.747685,7931043840,2733,2733
1716004719.7489135,7931043840,3822,3822
1716004720.7492309,7931043840,2024,2024
1716004721.7504551,7931043840,4063,4063
1716004722.7516813,7931043840,3277,3277
1716004723.7529275,7931043840,4309,4309
1716004724.7532206,7931043840,1965,1965
1716004725.7544682,7931043840,5870,5870
1716004726.7556875,7931043840,1671,1671
1716004727.7569075,7931043840,3712,3712
1716004728.75725,7931043840,4185,4185
1716004729.7584758,7931043840,4338,4338
1716004730.7597091,7931043840,2009,2009
1716004731.7609432,7931043840,5368,5368
1716004732.7612302,7931043840,2499,2499
1716004733.762455,7931043840,3569,3569
1716004734.763696,7931043840,4840,4840
1716004735.7641628,7931043840,3429,3429
1716004736.7651792,7931043840,4840,4840
1716004737.7663882,7931043840,3646,3646
1716004738.7676096,7931043840,4465,4465
1716004739.7688475,7931043840,3698,3698
1716004740.7692428,7931043840,2915,2915
1716004741.7704756,7931043840,3858,3858
1716004742.771702,7931043840,2019,2019
1716004743.7732866,7931043840,4132,4132
1716004744.774813,7931043840,1019,1019
1716004745.7760293,7931043840,0,0
1716004746.777352,7931043840,311,311
1716004747.7786014,7931043840,0,0
1716004748.7799206,7931043840,610,610
1716004749.7811952,7931043840,0,0
1716004750.7826989,7931043840,0,0
1716004751.7839427,7931043840,0,0
1716004752.7854283,7931043840,0,0
1716004753.7866611,7931043840,600,600
1716004754.788292,7931043840,0,0
1716004755.7892401,7931043840,0,0
1716004756.7909153,7931043840,0,0
1716004757.792106,7931043840,1206,1206
1716004758.7931771,7931043840,558,558
1716004759.79357,7931043840,0,0
1716004760.7948792,7931043840,760,760
1716004761.7961686,7931043840,0,0
1716004762.7972987,7931043840,0,0
1716004763.798485,7931043840,600,600
1716004764.7996745,7931043840,0,0
1716004765.800866,7931043840,0,0
1716004766.8011868,7931043840,190,190
1716004767.8023636,7931043840,0,0
1716004768.8037136,7931043840,600,600
1716004769.8044765,7931043840,0,0
1716004770.8051832,7931043840,0,0
1716004771.8063653,7931043840,0,0
1716004772.8075528,7931043840,0,0
1716004773.8087516,7931043840,600,600
1716004774.809177,7931043840,0,0
1716004775.810351,7931043840,0,0
1716004776.8115425,7931043840,0,0
1716004777.8127377,7931043840,0,0
1716004778.8131878,7931043840,600,600
1716004779.8143802,7931043840,0,0
1716004780.815558,7931043840,0,0
1716004781.816777,7931043840,210052250,210052250
1716004782.8171797,7931043840,338914538,338914538
1716004783.8183672,7931043840,600,600
1716004784.8195436,7931043840,0,0
1716004785.8203812,7931043840,34637961,34637961
1716004786.8212185,7931043840,1925929234,1925929234
1716004787.8224123,7931043840,458,458
1716004788.823611,7931043840,600,600
1716004789.8248386,7931043840,3235,3235
1716004790.8252335,7931043840,3964,3964
1716004791.8265078,7931043840,6141,6141
1716004792.8277311,7931043840,19045,19045
1716004793.8289595,7931043840,10004,10004
1716004794.8302011,7931043840,6220,6220
1716004795.831435,7931043840,6539,6539
1716004796.832669,7931043840,5370,5370
1716004797.8338962,7931043840,6464,6464
1716004798.835135,7931043840,5750,5750
1716004799.836438,7931043840,4387,4387
1716004800.837227,7931043840,7413,7413
1716004801.8384774,7931043840,4225,4225
1716004802.8397002,7931043840,6131,6131
1716004803.840942,7931043840,5988,5988
1716004804.8421931,7931043840,5965,5965
1716004805.84344,7931043840,4508,4508
1716004806.844741,7931043840,6181,6181
1716004807.8452976,7931043840,5623,5623
1716004808.8465135,7931043840,5138,5138
1716004809.847774,7931043840,6050,6050
1716004810.8484852,7931043840,6228,6228
1716004811.8492372,7931043840,4300,4300
1716004812.8504894,7931043840,5643,5643
1716004813.8517225,7931043840,4266,4266
1716004814.8529348,7931043840,3873,3873
1716004815.8532724,7931043840,5121,5121
1716004816.8543406,7931043840,6318,6318
1716004817.85558,7931043840,4454,4454
1716004818.8568034,7931043840,4416,4416
1716004819.85729,7931043840,5542,5542
1716004820.8585246,7931043840,5684,5684
1716004821.8597708,7931043840,3458,3458
1716004822.861038,7931043840,4717,4717
1716004823.8622675,7931043840,6413,6413
1716004824.8634872,7931043840,6198,6198
1716004825.8647223,7931043840,4101,4101
1716004826.8654637,7931043840,5747,5747
1716004827.866714,7931043840,4213,4213
1716004828.8679452,7931043840,5124,5124
1716004829.8691897,7931043840,2302,2302
1716004830.8704062,7931043840,6242,6242
1716004831.8716307,7931043840,3742,3742
1716004832.8738575,7931043840,5147,5147
1716004833.875239,7931043840,1288,1288
1716004834.8768842,7931043840,0,0
1716004835.8772073,7931043840,2319,2319
1716004836.87838,7931043840,300,300
1716004837.879569,7931043840,496,496
1716004838.8807628,7931043840,759,759
1716004839.8811848,7931043840,0,0
1716004840.8823528,7931043840,0,0
1716004841.8826861,7931043840,0,0
1716004842.883877,7931043840,0,0
1716004843.8850975,7931043840,548,548
1716004844.8862631,7931043840,0,0
1716004845.8874433,7931043840,0,0
1716004846.8886225,7931043840,0,0
1716004847.889178,7931043840,0,0
1716004848.8903797,7931043840,600,600
1716004849.8915582,7931043840,0,0
1716004850.8927402,7931043840,0,0
1716004851.8936198,7931043840,0,0
1716004852.8948863,7931043840,0,0
1716004853.8961687,7931043840,600,600
1716004854.897412,7931043840,0,0
1716004855.8985863,7931043840,0,0
1716004856.8997638,7931043840,0,0
1716004857.9009368,7931043840,0,0
1716004858.9011815,7931043840,496,496
1716004859.902449,7931043840,0,0
1716004860.9036336,7931043840,399986027,399986027
1716004861.9048533,7931043840,242,242
1716004862.90518,7931043840,0,0
1716004863.906368,7931043840,600,600
1716004864.9076169,7931043840,116478255,116478255
1716004865.9088426,7931043840,1992543473,1992543473
1716004866.9100301,7931043840,0,0
1716004867.9112215,7931043840,0,0
1716004868.912405,7931043840,3291,3291
1716004869.9132352,7931043840,3909,3909
1716004870.9140913,7931043840,4352,4352
1716004871.915324,7931043840,4551,4551
1716004872.9165542,7931043840,3926,3926
1716004873.9172206,7931043840,4765,4765
1716004874.918432,7931043840,4125,4125
1716004875.9196358,7931043840,6198,6198
1716004876.9208932,7931043840,3886,3886
1716004877.9212303,7931043840,5957,5957
1716004878.9218473,7931043840,3157,3157
1716004879.9230485,7931043840,2377,2377
1716004880.9242568,7931043840,1985,1985
1716004881.9252489,7931043840,95161,95161
1716004882.9264884,7931043840,5392,5392
1716004883.9277034,7931043840,4547,4547
1716004884.928921,7931043840,4008,4008
1716004885.9301405,7931043840,6129,6129
1716004886.9313421,7931043840,3882,3882
1716004887.932559,7931043840,4243,4243
1716004888.9332173,7931043840,5907,5907
1716004889.9344263,7931043840,6310,6310
1716004890.9356327,7931043840,4324,4324
1716004891.936837,7931043840,5910,5910
1716004892.9380472,7931043840,4930,4930
1716004893.9392762,7931043840,5641,5641
1716004894.9405084,7931043840,5558,5558
1716004895.941754,7931043840,5116,5116
1716004896.9430008,7931043840,5505,5505
1716004897.9442391,7931043840,5565,5565
1716004898.94526,7931043840,6350,6350
1716004899.9464757,7931043840,4483,4483
1716004900.9476898,7931043840,4738,4738
1716004901.9489188,7931043840,2745,2745
1716004902.9501615,7931043840,4968,4968
1716004903.9514017,7931043840,5334,5334
1716004904.9526308,7931043840,6097,6097
1716004905.953252,7931043840,5515,5515
1716004906.9544876,7931043840,5798,5798
1716004907.9557052,7931043840,4260,4260
1716004908.9569378,7931043840,4905,4905
1716004909.9572475,7931043840,5692,5692
1716004910.9584658,7931043840,5798,5798
1716004911.9597087,7931043840,5694,5694
1716004912.9609358,7931043840,3826,3826
1716004913.961366,7931043840,2065,2065
1716004914.9627686,7931043840,1499,1499
1716004915.9640296,7931043840,1653,1653
1716004916.9653463,7931043840,1498,1498
1716004917.966683,7931043840,1502,1502
1716004918.9680953,7931043840,1992,1992
1716004919.96931,7931043840,2251,2251
1716004920.9706519,7931043840,1689,1689
1716004921.9719996,7931043840,2080,2080
1716004922.973683,7931043840,1489,1489
1716004923.975006,7931043840,2003,2003
1716004924.9762933,7931043840,2488,2488
1716004925.9773107,7931043840,1741,1741
1716004926.9786067,7931043840,2083,2083
1716004927.9799178,7931043840,1507,1507
1716004928.9813473,7931043840,1896,1896
1716004929.9826121,7931043840,1659,1659
1716004930.9839606,7931043840,2048,2048
1716004931.985238,7931043840,2277,2277
1716004932.9865968,7931043840,918,918
1716004933.9885383,7931043840,2430,2430
1716004934.989331,7931043840,1503,1503
1716004935.9907224,7931043840,2226,2226
1716004936.9919038,7931043840,1689,1689
1716004937.993188,7931043840,1758,1758
1716004938.9946096,7931043840,2281,2281
1716004939.9958754,7931043840,910,910
1716004940.9972084,7931043840,1499,1499
1716004941.9984667,7931043840,2493,2493
1716004942.9997215,7931043840,2964,2964
1716004944.0006413,7931043840,5237,5237
1716004945.001238,7931043840,5122,5122
1716004946.0024807,7931043840,5524,5524
1716004947.0037236,7931043840,5781,5781
1716004948.0049615,7931043840,5904,5904
1716004949.0052433,7931043840,4402,4402
1716004950.0064528,7931043840,5199,5199
1716004951.00769,7931043840,4165,4165
1716004952.008641,7931043840,3810,3810
1716004953.00919,7931043840,4157,4157
1716004954.01038,7931043840,4568,4568
1716004955.0115678,7931043840,3921,3921
1716004956.012737,7931043840,1220,1220
1716004957.0131862,7931043840,3415,3415
1716004958.0143557,7931043840,5962,5962
1716004959.0155158,7931043840,3473,3473
1716004960.016705,7931043840,3725,3725
1716004961.017187,7931043840,3809,3809
1716004962.0183747,7931043840,4719,4719
1716004963.019597,7931043840,6738,6738
1716004964.0208015,7931043840,3771,3771
1716004965.0212111,7931043840,3853,3853
1716004966.0224016,7931043840,3907,3907
1716004967.023588,7931043840,3162,3162
1716004968.0248215,7931043840,4840,4840
1716004969.0252125,7931043840,1104,1104
1716004970.0261407,7931043840,6353,6353
1716004971.0273457,7931043840,10263,10263
1716004972.0285943,7931043840,5106,5106
1716004973.0292356,7931043840,5229,5229
1716004974.0304465,7931043840,4867,4867
1716004975.0316784,7931043840,3662,3662
1716004976.0329103,7931043840,4597,4597
1716004977.033198,7931043840,2339,2339
1716004978.0343869,7931043840,5173,5173
1716004979.0355906,7931043840,4590,4590
1716004980.0367658,7931043840,2942,2942
1716004981.0372252,7931043840,940,940
1716004982.0384197,7931043840,2850,2850
1716004983.039621,7931043840,5404,5404
1716004984.040816,7931043840,4107,4107
1716004985.0411792,7931043840,5962,5962
1716004986.0423632,7931043840,560,560
1716004987.0435514,7931043840,161,161
1716004988.0447464,7931043840,158,158
1716004989.0451984,7931043840,461,461
1716004990.0463896,7931043840,0,0
1716004991.0475748,7931043840,0,0
1716004992.047791,7931043840,152,152
1716004993.0489895,7931043840,0,0
1716004994.049194,7931043840,600,600
1716004995.0503943,7931043840,0,0
1716004996.0515711,7931043840,0,0
1716004997.052754,7931043840,0,0
1716004998.0531833,7931043840,0,0
1716004999.0543709,7931043840,444,444
1716005000.0555534,7931043840,0,0
1716005001.0567472,7931043840,383,383
1716005002.0572336,7931043840,1333016986,1333016986
1716005003.0584378,7931043840,574507800,574507800
1716005004.059618,7931043840,668,668
1716005005.0607913,7931043840,104,104
1716005006.061187,7931043840,769414629,769414629
1716005007.0623868,7931043840,1067421794,1067421794
1716005008.0635657,7931043840,216,216
1716005009.0647442,7931043840,444,444
1716005010.065181,7931043840,0,0
1716005011.0662398,7931043840,0,0
1716005012.0673962,7931043840,2869,2869
1716005013.068555,7931043840,3408,3408
1716005014.0691698,7931043840,3728,3728
1716005015.0703728,7931043840,3654,3654
1716005016.0715356,7931043840,3088,3088
1716005017.0727174,7931043840,3410,3410
1716005018.0739005,7931043840,3740,3740
1716005019.0750804,7931043840,4113,4113
1716005020.0762563,7931043840,3745,3745
1716005021.077177,7931043840,3639,3639
1716005022.0783436,7931043840,5714,5714
1716005023.0795074,7931043840,1691,1691
1716005024.0806994,7931043840,3564,3564
1716005025.0811565,7931043840,3762,3762
1716005026.0823174,7931043840,4520,4520
1716005027.083479,7931043840,3346,3346
1716005028.0846822,7931043840,1299,1299
1716005029.0851843,7931043840,3664,3664
1716005030.0863736,7931043840,3147,3147
1716005031.0875597,7931043840,2741,2741
1716005032.0887437,7931043840,3741,3741
1716005033.0891893,7931043840,3553,3553
1716005034.090363,7931043840,2589,2589
1716005035.0915372,7931043840,3538,3538
1716005036.0927217,7931043840,1802,1802
1716005037.0932012,7931043840,3674,3674
1716005038.0943751,7931043840,1495,1495
1716005039.0955458,7931043840,4972,4972
1716005040.0967522,7931043840,1924,1924
1716005041.0971775,7931043840,1313,1313
1716005042.098357,7931043840,2256,2256
1716005043.0995374,7931043840,2330,2330
1716005044.1007257,7931043840,4181,4181
1716005045.101185,7931043840,3189,3189
1716005046.1023555,7931043840,3509,3509
1716005047.1035388,7931043840,2733,2733
1716005048.1047325,7931043840,3126,3126
1716005049.1051862,7931043840,1826,1826
1716005050.106235,7931043840,3087,3087
1716005051.107402,7931043840,2126,2126
1716005052.1085777,7931043840,3566,3566
1716005053.1092167,7931043840,1230,1230
1716005054.1103911,7931043840,2690,2690
1716005055.1115682,7931043840,4069,4069
1716005056.1127374,7931043840,5218,5218
1716005057.1131866,7931043840,2861,2861
1716005058.1143565,7931043840,2342,2342
1716005059.1155381,7931043840,4384,4384
1716005060.1167178,7931043840,5375,5375
1716005061.1171749,7931043840,3998,3998
1716005062.11838,7931043840,3201,3201
1716005063.1195624,7931043840,2828,2828
1716005064.1207485,7931043840,5468,5468
1716005065.1211786,7931043840,4195,4195
1716005066.1223476,7931043840,3633,3633
1716005067.1235373,7931043840,2617,2617
1716005068.1247146,7931043840,4299,4299
1716005069.1251767,7931043840,4323,4323
1716005070.1263533,7931043840,3763,3763
1716005071.1275291,7931043840,2849,2849
1716005072.1287107,7931043840,3976,3976
1716005073.1291814,7931043840,2420,2420
1716005074.1303625,7931043840,5740,5740
1716005075.1315403,7931043840,3878,3878
1716005076.1324584,7931043840,4198,4198
1716005077.133167,7931043840,1828,1828
1716005078.1343153,7931043840,480,480
1716005079.1354697,7931043840,6169,6169
1716005080.1366355,7931043840,3731,3731
1716005081.1371803,7931043840,3842,3842
1716005082.1383355,7931043840,3589,3589
1716005083.1394355,7931043840,3749,3749
1716005084.1406145,7931043840,4227,4227
1716005085.141182,7931043840,2750,2750
1716005086.142349,7931043840,2141,2141
1716005087.1435406,7931043840,3132,3132
1716005088.1447163,7931043840,3750,3750
1716005089.1451764,7931043840,4300,4300
1716005090.146345,7931043840,3887,3887
1716005091.147542,7931043840,3401,3401
1716005092.1487336,7931043840,3838,3838
1716005093.1491756,7931043840,3676,3676
1716005094.1503437,7931043840,4340,4340
1716005095.1515148,7931043840,3051,3051
1716005096.1526978,7931043840,3201,3201
1716005097.153502,7931043840,3879,3879
1716005098.1548426,7931043840,1283,1283
1716005099.1563199,7931043840,466,466
1716005100.1573813,7931043840,0,0
1716005101.1587994,7931043840,0,0
1716005102.1604302,7931043840,0,0
1716005103.1613843,7931043840,96,96
1716005104.1628668,7931043840,452,452
1716005105.1641843,7931043840,0,0
1716005106.1658812,7931043840,0,0
1716005107.167236,7931043840,0,0
1716005108.1686983,7931043840,244,244
1716005109.1693957,7931043840,304,304
1716005110.1710804,7931043840,0,0
1716005111.172265,7931043840,1147,1147
1716005112.173175,7931043840,0,0
1716005113.174354,7931043840,754,754
1716005114.175529,7931043840,155,155
1716005115.1767073,7931043840,0,0
1716005116.17718,7931043840,0,0
1716005117.1783557,7931043840,0,0
1716005118.179537,7931043840,396,396
1716005119.1807077,7931043840,152,152
1716005120.181171,7931043840,0,0
1716005121.182348,7931043840,0,0
1716005122.1835155,7931043840,0,0
1716005123.1846957,7931043840,292,292
1716005124.1854737,7931043840,152,152
1716005125.1866617,7931043840,0,0
1716005126.1878173,7931043840,0,0
1716005127.1889834,7931043840,0,0
1716005128.1891718,7931043840,396,396
1716005129.19032,7931043840,152,152
1716005130.1914592,7931043840,0,0
1716005131.192607,7931043840,0,0
1716005132.19315,7931043840,0,0
1716005133.1943219,7931043840,292,292
1716005134.1954937,7931043840,152,152
1716005135.196716,7931043840,323634242,323634242
1716005136.197161,7931043840,66642572,66642572
1716005137.198323,7931043840,0,0
1716005138.1995032,7931043840,11937,11937
1716005139.2006707,7931043840,34634552,34634552
1716005140.2012177,7931043840,2084297459,2084297459
1716005141.2019126,7931043840,529,529
1716005142.2031975,7931043840,0,0
1716005143.204411,7931043840,2588,2588
1716005144.2051942,7931043840,4889,4889
1716005145.2063963,7931043840,6399,6399
1716005146.2075875,7931043840,5394,5394
1716005147.20878,7931043840,3837,3837
1716005148.2092152,7931043840,5878,5878
1716005149.2104135,7931043840,6328,6328
1716005150.2115886,7931043840,5095,5095
1716005151.2127907,7931043840,3764,3764
1716005152.2132132,7931043840,3923,3923
1716005153.2144244,7931043840,4380,4380
1716005154.2156365,7931043840,5893,5893
1716005155.216852,7931043840,4946,4946
1716005156.2180712,7931043840,5140,5140
1716005157.2192829,7931043840,3834,3834
1716005158.2205086,7931043840,2055,2055
1716005159.2212124,7931043840,6416,6416
1716005160.2223995,7931043840,6049,6049
1716005161.2236078,7931043840,5798,5798
1716005162.2248363,7931043840,5835,5835
1716005163.2252092,7931043840,4532,4532
1716005164.22643,7931043840,3907,3907
1716005165.2276492,7931043840,6142,6142
1716005166.228852,7931043840,3903,3903
1716005167.2292197,7931043840,5391,5391
1716005168.2304466,7931043840,5861,5861
1716005169.2316792,7931043840,4751,4751
1716005170.2329028,7931043840,5116,5116
1716005171.2331889,7931043840,6006,6006
1716005172.2344007,7931043840,5936,5936
1716005173.2356246,7931043840,4041,4041
1716005174.2368197,7931043840,5094,5094
1716005175.2372074,7931043840,6332,6332
1716005176.2384079,7931043840,5103,5103
1716005177.2395961,7931043840,5061,5061
1716005178.2408357,7931043840,6236,6236
1716005179.241202,7931043840,5301,5301
1716005180.2424037,7931043840,5118,5118
1716005181.2436059,7931043840,5111,5111
1716005182.2448115,7931043840,96201,96201
1716005183.2452042,7931043840,6064,6064
1716005184.24641,7931043840,4884,4884
1716005185.2480578,7931043840,4081,4081
1716005186.249683,7931043840,0,0
1716005187.2509413,7931043840,1105,1105
1716005188.2521405,7931043840,599,599
1716005189.2534246,7931043840,157,157
1716005190.2550175,7931043840,0,0
1716005191.2562177,7931043840,2065,2065
1716005192.2571878,7931043840,0,0
1716005193.258375,7931043840,651,651
1716005194.2595558,7931043840,155,155
1716005195.26074,7931043840,0,0
1716005196.2611802,7931043840,0,0
1716005197.2623608,7931043840,0,0
1716005198.2635508,7931043840,396,396
1716005199.2647357,7931043840,152,152
1716005200.2651668,7931043840,0,0
1716005201.2663507,7931043840,0,0
1716005202.2665346,7931043840,0,0
1716005203.2677205,7931043840,396,396
1716005204.2689006,7931043840,152,152
1716005205.2700908,7931043840,0,0
1716005206.2712796,7931043840,0,0
1716005207.2724545,7931043840,0,0
1716005208.27318,7931043840,292,292
1716005209.274366,7931043840,462,462
1716005210.275545,7931043840,0,0
1716005211.2767472,7931043840,151,151
1716005212.2779315,7931043840,0,0
1716005213.279125,7931043840,449,449
1716005214.2803085,7931043840,152,152
1716005215.2815046,7931043840,33608868,33608868
1716005216.28269,7931043840,190,190
1716005217.2838829,7931043840,0,0
1716005218.2850883,7931043840,396,396
1716005219.2863247,7931043840,723981047,723981047
1716005222.3513799,10740203520,1751916605,1751916605
1716005223.3660855,9157373952,3140,3140
1716005224.3935812,9157373952,3230,3230
1716005225.4259536,9157373952,6174,6174
1716005226.4423656,9157373952,6212,6212
1716005227.457625,9157373952,4665,4665
1716005228.4894578,9157373952,6196,6196
1716005229.50747,9157373952,4220,4220
1716005230.52487,9157373952,5845,5845
1716005231.5549958,9157373952,3987,3987
1716005232.568383,9157373952,3860,3860
1716005233.5827053,9157373952,7187,7187
1716005234.5879884,9157373952,5383,5383
1716005235.5921383,9157373952,3819,3819
1716005236.6099586,9157373952,3755,3755
1716005237.6129286,9157373952,6225,6225
1716005238.6189888,9157373952,6924,6924
1716005239.640733,9157373952,5890,5890
1716005240.646743,9157373952,5967,5967
1716005241.6535313,9157373952,6021,6021
1716005242.6650975,9157373952,3947,3947
1716005243.680264,9157373952,4539,4539
1716005244.6824653,9157373952,5267,5267
1716005245.6958535,9157373952,809,809
1716005246.7017093,9157373952,2679,2679
1716005247.7185397,9157373952,5453,5453
1716005248.7346091,9157373952,5578,5578
1716005249.7434123,9157373952,5258,5258
1716005250.7485023,9157373952,5891,5891
1716005251.7683246,9157373952,11104,11104
1716005252.7760036,9157373952,4950,4950
1716005253.7985137,9157373952,2164,2164
1716005254.81517,9157373952,2177,2177
1716005255.8222811,9157373952,7859,7859
1716005256.8487701,9157373952,4376,4376
1716005257.8657064,9157373952,5693,5693
1716005258.8851857,9157373952,6988,6988
1716005259.9101152,9157373952,4827,4827
1716005260.9371755,9157373952,1844,1844
1716005261.948451,9157373952,2221,2221
1716005262.9621012,9157373952,5575,5575
1716005263.966207,9157373952,3320,3320
1716005264.967443,9157373952,4761,4761
1716005265.9850886,9157373952,6004,6004
1716005266.986313,9157373952,12157,12157
1716005267.9875116,9157373952,3274,3274
1716005268.989074,9156997120,1987,1987
1716005269.9903617,9156997120,3241,3241
1716005270.991886,9156997120,2806,2806
1716005271.9940016,9157107712,2882,2882
1716005272.9960592,9157107712,2266,2266
1716005273.997487,9157107712,2788,2788
1716005274.9987075,9157107712,1501,1501
1716005275.9999073,9157107712,1141,1141
1716005277.0014215,9157566464,1738,1738
1716005278.0027752,9157566464,2090,2090
1716005279.0046735,9157566464,2192,2192
1716005280.0058346,9157566464,3340,3340
1716005281.0078433,9157701632,2903,2903
1716005282.0081577,9158057984,2295,2295
1716005283.0092437,9158057984,1745,1745
1716005284.0110443,9158057984,2213,2213
1716005285.0123591,9158057984,1987,1987
1716005286.024888,9158057984,3787,3787
1716005287.052292,9158057984,5768,5768
1716005288.0746796,9158057984,5252,5252
1716005289.0987916,9158057984,4517,4517
1716005290.1146772,9158057984,4020,4020
1716005291.1349542,9158057984,4472,4472
1716005292.1661396,9158057984,3099,3099
1716005293.1820254,9158057984,5983,5983
1716005294.2044203,9158057984,4098,4098
1716005295.229946,9158057984,4562,4562
1716005296.247001,9158057984,1904,1904
1716005297.2699535,9158057984,5737,5737
1716005298.2780085,9158057984,4745,4745
1716005299.3019836,9158057984,2979,2979
1716005300.3174326,9158057984,2200,2200
1716005301.323451,9158057984,5719,5719
1716005302.3596418,9158057984,3774,3774
1716005303.3936253,9158057984,4983,4983
1716005304.4279237,9158057984,4520,4520
1716005305.436829,9158057984,4243,4243
1716005306.4551995,9158057984,5812,5812
1716005307.4798484,9158057984,6490,6490
1716005308.5042112,9158057984,5779,5779
1716005309.525056,9158057984,3908,3908
1716005310.549686,9167396864,5732,5732
1716005311.5698202,9195659264,4296,4296
1716005312.5784614,9280692224,5612,5612
1716005313.581324,9328218112,4544,4544
1716005314.612752,9346895872,3476,3476
1716005315.638369,9425879040,1176,1176
1716005316.6612618,9501528064,4483,4483
1716005317.697793,9519960064,4140,4140
1716005318.7115753,9599131648,3525,3525
1716005319.7347605,9674674176,5024,5024
1716005320.7629547,9690157056,3845,3845
1716005321.7678263,9737342976,3894,3894
1716005322.7857668,9841500160,2727,2727
1716005323.8046796,9869271040,5276,5276
1716005324.8351364,9954304000,3153,3153
1716005325.8384283,10001817600,2689,2689
1716005326.8396482,10083409920,3290,3290
1716005344.9176395,9479065600,842687716,842687716
1716005345.9188857,11348561920,2066328011,2066328011
1716005346.9201038,11348561920,156,156
1716005347.9213192,11348561920,104,104
1716005348.9225466,11348561920,548,548
1716005349.9237916,10315763712,834793512,834793512
1716005350.9250557,8225591296,190,190
1716005351.9262738,8225591296,0,0
1716005352.9274797,8225591296,0,0
1716005353.928703,8225591296,548,548
1716005354.929905,8225591296,1333,1333
1716005355.9310992,8225591296,3803,3803
1716005356.93232,8225591296,3677,3677
1716005357.9335244,8225591296,3711,3711
1716005358.9347212,8225591296,2602,2602
1716005359.9359238,8225591296,4034,4034
1716005360.937132,8225591296,3838,3838
1716005361.938338,8225591296,3811,3811
1716005362.9395316,8225591296,3812,3812
1716005363.9407353,8225591296,3835,3835
1716005364.9412017,8225591296,3764,3764
1716005365.9424071,8225591296,2378,2378
1716005366.9436193,8225591296,3188,3188
1716005367.9448178,8225591296,3542,3542
1716005368.9460406,8225591296,10421,10421
1716005369.947239,8225591296,3414,3414
1716005370.948445,8225591296,8973,8973
1716005371.9496827,8225591296,1922,1922
1716005372.9508743,8225591296,719,719
1716005373.95207,8225591296,4345,4345
1716005374.953277,8225591296,3710,3710
1716005375.9544811,8225591296,5365,5365
1716005376.9556913,8225591296,2653,2653
1716005377.9569073,8225591296,1011,1011
1716005378.9581313,8225591296,1199,1199
1716005379.959356,8225591296,5962,5962
1716005380.960552,8225591296,3474,3474
1716005381.9617796,8225591296,3614,3614
1716005382.962984,8225591296,4657,4657
1716005383.9641817,8225591296,4115,4115
1716005384.965394,8225591296,3262,3262
1716005385.9666142,8225591296,3474,3474
1716005386.9678059,8225591296,2063,2063
1716005387.9690237,8225591296,5529,5529
1716005388.9702432,8225591296,4145,4145
1716005389.9714375,8225591296,4489,4489
1716005390.9726489,8225591296,3713,3713
1716005391.9738493,8225591296,3404,3404
1716005392.9750886,8225591296,3807,3807
1716005393.9762843,8225591296,3964,3964
1716005394.9774966,8225591296,3550,3550
1716005395.9786997,8225591296,861,861
1716005396.9798927,8225591296,3164,3164
1716005397.9811084,8225591296,3489,3489
1716005398.9823136,8225591296,2265,2265
1716005399.983501,8225591296,2746,2746
1716005400.9846828,8225591296,268,268
1716005401.985854,8225591296,316,316
1716005402.9870255,8225591296,0,0
1716005403.988221,8225591296,612,612
1716005404.9893982,8225591296,0,0
1716005405.9905682,8225591296,0,0
1716005406.9918041,8225591296,2192,2192
1716005407.993079,8225591296,3519,3519
1716005408.9943175,8225591296,3983,3983
1716005409.995546,8225591296,3694,3694
1716005410.9967973,8225591296,3769,3769
1716005411.9972503,8225591296,3685,3685
1716005412.9984965,8225591296,3743,3743
1716005413.9997318,8225591296,1018,1018
1716005415.0009718,8225591296,355,355
1716005416.0012329,8225591296,354,354
1716005417.002481,8225591296,990,990
1716005418.0037096,8225591296,4909,4909
1716005419.0049498,8225591296,2404,2404
1716005420.005248,8225591296,3540,3540
1716005421.0064735,8225591296,3659,3659
1716005422.0077088,8225591296,5419,5419
1716005423.0089548,8225591296,1936,1936
1716005424.009239,8225591296,5473,5473
1716005425.010481,8225591296,3658,3658
1716005426.011723,8225591296,3713,3713
1716005427.0129633,8225591296,3726,3726
1716005428.01324,8225591296,2959,2959
1716005429.0144787,8225591296,4086,4086
1716005430.0157206,8225591296,3336,3336
1716005431.0169706,8225591296,6069,6069
1716005432.0182223,8225591296,1952,1952
1716005433.0194736,8225591296,3286,3286
1716005434.0207133,8225591296,3354,3354
1716005435.0212467,8225591296,3160,3160
1716005436.0224938,8225591296,3815,3815
1716005437.023738,8225591296,4578,4578
1716005438.0249755,8225591296,4249,4249
1716005439.025251,8225591296,4183,4183
1716005440.0264819,8225591296,2904,2904
1716005441.02714,8225591296,1610,1610
1716005442.028337,8225591296,1669,1669
1716005443.0292032,8225591296,2562,2562
1716005444.0304096,8225591296,4185,4185
1716005445.0316057,8225591296,3662,3662
1716005446.0328095,8225591296,3228,3228
1716005447.0332026,8225591296,3106,3106
1716005448.034755,8225591296,2701,2701
1716005449.0359936,8225591296,620,620
1716005450.0377598,8225591296,0,0
1716005451.0389957,8225591296,0,0
1716005452.0409064,8225591296,0,0
1716005453.042163,8225591296,0,0
1716005454.0438132,8225591296,548,548
1716005455.0450938,8225591296,0,0
1716005456.0465448,8225591296,0,0
1716005457.047794,8225591296,0,0
1716005458.0496569,8225591296,0,0
1716005459.0508957,8225591296,548,548
1716005460.0527828,8225591296,0,0
1716005461.0540638,8225591296,0,0
1716005462.0552948,8225591296,1147,1147
1716005463.0564973,8225591296,0,0
1716005464.0577247,8225591296,506,506
1716005465.058927,8225591296,0,0
1716005466.0601592,8225591296,190,190
1716005467.0607228,8225591296,0,0
1716005468.061978,8225591296,0,0
1716005469.0632186,8225591296,600,600
1716005470.0644321,8225591296,0,0
1716005471.0656533,8225591296,0,0
1716005472.0668874,8225591296,0,0
1716005473.0681076,8225591296,4062,4062
1716005474.0693433,8225591296,1848,1848
1716005475.0705655,8225591296,0,0
1716005476.0717864,8225591296,313,313
1716005477.073021,8225591296,8409,8409
1716005478.074242,8225591296,1634,1634
1716005479.0754662,8225591296,2345,2345
1716005480.0766861,8225591296,2315,2315
1716005481.0779,8225591296,1399,1399
1716005482.0791352,8225591296,7180,7180
1716005483.0803638,8225591296,90966,90966
1716005484.0812175,8225591296,980,980
1716005485.082433,8225591296,0,0
1716005486.0836682,8225591296,156,156
1716005487.0848837,8225591296,0,0
1716005488.085198,8225591296,0,0
1716005489.0864213,8225591296,556,556
1716005490.0876486,8225591296,753772907,753772907
1716005491.0889268,8225591296,1755983911,1755983911
1716005492.0901432,8225591296,432,432
1716005493.0913713,8225591296,0,0
1716005494.0926452,8225591296,2825,2825
1716005495.0932455,8225591296,6290,6290
1716005496.0944767,8225591296,3078,3078
1716005497.0955262,8225591296,6181,6181
1716005498.09676,8225591296,4820,4820
1716005499.0972447,8225591296,5833,5833
1716005500.0984864,8225591296,6496,6496
1716005501.0997243,8225591296,5840,5840
1716005502.1000566,8225591296,5752,5752
1716005503.1012635,8225591296,6462,6462
1716005504.1025088,8225591296,6727,6727
1716005505.103748,8225591296,5665,5665
1716005506.1049912,8225591296,5715,5715
1716005507.1052406,8225591296,5934,5934
1716005508.1064863,8225591296,1555,1555
1716005509.1077683,8225591296,771,771
1716005510.1089983,8225591296,1878,1878
1716005511.1102679,8225591296,5210,5210
1716005512.1106868,8225591296,4327,4327
1716005513.1119168,8225591296,5962,5962
1716005514.113173,8225591296,4757,4757
1716005515.1144166,8225591296,3918,3918
1716005516.115656,8225591296,3582,3582
1716005517.116884,8225591296,4071,4071
1716005518.1172452,8225591296,4122,4122
1716005519.118461,8225591296,6697,6697
1716005520.1191697,8225591296,1775,1775
1716005521.1204462,8225591296,4574,4574
1716005522.1212559,8225591296,6254,6254
1716005523.122489,8225591296,2726,2726
1716005524.123761,8225591296,5010,5010
1716005525.1250186,8225591296,5927,5927
1716005526.126264,8225591296,3929,3929
1716005527.1275089,8225591296,3934,3934
1716005528.1287506,8225591296,4437,4437
1716005529.1292498,8225591296,6949,6949
1716005530.1304839,8225591296,5715,5715
1716005531.131732,8225591296,5546,5546
1716005532.1329794,8225591296,5809,5809
1716005533.1332598,8225591296,6006,6006
1716005534.134504,8225591296,5979,5979
1716005535.1357493,8225591296,3683,3683
1716005536.1369925,8225591296,5747,5747
1716005537.1372423,8225591296,1672,1672
1716005538.1388638,8225591296,4917,4917
1716005539.1407132,8225591296,621,621
1716005540.1420174,8225591296,1213,1213
