Timestamp,MemoryUsage,NetSent,NetRecv
1716003710.6970837,514641920,0,0
1716003711.6984696,522014720,7982,7982
1716003712.699889,522014720,0,0
1716003713.7019393,522014720,713,713
1716003714.7033608,522014720,0,0
1716003715.7045846,522014720,0,0
1716003716.7057972,522014720,0,0
1716003717.7071853,522014720,0,0
1716003718.7084494,522014720,600,600
1716003719.709266,522014720,0,0
1716003720.7104783,522014720,0,0
1716003721.7116814,522014720,0,0
1716003722.7131712,522014720,0,0
1716003723.714456,522014720,600,600
1716003724.715369,522014720,0,0
1716003725.7167795,522014720,0,0
1716003726.717267,522014720,0,0
1716003727.7184634,522014720,0,0
1716003728.7197146,522014720,600,600
1716003729.7209795,522014720,0,0
1716003730.7214336,522014720,0,0
1716003731.7224498,522014720,0,0
1716003732.72365,522014720,4233,4233
1716003733.7248547,522014720,4265,4265
1716003734.7252102,522014720,3862,3862
1716003735.7264118,522014720,4229,4229
1716003736.7276332,522014720,712,712
1716003737.7288382,522014720,0,0
1716003738.7300475,522014720,879,879
1716003739.7312553,522014720,0,0
1716003740.7324507,522014720,0,0
1716003741.7331953,522014720,0,0
1716003742.7343907,522014720,0,0
1716003743.735584,522014720,548,548
1716003744.7367775,522014720,0,0
1716003745.737204,522014720,310,310
1716003746.738391,522014720,0,0
1716003747.7395792,522014720,152,152
1716003748.7407987,522014720,500,500
1716003749.7411916,522014720,0,0
1716003750.7423995,522014720,0,0
1716003751.7435958,522014720,0,0
1716003752.7447865,522014720,0,0
1716003753.745206,522014720,496,496
1716003754.7463949,522014720,0,0
1716003755.747584,522014720,0,0
1716003756.7487729,522014720,0,0
1716003757.7491994,522014720,0,0
1716003758.750412,522014720,799,799
1716003759.7516155,522014720,1991,1991
1716003760.752803,522014720,2273,2273
1716003761.7532105,522014720,1588,1588
1716003762.7544096,522014720,2348,2348
1716003763.7556152,522014720,617,617
1716003764.7568214,522014720,2231,2231
1716003765.7571945,522014720,3473,3473
1716003766.7584069,522014720,1744,1744
1716003767.7595925,522014720,2229,2229
1716003768.7608066,522014720,3466,3466
1716003769.7611976,522014720,2478,2478
1716003770.7624164,522014720,3041,3041
1716003771.7636366,522014720,1007,1007
1716003772.7648485,522014720,3521,3521
1716003773.7660666,522014720,3309,3309
1716003774.766741,522014720,1964,1964
1716003775.7679288,522014720,0,0
1716003776.7691226,522014720,252,252
1716003777.7703125,522014720,0,0
1716003778.7715094,522014720,554,554
1716003779.7726862,522014720,0,0
1716003780.7731836,522014720,0,0
1716003781.7743785,522014720,0,0
1716003782.775555,522014720,0,0
1716003783.7766075,522014720,548,548
1716003784.7771866,522014720,0,0
1716003785.7783735,522014720,0,0
1716003786.7795434,522014720,0,0
1716003787.7807162,522014720,0,0
1716003788.7811813,522014720,548,548
1716003789.7823684,522014720,0,0
1716003790.7835386,522014720,0,0
1716003791.7847106,522014720,0,0
1716003792.7851787,522014720,0,0
1716003793.7863593,522014720,548,548
1716003794.7875366,522014720,0,0
1716003795.7887075,522014720,0,0
1716003796.7892003,522014720,0,0
1716003797.7903821,522014720,0,0
1716003798.7915606,522014720,496,496
1716003799.7927394,522014720,0,0
1716003800.7931855,522014720,0,0
1716003801.7943542,522014720,0,0
1716003802.7955298,522014720,410480490,410480490
1716003803.796713,522014720,600,600
1716003804.79718,522014720,0,0
1716003805.7983627,522014720,0,0
1716003806.7995503,522014720,17841210,17841210
1716003807.8008513,522014720,1794116388,1794116388
1716003808.8012247,522014720,1533779899,1533779899
1716003809.8024406,522014720,0,0
1716003810.8036366,522014720,0,0
1716003811.804826,522014720,0,0
1716003812.8060164,522014720,0,0
1716003813.8072686,522014720,5844,5844
1716003814.8084972,522014720,4059,4059
1716003815.8092535,522014720,6102,6102
1716003816.81054,522014720,4512,4512
1716003817.8117652,522014720,6236,6236
1716003818.813029,522014720,4704,4704
1716003819.8142715,522014720,3851,3851
1716003820.8155084,522014720,5917,5917
1716003821.8167503,522014720,5491,5491
1716003822.8172426,522014720,5833,5833
1716003823.8184955,522014720,3301,3301
1716003824.818929,522014720,4037,4037
1716003825.820162,522014720,4142,4142
1716003826.8212464,522014720,5799,5799
1716003827.8225088,522014720,5251,5251
1716003828.8237371,522014720,6408,6408
1716003829.8249774,522014720,4325,4325
1716003830.8252263,522014720,3689,3689
1716003831.8255875,522014720,3930,3930
1716003832.8268175,522014720,4804,4804
1716003833.8280685,522014720,5992,5992
1716003834.8293135,522014720,6160,6160
1716003835.830563,522014720,5261,5261
1716003836.831816,522014720,4374,4374
1716003837.8330889,522014720,4800,4800
1716003838.8343263,522014720,6954,6954
1716003839.8355563,522014720,4800,4800
1716003840.8367949,522014720,3918,3918
1716003841.837282,522014720,3988,3988
1716003842.8385143,522014720,3710,3710
1716003843.8387983,522014720,6034,6034
1716003844.8400238,522014720,3777,3777
1716003845.8412738,522014720,4234,4234
1716003846.842524,522014720,5560,5560
1716003847.8430495,522014720,6107,6107
1716003848.8443022,522014720,6278,6278
1716003849.8455417,522014720,4568,4568
1716003850.846768,522014720,3824,3824
1716003851.8480308,522014720,6084,6084
1716003852.849243,522014720,6246,6246
1716003853.8504772,522014720,6137,6137
1716003854.8517187,522014720,5649,5649
1716003855.8529582,522014720,5317,5317
1716003856.853266,522014720,3867,3867
1716003857.8545065,522014720,3896,3896
1716003858.855781,522014720,7084,7084
1716003859.8570397,522014720,4662,4662
1716003860.8583393,522014720,3059,3059
1716003861.8596318,522014720,3227,3227
1716003862.8609526,522014720,5191,5191
1716003863.8612897,522014720,3740,3740
1716003864.8625605,522014720,1563,1563
1716003865.8639133,522014720,2230,2230
1716003866.8642454,522014720,1564,1564
1716003867.8652687,522014720,2248,2248
1716003868.8665497,522014720,1949,1949
1716003869.8678086,522014720,1706,1706
1716003870.8691225,522014720,2097,2097
1716003871.8704958,522014720,1511,1511
1716003872.871771,522014720,2232,2232
1716003873.873237,522014720,2016,2016
1716003874.874644,522014720,2290,2290
1716003875.8759232,522014720,1503,1503
1716003876.8771968,522014720,1673,1673
1716003877.8784719,522014720,2287,2287
1716003878.8797734,522014720,2861,2861
1716003879.8812544,522014720,1508,1508
1716003880.882572,522014720,1515,1515
1716003881.8839664,522014720,1960,1960
1716003882.8853838,522014720,1231,1231
1716003883.886732,522014720,2931,2931
1716003884.8880095,522014720,1512,1512
1716003885.8894365,522014720,1511,1511
1716003886.8907638,522014720,1514,1514
1716003887.891966,522014720,3293,3293
1716003888.8932612,522014720,3158,3158
1716003889.8946295,522014720,732,732
1716003890.8958573,522014720,1423,1423
1716003891.897111,522014720,740,740
1716003892.8976488,522014720,1194,1194
1716003893.8988512,522014720,2002,2002
1716003894.9000607,522014720,3123,3123
1716003895.9011843,522014720,3820,3820
1716003896.9023619,522014720,5852,5852
1716003897.9035552,522014720,5674,5674
1716003898.9047565,522014720,4105,4105
1716003899.9051998,522014720,6042,6042
1716003900.906414,522014720,3950,3950
1716003901.907655,522014720,5921,5921
1716003902.908282,522014720,3924,3924
1716003903.909197,522014720,6861,6861
1716003904.9103804,522014720,6452,6452
1716003905.9115515,522014720,3727,3727
1716003906.9128056,522014720,2547,2547
1716003907.9131975,522014720,2737,2737
1716003908.9143841,522014720,5348,5348
1716003909.91563,522014720,3776,3776
1716003910.916897,522014720,4082,4082
1716003911.9172525,522014720,5014,5014
1716003912.9184952,522014720,3975,3975
1716003913.9190106,522014720,4014,4014
1716003914.9195356,522014720,2803,2803
1716003915.9207692,522014720,2702,2702
1716003916.9213858,522014720,3947,3947
1716003917.922623,522014720,4817,4817
1716003918.9239042,522014720,5688,5688
1716003919.9251626,522014720,1083,1083
1716003920.9263563,522014720,4303,4303
1716003921.9275525,522014720,4133,4133
1716003922.9287455,522014720,5562,5562
1716003923.9292045,522014720,4251,4251
1716003924.9304051,522014720,5789,5789
1716003925.9316113,522014720,5159,5159
1716003926.9328203,522014720,3588,3588
1716003927.9332008,522014720,4235,4235
1716003928.9343953,522014720,3264,3264
1716003929.936711,522014720,2504,2504
1716003930.93767,522014720,608,608
1716003931.9390037,522014720,2182,2182
1716003932.9403095,522014720,2314,2314
1716003933.9413097,522014720,1979,1979
1716003934.9426122,522014720,2044,2044
1716003935.9439244,522014720,0,0
1716003936.9452748,522014720,310,310
1716003937.946583,522014720,0,0
1716003938.9477894,522014720,610,610
1716003939.9489832,522014720,0,0
1716003940.949197,522014720,0,0
1716003941.9503846,522014720,913,913
1716003942.951586,522014720,0,0
1716003943.952794,522014720,557,557
1716003944.9539425,522014720,0,0
1716003945.955147,522014720,0,0
1716003946.9563787,522014720,213180326,213180326
1716003947.9576027,522014720,1658081673,1658081673
1716003948.9588313,522014720,764,764
1716003949.9600403,522014720,0,0
1716003950.9612193,522014720,0,0
1716003951.9624271,522014720,704,704
1716003952.9636676,522014720,1034814202,1034814202
1716003953.964886,522014720,837151122,837151122
1716003954.965199,522014720,0,0
1716003955.966375,522014720,0,0
1716003956.9673576,522014720,0,0
1716003957.9685178,522014720,0,0
1716003958.9691775,522014720,2998,2998
1716003959.9703584,522014720,3690,3690
1716003960.9715335,522014720,3555,3555
1716003961.972728,522014720,3629,3629
1716003962.9731991,522014720,3821,3821
1716003963.974368,522014720,5398,5398
1716003964.9755418,522014720,3253,3253
1716003965.9767199,522014720,2701,2701
1716003966.9771955,522014720,3360,3360
1716003967.977796,522014720,1166,1166
1716003968.9789748,522014720,3514,3514
1716003969.9801655,522014720,852,852
1716003970.9812052,522014720,3321,3321
1716003971.9823997,522014720,3229,3229
1716003972.98358,522014720,1623,1623
1716003973.984795,522014720,3776,3776
1716003974.9851952,522014720,1984,1984
1716003975.9863853,522014720,896,896
1716003976.9875877,522014720,3274,3274
1716003977.9887903,522014720,2335,2335
1716003978.9891987,522014720,4321,4321
1716003979.990389,522014720,4736,4736
1716003980.9915898,522014720,92038,92038
1716003981.9928024,522014720,3846,3846
1716003982.9931993,522014720,3241,3241
1716003983.9943862,522014720,4245,4245
1716003984.9955714,522014720,3840,3840
1716003985.9967685,522014720,5798,5798
1716003986.9972,522014720,5147,5147
1716003987.9981716,522014720,2803,2803
1716003988.9993675,522014720,968,968
1716003990.0005655,522014720,2044,2044
1716003991.0011992,522014720,1666,1666
1716003992.002383,522014720,2183,2183
1716003993.0035646,522014720,3141,3141
1716003994.0047424,522014720,4253,4253
1716003995.0057652,522014720,3641,3641
1716003996.0069537,522014720,0,0
1716003997.0081542,522014720,3080,3080
1716003998.0093446,522014720,549,549
1716003999.010534,522014720,5052,5052
1716004000.0117295,522014720,3317,3317
1716004001.012927,522014720,3294,3294
1716004002.0141177,522014720,2291,2291
1716004003.0153542,522014720,4710,4710
1716004004.0165846,522014720,4529,4529
1716004005.0172148,522014720,4427,4427
1716004006.0184464,522014720,3706,3706
1716004007.0196824,522014720,3282,3282
1716004008.0206077,522014720,3625,3625
1716004009.02131,522014720,3282,3282
1716004010.0225415,522014720,2188,2188
1716004011.0232952,522014720,3425,3425
1716004012.0244741,522014720,4186,4186
1716004013.0251844,522014720,3041,3041
1716004014.0260267,522014720,2248,2248
1716004015.0268557,522014720,3320,3320
1716004016.027555,522014720,4251,4251
1716004017.0287461,522014720,4082,4082
1716004018.029184,522014720,1686,1686
1716004019.0303743,522014720,3632,3632
1716004020.030725,522014720,3785,3785
1716004021.0318887,522014720,2427,2427
1716004022.0330706,522014720,3125,3125
1716004023.0342414,522014720,3561,3561
1716004024.0354254,522014720,4414,4414
1716004025.0366006,522014720,4377,4377
1716004026.0371695,522014720,1283,1283
1716004027.0383532,522014720,396,396
1716004028.0395286,522014720,3533,3533
1716004029.0407174,522014720,2458,2458
1716004030.0411837,522014720,17744,17744
1716004031.042215,522014720,10351,10351
1716004032.0434031,522014720,5129,5129
1716004033.044598,522014720,3140,3140
1716004034.0457895,522014720,4266,4266
1716004035.0468912,522014720,9119,9119
1716004036.0480719,522014720,2584,2584
1716004037.049185,522014720,3317,3317
1716004038.0504239,522014720,1890,1890
1716004039.051604,522014720,4306,4306
1716004040.052784,522014720,1865,1865
1716004041.053174,522014720,3488,3488
1716004042.054345,522014720,1403,1403
1716004043.0555246,522014720,3774,3774
1716004044.0566862,522014720,3392,3392
1716004045.057205,522014720,2738,2738
1716004046.0585518,522014720,0,0
1716004047.0597572,522014720,311,311
1716004048.061432,522014720,0,0
1716004049.0626225,522014720,508,508
1716004050.064375,522014720,0,0
1716004051.0652132,522014720,0,0
1716004052.067081,522014720,0,0
1716004053.0683343,522014720,0,0
1716004054.0699189,522014720,600,600
1716004055.0711918,522014720,0,0
1716004056.0732472,522014720,0,0
1716004057.0741568,522014720,0,0
1716004058.0761704,522014720,0,0
1716004059.0772,522014720,1785,1785
1716004060.0783727,522014720,0,0
1716004061.0795481,522014720,301,301
1716004062.0807223,522014720,0,0
1716004063.0811644,522014720,0,0
1716004064.0823274,522014720,606,606
1716004065.0835042,522014720,0,0
1716004066.0846994,522014720,0,0
1716004067.0851862,522014720,0,0
1716004068.0863817,522014720,0,0
1716004069.0865958,522014720,600,600
1716004070.087803,522014720,0,0
1716004071.0889962,522014720,0,0
1716004072.0901837,522014720,0,0
1716004073.091368,522014720,0,0
1716004074.0926535,522014720,496,496
1716004075.0932841,522014720,0,0
1716004076.094466,522014720,0,0
1716004077.0956473,522014720,0,0
1716004078.096838,522014720,0,0
1716004079.0980248,522014720,600,600
1716004080.0992153,522014720,0,0
1716004081.1003983,522014720,0,0
1716004082.101203,522014720,0,0
1716004083.1023827,522014720,0,0
1716004084.103564,522014720,600,600
1716004085.1047578,522014720,0,0
1716004086.105182,522014720,0,0
1716004087.10641,522014720,1383905777,1383905777
1716004088.107652,522014720,1125428920,1125428920
1716004089.108511,522014720,600,600
1716004090.1091845,522014720,272,272
1716004091.1104174,522014720,4259,4259
1716004092.1116536,522014720,3650,3650
1716004093.112889,522014720,5956,5956
1716004094.1141458,522014720,4549,4549
1716004095.1154263,522014720,4038,4038
1716004096.1166837,522014720,3872,3872
1716004097.1179202,522014720,4599,4599
1716004098.1191459,522014720,5358,5358
1716004099.1204085,522014720,4579,4579
1716004100.1212294,522014720,6190,6190
1716004101.1223335,522014720,5099,5099
1716004102.1235726,522014720,3664,3664
1716004103.1248572,522014720,7225,7225
1716004104.125257,522014720,4174,4174
1716004105.1264818,522014720,3716,3716
1716004106.1277082,522014720,4632,4632
1716004107.1289573,522014720,6942,6942
1716004108.129258,522014720,4086,4086
1716004109.1302083,522014720,5975,5975
1716004110.131448,522014720,6272,6272
1716004111.1326878,522014720,6620,6620
1716004112.1332326,522014720,6100,6100
1716004113.1344745,522014720,6493,6493
1716004114.1357167,522014720,4559,4559
1716004115.1369584,522014720,4082,4082
1716004116.137499,522014720,3055,3055
1716004117.1387582,522014720,5853,5853
1716004118.1400213,522014720,3051,3051
1716004119.1412542,522014720,2539,2539
1716004120.1425023,522014720,806,806
1716004121.1434307,522014720,3505,3505
1716004122.1446831,522014720,3578,3578
1716004123.145243,522014720,1483,1483
1716004124.1464858,522014720,4351,4351
1716004125.147456,522014720,2920,2920
1716004126.1486874,522014720,3970,3970
1716004127.1492302,522014720,3146,3146
1716004128.1504714,522014720,6908,6908
1716004129.1517212,522014720,5929,5929
1716004130.1529648,522014720,5499,5499
1716004131.1532435,522014720,4032,4032
1716004132.1544852,522014720,3138,3138
1716004133.1557693,522014720,3997,3997
1716004134.1570191,522014720,869,869
1716004135.1582866,522014720,0,0
1716004136.1594815,522014720,1265,1265
1716004137.160955,522014720,2276,2276
1716004138.1622367,522014720,409,409
1716004139.1635706,522014720,155,155
1716004140.1651218,522014720,0,0
1716004141.1663148,522014720,2181,2181
1716004142.1675253,522014720,0,0
1716004143.1687336,522014720,754,754
1716004144.1691928,522014720,155,155
1716004145.170392,522014720,0,0
1716004146.1716163,522014720,0,0
1716004147.1728098,522014720,0,0
1716004148.1740098,522014720,300,300
1716004149.1752126,522014720,300,300
1716004150.1764112,522014720,0,0
1716004151.1776254,522014720,0,0
1716004152.1788464,522014720,0,0
1716004153.1800435,522014720,344,344
1716004154.181239,522014720,152,152
1716004155.1824238,522014720,0,0
1716004156.1836348,522014720,0,0
1716004157.1848218,522014720,0,0
1716004158.1860347,522014720,448,448
1716004159.1872292,522014720,152,152
1716004160.188432,522014720,0,0
1716004161.1892169,522014720,0,0
1716004162.190421,522014720,0,0
1716004163.1916275,522014720,448,448
1716004164.192466,522014720,152,152
1716004165.1932333,522014720,806233082,806233082
1716004166.1944225,522014720,0,0
1716004167.1956127,522014720,190,190
1716004168.1967988,522014720,448,448
1716004169.1972027,522014720,34632523,34632523
1716004170.1984253,522014720,1668400737,1668400737
1716004171.199674,522014720,0,0
1716004172.2009077,522014720,0,0
1716004173.201186,522014720,2560,2560
1716004174.202447,522014720,6531,6531
1716004175.2036881,522014720,3980,3980
1716004176.2049134,522014720,6444,6444
1716004177.2052367,522014720,6225,6225
1716004178.206462,522014720,4605,4605
1716004179.206819,522014720,6092,6092
1716004180.2076674,522014720,6144,6144
1716004181.2089133,522014720,6223,6223
1716004182.2092292,522014720,2425,2425
1716004183.210465,522014720,6011,6011
1716004184.2117152,522014720,6405,6405
1716004185.2129605,522014720,5290,5290
1716004186.2132623,522014720,4246,4246
1716004187.214508,522014720,5082,5082
1716004188.2157404,522014720,3243,3243
1716004189.216994,522014720,6601,6601
1716004190.2172623,522014720,4386,4386
1716004191.2185082,522014720,5549,5549
1716004192.219752,522014720,3772,3772
1716004193.2210171,522014720,3479,3479
1716004194.2222786,522014720,3539,3539
1716004195.2235236,522014720,6180,6180
1716004196.2248013,522014720,4637,4637
1716004197.2252488,522014720,6128,6128
1716004198.2264798,522014720,4249,4249
1716004199.2277498,522014720,6128,6128
1716004200.228631,522014720,4460,4460
1716004201.2298727,522014720,4747,4747
1716004202.2311304,522014720,3275,3275
1716004203.2323635,522014720,4092,4092
1716004204.2332487,522014720,3887,3887
1716004205.234494,522014720,3475,3475
1716004206.2357256,522014720,5592,5592
1716004207.2369356,522014720,5395,5395
1716004208.2372434,522014720,6778,6778
1716004209.238468,522014720,5758,5758
1716004210.2396774,522014720,5976,5976
1716004211.240879,522014720,5207,5207
1716004212.2412584,522014720,6584,6584
1716004213.2424905,522014720,5547,5547
1716004214.243732,522014720,7666,7666
1716004215.2450266,522014720,4943,4943
1716004216.2463017,522014720,7458,7458
1716004217.2475173,522014720,5489,5489
1716004218.2487411,522014720,3085,3085
1716004219.2492914,522014720,1689,1689
1716004220.250585,522014720,1473,1473
1716004221.2519643,522014720,2685,2685
1716004222.2532659,522014720,1781,1781
1716004223.254505,522014720,2786,2786
1716004224.2557595,522014720,2482,2482
1716004225.2570372,522014720,1789,1789
1716004226.2586012,522014720,1795,1795
1716004227.2601132,522014720,2347,2347
1716004228.261708,522014720,2514,2514
1716004229.262952,522014720,2773,2773
1716004230.2642305,522014720,2288,2288
1716004231.265331,522014720,1700,1700
1716004232.2669642,522014720,2092,2092
1716004233.2682753,522014720,2989,2989
1716004234.269744,522014720,1293,1293
1716004235.2711399,522014720,2740,2740
1716004236.2723417,522014720,3825,3825
1716004237.2732508,522014720,786,786
1716004238.2744598,522014720,1261,1261
1716004239.2757287,522014720,1454,1454
1716004240.2769768,522014720,1129,1129
1716004241.2772126,522014720,1356,1356
1716004242.2784421,522014720,739,739
1716004243.2796886,522014720,1882,1882
1716004244.2811205,522014720,895,895
1716004245.282324,522014720,1485,1485
1716004246.2836826,522014720,750,750
1716004247.2849004,522014720,636,636
1716004248.2852318,522014720,2016,2016
1716004249.2864404,522014720,1476,1476
1716004250.2876532,522014720,3774,3774
1716004251.2888625,522014720,4631,4631
1716004252.289242,522014720,6157,6157
1716004253.290466,522014720,4341,4341
1716004254.291688,522014720,4914,4914
1716004255.2928836,522014720,4507,4507
1716004256.2932122,522014720,4490,4490
1716004257.2944355,522014720,5578,5578
1716004258.2956405,522014720,6022,6022
1716004259.2968533,522014720,5868,5868
1716004260.297204,522014720,5453,5453
1716004261.298448,522014720,5944,5944
1716004262.2996502,522014720,3912,3912
1716004263.3008885,522014720,3767,3767
1716004264.301191,522014720,2470,2470
1716004265.3024125,522014720,5981,5981
1716004266.303621,522014720,5839,5839
1716004267.3048081,522014720,2794,2794
1716004268.3060284,522014720,4496,4496
1716004269.3072424,522014720,6124,6124
1716004270.308438,522014720,3868,3868
1716004271.3096306,522014720,2764,2764
1716004272.3108397,522014720,5153,5153
1716004273.3120399,522014720,3624,3624
1716004274.3132522,522014720,2822,2822
1716004275.314456,522014720,5537,5537
1716004276.3156545,522014720,3847,3847
1716004277.3168705,522014720,708,708
1716004278.3171942,522014720,1363,1363
1716004279.318381,522014720,3319,3319
1716004280.319555,522014720,2587,2587
1716004281.3205364,522014720,92751,92751
1716004282.321217,522014720,1443,1443
1716004283.322435,522014720,881,881
1716004284.3236485,522014720,3495,3495
1716004285.3248653,522014720,2705,2705
1716004286.3260834,522014720,2886,2886
1716004287.3272948,522014720,2022,2022
1716004288.3285244,522014720,4705,4705
1716004289.3297477,522014720,722,722
1716004290.330965,522014720,2204,2204
1716004291.3321822,522014720,0,0
1716004292.3332038,522014720,310,310
1716004293.3344333,522014720,501870777,501870777
1716004294.3356469,522014720,1370018652,1370018652
1716004295.3368697,522014720,0,0
1716004296.3380694,522014720,0,0
1716004297.3392727,522014720,0,0
1716004298.3404784,522014720,448,448
1716004299.341193,522014720,152,152
1716004300.3424032,522014720,0,0
1716004301.3435879,522014720,0,0
1716004302.344778,522014720,758,758
1716004303.3451943,522014720,152,152
1716004304.346389,522014720,404,404
1716004305.3467858,522014720,0,0
1716004306.3479977,522014720,0,0
1716004307.349184,522014720,0,0
1716004308.3503928,522014720,1871865848,1871865848
1716004309.3515792,522014720,152,152
1716004310.3527713,522014720,0,0
1716004311.353964,522014720,0,0
1716004312.355179,522014720,0,0
1716004313.3563669,522014720,2635,2635
1716004314.357185,522014720,3562,3562
1716004315.358369,522014720,3179,3179
1716004316.359557,522014720,5659,5659
1716004317.3607416,522014720,1628,1628
1716004318.3611965,522014720,3913,3913
1716004319.3623896,522014720,3984,3984
1716004320.363574,522014720,3633,3633
1716004321.3647685,522014720,3061,3061
1716004322.3652012,522014720,13371,13371
1716004323.3664021,522014720,6144,6144
1716004324.3675892,522014720,3821,3821
1716004325.3684967,522014720,2642,2642
1716004326.3691952,522014720,3058,3058
1716004327.3703902,522014720,4433,4433
1716004328.3715935,522014720,2411,2411
1716004329.3727841,522014720,3254,3254
1716004330.3731825,522014720,2180,2180
1716004331.3743687,522014720,1463,1463
1716004332.3755782,522014720,1856,1856
1716004333.376776,522014720,3252,3252
1716004334.377203,522014720,3290,3290
1716004335.378404,522014720,1114,1114
1716004336.3796248,522014720,5630,5630
1716004337.3808162,522014720,1613,1613
1716004338.3812246,522014720,4097,4097
1716004339.3824177,522014720,3890,3890
1716004340.3836076,522014720,3841,3841
1716004341.384803,522014720,3769,3769
1716004342.3852081,522014720,3663,3663
1716004343.3863928,522014720,3011,3011
1716004344.3876202,522014720,2302,2302
1716004345.3888338,522014720,3842,3842
1716004346.3891966,522014720,4582,4582
1716004347.3903928,522014720,3448,3448
1716004348.3915856,522014720,4285,4285
1716004349.3928082,522014720,1838,1838
1716004350.393195,522014720,2712,2712
1716004351.3943872,522014720,2672,2672
1716004352.3956156,522014720,1330,1330
1716004353.3968062,522014720,3937,3937
1716004354.3971872,522014720,2290,2290
1716004355.398393,522014720,3781,3781
1716004356.3996127,522014720,2825,2825
1716004357.4007998,522014720,5297,5297
1716004358.401191,522014720,4043,4043
1716004359.4023752,522014720,4267,4267
1716004360.403559,522014720,2140,2140
1716004361.404762,522014720,4669,4669
1716004362.4052014,522014720,3166,3166
1716004363.4063964,522014720,3949,3949
1716004364.4075956,522014720,4846,4846
1716004365.4087944,522014720,3778,3778
1716004366.409208,522014720,3672,3672
1716004367.410097,522014720,3961,3961
1716004368.4112954,522014720,2731,2731
1716004369.41248,522014720,2301,2301
1716004370.4136755,522014720,4653,4653
1716004371.4148595,522014720,2575,2575
1716004372.4160464,522014720,2412,2412
1716004373.417185,522014720,4187,4187
1716004374.4183695,522014720,2563,2563
1716004375.4195626,522014720,3561,3561
1716004376.4207518,522014720,3150,3150
1716004377.421942,522014720,4158,4158
1716004378.423131,522014720,3525,3525
1716004379.4243195,522014720,1474,1474
1716004380.425195,522014720,4220,4220
1716004381.4263916,522014720,3256,3256
1716004382.427593,522014720,5947,5947
1716004383.4287896,522014720,3746,3746
1716004384.4299924,522014720,3807,3807
1716004385.43118,522014720,2605,2605
1716004386.4323695,522014720,3259,3259
1716004387.4331996,522014720,3800,3800
1716004388.4343803,522014720,3218,3218
1716004389.4355645,522014720,5525,5525
1716004390.4367585,522014720,3859,3859
1716004391.4371927,522014720,3693,3693
1716004392.438383,522014720,1276,1276
1716004393.4389567,522014720,3429,3429
1716004394.4401464,522014720,3822,3822
1716004395.4411862,522014720,3751,3751
1716004396.4423842,522014720,3179,3179
1716004397.4435718,522014720,2353,2353
1716004398.4453685,522014720,4180,4180
1716004399.4466238,522014720,654,654
1716004400.4484217,522014720,152,152
1716004401.4496698,522014720,158,158
1716004402.4515135,522014720,0,0
1716004403.4528325,522014720,351,351
1716004404.453824,522014720,152,152
1716004405.4550736,522014720,0,0
1716004406.4570813,522014720,0,0
1716004407.4583364,522014720,0,0
1716004408.4603422,522014720,448,448
1716004409.4612439,522014720,152,152
1716004410.46318,522014720,0,0
1716004411.4644203,522014720,0,0
1716004412.4651864,522014720,1199,1199
1716004413.466385,522014720,402,402
1716004414.4675732,522014720,155,155
1716004415.4687634,522014720,0,0
1716004416.4696162,522014720,0,0
1716004417.470913,522014720,0,0
1716004418.4721122,522014720,448,448
1716004419.4731972,522014720,152,152
1716004420.4744031,522014720,0,0
1716004421.475586,522014720,0,0
1716004422.4767814,522014720,0,0
1716004423.4773464,522014720,448,448
1716004424.4785452,522014720,152,152
1716004425.478902,522014720,0,0
1716004426.4800832,522014720,0,0
1716004427.4813268,522014720,0,0
1716004428.4826388,522014720,448,448
1716004429.483938,522014720,152,152
1716004430.4852362,522014720,0,0
1716004431.4865353,522014720,0,0
1716004432.487747,522014720,0,0
1716004433.4889376,522014720,448,448
1716004434.48921,522014720,152,152
1716004435.4903922,522014720,0,0
1716004436.4915705,522014720,0,0
1716004437.4927645,522014720,0,0
1716004438.4931831,522014720,344,344
1716004439.4943616,522014720,152,152
1716004440.4955578,522014720,703362087,703362087
1716004441.4967792,522014720,1806149532,1806149532
1716004442.4972055,522014720,0,0
1716004443.4984162,522014720,448,448
1716004444.4996648,522014720,2272,2272
1716004445.5009074,522014720,3685,3685
1716004446.501243,522014720,6517,6517
1716004447.5024924,522014720,4999,4999
1716004448.5037282,522014720,2418,2418
1716004449.5049586,522014720,5027,5027
1716004450.505239,522014720,4873,4873
1716004451.5064664,522014720,5674,5674
1716004452.507281,522014720,5452,5452
1716004453.5085402,522014720,6534,6534
1716004454.5092497,522014720,3143,3143
1716004455.5104802,522014720,5951,5951
1716004456.511731,522014720,6271,6271
1716004457.5129704,522014720,4933,4933
1716004458.5132453,522014720,4424,4424
1716004459.514485,522014720,4785,4785
1716004460.515716,522014720,5624,5624
1716004461.516948,522014720,5676,5676
1716004462.517281,522014720,6118,6118
1716004463.5185137,522014720,4478,4478
1716004464.5197992,522014720,6177,6177
1716004465.5210624,522014720,5943,5943
1716004466.5215886,522014720,4918,4918
1716004467.5228322,522014720,6522,6522
1716004468.5240753,522014720,4133,4133
1716004469.5252376,522014720,6117,6117
1716004470.526504,522014720,4307,4307
1716004471.5277867,522014720,5143,5143
1716004472.52907,522014720,3137,3137
1716004473.5303228,522014720,5446,5446
1716004474.5315623,522014720,5287,5287
1716004475.5327983,522014720,3707,3707
1716004476.5332468,522014720,6078,6078
1716004477.5344772,522014720,4222,4222
1716004478.535732,522014720,6801,6801
1716004479.5369737,522014720,8299,8299
1716004480.5372307,522014720,2583,2583
1716004481.5384707,522014720,7296,7296
1716004482.539705,522014720,6661,6661
1716004483.5409687,522014720,7149,7149
1716004484.541985,522014720,7828,7828
1716004485.5432131,522014720,4664,4664
1716004486.5444367,522014720,5334,5334
1716004487.5452566,522014720,2456,2456
1716004488.546164,522014720,1567,1567
1716004489.5474534,522014720,636,636
1716004490.5485935,522014720,152,152
1716004491.549765,522014720,158,158
1716004492.550146,522014720,2067,2067
1716004493.5513384,522014720,405,405
1716004494.5524573,522014720,155,155
1716004495.553194,522014720,0,0
1716004496.5543878,522014720,0,0
1716004497.5555763,522014720,9731,9731
1716004498.5568051,522014720,1066,1066
1716004499.5571997,522014720,3765,3765
1716004500.5578568,522014720,1122,1122
1716004501.5590644,522014720,0,0
1716004502.5602615,522014720,309,309
1716004503.5614617,522014720,352,352
1716004504.5626457,522014720,155,155
1716004505.5638392,522014720,0,0
1716004506.5650418,522014720,0,0
1716004507.5662396,522014720,0,0
1716004508.5674279,522014720,448,448
1716004509.5686252,522014720,152,152
1716004510.5691874,522014720,0,0
1716004511.5695727,522014720,0,0
1716004512.5708907,522014720,0,0
1716004513.5721989,522014720,448,448
1716004514.573294,522014720,152,152
1716004515.5738552,522014720,0,0
1716004516.5750716,522014720,0,0
1716004517.576259,522014720,0,0
1716004518.5771985,522014720,448,448
1716004519.5783875,522014720,152,152
1716004520.579589,522014720,34634434,34634434
1716004521.5808163,522014720,1143498759,1143498759
1716004522.5812593,522014720,1331467021,1331467021
1716004523.5824542,522014720,448,448
1716004524.5836563,522014720,152,152
1716004525.5849397,522014720,4458,4458
1716004526.5852373,522014720,4393,4393
1716004527.5864694,522014720,4638,4638
1716004528.5877154,522014720,5211,5211
1716004529.5889857,522014720,4824,4824
1716004530.589253,522014720,5599,5599
1716004531.5904915,522014720,6484,6484
1716004532.5917454,522014720,5935,5935
1716004533.5929935,522014720,6292,6292
1716004534.5935812,522014720,3723,3723
1716004535.594832,522014720,4058,4058
1716004536.5960734,522014720,4243,4243
1716004537.5972366,522014720,5751,5751
1716004538.5984776,522014720,4169,4169
1716004539.5997367,522014720,5628,5628
1716004540.6009722,522014720,6397,6397
1716004541.601241,522014720,4102,4102
1716004542.6024935,522014720,6075,6075
1716004543.6037304,522014720,6379,6379
1716004544.60497,522014720,4249,4249
1716004545.6052642,522014720,2727,2727
1716004546.6065037,522014720,3981,3981
1716004547.607731,522014720,6107,6107
1716004548.6089652,522014720,2041,2041
1716004549.6102154,522014720,5835,5835
1716004550.6114786,522014720,6308,6308
1716004551.6120992,522014720,5401,5401
1716004552.6132636,522014720,4022,4022
1716004553.614497,522014720,4730,4730
1716004554.6157734,522014720,6216,6216
1716004555.617023,522014720,3969,3969
1716004556.6182773,522014720,4588,4588
1716004557.6195118,522014720,5143,5143
1716004558.6207583,522014720,5787,5787
1716004559.621253,522014720,6089,6089
1716004560.622483,522014720,6151,6151
1716004561.6237185,522014720,3781,3781
1716004562.6249583,522014720,3771,3771
1716004563.625243,522014720,4215,4215
1716004564.6265016,522014720,5513,5513
1716004565.6277528,522014720,3815,3815
1716004566.6290305,522014720,6179,6179
1716004567.6302662,522014720,3767,3767
1716004568.631672,522014720,7914,7914
1716004569.6336617,522014720,4474,4474
1716004570.6348858,522014720,3064,3064
1716004571.6361108,522014720,1606,1606
1716004572.6373627,522014720,1397,1397
1716004573.638924,522014720,2373,2373
1716004574.6408174,522014720,2343,2343
1716004575.6415555,522014720,2256,2256
1716004576.6428978,522014720,1754,1754
1716004577.6441398,522014720,1987,1987
1716004578.6452281,522014720,2002,2002
1716004579.6468222,522014720,1331,1331
1716004580.6485784,522014720,1916,1916
1716004581.649399,522014720,93848,93848
1716004582.6514084,522014720,2339,2339
1716004583.6526413,522014720,2533,2533
1716004584.6532261,522014720,1728,1728
1716004585.6544008,522014720,1706,1706
1716004586.655777,522014720,2425,2425
1716004587.6573017,522014720,2243,2243
1716004588.6585112,522014720,3697,3697
1716004589.6597054,522014720,4236,4236
1716004590.6609406,522014720,5542,5542
1716004591.6612048,522014720,3685,3685
1716004592.6624146,522014720,3757,3757
1716004593.6627774,522014720,3474,3474
1716004594.6639788,522014720,6443,6443
1716004595.6652098,522014720,3887,3887
1716004596.6664135,522014720,5953,5953
1716004597.6676214,522014720,3783,3783
1716004598.6688168,522014720,5376,5376
1716004599.6700027,522014720,3632,3632
1716004600.6711922,522014720,5745,5745
1716004601.6723928,522014720,5796,5796
1716004602.6732044,522014720,4139,4139
1716004603.6744227,522014720,2009,2009
1716004604.6756153,522014720,6167,6167
1716004605.6768339,522014720,3942,3942
1716004606.677218,522014720,3111,3111
1716004607.6784203,522014720,3771,3771
1716004608.679629,522014720,6555,6555
1716004609.6798809,522014720,3868,3868
1716004610.681113,522014720,1855,1855
1716004611.6823483,522014720,6154,6154
1716004612.6835322,522014720,3907,3907
1716004613.6847491,522014720,6402,6402
1716004614.685963,522014720,5104,5104
1716004615.687163,522014720,5778,5778
1716004616.6883595,522014720,1750,1750
1716004617.689345,522014720,3540,3540
1716004618.6905618,522014720,5780,5780
1716004619.6917603,522014720,3935,3935
1716004620.692966,522014720,5183,5183
1716004621.6932046,522014720,3791,3791
1716004622.694424,522014720,3463,3463
1716004623.6956472,522014720,3549,3549
1716004624.696865,522014720,2953,2953
1716004625.6980786,522014720,3902,3902
1716004626.6993043,522014720,5619,5619
1716004627.7005246,522014720,4518,4518
1716004628.7012267,522014720,4803,4803
1716004629.7024276,522014720,3394,3394
1716004630.703637,522014720,1064,1064
1716004631.704871,522014720,0,0
1716004632.7052274,522014720,312,312
1716004633.7064373,522014720,611,611
1716004634.7076542,522014720,0,0
1716004635.7088656,522014720,0,0
1716004636.7092233,522014720,0,0
1716004637.7098088,522014720,0,0
1716004638.7110255,522014720,600,600
1716004639.712248,522014720,0,0
1716004640.7132123,522014720,0,0
1716004641.7144287,522014720,912,912
1716004642.714873,522014720,0,0
1716004643.7160888,522014720,557,557
1716004644.7172225,522014720,0,0
1716004645.7184398,522014720,484,484
1716004646.7190878,522014720,193728301,193728301
1716004647.7203383,522014720,3004356015,3004356015
1716004648.721222,522014720,76893076,76893076
1716004649.722409,522014720,52,52
1716004650.7235878,522014720,104,104
1716004651.7249305,522014720,202860077,202860077
1716004652.7253077,522014720,267707673,267707673
1716004653.7265215,522014720,600,600
1716004654.7277143,522014720,0,0
1716004655.7288878,522014720,0,0
1716004656.7292163,522014720,0,0
1716004657.7303882,522014720,234,234
1716004658.7308247,522014720,4116,4116
1716004659.732012,522014720,3750,3750
1716004660.7331948,522014720,3742,3742
1716004661.734398,522014720,3613,3613
1716004662.7355866,522014720,3876,3876
1716004663.7367978,522014720,2482,2482
1716004664.7379904,522014720,2713,2713
1716004665.7391856,522014720,3324,3324
1716004666.740376,522014720,1847,1847
1716004667.7415738,522014720,3686,3686
1716004668.7427838,522014720,4190,4190
1716004669.7439816,522014720,4991,4991
1716004670.7451944,522014720,1369,1369
1716004671.7463923,522014720,5214,5214
1716004672.747583,522014720,4303,4303
1716004673.74877,522014720,4760,4760
1716004674.7491891,522014720,1178,1178
1716004675.7503822,522014720,3282,3282
1716004676.7507808,522014720,3030,3030
1716004677.7519643,522014720,3803,3803
1716004678.7531545,522014720,4097,4097
1716004679.7543411,522014720,3668,3668
1716004680.755536,522014720,3753,3753
1716004681.7567465,522014720,1669,1669
1716004682.7572107,522014720,5462,5462
1716004683.7583964,522014720,3334,3334
1716004684.7595918,522014720,3706,3706
1716004685.7607856,522014720,3903,3903
1716004686.761205,522014720,2907,2907
1716004687.7623904,522014720,4085,4085
1716004688.7635725,522014720,2576,2576
1716004689.7647588,522014720,5508,5508
1716004690.7652001,522014720,3830,3830
1716004691.766394,522014720,5477,5477
1716004692.7675846,522014720,1873,1873
1716004693.7687767,522014720,6021,6021
1716004694.7691793,522014720,3468,3468
1716004695.7700272,522014720,3460,3460
1716004696.7705472,522014720,3703,3703
1716004697.771738,522014720,2809,2809
1716004698.7729156,522014720,2638,2638
1716004699.7732148,522014720,3701,3701
1716004700.7744057,522014720,2140,2140
1716004701.7756114,522014720,4753,4753
1716004702.776798,522014720,3529,3529
1716004703.777719,522014720,5236,5236
1716004704.7788985,522014720,3636,3636
1716004705.7800577,522014720,3823,3823
1716004706.7811985,522014720,4441,4441
1716004707.7823696,522014720,3712,3712
1716004708.7835352,522014720,6108,6108
1716004709.7847168,522014720,1052,1052
1716004710.7858899,522014720,4160,4160
1716004711.7870643,522014720,3776,3776
1716004712.788243,522014720,3454,3454
1716004713.7891896,522014720,4290,4290
1716004714.7903566,522014720,2464,2464
1716004715.7915394,522014720,4535,4535
1716004716.7927225,522014720,2023,2023
1716004717.7931757,522014720,3128,3128
1716004718.7943568,522014720,3070,3070
1716004719.7955308,522014720,3830,3830
1716004720.7967217,522014720,1911,1911
1716004721.7971897,522014720,3883,3883
1716004722.7983673,522014720,3800,3800
1716004723.7995536,522014720,4501,4501
1716004724.8007324,522014720,1458,1458
1716004725.8019211,522014720,5610,5610
1716004726.803103,522014720,1671,1671
1716004727.8042827,522014720,3712,3712
1716004728.8051834,522014720,4185,4185
1716004729.806371,522014720,4338,4338
1716004730.8075497,522014720,2298,2298
1716004731.8087337,522014720,5385,5385
1716004732.8091857,522014720,2193,2193
1716004733.8103807,522014720,3918,3918
1716004734.8116324,522014720,5019,5019
1716004735.812808,522014720,3172,3172
1716004736.8131719,522014720,4569,4569
1716004737.8134046,522014720,3646,3646
1716004738.8145733,522014720,4697,4697
1716004739.8157523,522014720,3781,3781
1716004740.8169413,522014720,2799,2799
1716004741.8174672,522014720,3659,3659
1716004742.818663,522014720,2189,2189
1716004743.8202338,522014720,3962,3962
1716004744.8212245,522014720,1019,1019
1716004745.823128,522014720,152,152
1716004746.824351,522014720,159,159
1716004747.8257182,522014720,0,0
1716004748.8269684,522014720,610,610
1716004749.8283296,522014720,0,0
1716004750.8292234,522014720,0,0
1716004751.8310585,522014720,0,0
1716004752.8323028,522014720,0,0
1716004753.8340476,522014720,600,600
1716004754.8353493,522014720,0,0
1716004755.8372748,522014720,0,0
1716004756.838495,522014720,0,0
1716004757.839659,522014720,1206,1206
1716004758.840832,522014720,558,558
1716004759.8411784,522014720,0,0
1716004760.8416758,522014720,760,760
1716004761.842863,522014720,0,0
1716004762.84406,522014720,0,0
1716004763.8452759,522014720,600,600
1716004764.8464725,522014720,0,0
1716004765.8469152,522014720,0,0
1716004766.8480942,522014720,190,190
1716004767.8492782,522014720,0,0
1716004768.8504493,522014720,600,600
1716004769.851622,522014720,0,0
1716004770.8527954,522014720,0,0
1716004771.8531868,522014720,0,0
1716004772.8543665,522014720,0,0
1716004773.8555322,522014720,600,600
1716004774.8566997,522014720,0,0
1716004775.857187,522014720,0,0
1716004776.8583586,522014720,0,0
1716004777.8595314,522014720,0,0
1716004778.8607197,522014720,600,600
1716004779.861176,522014720,0,0
1716004780.8623369,522014720,0,0
1716004781.863547,522014720,361339071,361339071
1716004782.8647375,522014720,187627717,187627717
1716004783.865183,522014720,600,600
1716004784.8663466,522014720,0,0
1716004785.8675296,522014720,34637961,34637961
1716004786.868756,522014720,1925929234,1925929234
1716004787.8692055,522014720,458,458
1716004788.8704145,522014720,600,600
1716004789.8716502,522014720,3235,3235
1716004790.8728654,522014720,3964,3964
1716004791.873261,522014720,8640,8640
1716004792.874488,522014720,17128,17128
1716004793.875734,522014720,10024,10024
1716004794.8769767,522014720,5980,5980
1716004795.8772342,522014720,6306,6306
1716004796.8785954,522014720,5865,5865
1716004797.8798215,522014720,6306,6306
1716004798.8810642,522014720,6362,6362
1716004799.8822868,522014720,3309,3309
1716004800.8835185,522014720,7768,7768
1716004801.884759,522014720,4029,4029
1716004802.8852339,522014720,5972,5972
1716004803.8865004,522014720,6304,6304
1716004804.8877287,522014720,5649,5649
1716004805.888958,522014720,4795,4795
1716004806.8892565,522014720,5946,5946
1716004807.8904965,522014720,5571,5571
1716004808.891729,522014720,5478,5478
1716004809.8929808,522014720,5822,5822
1716004810.8932366,522014720,6354,6354
1716004811.8944988,522014720,4062,4062
1716004812.8954995,522014720,5643,5643
1716004813.896741,522014720,4266,4266
1716004814.8979664,522014720,4296,4296
1716004815.8992379,522014720,4941,4941
1716004816.9004803,522014720,6075,6075
1716004817.9017172,522014720,4454,4454
1716004818.903054,522014720,4416,4416
1716004819.9042811,522014720,5542,5542
1716004820.9055276,522014720,5684,5684
1716004821.9068098,522014720,3458,3458
1716004822.908053,522014720,4717,4717
1716004823.9092457,522014720,6465,6465
1716004824.9104857,522014720,6146,6146
1716004825.9112165,522014720,4153,4153
1716004826.9124641,522014720,5832,5832
1716004827.9137166,522014720,4128,4128
1716004828.914965,522014720,5653,5653
1716004829.91621,522014720,1721,1721
1716004830.917237,522014720,6242,6242
1716004831.9184763,522014720,3742,3742
1716004832.925631,522014720,5306,5306
1716004833.926995,522014720,1129,1129
1716004834.92842,522014720,0,0
1716004835.929615,522014720,2619,2619
1716004836.9307914,522014720,0,0
1716004837.9319663,522014720,496,496
1716004838.9331656,522014720,759,759
1716004839.9343283,522014720,0,0
1716004840.9354916,522014720,0,0
1716004841.9366603,522014720,0,0
1716004842.9371736,522014720,0,0
1716004843.9383366,522014720,548,548
1716004844.939503,522014720,0,0
1716004845.9406753,522014720,0,0
1716004846.9411838,522014720,0,0
1716004847.9417534,522014720,0,0
1716004848.9429183,522014720,600,600
1716004849.9440868,522014720,0,0
1716004850.9451735,522014720,0,0
1716004851.9463522,522014720,0,0
1716004852.947518,522014720,0,0
1716004853.9487085,522014720,600,600
1716004854.9499056,522014720,0,0
1716004855.951089,522014720,0,0
1716004856.9522703,522014720,0,0
1716004857.953439,522014720,0,0
1716004858.9546154,522014720,496,496
1716004859.9557889,522014720,0,0
1716004860.9569771,923340800,399986027,399986027
1716004861.9572692,923340800,242,242
1716004862.9584532,923340800,0,0
1716004863.959616,923340800,600,600
1716004864.9608705,1086771200,310568847,310568847
1716004868.628027,3570438144,1798453329,1798453329
1716004869.6472347,3676893184,6141,6141
1716004870.6756213,3676893184,4127,4127
1716004871.6941063,3677384704,4350,4350
1716004872.6954308,3677384704,3832,3832
1716004873.7344208,3677384704,4960,4960
1716004874.7620597,3678121984,4635,4635
1716004875.7763138,3678121984,6193,6193
1716004876.7810931,3678859264,4110,4110
1716004877.7851732,3679350784,6164,6164
1716004878.8043833,3679842304,3157,3157
1716004879.808366,3680088064,2377,2377
1716004880.825068,3682791424,1355,1355
1716004881.8376281,3685249024,95197,95197
1716004882.85601,3685986304,5934,5934
1716004883.8861911,3686477824,4599,4599
1716004884.904418,3687460864,4008,4008
1716004885.906622,3687460864,6129,6129
1716004886.924547,3687952384,3882,3882
1716004887.9252572,3688443904,4243,4243
1716004888.938242,3693867008,5907,5907
1716004889.947145,3698044928,6439,6439
1716004890.9559174,3698782208,4195,4195
1716004891.9938474,3699519488,5910,5910
1716004893.0324306,3700748288,4930,4930
1716004894.04482,3701239808,5693,5693
1716004895.0566125,3712299008,6186,6186
1716004896.0668306,3727495168,5962,5962
1716004897.0810978,3728232448,4919,4919
1716004898.0932436,3728723968,6135,6135
1716004899.098236,3729461248,5194,5194
1716004900.112937,3730198528,5231,5231
1716004901.1172478,3730198528,4243,4243
1716004902.1318047,3731181568,3357,3357
1716004903.1535962,3731673088,4406,4406
1716004904.180691,3732410368,6628,6628
1716004905.1821434,3773206528,6285,6285
1716004906.1978872,3773943808,5234,5234
1716004907.2111595,3799748608,6313,6313
1716004908.2222538,3800731648,4422,4422
1716004909.2288465,3801468928,4870,4870
1716004910.2333891,3801468928,5696,5696
1716004911.2602866,3801468928,4242,4242
1716004912.2613218,3886534656,6828,6828
1716004913.262848,3870191616,2153,2153
1716004914.2643645,3885682688,2155,2155
1716004915.265314,3860250624,1189,1189
1716004916.2667675,4202475520,1464,1464
1716004917.268027,3860807680,1945,1945
1716004918.2692726,3892379648,2129,2129
1716004919.2706041,3886149632,2167,2167
1716004920.2718666,3854741504,1775,1775
1716004921.2734356,3988131840,1502,1502
1716004922.2747853,4190224384,1660,1660
1716004923.2760746,4004093952,2397,2397
1716004924.2773304,3877875712,1980,1980
1716004925.2786746,3904401408,2267,2267
1716004926.279944,3989331968,1500,1500
1716004927.2812715,3930193920,1494,1494
1716004928.2827823,3886125056,2200,2200
1716004929.2841313,3836063744,1928,1928
1716004930.28528,3879481344,2263,2263
1716004931.2865915,4022308864,1498,1498
1716004932.2879436,4166955008,1498,1498
1716004933.2895362,4012101632,1700,1700
1716004934.2907958,3885518848,2045,2045
1716004935.2919936,3886292992,2026,2026
1716004936.2931921,3854655488,2084,2084
1716004937.2945516,3961663488,1500,1500
1716004938.2965312,4095762432,1800,1800
1716004939.297274,4043489280,1812,1812
1716004940.2985208,3972042752,916,916
1716004941.2999501,3854671872,2511,2511
1716004942.3012571,3961188352,2093,2093
1716004943.3245285,3877093376,2591,2591
1716004944.3453693,3877093376,6554,6554
1716004945.3669152,3877093376,5127,5127
1716004946.381825,3888152576,6018,6018
1716004947.407883,3922804736,5860,5860
1716004948.4376764,3954016256,5920,5920
1716004949.4615767,3988668416,4021,4021
1716004950.4910176,4023320576,6207,6207
1716004951.521686,4054777856,4055,4055
1716004952.5451927,4089430016,2752,2752
1716004953.5464816,4120887296,3950,3950
1716004954.5499492,4155539456,5699,5699
1716004955.5596118,4193386496,2230,2230
1716004956.5707235,4231233536,2027,2027
1716004957.5837655,4265885696,4411,4411
1716004958.591205,4303486976,4788,4788
1716004959.6029778,4341334016,4738,4738
1716004960.6138468,4376477696,1714,1714
1716004961.6225863,4414324736,5672,5672
1716004962.6515005,4455120896,5855,5855
1716004963.6648371,4502306816,4859,4859
1716004964.668789,4546297856,3807,3807
1716004965.671974,4590534656,5258,5258
1716004966.6745152,4634525696,3068,3068
1716004967.6832652,4678516736,4183,4183
1716004968.71982,4703830016,2067,2067
1716004969.7566388,4757245952,3853,3853
1716004970.759872,4842532864,11807,11807
1716004971.7641666,4858015744,5243,5243
1716004972.7785263,4940111872,4475,4475
1716004973.8014352,5015654400,5822,5822
1716004974.8163166,5027942400,3823,3823
1716004975.8282151,5113233408,5140,5140
1716004976.8478224,5188775936,2223,2223
1716004977.871244,5201063936,5444,5444
1716004978.8810995,5257834496,4484,4484
1716004979.9158888,5355601920,3048,3048
1716004980.945407,5393203200,509,509
1716004982.0109582,5516128256,3126,3126
1716004983.0386207,5528416256,5559,5559
1716004984.1584432,5676658688,4958,4958
1716005001.7247632,7539949568,76266,76266
1716005002.7252216,7438831616,1907456446,1907456446
1716005003.7264333,7438831616,772,772
1716005004.727647,7438831616,104,104
1716005005.7288518,7438831616,0,0
1716005006.7292325,7438831616,1571258083,1571258083
1716005007.7304502,7438831616,265578556,265578556
1716005008.731662,7438831616,444,444
1716005009.7328687,7438831616,0,0
1716005010.7332509,7438831616,0,0
1716005011.7344823,7438831616,1348,1348
1716005012.7357395,7438831616,3745,3745
1716005013.7369828,7438831616,3885,3885
1716005014.737243,7438831616,3608,3608
1716005015.7385302,7438831616,3281,3281
1716005016.739814,7438831616,3683,3683
1716005017.7411137,7438831616,3689,3689
1716005018.7423952,7438831616,4063,4063
1716005019.7436314,7438831616,3468,3468
1716005020.7448692,7438831616,3391,3391
1716005021.745245,7438831616,3781,3781
1716005022.746476,7438831616,4349,4349
1716005023.7477455,7438831616,3548,3548
1716005024.7490578,7438831616,3762,3762
1716005025.7502878,7438831616,3797,3797
1716005026.7515304,7438831616,3749,3749
1716005027.7527719,7438831616,1578,1578
1716005028.7532392,7438831616,3678,3678
1716005029.7545042,7438831616,1120,1120
1716005030.7557364,7438831616,3759,3759
1716005031.7569938,7438831616,3739,3739
1716005032.7582614,7438831616,4669,4669
1716005033.759512,7438831616,1572,1572
1716005034.7607696,7438831616,3816,3816
1716005035.7612798,7438831616,1777,1777
1716005036.7626076,7438831616,4434,4434
1716005037.7638652,7438831616,1564,1564
1716005038.765128,7438831616,4298,4298
1716005039.7663589,7438831616,2768,2768
1716005040.7676058,7438831616,1213,1213
1716005041.7689788,7438831616,2567,2567
1716005042.7702243,7438831616,2330,2330
1716005043.7714684,7438831616,3518,3518
1716005044.7727032,7438831616,2955,2955
1716005045.773269,7438831616,1865,1865
1716005046.7745094,7438831616,3708,3708
1716005047.7759438,7438831616,2130,2130
1716005048.7772512,7438831616,3741,3741
1716005049.7784853,7438831616,3179,3179
1716005050.7797275,7438831616,1123,1123
1716005051.7809696,7438831616,3711,3711
1716005052.7812436,7438831616,1979,1979
1716005053.7825258,7438831616,2060,2060
1716005054.7838638,7438831616,4811,4811
1716005055.7851107,7438831616,3573,3573
1716005056.7863424,7438831616,4493,4493
1716005057.7876134,7438831616,2170,2170
1716005058.788846,7438831616,3654,3654
1716005059.7892342,7438831616,5859,5859
1716005060.7904563,7438831616,4379,4379
1716005061.791721,7438831616,2511,2511
1716005062.7930014,7438831616,3920,3920
1716005063.7942483,7438831616,4254,4254
1716005064.7955287,7438831616,4045,4045
1716005065.7967613,7438831616,4747,4747
1716005066.7972643,7438831616,1568,1568
1716005067.7985008,7438831616,4329,4329
1716005068.7997828,7438831616,4610,4610
1716005069.8010752,7438831616,3660,3660
1716005070.802299,7438831616,3212,3212
1716005071.8036206,7438831616,3577,3577
1716005072.8048537,7438831616,2901,2901
1716005073.8052359,7438831616,4466,4466
1716005074.806465,7438831616,4535,4535
1716005075.807701,7438831616,4532,4532
1716005076.808941,7438831616,2757,2757
1716005077.8102188,7438831616,674,674
1716005078.8115344,7438831616,4475,4475
1716005079.8127975,7438831616,3772,3772
1716005080.8140764,7438831616,3829,3829
1716005081.815337,7438831616,3631,3631
1716005082.8165784,7438831616,3591,3591
1716005083.8172626,7438831616,4136,4136
1716005084.8185,7438831616,3153,3153
1716005085.8197372,7438831616,2036,2036
1716005086.820966,7438831616,2087,2087
1716005087.8212426,7438831616,3750,3750
1716005088.8225272,7438831616,4263,4263
1716005089.8238027,7438831616,5679,5679
1716005090.8251173,7438831616,3750,3750
1716005091.8264353,7438831616,3837,3837
1716005092.8276808,7438831616,3678,3678
1716005093.828969,7438831616,4337,4337
1716005094.8302526,7438831616,2741,2741
1716005095.831541,7438831616,3313,3313
1716005096.832809,7438831616,3645,3645
1716005097.8332446,7438831616,2081,2081
1716005098.8347356,7438831616,618,618
1716005099.8359709,7438831616,0,0
1716005100.8375292,7438831616,0,0
1716005101.8387775,7438831616,0,0
1716005102.8402388,7438831616,0,0
1716005103.8412244,7438831616,548,548
1716005104.8425963,7438831616,0,0
1716005105.8438423,7438831616,0,0
1716005106.8453426,7438831616,0,0
1716005107.846596,7438831616,0,0
1716005108.8479948,7438831616,548,548
1716005109.8492703,7438831616,0,0
1716005110.8506727,7438831616,0,0
1716005111.8518982,7438831616,1147,1147
1716005112.8531258,7438831616,0,0
1716005113.8543339,7438831616,909,909
1716005114.8555386,7438831616,0,0
1716005115.8567529,7438831616,0,0
1716005116.8572173,7438831616,0,0
1716005117.8584251,7438831616,0,0
1716005118.8596394,7438831616,548,548
1716005119.860712,7438831616,0,0
1716005120.861921,7438831616,0,0
1716005121.8631399,7438831616,0,0
1716005122.8643422,7438831616,0,0
1716005123.8652003,7438831616,444,444
1716005124.866401,7438831616,0,0
1716005125.8676286,7438831616,0,0
1716005126.868842,7438831616,0,0
1716005127.8700485,7438831616,0,0
1716005128.8712692,7438831616,548,548
1716005129.8724866,7438831616,0,0
1716005130.873708,7438831616,0,0
1716005131.874931,7438831616,0,0
1716005132.8761456,7438831616,0,0
1716005133.877347,7438831616,444,444
1716005134.8785617,7438831616,0,0
1716005135.8797789,7438831616,390276814,390276814
1716005136.8809943,7438831616,0,0
1716005137.8822153,7438831616,7116,7116
1716005138.8834362,7438831616,34639252,34639252
1716005139.8846834,7438831616,1832062136,1832062136
1716005140.8852286,7438831616,252235973,252235973
1716005141.886445,7438831616,0,0
1716005142.8876529,7438831616,1383,1383
1716005143.8888972,7438831616,5462,5462
1716005144.8892434,7438831616,4092,4092
1716005145.890499,7438831616,6656,6656
1716005146.891737,7438831616,3968,3968
1716005147.8925743,7438831616,5483,5483
1716005148.893232,7438831616,6689,6689
1716005149.8944204,7438831616,6044,6044
1716005150.8956559,7438831616,3862,3862
1716005151.8968976,7438831616,3856,3856
1716005152.8972414,7438831616,3839,3839
1716005153.8984897,7438831616,6411,6411
1716005154.8997264,7438831616,4215,4215
1716005155.9009714,7438831616,5712,5712
1716005156.9012628,7438831616,4366,4366
1716005157.9025018,7438831616,1939,1939
1716005158.9037533,7438831616,5769,5769
1716005159.9049947,7438831616,6239,6239
1716005160.9052482,7438831616,4247,4247
1716005161.906487,7438831616,6380,6380
1716005162.907739,7438831616,5014,5014
1716005163.9089785,7438831616,4649,4649
1716005164.9092417,7438831616,4702,4702
1716005165.9104722,7438831616,5274,5274
1716005166.9117098,7438831616,4999,4999
1716005167.9129803,7438831616,4698,4698
1716005168.9132423,7438831616,6262,6262
1716005169.9144785,7438831616,4181,4181
1716005170.9157298,7438831616,4845,4845
1716005171.9169748,7438831616,5829,5829
1716005172.9172406,7438831616,5643,5643
1716005173.9184804,7438831616,4323,4323
1716005174.919735,7438831616,6684,6684
1716005175.9209974,7438831616,4094,4094
1716005176.9212523,7438831616,6019,6019
1716005177.9224916,7438831616,6088,6088
1716005178.9237409,7438831616,6700,6700
1716005179.9249737,7438831616,3978,3978
1716005180.925241,7438831616,6254,6254
1716005181.9264958,7438831616,4097,4097
1716005182.927744,7438831616,97794,97794
1716005183.928976,7438831616,4426,4426
1716005184.9293172,7438831616,5267,5267
1716005185.9312,7438831616,181,181
1716005186.932426,7438831616,1105,1105
1716005187.9333837,7438831616,0,0
1716005188.9339106,7438831616,756,756
1716005189.9351177,7438831616,0,0
1716005190.9358797,7438831616,2065,2065
1716005191.9370744,7438831616,0,0
1716005192.938259,7438831616,304,304
1716005193.9394336,7438831616,502,502
1716005194.940627,7438831616,0,0
1716005195.9418223,7438831616,0,0
1716005196.943059,7438831616,0,0
1716005197.9442785,7438831616,0,0
1716005198.9454682,7438831616,548,548
1716005199.9466977,7438831616,0,0
1716005200.9479437,7438831616,0,0
1716005201.949176,7438831616,0,0
1716005202.950343,7438831616,0,0
1716005203.9515214,7438831616,548,548
1716005204.952743,7438831616,0,0
1716005205.953916,7438831616,0,0
1716005206.9551017,7438831616,0,0
1716005207.9562933,7438831616,0,0
1716005208.9574816,7438831616,754,754
1716005209.9586766,7438831616,0,0
1716005210.9598641,7438831616,151,151
1716005211.9610643,7438831616,0,0
1716005212.9622614,7438831616,0,0
1716005213.963444,7438831616,601,601
1716005214.964626,7438831616,33608868,33608868
1716005215.9651933,7438831616,190,190
1716005216.9653885,7438831616,0,0
1716005217.9665768,7438831616,0,0
1716005218.9677591,7438831616,34643917,34643917
1716005219.9685783,7438831616,2441254131,2441254131
1716005220.9697907,7438831616,0,0
1716005221.9709868,7438831616,0,0
1716005222.9722154,7438831616,1036,1036
1716005223.9732585,7438831616,3494,3494
1716005224.9742923,7438831616,5155,5155
1716005225.9755156,7438831616,6287,6287
1716005226.9767575,7438831616,6125,6125
1716005227.9772336,7438831616,4040,4040
1716005228.978465,7438831616,6353,6353
1716005229.9797156,7438831616,2991,2991
1716005230.9809308,7438831616,5532,5532
1716005231.981221,7438831616,3733,3733
1716005232.9824276,7438831616,6187,6187
1716005233.9836729,7438831616,5833,5833
1716005234.9848948,7438831616,5086,5086
1716005235.985271,7438831616,2272,2272
1716005236.9865067,7438831616,6460,6460
1716005237.9877326,7438831616,4966,4966
1716005238.9889696,7438831616,7119,7119
1716005239.9892411,7438831616,5703,5703
1716005240.9904716,7438831616,5956,5956
1716005241.9917138,7438831616,4924,4924
1716005242.9929492,7438831616,4151,4151
1716005243.9932373,7438831616,6483,6483
1716005244.99446,7438831616,3133,3133
1716005245.9957082,7438831616,963,963
1716005246.9969444,7438831616,3785,3785
1716005247.9976058,7438831616,3925,3925
1716005248.9988515,7438831616,6631,6631
1716005250.0000937,7438831616,4938,4938
1716005251.0012207,7438831616,6517,6517
1716005252.0024707,7438831616,10552,10552
1716005253.0037165,7438831616,4932,4932
1716005254.0049305,7438831616,2382,2382
1716005255.005225,7438831616,3127,3127
1716005256.0064573,7438831616,7159,7159
1716005257.0077074,7438831616,3834,3834
1716005258.0089352,7438831616,6304,6304
1716005259.0092468,7438831616,6483,6483
1716005260.0104856,7438831616,4269,4269
1716005261.0117161,7438831616,2205,2205
1716005262.0129404,7438831616,1299,1299
1716005263.0132256,7438831616,5575,5575
1716005264.014459,7438831616,4349,4349
1716005265.015687,7438831616,3865,3865
1716005266.017115,7438831616,6811,6811
1716005267.018332,7438831616,11557,11557
1716005268.0195568,7438831616,2934,2934
1716005269.0209045,7438831616,2147,2147
1716005270.0216594,7438831616,3081,3081
1716005271.0232885,7438831616,2806,2806
1716005272.025183,7438831616,2882,2882
1716005273.0268238,7438831616,2266,2266
1716005274.0281472,7438831616,2788,2788
1716005275.0292227,7438831616,1810,1810
1716005276.0304244,7438831616,832,832
1716005277.0317419,7438831616,1929,1929
1716005278.0331755,7438831616,1899,1899
1716005279.034189,7438831616,2192,2192
1716005280.0358715,7438831616,3340,3340
1716005281.036706,7438831616,2903,2903
1716005282.037304,7438831616,2295,2295
1716005283.0385127,7438831616,1992,1992
1716005284.0397985,7438831616,1966,1966
1716005285.0413027,7438831616,1987,1987
1716005286.0424824,7438831616,3787,3787
1716005287.0436702,7438831616,5768,5768
1716005288.0448709,7438831616,5252,5252
1716005289.0451927,7438831616,4465,4465
1716005290.0463908,7438831616,4072,4072
1716005291.0475743,7438831616,4472,4472
1716005292.0487957,7438831616,3099,3099
1716005293.0491898,7438831616,5572,5572
1716005294.0503824,7438831616,4509,4509
1716005295.0515568,7438831616,4359,4359
1716005296.0527525,7438831616,1907,1907
1716005297.053209,7438831616,4896,4896
1716005298.0544002,7438831616,5112,5112
1716005299.055593,7438831616,3538,3538
1716005300.0568,7438831616,2112,2112
1716005301.0572748,7438831616,4261,4261
1716005302.0584652,7438831616,5181,5181
1716005303.0596542,7438831616,3037,3037
1716005304.0608568,7438831616,5228,5228
1716005305.061194,7438831616,4184,4184
1716005306.0623932,7438831616,5034,5034
1716005307.0635936,7438831616,6454,6454
1716005308.0647876,7438831616,6239,6239
1716005309.065998,7438831616,2351,2351
1716005310.0672297,7438831616,6499,6499
1716005311.0684297,7438831616,4232,4232
1716005312.069635,7438831616,6046,6046
1716005313.0708396,7438831616,3583,3583
1716005314.07203,7438831616,4649,4649
1716005315.0731916,7438831616,3045,3045
1716005316.0743754,7438831616,2260,2260
1716005317.075587,7438831616,2790,2790
1716005318.0767837,7438831616,4422,4422
1716005319.0772293,7438831616,4765,4765
1716005320.0784166,7438831616,5042,5042
1716005321.0796134,7438831616,3882,3882
1716005322.0808218,7438831616,2892,2892
1716005323.0812073,7438831616,3552,3552
1716005324.082407,7438831616,4335,4335
1716005325.083594,7438831616,2371,2371
1716005326.0847907,7438831616,3471,3471
1716005327.0859756,7438831616,2508,2508
1716005328.0871804,7438831616,919,919
1716005329.0883904,7438831616,1135,1135
1716005330.0896022,7438831616,0,0
1716005331.0908108,7438831616,159,159
1716005332.092012,7438831616,0,0
1716005333.093212,7438831616,0,0
1716005334.0944195,7438831616,605,605
1716005335.0956144,7438831616,0,0
1716005336.0968075,7438831616,0,0
1716005337.0980046,7438831616,0,0
1716005338.099207,7438831616,0,0
1716005339.1004057,7438831616,548,548
1716005340.1012158,7438831616,1569,1569
1716005341.1024094,7438831616,0,0
1716005342.103609,7438831616,304,304
1716005343.1048107,7438831616,0,0
1716005344.1052012,7438831616,605,605
1716005345.106448,7438831616,1801205518,1801205518
1716005346.1076596,7438831616,1107804365,1107804365
1716005347.1088376,7438831616,156,156
1716005348.1091864,7438831616,104,104
1716005349.1104114,7438831616,412169800,412169800
1716005350.1116211,7438831616,422624260,422624260
1716005351.1128218,7438831616,190,190
1716005352.1140077,7438831616,0,0
1716005353.1152003,7438831616,0,0
1716005354.1163874,7438831616,548,548
1716005355.1171832,7438831616,2183,2183
1716005356.1183841,7438831616,3335,3335
1716005357.1195793,7438831616,3295,3295
1716005358.1207662,7438831616,3763,3763
1716005359.121972,7438831616,3554,3554
1716005360.1231544,7438831616,3746,3746
1716005361.1243412,7438831616,3675,3675
1716005362.1251786,7438831616,3617,3617
1716005363.1263595,7438831616,3810,3810
1716005364.1275446,7438831616,3800,3800
1716005365.1287317,7438831616,3442,3442
1716005366.1291826,7438831616,2945,2945
1716005367.1303809,7438831616,3774,3774
1716005368.131594,7438831616,2895,2895
1716005369.1328073,7438831616,12071,12071
1716005370.1332054,7438831616,2103,2103
1716005371.1344051,7438831616,8324,8324
1716005372.1356115,7438831616,1885,1885
1716005373.1368148,7438831616,1400,1400
1716005374.138015,7438831616,3835,3835
1716005375.1392133,7438831616,3540,3540
1716005376.140447,7438831616,5205,5205
1716005377.1411893,7438831616,2653,2653
1716005378.1423678,7438831616,1011,1011
1716005379.1435504,7438831616,3676,3676
1716005380.14476,7438831616,3485,3485
1716005381.145948,7438831616,4079,4079
1716005382.1471364,7438831616,3753,3753
1716005383.1483195,7438831616,5194,5194
1716005384.1491923,7438831616,4473,4473
1716005385.1503851,7438831616,1623,1623
1716005386.151569,7438831616,4767,4767
1716005387.1527784,7438831616,2268,2268
1716005388.153186,7438831616,4083,4083
1716005389.1544056,7438831616,5472,5472
1716005390.1555874,7438831616,4249,4249
1716005391.1568093,7438831616,3702,3702
1716005392.1579974,7438831616,3720,3720
1716005393.1591978,7438831616,3826,3826
1716005394.1604035,7438831616,2501,2501
1716005395.16119,7438831616,3783,3783
1716005396.1623688,7438831616,628,628
1716005397.1635642,7438831616,3678,3678
1716005398.1647632,7438831616,3265,3265
1716005399.1659365,7438831616,1975,1975
1716005400.16711,7438831616,2798,2798
1716005401.1682878,7438831616,216,216
1716005402.1691701,7438831616,316,316
1716005403.1703434,7438831616,304,304
1716005404.1715486,7438831616,308,308
1716005405.1727197,7438831616,0,0
1716005406.1731236,7438831616,388,388
1716005407.1743102,7438831616,1804,1804
1716005408.1755257,7438831616,4080,4080
1716005409.1767542,7438831616,4089,4089
1716005410.1772285,7438831616,3636,3636
1716005411.1784601,7438831616,3765,3765
1716005412.1796837,7438831616,3555,3555
1716005413.180923,7438831616,3773,3773
1716005414.181234,7438831616,513,513
1716005415.1815593,7438831616,355,355
1716005416.1827319,7438831616,354,354
1716005417.1839068,7438831616,2470,2470
1716005418.1851037,7438831616,3837,3837
1716005419.1862838,7438831616,3800,3800
1716005420.187469,7438831616,2747,2747
1716005421.1886494,7438831616,3818,3818
1716005422.1898637,7438831616,4622,4622
1716005423.1910348,7438831616,1914,1914
1716005424.1922145,7438831616,5636,5636
1716005425.1931891,7438831616,3666,3666
1716005426.194356,7438831616,3717,3717
1716005427.1955404,7438831616,3720,3720
1716005428.1965523,7438831616,3067,3067
1716005429.197256,7438831616,3806,3806
1716005430.1984777,7438831616,3156,3156
1716005431.199702,7438831616,6244,6244
1716005432.2009237,7438831616,1609,1609
1716005433.2012327,7438831616,4126,4126
1716005434.2024522,7438831616,2514,2514
1716005435.2036924,7438831616,3877,3877
1716005436.2049396,7438831616,3712,3712
1716005437.2052255,7438831616,5815,5815
1716005438.2064536,7438831616,3203,3203
1716005439.2076879,7438831616,3854,3854
1716005440.2088995,7438831616,2428,2428
1716005441.2097635,7438831616,2106,2106
1716005442.2109315,7438831616,1225,1225
1716005443.2114935,7438831616,3983,3983
1716005444.2127285,7438831616,4168,4168
1716005445.2132273,7438831616,3388,3388
1716005446.2144158,7438831616,2508,2508
1716005447.215589,7438831616,3163,3163
1716005448.2168283,7438831616,2594,2594
1716005449.2181983,7438831616,208,208
1716005450.2193944,7438831616,0,0
1716005451.220906,7438831616,0,0
1716005452.2212155,7438831616,0,0
1716005453.2226577,7438831616,396,396
1716005454.2236147,7438831616,152,152
1716005455.225518,7438831616,0,0
1716005456.2267375,7438831616,0,0
1716005457.228768,7438831616,0,0
1716005458.2299914,7438831616,396,396
1716005459.2317877,7438831616,152,152
1716005460.2330377,7438831616,0,0
1716005461.2346284,7438831616,0,0
1716005462.2358234,7438831616,1147,1147
1716005463.2370205,7438831616,299,299
1716005464.2382128,7438831616,207,207
1716005465.2393844,7438831616,0,0
1716005466.240561,7438831616,190,190
1716005467.2417414,7438831616,0,0
1716005468.2429404,7438831616,448,448
1716005469.244129,7438831616,152,152
1716005470.245189,7438831616,0,0
1716005471.246368,7438831616,0,0
1716005472.2475579,7438831616,0,0
1716005473.248742,7438831616,5543,5543
1716005474.2499285,7438831616,367,367
1716005475.2511172,7438831616,152,152
1716005476.2523277,7438831616,161,161
1716005477.2529693,7438831616,8409,8409
1716005478.2541661,7438831616,2323,2323
1716005479.2553697,7438831616,2763,2763
1716005480.2565541,7438831616,1208,1208
1716005481.2577507,7438831616,2659,2659
1716005482.2589326,7438831616,96886,96886
1716005483.2601085,7438831616,547,547
1716005484.2611835,7438831616,433,433
1716005485.262368,7438831616,0,0
1716005486.2635543,7438831616,156,156
1716005487.2647536,7438831616,0,0
1716005488.26595,7438831616,404,404
1716005489.267142,7438831616,152,152
1716005490.268335,7438831616,753773054,753773054
1716005491.2692306,7438831616,1755983980,1755983980
1716005492.2704282,7438831616,216,216
1716005493.2716236,7438831616,292,292
1716005494.2728457,7438831616,3795,3795
1716005495.273233,7438831616,6511,6511
1716005496.2744524,7438831616,3899,3899
1716005497.2756717,7438831616,3877,3877
1716005498.276896,7438831616,6645,6645
1716005499.2772992,7438831616,6074,6074
1716005500.2785249,7438831616,5878,5878
1716005501.2797503,7438831616,5879,5879
1716005502.2809632,7438831616,6087,6087
1716005503.2812283,7438831616,6057,6057
1716005504.2824636,7438831616,6465,6465
1716005505.2837071,7438831616,5858,5858
1716005506.284928,7438831616,5918,5918
1716005507.2858875,7438831616,5332,5332
1716005508.287108,7438831616,1011,1011
1716005509.288342,7438831616,537,537
1716005510.2892504,7438831616,3657,3657
1716005511.2904844,7438831616,3969,3969
1716005512.2917616,7438831616,4538,4538
1716005513.2929878,7438831616,6051,6051
1716005514.2942226,7438831616,4472,4472
1716005515.2954745,7438831616,3344,3344
1716005516.2966979,7438831616,3633,3633
1716005517.2972264,7438831616,3870,3870
1716005518.2984502,7438831616,4586,4586
1716005519.2996895,7438831616,6285,6285
1716005520.300916,7438831616,1723,1723
1716005521.3012483,7438831616,6034,6034
1716005522.3024898,7438831616,5799,5799
1716005523.3037105,7438831616,2029,2029
1716005524.3041532,7438831616,6223,6223
1716005525.3052454,7438831616,5131,5131
1716005526.3064551,7438831616,3814,3814
1716005527.3076727,7438831616,3984,3984
1716005528.3088942,7438831616,5812,5812
1716005529.3092203,7438831616,6752,6752
1716005530.3104448,7438831616,5736,5736
1716005531.311684,7438831616,5404,5404
1716005532.3128426,7438831616,5912,5912
1716005533.3140771,7438831616,5347,5347
1716005534.31533,7438831616,4870,4870
1716005535.3165522,7438831616,4927,4927
1716005536.3177905,7438831616,4794,4794
1716005537.3191438,7438831616,2786,2786
1716005538.320509,7438831616,3922,3922
1716005539.321283,7438831616,159,159
1716005540.3224738,7438831616,3381,3381
