Timestamp,MemoryUsage,NetSent,NetRecv
1716003711.0046318,514961408,0,0
1716003712.0052912,522088448,4024,4024
1716003713.0061243,522088448,0,0
1716003714.006704,522088448,713,713
1716003715.008039,522088448,0,0
1716003716.0092843,522088448,0,0
1716003717.0106833,522088448,0,0
1716003718.011889,522088448,0,0
1716003719.0131705,522088448,600,600
1716003720.0144444,522088448,0,0
1716003721.0157163,522088448,0,0
1716003722.016723,522088448,0,0
1716003723.0173802,522088448,0,0
1716003724.018847,522088448,600,600
1716003725.0198936,522088448,0,0
1716003726.021149,522088448,0,0
1716003727.0224152,522088448,0,0
1716003728.0238411,522088448,0,0
1716003729.0252497,522088448,600,600
1716003730.0266418,522088448,0,0
1716003731.0273867,522088448,0,0
1716003732.028593,522088448,1505,1505
1716003733.0291996,522088448,3262,3262
1716003734.030395,522088448,4600,4600
1716003735.0316057,522088448,3737,3737
1716003736.03281,522088448,4197,4197
1716003737.0339053,522088448,0,0
1716003738.035117,522088448,318,318
1716003739.0363092,522088448,561,561
1716003740.0372128,522088448,0,0
1716003741.038408,522088448,0,0
1716003742.039615,522088448,0,0
1716003743.0408137,522088448,0,0
1716003744.0419269,522088448,548,548
1716003745.0431154,522088448,0,0
1716003746.044309,522088448,310,310
1716003747.0452068,522088448,0,0
1716003748.046404,522088448,152,152
1716003749.0475888,522088448,500,500
1716003750.0487726,522088448,0,0
1716003751.0491955,522088448,0,0
1716003752.0503883,522088448,0,0
1716003753.0515862,522088448,0,0
1716003754.0527706,522088448,496,496
1716003755.0532055,522088448,0,0
1716003756.0544024,522088448,0,0
1716003757.0555058,522088448,0,0
1716003758.0567303,522088448,0,0
1716003759.0572197,522088448,1610,1610
1716003760.058437,522088448,2273,2273
1716003761.0596342,522088448,1623,1623
1716003762.0608582,522088448,1867,1867
1716003763.0612032,522088448,1626,1626
1716003764.0624208,522088448,1628,1628
1716003765.0636165,522088448,1420,1420
1716003766.0648227,522088448,4410,4410
1716003767.0652087,522088448,1120,1120
1716003768.066423,522088448,3107,3107
1716003769.0676231,522088448,2844,2844
1716003770.0688264,522088448,2681,2681
1716003771.0691981,522088448,2069,2069
1716003772.070401,522088448,1756,1756
1716003773.0716176,522088448,3796,3796
1716003774.072823,522088448,4249,4249
1716003775.0732071,522088448,0,0
1716003776.074419,522088448,252,252
1716003777.0757277,522088448,0,0
1716003778.0769439,522088448,0,0
1716003779.0772111,522088448,554,554
1716003780.0784101,522088448,0,0
1716003781.07961,522088448,0,0
1716003782.080825,522088448,0,0
1716003783.0812051,522088448,0,0
1716003784.0824208,522088448,548,548
1716003785.0834074,522088448,0,0
1716003786.0846076,522088448,0,0
1716003787.0852065,522088448,0,0
1716003788.0863907,522088448,0,0
1716003789.0875974,522088448,548,548
1716003790.0882306,522088448,0,0
1716003791.089205,522088448,0,0
1716003792.0904064,522088448,0,0
1716003793.0915966,522088448,0,0
1716003794.092813,522088448,548,548
1716003795.093199,522088448,0,0
1716003796.0943944,522088448,0,0
1716003797.095605,522088448,0,0
1716003798.0968082,522088448,0,0
1716003799.097206,522088448,496,496
1716003800.0984082,522088448,0,0
1716003801.09962,522088448,0,0
1716003802.100823,522088448,0,0
1716003803.1016843,932753408,410480490,410480490
1716003804.102895,932753408,600,600
1716003805.1041007,932753408,0,0
1716003806.1052089,932753408,0,0
1716003807.1064153,951185408,17841210,17841210
1716003812.8794026,5510701056,3327896287,3327896287
1716003813.8889117,5651439616,6777,6777
1716003814.9034443,5651439616,4206,4206
1716003815.9047353,5651931136,6312,6312
1716003816.918075,5651931136,4066,4066
1716003817.9299707,5651931136,5603,5603
1716003818.9432087,5651931136,4695,4695
1716003819.9537034,5652422656,3798,3798
1716003820.9647582,5652668416,5919,5919
1716003821.9777496,5652914176,5762,5762
1716003822.989654,5653405696,5837,5837
1716003824.0024068,5653897216,3072,3072
1716003825.0160654,5654142976,4317,4317
1716003826.0321448,5654634496,4776,4776
1716003827.0788999,5655248896,5441,5441
1716003828.0891364,5661884416,5462,5462
1716003829.098389,5656686592,6424,6424
1716003830.1105397,5657178112,3608,3608
1716003831.129299,5663567872,4214,4214
1716003832.1363313,5657853952,4227,4227
1716003833.14886,5658345472,5702,5702
1716003834.1702774,5665062912,6323,6323
1716003835.1798637,5658918912,5855,5855
1716003836.1891336,5661732864,4949,4949
1716003837.201327,5660844032,3792,3792
1716003838.2308342,5679767552,6494,6494
1716003839.2475007,5680259072,6149,6149
1716003840.2765305,5662072832,4368,4368
1716003841.2917788,5655928832,3984,3984
1716003842.3115103,5681692672,4018,4018
1716003843.3258383,5681692672,4757,4757
1716003844.349849,5698895872,4836,4836
1716003845.365536,5721751552,3936,3936
1716003846.380726,5697802240,5201,5201
1716003847.386545,5722624000,6029,6029
1716003848.4104085,5723361280,6570,6570
1716003849.4193022,5723361280,6546,6546
1716003850.4362676,5724098560,3946,3946
1716003851.4530365,5724590080,4394,4394
1716003852.4753582,5725077504,7006,7006
1716003853.4782255,5725569024,6116,6116
1716003854.4997208,5725802496,5280,5280
1716003855.5051842,5786259456,5595,5595
1716003856.5165634,5787054080,3639,3639
1716003857.5330725,5787877376,3825,3825
1716003858.5388627,5826461696,6780,6780
1716003859.557283,5826953216,5717,5717
1716003860.5652618,5827637248,3687,3687
1716003861.5688317,5827637248,3047,3047
1716003862.5693662,5827637248,3996,3996
1716003863.5705507,5781512192,5312,5312
1716003864.571831,5811941376,1931,1931
1716003865.5732925,5995634688,1511,1511
1716003866.5746877,6085283840,2000,2000
1716003867.5759847,5893345280,1793,1793
1716003868.57738,5792784384,2020,2020
1716003869.5785968,5843447808,2181,2181
1716003870.5799272,5952458752,1514,1514
1716003871.5811768,5966913536,2286,2286
1716003872.5827458,5919006720,1501,1501
1716003873.583943,5811888128,2028,2028
1716003874.5852783,5843697664,2236,2236
1716003875.5865395,6254051328,1993,1993
1716003876.5878162,6065152000,1789,1789
1716003877.5891724,5830729728,1719,1719
1716003878.5905454,5811470336,2379,2379
1716003879.5919027,5793222656,2139,2139
1716003880.5931416,6160461824,2101,2101
1716003881.5945745,5896626176,1507,1507
1716003882.5961385,5843570688,1516,1516
1716003883.597579,5811945472,2173,2173
1716003884.5988402,5843456000,1849,1849
1716003885.6000893,5881503744,2100,2100
1716003886.6013722,5934366720,1514,1514
1716003887.6028683,5968695296,1507,1507
1716003888.6040487,5861834752,4663,4663
1716003889.605411,6156673024,1013,1013
1716003890.606841,5878226944,734,734
1716003891.6082025,5843668992,1429,1429
1716003892.6096523,5893783552,732,732
1716003893.6330812,5837922304,2002,2002
1716003894.641604,5837922304,3377,3377
1716003895.6568654,5837922304,3821,3821
1716003896.6792297,5841362944,5741,5741
1716003897.7031074,5875769344,5992,5992
1716003898.7284877,5910421504,4105,4105
1716003899.7569792,5941878784,5861,5861
1716003900.7792387,5976530944,4131,4131
1716003901.805858,6011183104,5921,5921
1716003902.8375485,6042640384,3924,3924
1716003903.8634014,6077292544,6149,6149
1716003904.890002,6111944704,6851,6851
1716003905.9045315,6149545984,4040,4040
1716003906.9136183,6187393024,2547,2547
1716003907.924343,6222045184,2789,2789
1716003908.9297724,6259892224,5296,5296
1716003909.9419816,6297493504,4126,4126
1716003910.962553,6333128704,3839,3839
1716003911.9695756,6370975744,4959,4959
1716003912.9906723,6411771904,4948,4948
1716003913.9936135,6459203584,2989,2989
1716003914.99684,6506143744,2803,2803
1716003915.9997938,6553575424,2702,2702
1716003917.0305958,6581837824,4626,4626
1716003918.0466182,6647947264,4874,4874
1716003919.0499282,6679404544,4952,4952
1716003920.0821962,6733074432,2498,2498
1716003921.0983806,6824509440,3309,3309
1716003922.1148303,6830653440,5305,5305
1716003923.1160448,6922084352,5271,5271
1716003924.1343923,6997630976,4244,4244
1716003925.1549504,7003774976,5580,5580
1716003926.1817138,7095205888,5395,5395
1716003927.1829216,7122239488,2475,2475
1716003928.1955898,7170752512,4558,4558
1716003929.2128956,7227277312,2732,2732
1716003930.2302396,7337574400,3112,3112
1716003931.2605956,7362396160,517,517
1716003932.2745948,7447429120,2870,2870
1716003933.304343,7498104832,1480,1480
1716003934.3160403,7579697152,1813,1813
1716003952.190851,9509343232,1871333336,1871333336
1716003953.1921,12537225216,1861444364,1861444364
1716003954.193236,8791228416,10455320,10455320
1716003955.194445,8791228416,0,0
1716003956.1956575,8791228416,0,0
1716003957.1968546,8791228416,0,0
1716003958.1972065,8791228416,588,588
1716003959.1984127,8791228416,3092,3092
1716003960.199617,8791228416,3563,3563
1716003961.2008247,8791228416,3194,3194
1716003962.2020385,8791228416,4161,4161
1716003963.2032456,8791228416,4126,4126
1716003964.204447,8791228416,4694,4694
1716003965.2052038,8791228416,2926,2926
1716003966.2063987,8791228416,2701,2701
1716003967.2075977,8791228416,3519,3519
1716003968.208809,8791228416,1416,1416
1716003969.2100303,8791228416,3764,3764
1716003970.2112303,8791228416,505,505
1716003971.2124195,8791228416,3672,3672
1716003972.213202,8791228416,3295,3295
1716003973.2144108,8791228416,3178,3178
1716003974.2156208,8791228416,2749,2749
1716003975.2168279,8791228416,727,727
1716003976.2172089,8791228416,896,896
1716003977.2184145,8791228416,4428,4428
1716003978.2196193,8791228416,3786,3786
1716003979.2208176,8791228416,3778,3778
1716003980.221203,8791228416,3478,3478
1716003981.2223997,8791228416,92325,92325
1716003982.2236178,8791228416,2913,2913
1716003983.224826,8791228416,3993,3993
1716003984.2260363,8791228416,3859,3859
1716003985.2272372,8791228416,4066,4066
1716003986.2284422,8791228416,5981,5981
1716003987.229216,8791228416,5128,5128
1716003988.2304077,8791228416,2500,2500
1716003989.2316275,8791228416,1910,1910
1716003990.232829,8791228416,655,655
1716003991.2332118,8791228416,2065,2065
1716003992.234443,8791228416,2187,2187
1716003993.2356474,8791228416,3497,3497
1716003994.236862,8791228416,4307,4307
1716003995.2371974,8791228416,2664,2664
1716003996.2383966,8791228416,508,508
1716003997.2396033,8791228416,2572,2572
1716003998.2408054,8791228416,2090,2090
1716003999.2420115,8791228416,3839,3839
1716004000.2428718,8791228416,3755,3755
1716004001.2440712,8791228416,3098,3098
1716004002.245208,8791228416,3022,3022
1716004003.2464085,8791228416,4857,4857
1716004004.247618,8791228416,4680,4680
1716004005.2488108,8791228416,3588,3588
1716004006.2492023,8791228416,3562,3562
1716004007.2504044,8791228416,3137,3137
1716004008.2516077,8791228416,3663,3663
1716004009.252809,8791228416,2773,2773
1716004010.253198,8791228416,3157,3157
1716004011.2544029,8791228416,3906,3906
1716004012.255595,8791228416,2736,2736
1716004013.256788,8791228416,4055,4055
1716004014.257214,8791228416,3509,3509
1716004015.2584167,8791228416,1045,1045
1716004016.259604,8791228416,6195,6195
1716004017.2608135,8791228416,2815,2815
1716004018.2620337,8791228416,1418,1418
1716004019.263255,8791228416,3580,3580
1716004020.2644567,8791228416,3776,3776
1716004021.2656748,8791228416,2446,2446
1716004022.2668936,8791228416,3079,3079
1716004023.2680962,8791228416,4690,4690
1716004024.2693102,8791228416,4559,4559
1716004025.2705271,8791228416,3302,3302
1716004026.2717524,8791228416,956,956
1716004027.2729542,8791228416,364,364
1716004028.2741694,8791228416,4402,4402
1716004029.2749188,8791228416,8100,8100
1716004030.276136,8791228416,14174,14174
1716004031.2772071,8791228416,10249,10249
1716004032.2784066,8791228416,2129,2129
1716004033.2796135,8791228416,4156,4156
1716004034.2808132,8791228416,6165,6165
1716004035.2820206,8791228416,6573,6573
1716004036.2832384,8791228416,2374,2374
1716004037.2844439,8791228416,3764,3764
1716004038.2851942,8791228416,2707,2707
1716004039.2863932,8791228416,3963,3963
1716004040.2875996,8791228416,3040,3040
1716004041.2888098,8791228416,1393,1393
1716004042.2900257,8791228416,1448,1448
1716004043.2912462,8791228416,4437,4437
1716004044.2924502,8791228416,3038,3038
1716004045.2932458,8791228416,2224,2224
1716004046.2947671,8791228416,0,0
1716004047.2959998,8791228416,311,311
1716004048.298299,8791228416,155,155
1716004049.2995477,8791228416,353,353
1716004050.3011858,8791228416,0,0
1716004051.302451,8791228416,0,0
1716004052.304379,8791228416,0,0
1716004053.30538,8791228416,448,448
1716004054.3063395,8791228416,152,152
1716004055.3077352,8791228416,0,0
1716004056.3089607,8791228416,0,0
1716004057.3094711,8791228416,0,0
1716004058.3107297,8791228416,448,448
1716004059.3119318,8791228416,1337,1337
1716004060.3125246,8791228416,0,0
1716004061.313749,8791228416,301,301
1716004062.314947,8791228416,0,0
1716004063.3161633,8791228416,451,451
1716004064.3172128,8791228416,155,155
1716004065.3184388,8791228416,0,0
1716004066.3196626,8791228416,0,0
1716004067.3208675,8791228416,0,0
1716004068.3212087,8791228416,448,448
1716004069.3224247,8791228416,152,152
1716004070.323646,8791228416,0,0
1716004071.3248622,8791228416,0,0
1716004072.325278,8791228416,0,0
1716004073.3264985,8791228416,344,344
1716004074.3277106,8791228416,152,152
1716004075.3289154,8791228416,0,0
1716004076.3292058,8791228416,0,0
1716004077.330396,8791228416,0,0
1716004078.331615,8791228416,448,448
1716004079.332839,8791228416,152,152
1716004080.333215,8791228416,0,0
1716004081.334385,8791228416,0,0
1716004082.3356123,8791228416,0,0
1716004083.3368213,8791228416,448,448
1716004084.3372178,8791228416,152,152
1716004085.3384187,8791228416,0,0
1716004086.3396614,8791228416,535387983,535387983
1716004087.3408937,8791228416,1276955445,1276955445
1716004088.3415937,8791228416,696991717,696991717
1716004089.342834,8791228416,152,152
1716004090.3435667,8791228416,1743,1743
1716004091.3448303,8791228416,3630,3630
1716004092.345251,8791228416,3833,3833
1716004093.3465035,8791228416,6111,6111
1716004094.3477428,8791228416,3611,3611
1716004095.3490014,8791228416,4661,4661
1716004096.350255,8791228416,3923,3923
1716004097.3514895,8791228416,3889,3889
1716004098.3527257,8791228416,6488,6488
1716004099.3539808,8791228416,3968,3968
1716004100.3548014,8791228416,5465,5465
1716004101.3560097,8791228416,6611,6611
1716004102.3572373,8791228416,3836,3836
1716004103.358474,8791228416,8130,8130
1716004104.3597164,8791228416,1959,1959
1716004105.360967,8791228416,3342,3342
1716004106.361278,8791228416,6850,6850
1716004107.3625247,8791228416,6792,6792
1716004108.3637686,8791228416,4332,4332
1716004109.3650308,8791228416,6028,6028
1716004110.3662877,8791228416,5539,5539
1716004111.367536,8791228416,6622,6622
1716004112.3687944,8791228416,6547,6547
1716004113.369251,8791228416,5291,5291
1716004114.3704917,8791228416,4213,4213
1716004115.3717344,8791228416,4922,4922
1716004116.3729725,8791228416,3145,3145
1716004117.3732457,8791228416,5097,5097
1716004118.37449,8791228416,2738,2738
1716004119.375741,8791228416,2401,2401
1716004120.3769834,8791228416,748,748
1716004121.3779702,8791228416,3890,3890
1716004122.379211,8791228416,3704,3704
1716004123.3804483,8791228416,942,942
1716004124.381262,8791228416,4738,4738
1716004125.3821063,8791228416,3752,3752
1716004126.3833764,8791228416,3069,3069
1716004127.3846424,8791228416,3841,3841
1716004128.3852496,8791228416,6351,6351
1716004129.3865154,8791228416,6315,6315
1716004130.387775,8791228416,5939,5939
1716004131.389076,8791228416,2580,2580
1716004132.3903525,8791228416,3752,3752
1716004133.3916,8791228416,4094,4094
1716004134.392891,8791228416,158,158
1716004135.3939445,8791228416,0,0
1716004136.3951352,8791228416,1774,1774
1716004137.3963902,8791228416,1767,1767
1716004138.3974097,8791228416,409,409
1716004139.3986607,8791228416,155,155
1716004140.400033,8791228416,0,0
1716004141.4012156,8791228416,2181,2181
1716004142.4017973,8791228416,0,0
1716004143.4030063,8791228416,754,754
1716004144.404203,8791228416,155,155
1716004145.4052436,8791228416,0,0
1716004146.406457,8791228416,0,0
1716004147.4076736,8791228416,0,0
1716004148.4088905,8791228416,448,448
1716004149.4092212,8791228416,152,152
1716004150.4104395,8791228416,0,0
1716004151.411659,8791228416,0,0
1716004152.412874,8791228416,0,0
1716004153.4132097,8791228416,344,344
1716004154.4144087,8791228416,152,152
1716004155.415617,8791228416,0,0
1716004156.4168293,8791228416,0,0
1716004157.4172106,8791228416,0,0
1716004158.4184186,8791228416,448,448
1716004159.4196448,8791228416,152,152
1716004160.4208505,8791228416,0,0
1716004161.4212184,8791228416,0,0
1716004162.4224427,8791228416,0,0
1716004163.4236507,8791228416,448,448
1716004164.4248674,8791228416,152,152
1716004165.4252248,8791228416,806233082,806233082
1716004166.4264405,8791228416,0,0
1716004167.4276528,8791228416,190,190
1716004168.4288642,8791228416,448,448
1716004169.4292462,8791228416,794918272,794918272
1716004170.430471,8791228416,908114988,908114988
1716004171.4317033,8791228416,0,0
1716004172.432927,8791228416,0,0
1716004173.4337823,8791228416,4743,4743
1716004174.4350224,8791228416,4888,4888
1716004175.4362645,8791228416,4794,4794
1716004176.4372573,8791228416,6377,6377
1716004177.4384947,8791228416,5752,5752
1716004178.439756,8791228416,4674,4674
1716004179.440994,8791228416,6084,6084
1716004180.4412713,8791228416,5476,5476
1716004181.4425132,8791228416,6268,6268
1716004182.4437644,8791228416,3697,3697
1716004183.4450345,8791228416,6264,6264
1716004184.4462912,8791228416,5911,5911
1716004185.4475408,8791228416,4620,4620
1716004186.4487903,8791228416,4296,4296
1716004187.4492536,8791228416,6054,6054
1716004188.450231,8791228416,4170,4170
1716004189.4514852,8791228416,4039,4039
1716004190.4527383,8791228416,6464,6464
1716004191.453985,8791228416,4145,4145
1716004192.4552414,8791228416,3756,3756
1716004193.456482,8791228416,4811,4811
1716004194.4572606,8791228416,4113,4113
1716004195.458491,8791228416,5121,5121
1716004196.459751,8791228416,4712,4712
1716004197.4609745,8791228416,4963,4963
1716004198.4612226,8791228416,5428,5428
1716004199.4624472,8791228416,6117,6117
1716004200.4636877,8791228416,3083,3083
1716004201.4649196,8791228416,5204,5204
1716004202.4652538,8791228416,3211,3211
1716004203.4659674,8791228416,4427,4427
1716004204.467216,8791228416,3924,3924
1716004205.4684646,8791228416,3323,3323
1716004206.469263,8791228416,5547,5547
1716004207.4705224,8791228416,5529,5529
1716004208.471786,8791228416,6810,6810
1716004209.473067,8791228416,5521,5521
1716004210.4743383,8791228416,5697,5697
1716004211.4755895,8791228416,5666,5666
1716004212.476847,8791228416,6141,6141
1716004213.4772658,8791228416,6592,6592
1716004214.4785166,8791228416,6233,6233
1716004215.4798532,8791228416,6944,6944
1716004216.4813702,8791228416,5941,5941
1716004217.482678,8791228416,6203,6203
1716004218.483588,8791228416,1835,1835
1716004219.4842236,8791228416,1689,1689
1716004220.4852965,8791228416,2617,2617
1716004221.4866252,8791228416,2284,2284
1716004222.487908,8791228416,1657,1657
1716004223.4897673,8791228416,2167,2167
1716004224.4913616,8791228416,2816,2816
1716004225.4929736,8791228416,1738,1738
1716004226.4932144,8791228416,2400,2400
1716004227.4944506,8791228416,2525,2525
1716004228.4958694,8791228416,1781,1781
1716004229.497484,8791228416,2440,2440
1716004230.498904,8791228416,2288,2288
1716004231.5006034,8791228416,3020,3020
1716004232.501271,8791228416,1955,1955
1716004233.5025623,8791228416,2298,2298
1716004234.5038183,8791228416,2220,2220
1716004235.5051,8791228416,3376,3376
1716004236.5064354,8791228416,1822,1822
1716004237.507761,8791228416,734,734
1716004238.5090592,8791228416,1825,1825
1716004239.5097277,8791228416,890,890
1716004240.510985,8791228416,1467,1467
1716004241.5125854,8791228416,1018,1018
1716004242.5133066,8791228416,1478,1478
1716004243.5147617,8791228416,1143,1143
1716004244.515985,8791228416,1633,1633
1716004245.5165033,8791228416,747,747
1716004246.517342,8791228416,750,750
1716004247.5187528,8791228416,1494,1494
1716004248.5199673,8791228416,1308,1308
1716004249.5211868,8791228416,1484,1484
1716004250.5223906,8791228416,3798,3798
1716004251.5230746,8791228416,5991,5991
1716004252.5242863,8791228416,5724,5724
1716004253.5255067,8791228416,4450,4450
1716004254.5267403,8791228416,4299,4299
1716004255.5279574,8791228416,5842,5842
1716004256.5291755,8791228416,3916,3916
1716004257.5303776,8791228416,5876,5876
1716004258.5315733,8791228416,6613,6613
1716004259.5327666,8791228416,5187,5187
1716004260.5332215,8791228416,6481,6481
1716004261.5344315,8791228416,4853,4853
1716004262.5356395,8791228416,3050,3050
1716004263.5368342,8791228416,3796,3796
1716004264.5372372,8791228416,3482,3482
1716004265.5377991,8791228416,5563,5563
1716004266.5390162,8791228416,5554,5554
1716004267.540219,8791228416,2981,2981
1716004268.5412173,8791228416,4313,4313
1716004269.5424469,8791228416,6176,6176
1716004270.5436382,8791228416,2993,2993
1716004271.544841,8791228416,3534,3534
1716004272.5460873,8791228416,4835,4835
1716004273.5473094,8791228416,3971,3971
1716004274.548526,8791228416,2060,2060
1716004275.5492172,8791228416,5697,5697
1716004276.5504391,8791228416,3536,3536
1716004277.551648,8791228416,656,656
1716004278.5528662,8791228416,3344,3344
1716004279.5532093,8791228416,1778,1778
1716004280.5544193,8791228416,2810,2810
1716004281.5556324,8791228416,92088,92088
1716004282.5568414,8791228416,2166,2166
1716004283.557192,8791228416,758,758
1716004284.558403,8791228416,3205,3205
1716004285.5596073,8791228416,4363,4363
1716004286.5608268,8791228416,1288,1288
1716004287.5612156,8791228416,3252,3252
1716004288.5624266,8791228416,3105,3105
1716004289.5636413,8791228416,1468,1468
1716004290.5648744,8791228416,1458,1458
1716004291.5652199,8791228416,0,0
1716004292.5664527,8791228416,310,310
1716004293.5667074,8791228416,1435759189,1435759189
1716004294.5679326,8791228416,436130240,436130240
1716004295.5691583,8791228416,0,0
1716004296.5700657,8791228416,0,0
1716004297.5712764,8791228416,0,0
1716004298.572498,8791228416,448,448
1716004299.5732007,8791228416,152,152
1716004300.5744035,8791228416,0,0
1716004301.5756006,8791228416,0,0
1716004302.5768108,8791228416,758,758
1716004303.5772104,8791228416,152,152
1716004304.578429,8791228416,404,404
1716004305.579629,8791228416,0,0
1716004306.5808463,8791228416,0,0
1716004307.5812266,8791228416,828099876,828099876
1716004308.582457,8791228416,1043765972,1043765972
1716004309.583659,8791228416,152,152
1716004310.58487,8791228416,0,0
1716004311.5852056,8791228416,0,0
1716004312.586418,8791228416,0,0
1716004313.5876179,8791228416,4310,4310
1716004314.5888202,8791228416,3786,3786
1716004315.5891948,8791228416,2785,2785
1716004316.5903947,8791228416,4604,4604
1716004317.5915825,8791228416,2357,2357
1716004318.5927987,8791228416,3953,3953
1716004319.5931985,8791228416,3258,3258
1716004320.5944002,8791228416,3298,3298
1716004321.5955992,8791228416,2903,2903
1716004322.5965362,8791228416,14647,14647
1716004323.5971937,8791228416,6419,6419
1716004324.5983968,8791228416,3286,3286
1716004325.5995982,8791228416,1626,1626
1716004326.6005256,8791228416,3715,3715
1716004327.6012053,8791228416,4823,4823
1716004328.6022792,8791228416,1364,1364
1716004329.6034744,8791228416,3914,3914
1716004330.6046805,8791228416,1520,1520
1716004331.605201,8791228416,2144,2144
1716004332.6063995,8791228416,3037,3037
1716004333.6075883,8791228416,1390,1390
1716004334.608784,8791228416,3853,3853
1716004335.6092064,8791228416,1982,1982
1716004336.610411,8791228416,4648,4648
1716004337.6116076,8791228416,2294,2294
1716004338.612817,8791228416,4148,4148
1716004339.6132069,8791228416,3641,3641
1716004340.6144154,8791228416,3910,3910
1716004341.6156106,8791228416,2926,2926
1716004342.6168373,8791228416,4476,4476
1716004343.6172147,8791228416,2040,2040
1716004344.6184256,8791228416,2302,2302
1716004345.6196194,8791228416,4578,4578
1716004346.62082,8791228416,4927,4927
1716004347.6212006,8791228416,3765,3765
1716004348.6224177,8791228416,3266,3266
1716004349.6236324,8791228416,3092,3092
1716004350.6248348,8791228416,1131,1131
1716004351.625214,8791228416,2969,2969
1716004352.6264162,8791228416,2328,2328
1716004353.6276212,8791228416,2907,2907
1716004354.6288776,8791228416,3599,3599
1716004355.6292076,8791228416,2155,2155
1716004356.630436,8791228416,3947,3947
1716004357.6316671,8791228416,4697,4697
1716004358.632907,8791228416,4961,4961
1716004359.6332464,8791228416,3284,3284
1716004360.6338034,8791228416,3218,3218
1716004361.6350017,8791228416,3646,3646
1716004362.636194,8791228416,3840,3840
1716004363.6372013,8791228416,3525,3525
1716004364.638399,8791228416,4551,4551
1716004365.639594,8791228416,3696,3696
1716004366.640793,8791228416,3766,3766
1716004367.6411903,8791228416,3879,3879
1716004368.6423771,8791228416,2439,2439
1716004369.6435666,8791228416,3156,3156
1716004370.6444361,8791228416,4247,4247
1716004371.645233,8791228416,3094,3094
1716004372.6464758,8791228416,1339,1339
1716004373.647714,8791228416,4451,4451
1716004374.648959,8791228416,3634,3634
1716004375.649252,8791228416,3801,3801
1716004376.649754,8791228416,3701,3701
1716004377.6509469,8791228416,3688,3688
1716004378.652142,8791228416,2216,2216
1716004379.653204,8791228416,1343,1343
1716004380.6544046,8791228416,4260,4260
1716004381.655595,8791228416,5421,5421
1716004382.6568007,8791228416,3893,3893
1716004383.657199,8791228416,4054,4054
1716004384.6584022,8791228416,3653,3653
1716004385.659611,8791228416,2283,2283
1716004386.6608171,8791228416,3579,3579
1716004387.6612208,8791228416,4133,4133
1716004388.662434,8791228416,2832,2832
1716004389.6636157,8791228416,5575,5575
1716004390.6648254,8791228416,3542,3542
1716004391.665194,8791228416,3494,3494
1716004392.6664019,8791228416,1436,1436
1716004393.6676,8791228416,3426,3426
1716004394.6688123,8791228416,4273,4273
1716004395.6692092,8791228416,3754,3754
1716004396.6704123,8791228416,3175,3175
1716004397.6716177,8791228416,3115,3115
1716004398.6732898,8791228416,3465,3465
1716004399.6745408,8791228416,0,0
1716004400.6762702,8791228416,310,310
1716004401.677234,8791228416,0,0
1716004402.6791787,8791228416,0,0
1716004403.6804338,8791228416,503,503
1716004404.6813488,8791228416,0,0
1716004405.682579,8791228416,0,0
1716004406.6846285,8791228416,0,0
1716004407.6852548,8791228416,0,0
1716004408.6869166,8791228416,600,600
1716004409.6885293,8791228416,0,0
1716004410.689225,8791228416,0,0
1716004411.6908214,8791228416,0,0
1716004412.6920264,8791228416,1199,1199
1716004413.6932127,8791228416,557,557
1716004414.694433,8791228416,0,0
1716004415.6956327,8791228416,0,0
1716004416.6968296,8791228416,0,0
1716004417.6971912,8791228416,0,0
1716004418.6983988,8791228416,600,600
1716004419.6995945,8791228416,0,0
1716004420.7002811,8791228416,0,0
1716004421.7014878,8791228416,0,0
1716004422.702703,8791228416,0,0
1716004423.7039115,8791228416,600,600
1716004424.705146,8791228416,0,0
1716004425.7063677,8791228416,0,0
1716004426.7075853,8791228416,0,0
1716004427.7088234,8791228416,0,0
1716004428.7100346,8791228416,600,600
1716004429.711264,8791228416,0,0
1716004430.7124693,8791228416,0,0
1716004431.713675,8791228416,0,0
1716004432.7148967,8791228416,0,0
1716004433.716112,8791228416,600,600
1716004434.7171984,8791228416,0,0
1716004435.718407,8791228416,0,0
1716004436.7196236,8791228416,0,0
1716004437.72084,8791228416,0,0
1716004438.7220447,8791228416,496,496
1716004439.7232497,8791228416,0,0
1716004440.7244782,8959574016,703362087,703362087
1716004443.9711893,11132919808,1806150132,1806150132
1716004444.973907,8063025152,4020,4020
1716004445.985874,8063025152,4989,4989
1716004446.9995487,8063025152,5591,5591
1716004448.0220213,8063025152,4734,4734
1716004449.033941,8063025152,4866,4866
1716004450.0462537,8063025152,2056,2056
1716004451.0728197,8063025152,7240,7240
1716004452.0856857,8063025152,6470,6470
1716004453.0990288,8063025152,4277,4277
1716004454.1263034,8063025152,4484,4484
1716004455.140927,8063025152,6084,6084
1716004456.1421735,8063270912,6500,6500
1716004457.1453638,8063270912,5693,5693
1716004458.1498268,8063270912,4065,4065
1716004459.171766,8063270912,4412,4412
1716004460.1752598,8063270912,5588,5588
1716004461.1799634,8063270912,5970,5970
1716004462.1988068,8063270912,6321,6321
1716004463.2009783,8063270912,4453,4453
1716004464.2141562,8063270912,6306,6306
1716004465.2258906,8063270912,5508,5508
1716004466.228461,8063270912,4793,4793
1716004467.243085,8063270912,5961,5961
1716004468.2654226,8063270912,6014,6014
1716004469.2699745,8063270912,5089,5089
1716004470.2737954,8063270912,4733,4733
1716004471.3015175,8073838592,5232,5232
1716004472.3251724,8088584192,2063,2063
1716004473.3345625,8088584192,7033,7033
1716004474.3514998,8088584192,4570,4570
1716004475.3598456,8088584192,3292,3292
1716004476.3640873,8088584192,5637,5637
1716004477.3744133,8088584192,4726,4726
1716004478.4000626,8088584192,6916,6916
1716004479.4362278,8088584192,8325,8325
1716004480.4799597,8088584192,3231,3231
1716004481.4830542,8128397312,7302,7302
1716004482.4907885,8078290944,5288,5288
1716004483.502199,8153493504,8334,8334
1716004484.5069125,8153493504,8183,8183
1716004485.5576687,8132722688,4771,4771
1716004486.5857873,8132722688,6014,6014
1716004487.5879107,8132722688,1776,1776
1716004488.5891337,8460087296,1619,1619
1716004489.5903802,8147210240,584,584
1716004490.591708,8377647104,152,152
1716004491.5930793,8245850112,158,158
1716004492.5942607,3132338176,2067,2067
1716004493.5954542,3132338176,405,405
1716004494.5966341,3132338176,155,155
1716004495.5978174,3132338176,0,0
1716004496.5989854,3132338176,0,0
1716004497.60016,3132338176,9977,9977
1716004498.6013517,3132338176,1193,1193
1716004499.602536,3132338176,3705,3705
1716004500.603717,3132338176,809,809
1716004501.6049151,3132338176,0,0
1716004502.6061027,3132338176,309,309
1716004503.6072786,3132338176,352,352
1716004504.6084664,3132338176,155,155
1716004505.6092007,3132338176,0,0
1716004506.6103733,3132338176,0,0
1716004507.6115735,3132338176,0,0
1716004508.6127667,3132338176,448,448
1716004509.6139286,3132338176,152,152
1716004510.6150985,3132338176,0,0
1716004511.616276,3132338176,0,0
1716004512.6172218,3132338176,0,0
1716004513.6184204,3132338176,448,448
1716004514.6195903,3132338176,152,152
1716004515.6207657,3132338176,0,0
1716004516.6219625,3132338176,0,0
1716004517.623139,3132338176,0,0
1716004518.6243231,3132338176,448,448
1716004519.6251838,3132338176,152,152
1716004520.6263883,3144626176,34634434,34634434
1716004521.6275911,3144626176,1338184464,1338184464
1716004525.026586,5726883840,1136783808,1136783808
1716004526.0328264,5619613696,5007,5007
1716004527.0407333,5619613696,4514,4514
1716004528.0605025,5619613696,4516,4516
1716004529.069596,5619613696,5917,5917
1716004530.0758784,5619613696,4058,4058
1716004531.0979273,5619613696,6432,6432
1716004532.1045647,5619613696,5797,5797
1716004533.1177301,5619613696,6600,6600
1716004534.140173,5619613696,5297,5297
1716004535.1473205,5619613696,3032,3032
1716004536.1553152,5619613696,5727,5727
1716004537.1792922,5619613696,4135,4135
1716004538.1892118,5619613696,4311,4311
1716004539.2128572,5619613696,5581,5581
1716004540.2209435,5619613696,5806,5806
1716004541.2426193,5619613696,4599,4599
1716004542.2517598,5619613696,6221,6221
1716004543.2739005,5619613696,6422,6422
1716004544.2842667,5619613696,3908,3908
1716004545.2975383,5619613696,5191,5191
1716004546.3132584,5619613696,3629,3629
1716004547.3295848,5619613696,4015,4015
1716004548.3321397,5619613696,4448,4448
1716004549.3465407,5619613696,3716,3716
1716004550.364154,5619613696,5784,5784
1716004551.3740313,5619613696,6947,6947
1716004552.390098,5619613696,3010,3010
1716004553.392999,5619613696,5651,5651
1716004554.4220803,5619613696,6437,6437
1716004555.4236102,5619613696,3767,3767
1716004556.4270227,5619613696,5636,5636
1716004557.4547408,5619613696,3996,3996
1716004558.4592018,5619613696,6115,6115
1716004559.4872606,5619613696,6262,6262
1716004560.4974408,5619613696,6284,6284
1716004561.501281,5619613696,4365,4365
1716004562.512315,5619613696,3361,3361
1716004563.5401447,5619613696,4207,4207
1716004564.5496805,5619613696,5836,5836
1716004565.570873,5619613696,4125,4125
1716004566.5792243,5619613696,6212,6212
1716004567.601135,5619613696,3733,3733
1716004568.6024203,5619613696,8159,8159
1716004569.6036618,5619613696,4474,4474
1716004570.6048725,5619613696,2733,2733
1716004571.6053255,5619613696,1792,1792
1716004572.60684,5619613696,1542,1542
1716004573.6084788,5619613696,2016,2016
1716004574.6095583,5619613696,2700,2700
1716004575.610944,5619613696,2256,2256
1716004576.6121511,5619613696,1754,1754
1716004577.6132288,5619613696,1870,1870
1716004578.6145973,5619613696,1762,1762
1716004579.6159196,5619613696,1688,1688
1716004580.6178727,5619613696,1916,1916
1716004581.6197307,5619613696,93848,93848
1716004582.6210983,5619613696,2339,2339
1716004583.622283,5619613696,2306,2306
1716004584.6229644,5619613696,1955,1955
1716004585.624443,5619613696,1523,1523
1716004586.6255984,5619613696,2608,2608
1716004587.6273053,5619613696,2243,2243
1716004588.6285226,5619613696,3541,3541
1716004589.654079,5619613696,4392,4392
1716004590.6660943,5619613696,5542,5542
1716004591.6841912,5619613696,3685,3685
1716004592.7088904,5619613696,3757,3757
1716004593.7263544,5619613696,3832,3832
1716004594.7472866,5619613696,6085,6085
1716004595.7789123,5619613696,3887,3887
1716004596.8008037,5619613696,6209,6209
1716004597.822738,5619613696,3784,3784
1716004598.850242,5619613696,5970,5970
1716004599.873562,5619613696,3958,3958
1716004600.878834,5619613696,6491,6491
1716004601.9112334,5619613696,5980,5980
1716004602.9434655,5619613696,2778,2778
1716004603.975956,5619613696,2184,2184
1716004605.007914,5619613696,7058,7058
1716004606.042654,5619613696,4003,4003
1716004607.0747302,5619613696,3744,3744
1716004608.1023986,5619613696,4077,4077
1716004609.1068084,5619613696,6566,6566
1716004610.1306472,5619613696,2695,2695
1716004611.15819,5619613696,2950,2950
1716004612.1775613,5619613696,6177,6177
1716004613.20306,5619613696,4261,4261
1716004614.2304337,5619613696,5592,5592
1716004615.2676227,5619613696,5401,5401
1716004616.286088,5619613696,4342,4342
1716004617.3233676,5701451776,3463,3463
1716004618.3461967,5701451776,3506,3506
1716004619.351383,5786484736,5149,5149
1716004620.3598886,5786484736,4017,4017
1716004621.3648531,5833846784,5186,5186
1716004622.3836796,5909389312,4739,4739
1716004623.4113255,5934211072,3081,3081
1716004624.5298877,6076014592,2394,2394
1716004625.5557046,6076014592,3926,3926
1716004626.5808368,6161047552,5818,5818
1716004627.590629,6236516352,4787,4787
1716004628.605663,6289846272,4699,4699
1716004646.794474,8279330816,504942402,504942402
1716004647.7956991,11376611328,2768468870,2768468870
1716004648.7969189,11376611328,1574902,1574902
1716004649.7978594,11376611328,156,156
1716004650.7990446,11376611328,0,0
1716004651.800279,11217776640,470567482,470567482
1716004652.8011734,8253591552,268,268
1716004653.8023782,8253591552,600,600
1716004654.8035686,8253591552,0,0
1716004655.8047514,8253591552,0,0
1716004656.8051782,8253591552,0,0
1716004657.8063564,8253591552,835,835
1716004658.807537,8253591552,3712,3712
1716004659.8087304,8253591552,3553,3553
1716004660.8091872,8253591552,3742,3742
1716004661.8103695,8253591552,3665,3665
1716004662.8115435,8253591552,3824,3824
1716004663.8127358,8253591552,2482,2482
1716004664.8131819,8253591552,2820,2820
1716004665.814355,8253591552,3501,3501
1716004666.8155382,8253591552,2175,2175
1716004667.8167214,8253591552,3412,3412
1716004668.8171866,8253591552,4190,4190
1716004669.8183665,8253591552,4705,4705
1716004670.8195648,8253591552,1883,1883
1716004671.8207552,8253591552,5241,5241
1716004672.8212066,8253591552,4484,4484
1716004673.8223925,8253591552,3986,3986
1716004674.8235817,8253591552,1336,1336
1716004675.8247714,8253591552,3270,3270
1716004676.825186,8253591552,2884,2884
1716004677.8263693,8253591552,3803,3803
1716004678.8275547,8253591552,4097,4097
1716004679.828745,8253591552,3668,3668
1716004680.8292046,8253591552,3753,3753
1716004681.8303933,8253591552,1669,1669
1716004682.8315887,8253591552,5644,5644
1716004683.8327787,8253591552,4191,4191
1716004684.833197,8253591552,3815,3815
1716004685.83439,8253591552,3111,3111
1716004686.8355749,8253591552,3555,3555
1716004687.836761,8253591552,3548,3548
1716004688.8372142,8253591552,2770,2770
1716004689.838401,8253591552,5409,5409
1716004690.8395934,8253591552,3726,3726
1716004691.8407888,8253591552,5019,5019
1716004692.8411884,8253591552,2572,2572
1716004693.842369,8253591552,5374,5374
1716004694.8435557,8253591552,3737,3737
1716004695.8447464,8253591552,3659,3659
1716004696.845185,8253591552,3183,3183
1716004697.8463666,8253591552,2809,2809
1716004698.8475804,8253591552,3603,3603
1716004699.8487809,8253591552,3695,3695
1716004700.8491874,8253591552,1506,1506
1716004701.8503964,8253591552,4428,4428
1716004702.8515823,8253591552,4684,4684
1716004703.852759,8253591552,4081,4081
1716004704.8531764,8253591552,3636,3636
1716004705.8543608,8253591552,3823,3823
1716004706.855545,8253591552,4441,4441
1716004707.8567128,8253591552,3712,3712
1716004708.8571792,8253591552,6160,6160
1716004709.858341,8253591552,1000,1000
1716004710.859516,8253591552,4160,4160
1716004711.8607044,8253591552,3776,3776
1716004712.8618786,8253591552,3710,3710
1716004713.8630466,8253591552,4290,4290
1716004714.8642244,8253591552,2208,2208
1716004715.8651931,8253591552,5846,5846
1716004716.866385,8253591552,712,712
1716004717.867599,8253591552,3128,3128
1716004718.8688078,8253591552,4265,4265
1716004719.8699975,8253591552,3029,3029
1716004720.8712199,8253591552,1977,1977
1716004721.8724241,8253591552,3988,3988
1716004722.87363,8253591552,3616,3616
1716004723.8748262,8253591552,4172,4172
1716004724.8760207,8253591552,2007,2007
1716004725.8772035,8253591552,5515,5515
1716004726.8784137,8253591552,1323,1323
1716004727.879601,8253591552,3554,3554
1716004728.8807974,8253591552,4185,4185
1716004729.881189,8253591552,4338,4338
1716004730.8822129,8253591552,2727,2727
1716004731.8834004,8253591552,4956,4956
1716004732.8845806,8253591552,2193,2193
1716004733.885195,8253591552,4278,4278
1716004734.8863852,8253591552,5155,5155
1716004735.8875778,8253591552,3744,3744
1716004736.8887675,8253591552,3501,3501
1716004737.8892093,8253591552,4001,4001
1716004738.8903909,8253591552,4951,4951
1716004739.891586,8253591552,3224,3224
1716004740.8927877,8253591552,3066,3066
1716004741.893975,8253591552,3340,3340
1716004742.8951576,8253591552,2852,2852
1716004743.8965566,8253591552,3873,3873
1716004744.897226,8253591552,445,445
1716004745.8985882,8253591552,152,152
1716004746.8988523,8253591552,159,159
1716004747.9002388,8253591552,0,0
1716004748.901234,8253591552,610,610
1716004749.903041,8253591552,0,0
1716004750.904274,8253591552,0,0
1716004751.9054253,8253591552,0,0
1716004752.90665,8253591552,0,0
1716004753.9080598,8253591552,600,600
1716004754.9092205,8253591552,0,0
1716004755.911097,8253591552,0,0
1716004756.912317,8253591552,0,0
1716004757.9131815,8253591552,1206,1206
1716004758.914369,8253591552,558,558
1716004759.9155478,8253591552,0,0
1716004760.9167387,8253591552,760,760
1716004761.9171767,8253591552,0,0
1716004762.9183521,8253591552,0,0
1716004763.9195437,8253591552,600,600
1716004764.9207344,8253591552,0,0
1716004765.9211793,8253591552,190,190
1716004766.9223576,8253591552,0,0
1716004767.9235313,8253591552,0,0
1716004768.924708,8253591552,600,600
1716004769.9255831,8253591552,0,0
1716004770.9267602,8253591552,0,0
1716004771.9277563,8253591552,0,0
1716004772.928936,8253591552,0,0
1716004773.9291863,8253591552,600,600
1716004774.9303715,8253591552,0,0
1716004775.9315524,8253591552,0,0
1716004776.932741,8253591552,0,0
1716004777.933187,8253591552,0,0
1716004778.9343657,8253591552,600,600
1716004779.9355574,8253591552,0,0
1716004780.936775,8253591552,0,0
1716004781.9372458,8253591552,548966537,548966537
1716004782.938429,8253591552,251,251
1716004783.939623,8253591552,600,600
1716004784.9407926,8253591552,0,0
1716004785.9411764,8253591552,34637961,34637961
1716004789.2755868,10362621952,1925930292,1925930292
1716004790.2830603,8675082240,6001,6001
1716004791.290855,8675082240,3853,3853
1716004792.2944508,8675082240,14441,14441
1716004793.3188264,8675082240,11282,11282
1716004794.329416,8675082240,11422,11422
1716004795.3369591,8675082240,5080,5080
1716004796.3573217,8675082240,6099,6099
1716004797.36401,8675082240,6360,6360
1716004798.3706286,8675082240,5231,5231
1716004799.3899345,8675082240,7139,7139
1716004800.395391,8675082240,5081,5081
1716004801.4174147,8675082240,4603,4603
1716004802.45355,8675082240,6072,6072
1716004803.4799447,8675082240,6783,6783
1716004804.4885125,8675082240,6088,6088
1716004805.5104492,8675082240,4653,4653
1716004806.5231087,8675082240,6281,6281
1716004807.551307,8675082240,6137,6137
1716004808.5668254,8675082240,4460,4460
1716004809.5824337,8675082240,6118,6118
1716004810.6050577,8675082240,6764,6764
1716004811.6236567,8675082240,4676,4676
1716004812.629959,8675082240,3433,3433
1716004813.6316586,8675082240,5362,5362
1716004814.6377368,8675082240,4091,4091
1716004815.650076,8675082240,6262,6262
1716004816.6761115,8675082240,6318,6318
1716004817.698572,8675082240,4093,4093
1716004818.7280047,8675082240,4519,4519
1716004819.729221,8675082240,5800,5800
1716004820.7336686,8675082240,5427,5427
1716004821.7621553,8675082240,3715,3715
1716004822.7783144,8675082240,4461,4461
1716004823.7925875,8675082240,6458,6458
1716004824.8039384,8675082240,5323,5323
1716004825.8083937,8675082240,4271,4271
1716004826.8181512,8675082240,5503,5503
1716004827.844585,8675082240,5373,5373
1716004828.8568773,8675082240,5124,5124
1716004829.8793476,8675082240,2302,2302
1716004830.891058,8675082240,6242,6242
1716004831.9168117,8675082240,3742,3742
1716004832.9175806,8675082240,5306,5306
1716004833.919102,8675082240,1129,1129
1716004834.9212167,8675082240,0,0
1716004835.9214578,3660685312,2619,2619
1716004836.9226437,3660685312,0,0
1716004837.9238548,3660685312,496,496
1716004838.9250538,3660685312,759,759
1716004839.9262278,3660685312,0,0
1716004840.9273999,3660685312,0,0
1716004841.9285803,3660685312,0,0
1716004842.9297602,3660685312,0,0
1716004843.9309368,3660685312,548,548
1716004844.9321098,3660685312,0,0
1716004845.9331753,3660685312,0,0
1716004846.9343576,3660685312,0,0
1716004847.9355285,3660685312,0,0
1716004848.9367049,3660685312,600,600
1716004849.9378762,3660685312,0,0
1716004850.9390492,3660685312,0,0
1716004851.9402215,3660685312,0,0
1716004852.9411838,3660685312,0,0
1716004853.9423578,3660685312,600,600
1716004854.9434195,3660685312,0,0
1716004855.9445903,3660685312,0,0
1716004856.9457152,3660685312,0,0
1716004857.9468842,3660685312,0,0
1716004858.9480581,3660685312,496,496
1716004859.949186,3660685312,0,0
1716004860.9503648,3660685312,399986027,399986027
1716004861.9515939,3660685312,242,242
1716004862.9527738,3660685312,0,0
1716004863.953185,3660685312,600,600
1716004864.9544117,3660685312,292050971,292050971
1716004865.9556396,3660685312,1816970757,1816970757
1716004866.9568405,3660685312,0,0
1716004867.9571877,3660685312,0,0
1716004868.9584131,3660685312,3621,3621
1716004869.9596305,3660685312,3579,3579
1716004870.9608636,3660685312,4584,4584
1716004871.962016,3660685312,4371,4371
1716004872.9632523,3660685312,4158,4158
1716004873.9644697,3660685312,4821,4821
1716004874.9652972,3660685312,4395,4395
1716004875.966528,3660685312,5862,5862
1716004876.9677522,3660685312,4154,4154
1716004877.9680438,3660685312,5810,5810
1716004878.9692755,3660685312,2964,2964
1716004879.9705172,3660685312,2175,2175
1716004880.9717689,3660685312,2037,2037
1716004881.9730015,3660685312,95561,95561
1716004882.9742327,3660685312,4940,4940
1716004883.975494,3660685312,4547,4547
1716004884.976706,3660685312,4008,4008
1716004885.9779577,3660685312,6129,6129
1716004886.979208,3660685312,3882,3882
1716004887.9804175,3660685312,4476,4476
1716004888.981239,3660685312,5674,5674
1716004889.982459,3660685312,6491,6491
1716004890.983686,3660685312,4143,4143
1716004891.9849126,3660685312,5910,5910
1716004892.985245,3660685312,4930,4930
1716004893.9857183,3660685312,5693,5693
1716004894.9867585,3660685312,6134,6134
1716004895.9879944,3660685312,5833,5833
1716004896.9892445,3660685312,5048,5048
1716004897.9904816,3660685312,4836,4836
1716004898.9917245,3660685312,6191,6191
1716004899.9923146,3660685312,4535,4535
1716004900.993232,3660685312,4686,4686
1716004901.9944863,3660685312,2904,2904
1716004902.995044,3660685312,4809,4809
1716004903.9962883,3660685312,5643,5643
1716004904.9972684,3660685312,6268,6268
1716004905.9985175,3660685312,5375,5375
1716004906.9997835,3660685312,5793,5793
1716004908.0003276,3660685312,4274,4274
1716004909.001265,3660685312,5328,5328
1716004910.002507,3660685312,5463,5463
1716004911.0037544,3660685312,5531,5531
1716004912.0050592,3660685312,5864,5864
1716004913.0062988,3660685312,3380,3380
1716004914.0075223,3660685312,2065,2065
1716004915.0087132,3660685312,1499,1499
1716004916.0092688,3660685312,1653,1653
1716004917.0106363,3660685312,1498,1498
1716004918.0119164,3660685312,1502,1502
1716004919.013184,3660685312,2159,2159
1716004920.0147498,3660685312,2084,2084
1716004921.0160928,3660685312,1992,1992
1716004922.0173364,3660685312,1777,1777
1716004923.0188658,3660685312,1489,1489
1716004924.0201142,3660685312,2171,2171
1716004925.0213108,3660685312,2372,2372
1716004926.0225499,3660685312,1942,1942
1716004927.023864,3660685312,1830,1830
1716004928.0252347,3660685312,1507,1507
1716004929.0265625,3660685312,1896,1896
1716004930.0278444,3660685312,1942,1942
1716004931.0290837,3660685312,1957,1957
1716004932.0303805,3660685312,2085,2085
1716004933.0317109,3660685312,918,918
1716004934.0329785,3660685312,2430,2430
1716004935.0334625,3660685312,1503,1503
1716004936.034717,3660685312,2226,2226
1716004937.0359964,3660685312,1995,1995
1716004938.0372503,3660685312,1731,1731
1716004939.0385234,3660685312,2002,2002
1716004940.0399551,3660685312,910,910
1716004941.0413632,3660685312,1499,1499
1716004942.0426524,3660685312,2493,2493
1716004943.0440354,3660685312,2964,2964
1716004944.0451992,3660685312,5765,5765
1716004945.046393,3660685312,4904,4904
1716004946.0475817,3660685312,5503,5503
1716004947.0487754,3660685312,5831,5831
1716004948.049206,3660685312,6120,6120
1716004949.0503967,3660685312,4187,4187
1716004950.0516315,3660685312,4911,4911
1716004951.052821,3660685312,4616,4616
1716004952.053202,3660685312,4006,4006
1716004953.0539496,3660685312,3695,3695
1716004954.0551312,3660685312,4331,4331
1716004955.056315,3660685312,3921,3921
1716004956.0572014,3660685312,1220,1220
1716004957.0583773,3660685312,3698,3698
1716004958.0595684,3660685312,5679,5679
1716004959.0607686,3660685312,3473,3473
1716004960.0612059,3660685312,3931,3931
1716004961.062402,3660685312,3603,3603
1716004962.0636015,3660685312,5797,5797
1716004963.064789,3660685312,5970,5970
1716004964.0651975,3660685312,3936,3936
1716004965.0663896,3660685312,3430,3430
1716004966.0675752,3660685312,3855,3855
1716004967.068763,3660685312,3162,3162
1716004968.0692055,3660685312,4840,4840
1716004969.0703945,3660685312,1104,1104
1716004970.0716,3660685312,6353,6353
1716004971.0728269,3660685312,10547,10547
1716004972.0732222,3660685312,5110,5110
1716004973.0744326,3660685312,5283,5283
1716004974.075642,3660685312,4866,4866
1716004975.0768561,3660685312,4164,4164
1716004976.0772526,3660685312,4074,4074
1716004977.0784485,3660685312,2507,2507
1716004978.0796444,3660685312,4885,4885
1716004979.0808542,3660685312,4864,4864
1716004980.0818772,3660685312,2468,2468
1716004981.0830688,3660685312,1210,1210
1716004982.0842803,3660685312,3120,3120
1716004983.0852122,3660685312,5459,5459
1716004984.0864158,3660685312,3719,3719
1716004985.0876071,3660685312,5755,5755
1716004986.0888052,3660685312,560,560
1716004987.0892034,3660685312,161,161
1716004988.090189,3660685312,158,158
1716004989.0904331,3660685312,461,461
1716004990.0916367,3660685312,0,0
1716004991.0928333,3660685312,152,152
1716004992.0932243,3660685312,0,0
1716004993.0944347,3660685312,0,0
1716004994.095641,3660685312,600,600
1716004995.0968645,3660685312,0,0
1716004996.0971892,3660685312,0,0
1716004997.0983737,3660685312,0,0
1716004998.0995762,3660685312,0,0
1716004999.1007943,3660685312,444,444
1716005000.1012201,3660685312,0,0
1716005001.1024241,3660685312,1308,1308
1716005002.1038015,3660685312,1520016180,1520016180
1716005003.1050417,3660685312,387507681,387507681
1716005004.1062243,3660685312,668,668
1716005005.1073987,3660685312,104,104
1716005006.1085773,3660685312,770594392,770594392
1716005007.1098356,3660685312,1066242195,1066242195
1716005008.1110237,3660685312,52,52
1716005009.112212,3660685312,444,444
1716005010.1131876,3660685312,0,0
1716005011.1144621,3660685312,0,0
1716005012.1156557,3660685312,3959,3959
1716005013.1168478,3660685312,2640,2640
1716005014.1171944,3660685312,3694,3694
1716005015.118385,3660685312,3418,3418
1716005016.1194363,3660685312,3608,3608
1716005017.1206167,3660685312,2944,2944
1716005018.12118,3660685312,3634,3634
1716005019.12236,3660685312,4113,4113
1716005020.1235397,3660685312,3745,3745
1716005021.1247683,3660685312,3639,3639
1716005022.1252103,3660685312,5895,5895
1716005023.1263995,3660685312,1510,1510
1716005024.1275969,3660685312,3913,3913
1716005025.128789,3660685312,3413,3413
1716005026.129983,3660685312,4790,4790
1716005027.131177,3660685312,3365,3365
1716005028.1323564,3660685312,1010,1010
1716005029.1335273,3660685312,3716,3716
1716005030.1347063,3660685312,3095,3095
1716005031.1358824,3660685312,3684,3684
1716005032.1370773,3660685312,3748,3748
1716005033.1382754,3660685312,2603,2603
1716005034.1394749,3660685312,2748,2748
1716005035.1406655,3660685312,3720,3720
1716005036.141199,3660685312,1932,1932
1716005037.1423798,3660685312,3203,3203
1716005038.1435635,3660685312,2062,2062
1716005039.1447463,3660685312,4685,4685
1716005040.1451862,3660685312,2090,2090
1716005041.1463883,3660685312,1139,1139
1716005042.1475625,3660685312,1984,1984
1716005043.1487486,3660685312,2330,2330
1716005044.1491966,3660685312,4181,4181
1716005045.150384,3660685312,3189,3189
1716005046.151565,3660685312,3509,3509
1716005047.1527493,3660685312,2733,2733
1716005048.1531851,3660685312,3126,3126
1716005049.1543748,3660685312,1826,1826
1716005050.1555657,3660685312,3139,3139
1716005051.1567557,3660685312,3002,3002
1716005052.157933,3660685312,2690,2690
1716005053.1591392,3660685312,1178,1178
1716005054.160331,3660685312,2690,2690
1716005055.1612153,3660685312,4261,4261
1716005056.1623871,3660685312,5026,5026
1716005057.1627057,3660685312,2861,2861
1716005058.1639204,3660685312,2657,2657
1716005059.165111,3660685312,4285,4285
1716005060.166075,3660685312,5500,5500
1716005061.1672735,3660685312,4027,4027
1716005062.1684582,3660685312,3552,3552
1716005063.1691797,3660685312,2329,2329
1716005064.1703753,3660685312,5763,5763
1716005065.1715572,3660685312,3678,3678
1716005066.1727474,3660685312,3805,3805
1716005067.173193,3660685312,2604,2604
1716005068.1743777,3660685312,4978,4978
1716005069.175543,3660685312,3867,3867
1716005070.1767168,3660685312,3381,3381
1716005071.1778984,3660685312,3065,3065
1716005072.1790712,3660685312,4089,4089
1716005073.179374,3660685312,2374,2374
1716005074.1799073,3660685312,5509,5509
1716005075.1808045,3660685312,4167,4167
1716005076.1811914,3660685312,4095,4095
1716005077.182379,3660685312,1907,1907
1716005078.1835566,3660685312,1348,1348
1716005079.1847432,3660685312,5129,5129
1716005080.1851819,3660685312,3784,3784
1716005081.1863666,3660685312,3644,3644
1716005082.1871452,3660685312,3589,3589
1716005083.188321,3660685312,4107,4107
1716005084.189186,3660685312,3869,3869
1716005085.1903696,3660685312,2750,2750
1716005086.1915538,3660685312,2141,2141
1716005087.192735,3660685312,3132,3132
1716005088.1931841,3660685312,4056,4056
1716005089.1943603,3660685312,3994,3994
1716005090.195543,3660685312,4196,4196
1716005091.1967363,3660685312,3441,3441
1716005092.1971729,3660685312,3489,3489
1716005093.1983538,3660685312,4033,4033
1716005094.1995327,3660685312,3983,3983
1716005095.2007196,3660685312,3103,3103
1716005096.201327,3660685312,3482,3482
1716005097.20255,3660685312,3768,3768
1716005098.2045488,3660685312,1370,1370
1716005099.205235,3660685312,157,157
1716005100.206953,3660685312,0,0
1716005101.2081969,3660685312,0,0
1716005102.2095122,3660685312,0,0
1716005103.2107854,3660685312,396,396
1716005104.2127695,3660685312,152,152
1716005105.2132533,3660685312,0,0
1716005106.2151313,3660685312,0,0
1716005107.2163594,3660685312,0,0
1716005108.217872,3660685312,396,396
1716005109.2191052,3660685312,152,152
1716005110.220741,3660685312,0,0
1716005111.2211885,3660685312,1147,1147
1716005112.222356,3660685312,0,0
1716005113.2235355,3660685312,754,754
1716005114.2247174,3660685312,155,155
1716005115.2252,3660685312,0,0
1716005116.2263646,3660685312,0,0
1716005117.2275276,3660685312,0,0
1716005118.2287188,3660685312,396,396
1716005119.2291677,3660685312,152,152
1716005120.2303321,3660685312,0,0
1716005121.231499,3660685312,0,0
1716005122.232689,3660685312,0,0
1716005123.233185,3660685312,292,292
1716005124.234363,3660685312,152,152
1716005125.23554,3660685312,0,0
1716005126.2367415,3660685312,0,0
1716005127.237186,3660685312,0,0
1716005128.2383626,3660685312,396,396
1716005129.2395444,3660685312,152,152
1716005130.2402055,3660685312,0,0
1716005131.2411988,3660685312,0,0
1716005132.2423885,3660685312,0,0
1716005133.2435699,3660685312,292,292
1716005134.2447731,3660685312,152,152
1716005135.2452214,3660685312,390276641,390276641
1716005136.2463996,3660685312,173,173
1716005137.2475765,3660685312,0,0
1716005138.2488117,3660685312,12153,12153
1716005139.2491872,3660685312,34634336,34634336
1716005142.7501256,5681590272,2084297988,2084297988
1716005143.7779217,5681590272,6845,6845
1716005144.8025818,5681590272,4092,4092
1716005145.8327894,5681590272,6604,6604
1716005146.8478749,5681590272,4020,4020
1716005147.8525913,5681590272,5483,5483
1716005148.8688643,5681590272,6689,6689
1716005149.8703666,5681590272,6044,6044
1716005150.884856,5681590272,3862,3862
1716005151.909693,5681590272,3856,3856
1716005152.9362345,5681590272,3839,3839
1716005153.9481196,5681590272,6411,6411
1716005154.9881248,5681590272,4215,4215
1716005156.0262163,5681590272,5894,5894
1716005157.0520482,5681590272,4184,4184
1716005158.067809,5681590272,1939,1939
1716005159.0928965,5681590272,5769,5769
1716005160.1059136,5681590272,6291,6291
1716005161.1219015,5681590272,6019,6019
1716005162.1337593,5681590272,6263,6263
1716005163.1734889,5681590272,4025,4025
1716005164.1843913,5681590272,4536,4536
1716005165.188896,5681590272,6142,6142
1716005166.2007406,5681590272,3903,3903
1716005167.208568,5681590272,5391,5391
1716005168.2362835,5681590272,5861,5861
1716005169.2405567,5681590272,4751,4751
1716005170.2582126,5681590272,5116,5116
1716005171.284065,5681590272,6006,6006
1716005172.2883234,5681590272,5988,5988
1716005173.30956,5681590272,4223,4223
1716005174.3483355,5681590272,6124,6124
1716005175.3658972,5681590272,6140,6140
1716005176.3733447,5681590272,4031,4031
1716005177.4005046,5681590272,6163,6163
1716005178.411432,5681590272,6694,6694
1716005179.4225848,5681590272,4397,4397
1716005180.4266865,5681590272,5981,5981
1716005181.4310215,5681590272,4251,4251
1716005182.4364882,5681590272,97675,97675
1716005183.4558418,5681590272,4553,4553
1716005184.4743614,5681590272,6227,6227
1716005185.4755845,5681590272,2116,2116
1716005186.4768856,5681590272,0,0
1716005187.4773908,4428386304,1105,1105
1716005188.478815,4428386304,599,599
1716005189.480074,4428386304,157,157
1716005190.4812217,4428386304,481,481
1716005191.4824362,4428386304,1584,1584
1716005192.4836307,4428386304,0,0
1716005193.4848237,4428386304,651,651
1716005194.4852006,4428386304,155,155
1716005195.4863918,4428386304,0,0
1716005196.487578,4428386304,0,0
1716005197.4887993,4428386304,0,0
1716005198.4892025,4428386304,396,396
1716005199.4904013,4428386304,152,152
1716005200.4915876,4428386304,0,0
1716005201.4927855,4428386304,0,0
1716005202.4931965,4428386304,0,0
1716005203.494392,4428386304,396,396
1716005204.4955733,4428386304,152,152
1716005205.4967654,4428386304,0,0
1716005206.4972055,4428386304,0,0
1716005207.4984033,4428386304,0,0
1716005208.4995947,4428386304,599,599
1716005209.5007868,4428386304,155,155
1716005210.5012016,4428386304,0,0
1716005211.5023897,4428386304,151,151
1716005212.5035841,4428386304,0,0
1716005213.5047772,4428386304,449,449
1716005214.5051975,4428386304,152,152
1716005215.5063975,4428386304,33608868,33608868
1716005216.5075824,4428386304,190,190
1716005217.5087826,4428386304,0,0
1716005218.5092037,4428386304,34643618,34643618
1716005219.5104406,4428386304,1842330534,1842330534
1716005220.511658,4428386304,598923896,598923896
1716005221.5128758,4428386304,0,0
1716005222.5132403,4428386304,879,879
1716005223.5141497,4428386304,2261,2261
1716005224.5154274,4428386304,3230,3230
1716005225.5166655,4428386304,6174,6174
1716005226.5172324,4428386304,6212,6212
1716005227.5184762,4428386304,4665,4665
1716005228.519714,4428386304,6248,6248
1716005229.520812,4428386304,4168,4168
1716005230.521247,4428386304,5845,5845
1716005231.5224946,4428386304,3987,3987
1716005232.523741,4428386304,3860,3860
1716005233.5248528,4428386304,7187,7187
1716005234.5261197,4428386304,5383,5383
1716005235.5273516,4428386304,3465,3465
1716005236.52859,4428386304,4109,4109
1716005237.5292537,4428386304,6044,6044
1716005238.5305,4428386304,5651,5651
1716005239.531754,4428386304,6283,6283
1716005240.532995,4428386304,5973,5973
1716005241.5342429,4428386304,5962,5962
1716005242.5354931,4428386304,3912,3912
1716005243.536747,4428386304,5353,5353
1716005244.537244,4428386304,5602,5602
1716005245.5384922,4428386304,809,809
1716005246.539738,4428386304,2679,2679
1716005247.5402687,4428386304,3871,3871
1716005248.5415206,4428386304,5526,5526
1716005249.5427723,4428386304,5368,5368
1716005250.544033,4428386304,5894,5894
1716005251.5452766,4428386304,10788,10788
1716005252.546529,4428386304,6207,6207
1716005253.5477958,4428386304,2340,2340
1716005254.5490537,4428386304,2188,2188
1716005255.5503073,4428386304,6444,6444
1716005256.5515404,4428386304,4517,4517
1716005257.5527844,4428386304,5553,5553
1716005258.5540254,4428386304,6908,6908
1716005259.5545151,4428386304,6114,6114
1716005260.5557592,4428386304,2199,2199
1716005261.5570254,4428386304,2234,2234
1716005262.5582862,4428386304,2151,2151
1716005263.559537,4428386304,5209,5209
1716005264.56079,4428386304,5553,5553
1716005265.5612543,4428386304,4045,4045
1716005266.5627995,4428386304,8450,8450
1716005267.5630474,4428386304,9223,9223
1716005268.5642798,4428386304,1194,1194
1716005269.5653293,4428386304,3456,3456
1716005270.5668008,4428386304,2652,2652
1716005271.5681832,4428386304,2921,2921
1716005272.5698512,4428386304,2493,2493
1716005273.5718699,4428386304,2673,2673
1716005274.5733626,4428386304,2426,2426
1716005275.5745902,4428386304,1284,1284
1716005276.575817,4428386304,1599,1599
1716005277.5772314,4428386304,1974,1974
1716005278.5786965,4428386304,968,968
1716005279.5802224,4428386304,3202,3202
1716005280.581538,4428386304,3328,3328
1716005281.58294,4428386304,2510,2510
1716005282.5844455,4428386304,2352,2352
1716005283.5852401,4428386304,1930,1930
1716005284.586594,4428386304,1610,1610
1716005285.5878997,4428386304,2695,2695
1716005286.589151,4428386304,5419,5419
1716005287.59035,4428386304,5700,5700
1716005288.5915718,4428386304,5431,5431
1716005289.5927916,4428386304,4026,4026
1716005290.594005,4428386304,3027,3027
1716005291.5952058,4428386304,5320,5320
1716005292.5964124,4428386304,3489,3489
1716005293.5972178,4428386304,4278,4278
1716005294.598418,4428386304,6120,6120
1716005295.599637,4428386304,2788,2788
1716005296.6008537,4428386304,2949,2949
1716005297.6012075,4428386304,4069,4069
1716005298.6024106,4428386304,4912,4912
1716005299.60362,4428386304,3412,3412
1716005300.6048274,4428386304,3260,3260
1716005301.6059427,4428386304,3953,3953
1716005302.607159,4428386304,3350,3350
1716005303.6081605,4428386304,5330,5330
1716005304.6092303,4428386304,4818,4818
1716005305.6104305,4428386304,5013,5013
1716005306.6116433,4428386304,5199,5199
1716005307.6128643,4428386304,6160,6160
1716005308.6140773,4428386304,5012,5012
1716005309.6153047,4428386304,4634,4634
1716005310.6165135,4428386304,4954,4954
1716005311.6172109,4428386304,4632,4632
1716005312.6184137,4428386304,5328,5328
1716005313.6196277,4428386304,4492,4492
1716005314.620824,4428386304,3476,3476
1716005315.6211991,4428386304,1176,1176
1716005316.622411,4428386304,3615,3615
1716005317.623378,4428386304,5008,5008
1716005318.6245816,4428386304,2879,2879
1716005319.6252341,4428386304,4705,4705
1716005320.6264384,4428386304,4063,4063
1716005321.6276457,4428386304,3847,3847
1716005322.6288478,4428386304,2595,2595
1716005323.6292157,4428386304,5069,5069
1716005324.6304421,4428386304,3701,3701
1716005325.6316588,4428386304,2296,2296
1716005326.6328804,4428386304,3594,3594
1716005327.6332188,4428386304,1593,1593
1716005328.6344504,4428386304,980,980
1716005329.6356826,4428386304,155,155
1716005330.636281,4428386304,159,159
1716005331.6372366,4428386304,0,0
1716005332.6384628,4428386304,0,0
1716005333.6392972,4428386304,453,453
1716005334.6399703,4428386304,152,152
1716005335.6412385,4428386304,0,0
1716005336.6423478,4428386304,0,0
1716005337.6435676,4428386304,0,0
1716005338.6447935,4428386304,396,396
1716005339.6452215,4428386304,1721,1721
1716005340.6464407,4428386304,0,0
1716005341.6476624,4428386304,304,304
1716005342.6488748,4428386304,0,0
1716005343.6492336,4428386304,450,450
1716005344.6504612,4428386304,155,155
1716005345.651702,4428386304,2909008674,2909008674
1716005346.6529288,4428386304,1365,1365
1716005347.6532204,4428386304,104,104
1716005348.6544294,4428386304,396,396
1716005349.6556416,4428386304,589007688,589007688
1716005350.6568804,4428386304,245785976,245785976
1716005351.6572127,4428386304,190,190
1716005352.6584153,4428386304,0,0
1716005353.6596375,4428386304,396,396
1716005354.660831,4428386304,1485,1485
1716005355.6612275,4428386304,3092,3092
1716005356.6624267,4428386304,3781,3781
1716005357.6636279,4428386304,3443,3443
1716005358.6648233,4428386304,1091,1091
1716005359.6660285,4428386304,5901,5901
1716005360.6672418,4428386304,3840,3840
1716005361.668438,4428386304,3806,3806
1716005362.6692073,4428386304,3811,3811
1716005363.6704023,4428386304,4003,4003
1716005364.6716068,4428386304,2969,2969
1716005365.6728034,4428386304,3317,3317
1716005366.6740012,4428386304,2390,2390
1716005367.675209,4428386304,3936,3936
1716005368.676423,4428386304,7939,7939
1716005369.6772108,4428386304,6511,6511
1716005370.678408,4428386304,8261,8261
1716005371.679597,4428386304,1068,1068
1716005372.6808004,4428386304,2285,2285
1716005373.681207,4428386304,3526,3526
1716005374.6819937,4428386304,3812,3812
1716005375.6831927,4428386304,4108,4108
1716005376.6843894,4428386304,3547,3547
1716005377.6852033,4428386304,1778,1778
1716005378.6863961,4428386304,1157,1157
1716005379.6876128,4428386304,5593,5593
1716005380.6888094,4428386304,3684,3684
1716005381.6900048,4428386304,3614,3614
1716005382.6911972,4428386304,3983,3983
1716005383.6923902,4428386304,4113,4113
1716005384.6932006,4428386304,3889,3889
1716005385.6943967,4428386304,3185,3185
1716005386.6955953,4428386304,2712,2712
1716005387.6967967,4428386304,5199,5199
1716005388.6979928,4428386304,4080,4080
1716005389.699196,4428386304,3951,3951
1716005390.7004032,4428386304,4205,4205
1716005391.7012002,4428386304,3336,3336
1716005392.7024283,4428386304,3724,3724
1716005393.7036295,4428386304,3889,3889
1716005394.7048297,4428386304,3428,3428
1716005395.7052014,4428386304,1657,1657
1716005396.7064023,4428386304,2317,2317
1716005397.70763,4428386304,2887,2887
1716005398.7088459,4428386304,3257,3257
1716005399.709175,4428386304,2775,2775
1716005400.7103388,4428386304,892,892
1716005401.7115,4428386304,158,158
1716005402.712667,4428386304,158,158
1716005403.713842,4428386304,612,612
1716005404.7150075,4428386304,0,0
1716005405.7161918,4428386304,0,0
1716005406.7172365,4428386304,1876,1876
1716005407.7184236,4428386304,2958,2958
1716005408.7196229,4428386304,4338,4338
1716005409.7208185,4428386304,3701,3701
1716005410.7211845,4428386304,3769,3769
1716005411.7223835,4428386304,3682,3682
1716005412.7235734,4428386304,3738,3738
1716005413.7247784,4428386304,1343,1343
1716005414.7251968,4428386304,356,356
1716005415.726384,4428386304,355,355
1716005416.7275739,4428386304,398,398
1716005417.728765,4428386304,4232,4232
1716005418.7299595,4428386304,3205,3205
1716005419.7311568,4428386304,3648,3648
1716005420.7323596,4428386304,3426,3426
1716005421.73321,4428386304,5805,5805
1716005422.7344072,4428386304,2339,2339
1716005423.7355993,4428386304,3223,3223
1716005424.736796,4428386304,4779,4779
1716005425.7371964,4428386304,3449,3449
1716005426.7383854,4428386304,3771,3771
1716005427.7395833,4428386304,3520,3520
1716005428.740778,4428386304,4525,4525
1716005429.7411969,4428386304,2719,2719
1716005430.7423923,4428386304,4700,4700
1716005431.7435877,4428386304,3868,3868
1716005432.7447863,4428386304,3180,3180
1716005433.7451875,4428386304,3313,3313
1716005434.7463763,4428386304,3204,3204
1716005435.747567,4428386304,3815,3815
1716005436.7487714,4428386304,3799,3799
1716005437.7492042,4428386304,4279,4279
1716005438.750393,4428386304,4935,4935
1716005439.7515838,4428386304,2854,2854
1716005440.752791,4428386304,771,771
1716005441.7532096,4428386304,2467,2467
1716005442.7543955,4428386304,3007,3007
1716005443.7555833,4428386304,3745,3745
1716005444.7567773,4428386304,3661,3661
1716005445.757206,4428386304,3178,3178
1716005446.7584038,4428386304,2730,2730
1716005447.7599623,4428386304,3573,3573
1716005448.761228,4428386304,779,779
1716005449.7628257,4428386304,0,0
1716005450.7640653,4428386304,0,0
1716005451.766022,4428386304,0,0
1716005452.7672675,4428386304,0,0
1716005453.768991,4428386304,548,548
1716005454.770238,4428386304,0,0
1716005455.7719545,4428386304,0,0
1716005456.7732244,4428386304,0,0
1716005457.7751226,4428386304,0,0
1716005458.7763724,4428386304,548,548
1716005459.778419,4428386304,0,0
1716005460.7796657,4428386304,0,0
1716005461.7808857,4428386304,1147,1147
1716005462.7812245,4428386304,0,0
1716005463.782425,4428386304,506,506
1716005464.7836452,4428386304,0,0
1716005465.784834,4428386304,190,190
1716005466.7852082,4428386304,0,0
1716005467.7864192,4428386304,0,0
1716005468.787626,4428386304,600,600
1716005469.788859,4428386304,0,0
1716005470.790069,4428386304,0,0
1716005471.7912862,4428386304,0,0
1716005472.7924974,4428386304,856,856
1716005473.7937052,4428386304,5054,5054
1716005474.7949295,4428386304,0,0
1716005475.7961361,4428386304,313,313
1716005476.7972178,4428386304,8237,8237
1716005477.7984378,4428386304,172,172
1716005478.7996411,4428386304,2481,2481
1716005479.8008492,4428386304,3813,3813
1716005480.8020585,4428386304,910,910
1716005481.803268,4428386304,7325,7325
1716005482.8044844,4428386304,91310,91310
1716005483.805719,4428386304,980,980
1716005484.8067698,4428386304,0,0
1716005485.8079872,4428386304,156,156
1716005486.809214,4428386304,0,0
1716005487.810416,4428386304,0,0
1716005488.8116689,4428386304,556,556
1716005489.8129172,4428386304,540243081,540243081
1716005490.8141522,4428386304,1845148911,1845148911
1716005491.815409,4428386304,124365258,124365258
1716005492.8166451,4428386304,0,0
1716005493.8178563,4428386304,1793,1793
1716005494.8191032,4428386304,5537,5537
1716005495.8198624,4428386304,4627,4627
1716005496.8211405,4428386304,5667,5667
1716005497.8223917,4428386304,4036,4036
1716005498.8236423,4428386304,6151,6151
1716005499.8248622,4428386304,6432,6432
1716005500.825237,4428386304,5851,5851
1716005501.826474,4428386304,5954,5954
1716005502.8277194,4428386304,6231,6231
1716005503.828964,4428386304,6197,6197
1716005504.8302124,4428386304,5950,5950
1716005505.8314478,4428386304,6500,6500
1716005506.8319058,4428386304,6640,6640
1716005507.833173,4428386304,1607,1607
1716005508.8343825,4428386304,771,771
1716005509.834673,4428386304,404,404
1716005510.8359096,4428386304,6632,6632
1716005511.83717,4428386304,3773,3773
1716005512.8384087,4428386304,4143,4143
1716005513.839661,4428386304,6631,6631
1716005514.8408608,4428386304,3942,3942
1716005515.841237,4428386304,2553,2553
1716005516.842473,4428386304,3259,3259
1716005517.8437088,4428386304,3766,3766
1716005518.844956,4428386304,6698,6698
1716005519.8462057,4428386304,3974,3974
1716005520.8474553,4428386304,3399,3399
1716005521.8487065,4428386304,6316,6316
1716005522.849254,4428386304,3773,3773
1716005523.850506,4428386304,3799,3799
1716005524.8517501,4428386304,6207,6207
1716005525.8529925,4428386304,4911,4911
1716005526.853257,4428386304,3852,3852
1716005527.8544872,4428386304,4063,4063
1716005528.8557208,4428386304,6680,6680
1716005529.8569493,4428386304,5955,5955
1716005530.8581996,4428386304,5353,5353
1716005531.8594317,4428386304,5955,5955
1716005532.8606832,4428386304,6126,6126
1716005533.8612485,4428386304,6302,6302
1716005534.8624883,4428386304,3067,3067
1716005535.8637388,4428386304,5393,5393
1716005536.8649724,4428386304,3073,3073
1716005537.8652961,4428386304,4055,4055
1716005538.866635,4428386304,1680,1680
1716005539.8678603,4428386304,571,571
