Timestamp,MemoryUsage,NetSent,NetRecv
1716003710.573465,514224128,0,0
1716003711.5749655,521596928,12397,12397
1716003712.5762587,521596928,0,0
1716003713.577257,521596928,557,557
1716003714.578461,521596928,156,156
1716003715.5797052,521596928,0,0
1716003716.5811145,521596928,0,0
1716003717.5822387,521596928,0,0
1716003718.58351,521596928,448,448
1716003719.5847328,521596928,152,152
1716003720.5852206,521596928,0,0
1716003721.5859795,521596928,0,0
1716003722.5872712,521596928,0,0
1716003723.5886054,521596928,548,548
1716003724.589274,521596928,52,52
1716003725.5904925,521596928,0,0
1716003726.590728,521596928,0,0
1716003727.5919676,521596928,0,0
1716003728.5933633,521596928,548,548
1716003729.5946732,521596928,52,52
1716003730.5960984,521596928,0,0
1716003731.5974038,521596928,0,0
1716003732.5986156,521596928,2786,2786
1716003733.5995893,521596928,4245,4245
1716003734.600067,521596928,4888,4888
1716003735.601211,521596928,4045,4045
1716003736.6024144,521596928,1337,1337
1716003737.6036155,521596928,0,0
1716003738.604822,521596928,827,827
1716003739.605196,521596928,52,52
1716003740.6062303,521596928,0,0
1716003741.6074154,521596928,0,0
1716003742.6086166,521596928,0,0
1716003743.6092126,521596928,496,496
1716003744.6104121,521596928,52,52
1716003745.6116037,521596928,310,310
1716003746.612845,521596928,0,0
1716003747.6140897,521596928,152,152
1716003748.6153054,521596928,500,500
1716003749.6164842,521596928,0,0
1716003750.6174273,521596928,0,0
1716003751.618644,521596928,0,0
1716003752.6197603,521596928,0,0
1716003753.6209626,521596928,496,496
1716003754.6212027,521596928,0,0
1716003755.6223934,521596928,0,0
1716003756.6236012,521596928,0,0
1716003757.6247983,521596928,0,0
1716003758.6251981,521596928,600,600
1716003759.626421,521596928,2190,2190
1716003760.6276426,521596928,1903,1903
1716003761.6288524,521596928,1958,1958
1716003762.6292036,521596928,2296,2296
1716003763.6304145,521596928,617,617
1716003764.6316135,521596928,2283,2283
1716003765.6328263,521596928,2459,2459
1716003766.6332092,521596928,2758,2758
1716003767.634423,521596928,1838,1838
1716003768.6354914,521596928,3509,3509
1716003769.6367152,521596928,2667,2667
1716003770.6371846,521596928,3200,3200
1716003771.6383996,521596928,1007,1007
1716003772.639597,521596928,2811,2811
1716003773.6408238,521596928,3366,3366
1716003774.6411946,521596928,2617,2617
1716003775.6424074,521596928,0,0
1716003776.6436024,521596928,252,252
1716003777.644295,521596928,0,0
1716003778.6452155,521596928,554,554
1716003779.6464164,521596928,0,0
1716003780.6476169,521596928,0,0
1716003781.648818,521596928,0,0
1716003782.650033,521596928,0,0
1716003783.6512465,521596928,548,548
1716003784.6519222,521596928,0,0
1716003785.6531487,521596928,0,0
1716003786.654329,521596928,0,0
1716003787.655031,521596928,0,0
1716003788.6562438,521596928,548,548
1716003789.6574526,521596928,0,0
1716003790.6586444,521596928,0,0
1716003791.659068,521596928,0,0
1716003792.660271,521596928,0,0
1716003793.6612048,521596928,548,548
1716003794.6624165,521596928,0,0
1716003795.6636164,521596928,0,0
1716003796.6643956,521596928,0,0
1716003797.6651993,521596928,0,0
1716003798.6661012,521596928,496,496
1716003799.6672919,521596928,0,0
1716003800.667528,521596928,0,0
1716003801.6687253,521596928,0,0
1716003802.6693003,521596928,410480490,410480490
1716003803.6705382,521596928,600,600
1716003804.6717412,521596928,0,0
1716003805.6729772,521596928,0,0
1716003806.6741905,521596928,17841210,17841210
1716003807.6754193,1183674368,1332868415,1332868415
1716003813.1383617,5708865536,1995030035,1995030035
1716003814.1512809,5849681920,5289,5289
1716003815.157984,5849681920,4534,4534
1716003816.1774576,5849681920,6178,6178
1716003817.1845064,5849681920,4670,4670
1716003818.1903234,5850173440,6535,6535
1716003819.194377,5850664960,3729,3729
1716003820.1990173,5850910720,4946,4946
1716003821.2032988,5851156480,5849,5849
1716003822.207203,5851648000,5416,5416
1716003823.2109578,5852139520,4249,4249
1716003824.2125807,5852385280,2489,2489
1716003825.2183592,5852876800,5836,5836
1716003826.229789,5859934208,4143,4143
1716003827.238236,5860179968,5884,5884
1716003828.2501965,5861351424,5160,5160
1716003829.2829957,5855469568,5397,5397
1716003830.3061364,5850570752,3962,3962
1716003831.3139882,5856714752,5854,5854
1716003832.3407025,5850910720,3165,3165
1716003833.3473613,5857792000,6898,6898
1716003834.3556485,5877207040,5070,5070
1716003835.3700788,5877207040,6545,6545
1716003836.377554,5877944320,3737,3737
1716003837.3912039,5878435840,5404,5404
1716003838.4182992,5879418880,5535,5535
1716003839.4309063,5879664640,6960,6960
1716003840.4494364,5888757760,4371,4371
1716003841.4612548,5873799168,3929,3929
1716003842.4642365,5920247808,2933,2933
1716003843.4722528,5870649344,5354,5354
1716003844.4882402,5921275904,4174,4174
1716003845.4994252,5922013184,3942,3942
1716003846.507599,5922013184,5386,5386
1716003847.516544,5922750464,5992,5992
1716003848.5583868,5914054656,6694,6694
1716003849.5751443,5924151296,5653,5653
1716003850.5814443,5924151296,3946,3946
1716003851.6017785,5984997376,5164,5164
1716003852.6035001,5985726464,7717,7717
1716003853.623806,6024065024,4792,4792
1716003854.6328654,6024802304,5857,5857
1716003855.6564236,6025793536,6454,6454
1716003856.670226,6025793536,2940,2940
1716003857.6861918,6025793536,3797,3797
1716003858.6875029,6318997504,7172,7172
1716003859.6881404,6082072576,4823,4823
1716003860.689267,6216855552,3375,3375
1716003861.6905868,6197276672,2995,2995
1716003862.6916697,6081970176,5086,5086
1716003863.6929996,6182039552,4590,4590
1716003864.6943936,6197112832,1563,1563
1716003865.6957562,6081945600,1511,1511
1716003866.697197,6082105344,2283,2283
1716003867.6985264,6273634304,1510,1510
1716003868.6998732,6367485952,2687,2687
1716003869.701048,6082682880,1514,1514
1716003870.7024493,6081310720,2289,2289
1716003871.7038963,6235459584,1511,1511
1716003872.705384,6351048704,1501,1501
1716003873.706687,6232182784,2747,2747
1716003874.7079604,6081839104,1705,1705
1716003875.7092693,6081900544,2088,2088
1716003876.710633,6137925632,1506,1506
1716003877.7119927,6199472128,2173,2173
1716003878.71345,6082215936,2363,2363
1716003879.7146745,6081986560,2287,2287
1716003880.7160318,6302990336,1515,1515
1716003881.7173188,6378438656,1507,1507
1716003882.7185848,6158229504,1684,1684
1716003883.719979,6083031040,2161,2161
1716003884.721295,6082342912,2282,2282
1716003885.7226207,6194446336,1511,1511
1716003886.7244508,6311059456,1514,1514
1716003887.7430415,6082781184,2138,2138
1716003888.7629502,6086959104,4313,4313
1716003889.7737458,6086959104,732,732
1716003890.7876303,6086959104,1144,1144
1716003891.7973118,6086959104,1019,1019
1716003892.8231156,6093348864,732,732
1716003893.8283308,6124806144,2002,2002
1716003894.860711,6156263424,3377,3377
1716003895.8876839,6190915584,3821,3821
1716003896.9169803,6225567744,6059,6059
1716003897.946526,6257025024,5928,5928
1716003898.9709344,6291677184,4018,4018
1716003900.0068119,6326329344,6362,6362
1716003901.012214,6364176384,3721,3721
1716003902.021196,6402023424,5861,5861
1716003903.0328803,6436675584,3726,3726
1716003904.0377028,6474276864,6861,6861
1716003905.0474107,6512123904,6452,6452
1716003906.0592425,6546776064,3727,3727
1716003907.0638845,6584623104,2547,2547
1716003908.0988176,6622224384,3742,3742
1716003909.127054,6672605184,5052,5052
1716003910.1322758,6720036864,3777,3777
1716003911.1361623,6767222784,4596,4596
1716003912.14231,6814408704,5018,5018
1716003913.1455622,6861594624,3981,3981
1716003914.154993,6896246784,2780,2780
1716003915.186269,6949728256,3363,3363
1716003916.1999314,7028629504,2142,2142
1716003917.2274435,7056646144,5237,5237
1716003918.239599,7126204416,6058,6058
1716003919.240812,7201746944,3659,3659
1716003920.273922,7214034944,2155,2155
1716003921.2923732,7299293184,3150,3150
1716003922.3136377,7374979072,6925,6925
1716003923.3222067,7381123072,5298,5298
1716003924.338656,7456571392,4229,4229
1716003925.3466687,7541805056,5301,5301
1716003926.3605967,7588745216,5339,5339
1716003927.3803346,7702335488,2119,2119
1716003928.4136994,7721013248,4895,4895
1716003929.4633684,7862865920,2131,2131
1716003946.8373163,8973860864,13344,13344
1716003947.838548,12463591424,1871261999,1871261999
1716003948.8397841,8995520512,764,764
1716003949.841,8995520512,0,0
1716003950.8422353,8995520512,0,0
1716003951.8434439,8995520512,704,704
1716003952.8446803,8995520512,566393657,566393657
1716003953.8459156,8995520512,1305571667,1305571667
1716003954.8471134,8995520512,0,0
1716003955.8482955,8995520512,0,0
1716003956.8494973,8995520512,0,0
1716003957.8506982,8995520512,0,0
1716003958.8519015,8995520512,2839,2839
1716003959.8531175,8995520512,3294,3294
1716003960.853409,8995520512,3560,3560
1716003961.8546128,8995520512,3824,3824
1716003962.855813,8995520512,3824,3824
1716003963.8570385,8995520512,4935,4935
1716003964.8582494,8995520512,2676,2676
1716003965.859454,8995520512,4093,4093
1716003966.860671,8995520512,2791,2791
1716003967.8612072,8995520512,1735,1735
1716003968.8624218,8995520512,3514,3514
1716003969.8636212,8995520512,852,852
1716003970.864825,8995520512,2803,2803
1716003971.865212,8995520512,2850,2850
1716003972.8664153,8995520512,2141,2141
1716003973.867619,8995520512,3997,3997
1716003974.8688157,8995520512,2142,2142
1716003975.8692043,8995520512,896,896
1716003976.8703983,8995520512,2136,2136
1716003977.8715975,8995520512,2808,2808
1716003978.8728042,8995520512,4657,4657
1716003979.8731995,8995520512,5065,5065
1716003980.8743992,8995520512,92038,92038
1716003981.8756115,8995520512,3846,3846
1716003982.8768198,8995520512,3241,3241
1716003983.8772244,8995520512,3276,3276
1716003984.8784246,8995520512,3845,3845
1716003985.8796363,8995520512,5716,5716
1716003986.880836,8995520512,6141,6141
1716003987.8811994,8995520512,2855,2855
1716003988.8823886,8995520512,968,968
1716003989.8836052,8995520512,2044,2044
1716003990.8847961,8995520512,1666,1666
1716003991.8859963,8995520512,2183,2183
1716003992.8872004,8995520512,3141,3141
1716003993.8884,8995520512,3238,3238
1716003994.8892038,8995520512,4042,4042
1716003995.8904037,8995520512,614,614
1716003996.891638,8995520512,2066,2066
1716003997.8928475,8995520512,1563,1563
1716003998.8932111,8995520512,4062,4062
1716003999.8944032,8995520512,3746,3746
1716004000.8956053,8995520512,3245,3245
1716004001.8968084,8995520512,2901,2901
1716004002.8972213,8995520512,4277,4277
1716004003.8984208,8995520512,4962,4962
1716004004.8996305,8995520512,3887,3887
1716004005.900829,8995520512,3693,3693
1716004006.9011981,8995520512,2456,2456
1716004007.9023962,8995520512,4072,4072
1716004008.903594,8995520512,3815,3815
1716004009.9048033,8995520512,1860,1860
1716004010.9052076,8995520512,3578,3578
1716004011.9064054,8995520512,4708,4708
1716004012.9076157,8995520512,3041,3041
1716004013.9088116,8995520512,2300,2300
1716004014.9092035,8995520512,3320,3320
1716004015.9103959,8995520512,3284,3284
1716004016.9115958,8995520512,4173,4173
1716004017.9127905,8995520512,2247,2247
1716004018.9131963,8995520512,3424,3424
1716004019.9144065,8995520512,3789,3789
1716004020.9156034,8995520512,2748,2748
1716004021.9168317,8995520512,3123,3123
1716004022.9172032,8995520512,3761,3761
1716004023.9183998,8995520512,4414,4414
1716004024.9196136,8995520512,4377,4377
1716004025.9208064,8995520512,1283,1283
1716004026.9212031,8995520512,396,396
1716004027.9223974,8995520512,2254,2254
1716004028.923601,8995520512,3296,3296
1716004029.9248116,8995520512,16918,16918
1716004030.925215,8995520512,9926,9926
1716004031.926456,8995520512,6821,6821
1716004032.9276562,8995520512,3140,3140
1716004033.9288538,8995520512,4214,4214
1716004034.9297533,8995520512,8851,8851
1716004035.930943,8995520512,1845,1845
1716004036.9321408,8995520512,3926,3926
1716004037.933189,8995520512,1897,1897
1716004038.9333913,8995520512,4207,4207
1716004039.9339132,8995520512,2137,2137
1716004040.93512,8995520512,3758,3758
1716004041.9363241,8995520512,1403,1403
1716004042.9372,8995520512,3160,3160
1716004043.9384031,8995520512,4006,4006
1716004044.9397993,8995520512,2738,2738
1716004045.94107,8995520512,0,0
1716004046.9427056,8995520512,311,311
1716004047.943948,8995520512,0,0
1716004048.9454908,8995520512,508,508
1716004049.9467382,8995520512,0,0
1716004050.9485624,8995520512,0,0
1716004051.949238,8995520512,0,0
1716004052.9510984,8995520512,0,0
1716004053.9517274,8995520512,600,600
1716004054.953534,8995520512,0,0
1716004055.9547913,8995520512,0,0
1716004056.956748,8995520512,0,0
1716004057.957228,8995520512,0,0
1716004058.9584346,8995520512,1785,1785
1716004059.9596357,8995520512,0,0
1716004060.9608579,8995520512,301,301
1716004061.96121,8995520512,0,0
1716004062.9624245,8995520512,0,0
1716004063.9636338,8995520512,606,606
1716004064.9648476,8995520512,0,0
1716004065.9651897,8995520512,0,0
1716004066.9664025,8995520512,0,0
1716004067.9676056,8995520512,0,0
1716004068.9688213,8995520512,600,600
1716004069.9700217,8995520512,0,0
1716004070.9712265,8995520512,0,0
1716004071.9724243,8995520512,0,0
1716004072.9736226,8995520512,0,0
1716004073.9748254,8995520512,496,496
1716004074.976013,8995520512,0,0
1716004075.9772172,8995520512,0,0
1716004076.9784055,8995520512,0,0
1716004077.9796016,8995520512,0,0
1716004078.980805,8995520512,600,600
1716004079.9812052,8995520512,0,0
1716004080.98243,8995520512,0,0
1716004081.983646,8995520512,0,0
1716004082.9848564,8995520512,0,0
1716004083.9851985,8995520512,600,600
1716004084.9863877,8995520512,0,0
1716004085.9875827,8995520512,0,0
1716004086.9889445,9036316672,892522093,892522093
1716004090.0962265,11503394816,1616813204,1616813204
1716004091.116053,8517296128,4531,4531
1716004092.1363552,8517296128,3650,3650
1716004093.1466477,8517296128,6061,6061
1716004094.1701324,8517296128,4444,4444
1716004095.194268,8517296128,4271,4271
1716004096.2089796,8517296128,3977,3977
1716004097.2346785,8517296128,4261,4261
1716004098.2598445,8517296128,6502,6502
1716004099.2726195,8517296128,4160,4160
1716004100.2989762,8517296128,5465,5465
1716004101.3260844,8517296128,6611,6611
1716004102.3282306,8517541888,3836,3836
1716004103.3394017,8517541888,8001,8001
1716004104.3556101,8517541888,2088,2088
1716004105.3831635,8517541888,3342,3342
1716004106.4077566,8517541888,6850,6850
1716004107.4344196,8517541888,6844,6844
1716004108.4642804,8517541888,4280,4280
1716004109.4663782,8517541888,6294,6294
1716004110.4685154,8517541888,6734,6734
1716004111.4701657,8517541888,6785,6785
1716004112.4975696,8517541888,6197,6197
1716004113.5256042,8517541888,4621,4621
1716004114.5303218,8517541888,4085,4085
1716004115.5562801,8517541888,5605,5605
1716004116.5620568,8521719808,3261,3261
1716004117.5710971,8536219648,4483,4483
1716004118.5956044,8536219648,2077,2077
1716004119.5984995,8536219648,2748,2748
1716004120.6136813,8536219648,1734,1734
1716004121.651377,8536219648,3708,3708
1716004122.668869,8536219648,2911,2911
1716004123.6708398,8536219648,1917,1917
1716004124.693798,8536219648,3694,3694
1716004125.6990666,8576032768,4825,4825
1716004126.7166858,8576032768,4121,4121
1716004127.724656,8601108480,4028,4028
1716004128.7322993,8601108480,6628,6628
1716004129.7421982,8551092224,6263,6263
1716004130.7675025,8580337664,4995,4995
1716004131.773358,8530108416,3235,3235
1716004132.7746248,8575803392,3886,3886
1716004133.776178,8653705216,1581,1581
1716004134.7774,8832499712,0,0
1716004135.9806647,4833513472,1265,1265
1716004136.9813147,3580121088,2117,2117
1716004137.982529,3580121088,159,159
1716004138.983098,3580121088,564,564
1716004139.9843056,3580121088,0,0
1716004140.985183,3580121088,2181,2181
1716004141.9863598,3580121088,0,0
1716004142.9875436,3580121088,303,303
1716004143.9887378,3580121088,606,606
1716004144.989199,3580121088,0,0
1716004145.990388,3580121088,0,0
1716004146.9915721,3580121088,0,0
1716004147.992759,3580121088,0,0
1716004148.993181,3580121088,600,600
1716004149.9943616,3580121088,0,0
1716004150.995542,3580121088,0,0
1716004151.9967184,3580121088,0,0
1716004152.997191,3580121088,0,0
1716004153.9983802,3580121088,496,496
1716004154.9995606,3580121088,0,0
1716004156.0007505,3580121088,0,0
1716004157.0019372,3580121088,0,0
1716004158.003114,3580121088,0,0
1716004159.0042896,3580121088,600,600
1716004160.0051858,3580121088,0,0
1716004161.006374,3580121088,0,0
1716004162.0075507,3580121088,0,0
1716004163.0087388,3580121088,0,0
1716004164.009183,3580121088,600,600
1716004165.0103726,3580121088,806232909,806232909
1716004166.0115538,3580121088,173,173
1716004167.0127406,3580121088,190,190
1716004168.0139186,3580121088,0,0
1716004169.0151033,3580121088,34632971,34632971
1716004170.0163264,3580121088,1668400495,1668400495
1716004171.0175352,3580121088,242,242
1716004172.0186243,3580121088,0,0
1716004173.0198915,3580121088,2159,2159
1716004174.0211477,3580121088,5947,5947
1716004175.022388,3580121088,3930,3930
1716004176.0236275,3580121088,5705,5705
1716004177.0248613,3580121088,5806,5806
1716004178.0252316,3580121088,5889,5889
1716004179.0264652,3580121088,5315,5315
1716004180.0276961,3580121088,5894,5894
1716004181.028924,3580121088,6400,6400
1716004182.0292313,3580121088,2849,2849
1716004183.030468,3580121088,6084,6084
1716004184.031693,3580121088,6465,6465
1716004185.0329206,3580121088,6162,6162
1716004186.0332348,3580121088,4246,4246
1716004187.0344753,3580121088,4122,4122
1716004188.0356963,3580121088,4377,4377
1716004189.0369365,3580121088,6168,6168
1716004190.0380516,3580121088,3935,3935
1716004191.0392973,3580121088,6050,6050
1716004192.0405293,3580121088,3785,3785
1716004193.0412304,3580121088,2929,2929
1716004194.0424619,3580121088,3819,3819
1716004195.0436912,3580121088,6732,6732
1716004196.0449183,3580121088,4436,4436
1716004197.0452297,3580121088,6195,6195
1716004198.0464501,3580121088,4216,4216
1716004199.0476825,3580121088,6487,6487
1716004200.0489094,3580121088,4512,4512
1716004201.0492363,3580121088,3668,3668
1716004202.050477,3580121088,3266,3266
1716004203.051709,3580121088,3750,3750
1716004204.052941,3580121088,4695,4695
1716004205.053257,3580121088,3886,3886
1716004206.0544755,3580121088,4260,4260
1716004207.0557008,3580121088,5784,5784
1716004208.0569365,3580121088,5877,5877
1716004209.057265,3580121088,6427,6427
1716004210.0585139,3580121088,5821,5821
1716004211.0597548,3580121088,5207,5207
1716004212.0609863,3580121088,6351,6351
1716004213.0612502,3580121088,6125,6125
1716004214.0624914,3580121088,6967,6967
1716004215.063736,3580121088,5802,5802
1716004216.065551,3580121088,6279,6279
1716004217.0662448,3580121088,6188,6188
1716004218.067635,3580121088,3538,3538
1716004219.0688238,3580121088,2171,2171
1716004220.0692165,3580121088,1776,1776
1716004221.0704513,3580121088,2382,2382
1716004222.071821,3580121088,1699,1699
1716004223.0732884,3580121088,2063,2063
1716004224.0746036,3580121088,3053,3053
1716004225.0759494,3580121088,2114,2114
1716004226.0774133,3580121088,2285,2285
1716004227.078665,3580121088,2177,2177
1716004228.0799441,3580121088,1708,1708
1716004229.0811763,3580121088,3172,3172
1716004230.0825016,3580121088,2096,2096
1716004231.08386,3580121088,2285,2285
1716004232.085189,3580121088,2276,2276
1716004233.0865085,3580121088,1960,1960
1716004234.0877235,3580121088,2322,2322
1716004235.089,3580121088,1971,1971
1716004236.0903816,3580121088,4005,4005
1716004237.091663,3580121088,1375,1375
1716004238.0930912,3580121088,737,737
1716004239.0943925,3580121088,1978,1978
1716004240.0956774,3580121088,959,959
1716004241.0968888,3580121088,679,679
1716004242.0972238,3580121088,1586,1586
1716004243.0984492,3580121088,1472,1472
1716004244.099679,3580121088,1305,1305
1716004245.1003664,3580121088,738,738
1716004246.1016307,3580121088,1497,1497
1716004247.1029794,3580121088,464,464
1716004248.1041677,3580121088,1783,1783
1716004249.105194,3580121088,1881,1881
1716004250.1063948,3580121088,3290,3290
1716004251.107578,3580121088,4132,4132
1716004252.1087782,3580121088,6174,6174
1716004253.1091888,3580121088,3544,3544
1716004254.1097727,3580121088,6151,6151
1716004255.1110065,3580121088,3837,3837
1716004256.112194,3580121088,4336,4336
1716004257.1131997,3580121088,5988,5988
1716004258.1143954,3580121088,5825,5825
1716004259.115596,3580121088,6853,6853
1716004260.1167881,3580121088,5605,5605
1716004261.1172597,3580121088,5944,5944
1716004262.1184883,3580121088,3912,3912
1716004263.1197028,3580121088,3356,3356
1716004264.1209385,3580121088,1791,1791
1716004265.1212268,3580121088,5712,5712
1716004266.1224575,3580121088,5707,5707
1716004267.1236715,3580121088,4285,4285
1716004268.124963,3580121088,3232,3232
1716004269.1252065,3580121088,6187,6187
1716004270.1263964,3580121088,4718,4718
1716004271.1276455,3580121088,3115,3115
1716004272.12884,3580121088,4106,4106
1716004273.1292055,3580121088,4142,4142
1716004274.1304004,3580121088,3351,3351
1716004275.1315987,3580121088,3551,3551
1716004276.132791,3580121088,4167,4167
1716004277.133197,3580121088,2374,2374
1716004278.134394,3580121088,955,955
1716004279.1356,3580121088,3407,3407
1716004280.136808,3580121088,2907,2907
1716004281.1372042,3580121088,92308,92308
1716004282.1384027,3580121088,1886,1886
1716004283.1386304,3580121088,723,723
1716004284.1398509,3580121088,2832,2832
1716004285.1410804,3580121088,2806,2806
1716004286.142337,3580121088,3457,3457
1716004287.1435344,3580121088,2171,2171
1716004288.144732,3580121088,4296,4296
1716004289.1459653,3580121088,1131,1131
1716004290.1471505,3580121088,1474,1474
1716004291.1483684,3580121088,730,730
1716004292.1496046,3580121088,0,0
1716004293.1508186,3580121088,464,464
1716004294.1520689,3580121088,1871889275,1871889275
1716004295.153287,3580121088,0,0
1716004296.1545486,3580121088,0,0
1716004297.1557968,3580121088,0,0
1716004298.156994,3580121088,300,300
1716004299.1582017,3580121088,300,300
1716004300.1594627,3580121088,0,0
1716004301.160656,3580121088,0,0
1716004302.1619005,3580121088,159,159
1716004303.1631503,3580121088,751,751
1716004304.1643603,3580121088,404,404
1716004305.1656184,3580121088,0,0
1716004306.1668842,3580121088,0,0
1716004307.1680758,3580121088,0,0
1716004308.1692834,3580121088,1871865796,1871865796
1716004309.170483,3580121088,204,204
1716004310.1716769,3580121088,0,0
1716004311.172871,3580121088,0,0
1716004312.174077,3580121088,0,0
1716004313.1752794,3580121088,1645,1645
1716004314.1765144,3580121088,3944,3944
1716004315.1777394,3580121088,3787,3787
1716004316.1789541,3580121088,4921,4921
1716004317.1801553,3580121088,2366,2366
1716004318.1813807,3580121088,3405,3405
1716004319.1825657,3580121088,3883,3883
1716004320.183784,3580121088,3688,3688
1716004321.185067,3580121088,1695,1695
1716004322.1862664,3580121088,13130,13130
1716004323.187466,3580121088,6400,6400
1716004324.1886804,3580121088,4659,4659
1716004325.1899047,3580121088,3338,3338
1716004326.191099,3580121088,3110,3110
1716004327.1922967,3580121088,3488,3488
1716004328.1935055,3580121088,3115,3115
1716004329.1946936,3580121088,3293,3293
1716004330.1958942,3580121088,2701,2701
1716004331.1971226,3580121088,515,515
1716004332.1983092,3580121088,2142,2142
1716004333.199523,3580121088,3756,3756
1716004334.2007227,3580121088,3229,3229
1716004335.2019517,3580121088,1333,1333
1716004336.2031593,3580121088,4394,4394
1716004337.2043839,3580121088,2849,2849
1716004338.2056224,3580121088,3387,3387
1716004339.2068217,3580121088,3942,3942
1716004340.2080243,3580121088,3842,3842
1716004341.2092273,3580121088,4079,4079
1716004342.2104166,3580121088,2887,2887
1716004343.2116244,3580121088,4082,4082
1716004344.2128556,3580121088,2302,2302
1716004345.2140605,3580121088,2828,2828
1716004346.215254,3580121088,4108,4108
1716004347.21646,3580121088,3813,3813
1716004348.217684,3580121088,4165,4165
1716004349.218889,3580121088,2291,2291
1716004350.2200782,3580121088,3140,3140
1716004351.2213151,3580121088,3086,3086
1716004352.2225149,3580121088,1172,1172
1716004353.223725,3580121088,3862,3862
1716004354.2249405,3580121088,2523,2523
1716004355.2261372,3580121088,3285,3285
1716004356.227374,3580121088,3321,3321
1716004357.228561,3580121088,3700,3700
1716004358.2297702,3580121088,5640,5640
1716004359.2310107,3580121088,4267,4267
1716004360.2322211,3580121088,2140,2140
1716004361.233447,3580121088,4234,4234
1716004362.234642,3580121088,2485,2485
1716004363.2358408,3580121088,4493,4493
1716004364.237045,3580121088,4501,4501
1716004365.2382379,3580121088,3145,3145
1716004366.2394547,3580121088,3768,3768
1716004367.240645,3580121088,5066,5066
1716004368.2418432,3580121088,2452,2452
1716004369.2430336,3580121088,2031,2031
1716004370.244234,3580121088,5380,5380
1716004371.245445,3580121088,1782,1782
1716004372.2466476,3580121088,3324,3324
1716004373.2478516,3580121088,2766,2766
1716004374.249117,3580121088,2851,2851
1716004375.2503176,3580121088,3757,3757
1716004376.2515159,3580121088,3679,3679
1716004377.252728,3580121088,3650,3650
1716004378.2539227,3580121088,3980,3980
1716004379.2551377,3580121088,1018,1018
1716004380.2563503,3580121088,4429,4429
1716004381.2575383,3580121088,3591,3591
1716004382.2587347,3580121088,6228,6228
1716004383.2599552,3580121088,3890,3890
1716004384.2611692,3580121088,3807,3807
1716004385.2623959,3580121088,2605,2605
1716004386.2636032,3580121088,2236,2236
1716004387.2647948,3580121088,3422,3422
1716004388.2660134,3580121088,4619,4619
1716004389.2672305,3580121088,3449,3449
1716004390.2684278,3580121088,4188,4188
1716004391.2696602,3580121088,3763,3763
1716004392.2708936,3580121088,2953,2953
1716004393.2721055,3580121088,2151,2151
1716004394.2733176,3580121088,5048,5048
1716004395.274526,3580121088,3483,3483
1716004396.2757394,3580121088,3499,3499
1716004397.2769449,3580121088,1120,1120
1716004398.2771962,3580121088,4341,4341
1716004399.2791364,3580121088,1726,1726
1716004400.2803917,3580121088,0,0
1716004401.2817092,3580121088,310,310
1716004402.2829783,3580121088,0,0
1716004403.2848408,3580121088,351,351
1716004404.2852879,3580121088,152,152
1716004405.285943,3580121088,0,0
1716004406.2871914,3580121088,0,0
1716004407.2891512,3580121088,0,0
1716004408.2903807,3580121088,448,448
1716004409.291856,3580121088,152,152
1716004410.2933512,3580121088,0,0
1716004411.2949905,3580121088,0,0
1716004412.2963915,3580121088,0,0
1716004413.2971907,3580121088,1601,1601
1716004414.2983882,3580121088,155,155
1716004415.2995782,3580121088,0,0
1716004416.3007665,3580121088,0,0
1716004417.301182,3580121088,0,0
1716004418.3023655,3580121088,448,448
1716004419.3035526,3580121088,152,152
1716004420.3047419,3580121088,0,0
1716004421.3051975,3580121088,0,0
1716004422.306383,3580121088,0,0
1716004423.3075802,3580121088,448,448
1716004424.3087723,3580121088,152,152
1716004425.30958,3580121088,0,0
1716004426.3107774,3580121088,0,0
1716004427.3119628,3580121088,0,0
1716004428.3132825,3580121088,448,448
1716004429.3145738,3580121088,152,152
1716004430.3158581,3580121088,0,0
1716004431.3171809,3580121088,0,0
1716004432.3183844,3580121088,0,0
1716004433.3195686,3580121088,448,448
1716004434.3207653,3580121088,152,152
1716004435.3211977,3580121088,0,0
1716004436.322207,3580121088,0,0
1716004437.3233976,3580121088,0,0
1716004438.324591,3580121088,344,344
1716004439.3251982,3580121088,152,152
1716004440.326384,3580121088,703361966,703361966
1716004441.3275902,3580121088,1806149653,1806149653
1716004442.328804,3580121088,0,0
1716004443.3292115,3580121088,448,448
1716004444.3299358,3580121088,2272,2272
1716004445.3311749,3580121088,3685,3685
1716004446.3324564,3580121088,4483,4483
1716004447.3336182,3580121088,5523,5523
1716004448.333873,3580121088,3928,3928
1716004449.3343177,3580121088,4665,4665
1716004450.3355281,3580121088,4141,4141
1716004451.336348,3580121088,5895,5895
1716004452.3372338,3580121088,6325,6325
1716004453.3384812,3580121088,4525,4525
1716004454.3397121,3580121088,4217,4217
1716004455.340944,3580121088,5455,5455
1716004456.341591,3580121088,6349,6349
1716004457.3428304,3580121088,5745,5745
1716004458.3440704,3580121088,4373,4373
1716004459.3452406,3580121088,4104,4104
1716004460.3458803,3580121088,5536,5536
1716004461.3471017,3580121088,5970,5970
1716004462.3475878,3580121088,6630,6630
1716004463.3488257,3580121088,4196,4196
1716004464.3500218,3580121088,6306,6306
1716004465.3508077,3580121088,6220,6220
1716004466.351727,3580121088,5108,5108
1716004467.3529487,3580121088,6520,6520
1716004468.3532314,3580121088,4376,4376
1716004469.3544674,3580121088,6117,6117
1716004470.3556933,3580121088,4051,4051
1716004471.356922,3580121088,5399,5399
1716004472.357595,3580121088,1880,1880
1716004473.3585167,3580121088,6703,6703
1716004474.3597686,3580121088,4570,4570
1716004475.360054,3580121088,3292,3292
1716004476.3612533,3580121088,5637,5637
1716004477.3624902,3580121088,4726,4726
1716004478.363402,3580121088,5439,5439
1716004479.3646662,3580121088,9643,9643
1716004480.3652475,3580121088,2381,2381
1716004481.3665082,3580121088,6802,6802
1716004482.3673,3580121088,6368,6368
1716004483.3677266,3580121088,7240,7240
1716004484.3689642,3580121088,8652,8652
1716004485.369235,3580121088,4883,4883
1716004486.3706388,3580121088,5271,5271
1716004487.37204,3580121088,3461,3461
1716004488.3731976,3580121088,626,626
1716004489.3745584,3580121088,1577,1577
1716004490.375769,3580121088,0,0
1716004491.376309,3580121088,310,310
1716004492.3771815,3580121088,1363,1363
1716004493.3782198,3580121088,1109,1109
1716004494.3794022,3580121088,155,155
1716004495.3805869,3580121088,0,0
1716004496.3811865,3580121088,0,0
1716004497.3823802,3580121088,8109,8109
1716004498.3835657,3580121088,2688,2688
1716004499.384762,3580121088,2787,2787
1716004500.3851879,3580121088,2100,2100
1716004501.386372,3580121088,0,0
1716004502.387555,3580121088,309,309
1716004503.3887444,3580121088,352,352
1716004504.389228,3580121088,155,155
1716004505.3904088,3580121088,0,0
1716004506.391225,3580121088,0,0
1716004507.3924088,3580121088,0,0
1716004508.3931906,3580121088,448,448
1716004509.3937776,3580121088,152,152
1716004510.3949592,3580121088,0,0
1716004511.3961544,3580121088,0,0
1716004512.397201,3580121088,0,0
1716004513.3983924,3580121088,448,448
1716004514.3994355,3580121088,152,152
1716004515.4003732,3580121088,0,0
1716004516.401191,3580121088,0,0
1716004517.4023747,3580121088,0,0
1716004518.4031022,3580121088,448,448
1716004519.4033513,3580121088,152,152
1716004520.4041533,3580121088,0,0
1716004521.4052136,3580121088,536578360,536578360
1716004522.40642,3580121088,1973021854,1973021854
1716004523.4066703,3580121088,448,448
1716004524.407869,3580121088,152,152
1716004525.4091156,3580121088,3455,3455
1716004526.4096746,3580121088,4208,4208
1716004527.4109104,3580121088,5618,5618
1716004528.4121478,3580121088,4608,4608
1716004529.4132292,3580121088,4569,4569
1716004530.414459,3580121088,6183,6183
1716004531.4156783,3580121088,6219,6219
1716004532.4169014,3580121088,6252,6252
1716004533.4172335,3580121088,6722,6722
1716004534.4184637,3580121088,3723,3723
1716004535.4187276,3580121088,4058,4058
1716004536.4195893,3580121088,3987,3987
1716004537.4208214,3580121088,5751,5751
1716004538.4214103,3580121088,3351,3351
1716004539.4222982,3580121088,5760,5760
1716004540.4235241,3580121088,5628,5628
1716004541.4247448,3580121088,4592,4592
1716004542.425228,3580121088,6156,6156
1716004543.4264514,3580121088,6109,6109
1716004544.4276621,3580121088,4097,4097
1716004545.4288933,3580121088,4289,4289
1716004546.4292285,3580121088,3626,3626
1716004547.4304638,3580121088,4412,4412
1716004548.431692,3580121088,4091,4091
1716004549.432919,3580121088,4069,4069
1716004550.4332309,3580121088,6018,6018
1716004551.43447,3580121088,6535,6535
1716004552.4351082,3580121088,2931,2931
1716004553.4354043,3580121088,5852,5852
1716004554.4358273,3580121088,5731,5731
1716004555.4370687,3580121088,3918,3918
1716004556.4376097,3580121088,5485,5485
1716004557.4388435,3580121088,3996,3996
1716004558.4400709,3580121088,6115,6115
1716004559.441238,3580121088,6262,6262
1716004560.442466,3580121088,6284,6284
1716004561.443697,3580121088,4365,4365
1716004562.4449294,3580121088,3361,3361
1716004563.4452195,3580121088,4207,4207
1716004564.4464467,3580121088,5836,5836
1716004565.4476833,3580121088,4125,4125
1716004566.4489255,3580121088,6212,6212
1716004567.4492295,3580121088,3733,3733
1716004568.4504635,3580121088,7421,7421
1716004569.4517467,3580121088,4491,4491
1716004570.4532754,3580121088,2331,2331
1716004571.4551408,3580121088,2567,2567
1716004572.4569418,3580121088,1890,1890
1716004573.4577951,3580121088,1671,1671
1716004574.459069,3580121088,3045,3045
1716004575.4602942,3580121088,1963,1963
1716004576.4613926,3580121088,1244,1244
1716004577.4629502,3580121088,1966,1966
1716004578.4648185,3580121088,2469,2469
1716004579.4657626,3580121088,1688,1688
1716004580.4671834,3580121088,1916,1916
1716004581.468402,3580121088,93038,93038
1716004582.4692152,3580121088,2581,2581
1716004583.4706318,3580121088,1764,1764
1716004584.471918,3580121088,2709,2709
1716004585.473815,3580121088,1160,1160
1716004586.4756727,3580121088,3327,3327
1716004587.4774234,3580121088,2243,2243
1716004588.478676,3580121088,3541,3541
1716004589.479925,3580121088,3674,3674
1716004590.4811664,3580121088,5027,5027
1716004591.4823942,3580121088,3823,3823
1716004592.4836187,3580121088,4187,4187
1716004593.4848742,3580121088,3982,3982
1716004594.4852576,3580121088,4727,4727
1716004595.4864864,3580121088,4185,4185
1716004596.4877236,3580121088,5567,5567
1716004597.488947,3580121088,5387,5387
1716004598.4902046,3580121088,4185,4185
1716004599.4914415,3580121088,3695,3695
1716004600.492692,3580121088,6006,6006
1716004601.4939451,3580121088,5811,5811
1716004602.4951918,3580121088,4453,4453
1716004603.4964345,3580121088,2491,2491
1716004604.4976757,3580121088,5713,5713
1716004605.498913,3580121088,3957,3957
1716004606.5001569,3580121088,3857,3857
1716004607.5013957,3580121088,3877,3877
1716004608.5026646,3580121088,5116,5116
1716004609.5039535,3580121088,5307,5307
1716004610.5052104,3580121088,1855,1855
1716004611.5064533,3580121088,4848,4848
1716004612.507695,3580121088,4600,4600
1716004613.5089357,3580121088,5226,5226
1716004614.510171,3580121088,5311,5311
1716004615.5114532,3580121088,5176,5176
1716004616.5126987,3580121088,3934,3934
1716004617.5132341,3580121088,3540,3540
1716004618.5144691,3580121088,3783,3783
1716004619.5157144,3580121088,4894,4894
1716004620.516941,3580121088,4093,4093
1716004621.5173485,3580121088,4900,4900
1716004622.518161,3580121088,4482,4482
1716004623.5193284,3580121088,2872,2872
1716004624.5204868,3580121088,2394,2394
1716004625.5211723,3580121088,3926,3926
1716004626.5223384,3580121088,5665,5665
1716004627.5235016,3580121088,4940,4940
1716004628.524658,3580121088,4699,4699
1716004629.5251708,3580121088,3518,3518
1716004630.5263352,3580121088,1788,1788
1716004631.5274994,3580121088,0,0
1716004632.5286636,3580121088,312,312
1716004633.5291655,3580121088,456,456
1716004634.5303597,3580121088,155,155
1716004635.531516,3580121088,0,0
1716004636.5327141,3580121088,0,0
1716004637.5332012,3580121088,0,0
1716004638.534397,3580121088,448,448
1716004639.535589,3580121088,152,152
1716004640.536786,3580121088,0,0
1716004641.5372083,3580121088,912,912
1716004642.5384135,3580121088,0,0
1716004643.5396109,3580121088,402,402
1716004644.5407977,3580121088,155,155
1716004645.5412052,3580121088,0,0
1716004646.5423968,3580121088,757,757
1716004647.543607,3580121088,2849733531,2849733531
1716004648.5448081,3580121088,425243433,425243433
1716004649.5460403,3580121088,207,207
1716004650.547223,3580121088,104,104
1716004651.548402,3580121088,104,104
1716004652.5491827,3580121088,470567646,470567646
1716004653.5503757,3580121088,448,448
1716004654.5515647,3580121088,152,152
1716004655.5527701,3580121088,0,0
1716004656.553965,3580121088,0,0
1716004657.5551462,3580121088,0,0
1716004658.556338,3580121088,4142,4142
1716004659.5571835,3580121088,3958,3958
1716004660.5583584,3580121088,2584,2584
1716004661.5595307,3580121088,3178,3178
1716004662.560714,3580121088,3736,3736
1716004663.561184,3580121088,3544,3544
1716004664.5623574,3580121088,1874,1874
1716004665.56354,3580121088,3708,3708
1716004666.5647233,3580121088,2133,2133
1716004667.5659459,3580121088,3684,3684
1716004668.5671275,3580121088,4030,4030
1716004669.568281,3580121088,5598,5598
1716004670.5694764,3580121088,1559,1559
1716004671.5706635,3580121088,5222,5222
1716004672.5718534,3580121088,4247,4247
1716004673.573064,3580121088,4856,4856
1716004674.5742638,3580121088,1335,1335
1716004675.5754423,3580121088,2972,2972
1716004676.5766115,3580121088,3340,3340
1716004677.5771694,3580121088,3751,3751
1716004678.5783644,3580121088,2934,2934
1716004679.5795243,3580121088,3520,3520
1716004680.580684,3580121088,3463,3463
1716004681.581172,3580121088,3322,3322
1716004682.582333,3580121088,3519,3519
1716004683.5834951,3580121088,4227,4227
1716004684.5846655,3580121088,3737,3737
1716004685.5851707,3580121088,4922,4922
1716004686.5863278,3580121088,1494,1494
1716004687.5874844,3580121088,4547,4547
1716004688.5886376,3580121088,2449,2449
1716004689.589157,3580121088,5688,5688
1716004690.5903072,3580121088,3698,3698
1716004691.5914586,3580121088,6054,6054
1716004692.592618,3580121088,1579,1579
1716004693.5931566,3580121088,6083,6083
1716004694.5937912,3580121088,3956,3956
1716004695.5949738,3580121088,3657,3657
1716004696.5961637,3580121088,2628,2628
1716004697.597183,3580121088,3145,3145
1716004698.598365,3580121088,2394,2394
1716004699.599555,3580121088,3740,3740
1716004700.6007516,3580121088,3084,3084
1716004701.6011941,3580121088,4495,4495
1716004702.6023757,3580121088,2787,2787
1716004703.6035547,3580121088,5144,5144
1716004704.6047406,3580121088,4061,4061
1716004705.6051805,3580121088,3828,3828
1716004706.6063526,3580121088,4034,4034
1716004707.6075437,3580121088,4113,4113
1716004708.6087327,3580121088,4410,4410
1716004709.609183,3580121088,3418,3418
1716004710.6103582,3580121088,3503,3503
1716004711.6115358,3580121088,3819,3819
1716004712.612719,3580121088,3720,3720
1716004713.6139042,3580121088,4134,4134
1716004714.6150863,3580121088,2916,2916
1716004715.6162772,3580121088,3337,3337
1716004716.6174653,3580121088,3273,3273
1716004717.618646,3580121088,2153,2153
1716004718.6198282,3580121088,2394,2394
1716004719.6210382,3580121088,4292,4292
1716004720.6222205,3580121088,2205,2205
1716004721.6234102,3580121088,3886,3886
1716004722.62459,3580121088,3683,3683
1716004723.6257775,3580121088,4428,4428
1716004724.626957,3580121088,1541,1541
1716004725.6281393,3580121088,6557,6557
1716004726.6291797,3580121088,1723,1723
1716004727.6303632,3580121088,3454,3454
1716004728.6315765,3580121088,4030,4030
1716004729.6327822,3580121088,3690,3690
1716004730.633183,3580121088,2293,2293
1716004731.6343546,3580121088,5698,5698
1716004732.6355636,3580121088,2946,2946
1716004733.6367717,3580121088,3360,3360
1716004734.6379633,3580121088,4200,4200
1716004735.639208,3580121088,3474,3474
1716004736.6403947,3580121088,5269,5269
1716004737.6415854,3580121088,3504,3504
1716004738.642778,3580121088,4292,4292
1716004739.6439662,3580121088,4247,4247
1716004740.6451607,3580121088,3056,3056
1716004741.6463385,3580121088,3858,3858
1716004742.647529,3580121088,1175,1175
1716004743.6487677,3580121088,4211,4211
1716004744.650513,3580121088,1784,1784
1716004745.6519287,3580121088,0,0
1716004746.653621,3580121088,311,311
1716004747.6550217,3580121088,0,0
1716004748.656911,3580121088,558,558
1716004749.6573517,3580121088,52,52
1716004750.6592772,3580121088,0,0
1716004751.6606545,3580121088,0,0
1716004752.661837,3580121088,0,0
1716004753.6633146,3580121088,548,548
1716004754.6645424,3580121088,52,52
1716004755.6659212,3580121088,0,0
1716004756.667136,3580121088,0,0
1716004757.6685786,3580121088,0,0
1716004758.6692011,3580121088,1712,1712
1716004759.6703887,3580121088,52,52
1716004760.6715777,3580121088,570,570
1716004761.6727636,3580121088,190,190
1716004762.673953,3580121088,0,0
1716004763.6751456,3580121088,548,548
1716004764.6763318,3580121088,52,52
1716004765.677182,3580121088,0,0
1716004766.6783636,3580121088,190,190
1716004767.6795604,3580121088,0,0
1716004768.6807466,3580121088,548,548
1716004769.6811936,3580121088,52,52
1716004770.6823814,3580121088,0,0
1716004771.6835723,3580121088,0,0
1716004772.6848063,3580121088,0,0
1716004773.6860023,3580121088,600,600
1716004774.6872005,3580121088,0,0
1716004775.688398,3580121088,0,0
1716004776.6896117,3580121088,0,0
1716004777.6908038,3580121088,0,0
1716004778.6920483,3580121088,600,600
1716004779.6932697,3580121088,0,0
1716004780.6944811,3580121088,0,0
1716004781.695668,3580121088,0,0
1716004782.6968853,3580121088,548966788,548966788
1716004783.6971936,3580121088,600,600
1716004784.69839,3580121088,0,0
1716004785.6996138,3580121088,34637961,34637961
1716004786.7008443,3580121088,1925929234,1925929234
1716004787.7020462,3580121088,458,458
1716004788.7032638,3580121088,600,600
1716004789.7045143,3580121088,3235,3235
1716004790.7052302,3580121088,3304,3304
1716004791.7064724,3580121088,5360,5360
1716004792.707717,3580121088,19077,19077
1716004793.7089553,3580121088,8707,8707
1716004794.710186,3580121088,8926,8926
1716004795.711411,3580121088,5083,5083
1716004796.712669,3580121088,5767,5767
1716004797.7132218,3580121088,6405,6405
1716004798.7144408,3580121088,5950,5950
1716004799.7156768,3580121088,5305,5305
1716004800.716898,3580121088,6792,6792
1716004801.7181447,3580121088,4000,4000
1716004802.7193708,3580121088,6079,6079
1716004803.7205896,3580121088,5821,5821
1716004804.721827,3580121088,6653,6653
1716004805.723049,3580121088,4017,4017
1716004806.7243145,3580121088,6236,6236
1716004807.7252333,3580121088,5889,5889
1716004808.7264757,3580121088,4617,4617
1716004809.7277188,3580121088,6222,6222
1716004810.728941,3580121088,6503,6503
1716004811.7301862,3580121088,4676,4676
1716004812.7314065,3580121088,4226,4226
1716004813.7319012,3580121088,5665,5665
1716004814.7331958,3580121088,4136,4136
1716004815.7344356,3580121088,5121,5121
1716004816.735668,3580121088,6318,6318
1716004817.736877,3580121088,4093,4093
1716004818.7372265,3580121088,4519,4519
1716004819.7384436,3580121088,5800,5800
1716004820.7396877,3580121088,5427,5427
1716004821.74092,3580121088,3715,3715
1716004822.7421603,3580121088,4105,4105
1716004823.7433856,3580121088,5646,5646
1716004824.7446065,3580121088,6126,6126
1716004825.7452261,3580121088,4477,4477
1716004826.7464573,3580121088,5225,5225
1716004827.7476969,3580121088,4643,4643
1716004828.7489288,3580121088,6002,6002
1716004829.7492394,3580121088,2591,2591
1716004830.750465,3580121088,6190,6190
1716004831.7518218,3580121088,3794,3794
1716004832.753092,3580121088,4570,4570
1716004833.7546308,3580121088,1865,1865
1716004834.7558482,3580121088,0,0
1716004835.7570784,3580121088,1968,1968
1716004836.7582576,3580121088,651,651
1716004837.7594616,3580121088,496,496
1716004838.7606864,3580121088,759,759
1716004839.7618709,3580121088,0,0
1716004840.763057,3580121088,0,0
1716004841.7642517,3580121088,0,0
1716004842.7654426,3580121088,0,0
1716004843.7666285,3580121088,548,548
1716004844.7678344,3580121088,0,0
1716004845.7690384,3580121088,0,0
1716004846.7702296,3580121088,0,0
1716004847.7714238,3580121088,0,0
1716004848.772619,3580121088,600,600
1716004849.773818,3580121088,0,0
1716004850.7750163,3580121088,0,0
1716004851.7762005,3580121088,0,0
1716004852.7771842,3580121088,0,0
1716004853.7783704,3580121088,600,600
1716004854.7795668,3580121088,0,0
1716004855.7807627,3580121088,0,0
1716004856.7819495,3580121088,0,0
1716004857.7831447,3580121088,0,0
1716004858.7843451,3580121088,496,496
1716004859.7851846,3580121088,0,0
1716004860.7863688,3580121088,399986027,399986027
1716004861.787579,3580121088,242,242
1716004862.7887683,3580121088,0,0
1716004863.7899604,3580121088,600,600
1716004864.7911444,3580121088,17841277,17841277
1716004865.7923677,3580121088,2091180451,2091180451
1716004866.7936122,3580121088,0,0
1716004867.7948217,3580121088,0,0
1716004868.7960248,3580121088,1712,1712
1716004869.7972555,3580121088,5120,5120
1716004870.7984657,3580121088,3884,3884
1716004871.799702,3580121088,4584,4584
1716004872.8009312,3580121088,3908,3908
1716004873.801249,3580121088,4650,4650
1716004874.802485,3580121088,4635,4635
1716004875.803708,3580121088,6193,6193
1716004876.8049276,3580121088,4110,4110
1716004877.8052473,3580121088,6164,6164
1716004878.8064673,3580121088,3157,3157
1716004879.8076994,3580121088,2377,2377
1716004880.8089337,3580121088,1355,1355
1716004881.8092399,3580121088,95197,95197
1716004882.8104722,3580121088,4934,4934
1716004883.8117154,3580121088,4506,4506
1716004884.8129668,3580121088,5049,5049
1716004885.8142104,3580121088,5918,5918
1716004886.8154597,3580121088,3793,3793
1716004887.816711,3580121088,4319,4319
1716004888.8172472,3580121088,5189,5189
1716004889.81848,3580121088,5998,5998
1716004890.8197286,3580121088,4587,4587
1716004891.8209648,3580121088,5823,5823
1716004892.8222077,3580121088,5714,5714
1716004893.8234441,3580121088,4617,4617
1716004894.82469,3580121088,5570,5570
1716004895.8252513,3580121088,5822,5822
1716004896.8264897,3580121088,5430,5430
1716004897.827721,3580121088,5520,5520
1716004898.8289654,3580121088,6906,6906
1716004899.8292518,3580121088,3929,3929
1716004900.8305042,3580121088,5456,5456
1716004901.831746,3580121088,2020,2020
1716004902.832993,3580121088,5364,5364
1716004903.8332455,3580121088,4604,4604
1716004904.834502,3580121088,6231,6231
1716004905.835755,3580121088,5561,5561
1716004906.8369973,3580121088,6043,6043
1716004907.8372655,3580121088,4371,4371
1716004908.8385255,3580121088,5275,5275
1716004909.8397715,3580121088,5739,5739
1716004910.8410506,3580121088,5759,5759
1716004911.8423448,3580121088,5114,5114
1716004912.8437176,3580121088,4046,4046
1716004913.8449867,3580121088,2622,2622
1716004914.8453352,3580121088,1499,1499
1716004915.846569,3580121088,1062,1062
1716004916.8479483,3580121088,2089,2089
1716004917.8492866,3580121088,1502,1502
1716004918.8508816,3580121088,1992,1992
1716004919.8521404,3580121088,1974,1974
1716004920.857369,3580121088,1771,1771
1716004921.8586562,3580121088,1504,1504
1716004922.8599145,3580121088,2260,2260
1716004923.861446,3580121088,2003,2003
1716004924.86273,3580121088,1982,1982
1716004925.8639748,3580121088,2003,2003
1716004926.865401,3580121088,2275,2275
1716004927.8669646,3580121088,1559,1559
1716004928.8682835,3580121088,1896,1896
1716004929.869337,3580121088,1494,1494
1716004930.8705466,3580121088,1655,1655
1716004931.8717692,3580121088,2386,2386
1716004932.8731549,3580121088,1367,1367
1716004933.8740664,3580121088,2430,2430
1716004934.875873,3580121088,1503,1503
1716004935.8773448,3580121088,1667,1667
1716004936.8786771,3580121088,1776,1776
1716004937.8799317,3580121088,1926,1926
1716004938.8814673,3580121088,2585,2585
1716004939.8827558,3580121088,910,910
1716004940.8840578,3580121088,1331,1331
1716004941.8852608,3580121088,1934,1934
1716004942.8864806,3580121088,3409,3409
1716004943.8876882,3580121088,4630,4630
1716004944.8889005,3580121088,5171,5171
1716004945.8892047,3580121088,5534,5534
1716004946.8904114,3580121088,5839,5839
1716004947.8916247,3580121088,5760,5760
1716004948.8928485,3580121088,4433,4433
1716004949.893207,3580121088,5546,5546
1716004950.8944046,3580121088,4589,4589
1716004951.8956072,3580121088,3924,3924
1716004952.8968089,3580121088,4157,4157
1716004953.8980134,3580121088,4568,4568
1716004954.899035,3580121088,3740,3740
1716004955.900231,3580121088,1401,1401
1716004956.9014297,3580121088,3142,3142
1716004957.9026272,3580121088,4819,4819
1716004958.9038377,3580121088,4837,4837
1716004959.9050424,3580121088,3421,3421
1716004960.9062378,3580121088,2606,2606
1716004961.9074388,3580121088,5695,5695
1716004962.9086561,3580121088,5676,5676
1716004963.9097142,3580121088,4747,4747
1716004964.9109378,3580121088,3806,3806
1716004965.912145,3580121088,4623,4623
1716004966.913211,3580121088,3162,3162
1716004967.9144304,3580121088,4503,4503
1716004968.915547,3580121088,1441,1441
1716004969.9167526,3580121088,4994,4994
1716004970.917197,3580121088,11249,11249
1716004971.918393,3580121088,4662,4662
1716004972.9195907,3580121088,5028,5028
1716004973.9208052,3580121088,5026,5026
1716004974.9212162,3580121088,3823,3823
1716004975.9224255,3580121088,5140,5140
1716004976.923643,3580121088,2223,2223
1716004977.9248533,3580121088,5444,5444
1716004978.925216,3580121088,4484,4484
1716004979.9264152,3580121088,3048,3048
1716004980.9276311,3580121088,509,509
1716004981.9288437,3580121088,3126,3126
1716004982.9300528,3580121088,5314,5314
1716004983.931288,3580121088,4352,4352
1716004984.932496,3580121088,5910,5910
1716004985.933227,3580121088,612,612
1716004986.9344416,3580121088,161,161
1716004987.9356592,3580121088,158,158
1716004988.9368849,3580121088,309,309
1716004989.9381144,3580121088,152,152
1716004990.9393442,3580121088,0,0
1716004991.9405692,3580121088,152,152
1716004992.9418144,3580121088,0,0
1716004993.9430304,3580121088,600,600
1716004994.9442565,3580121088,0,0
1716004995.94522,3580121088,0,0
1716004996.9462535,3580121088,0,0
1716004997.9474676,3580121088,0,0
1716004998.9486983,3580121088,444,444
1716004999.9492297,3580121088,0,0
1716005000.950338,3580121088,223,223
1716005001.951572,3580121088,908486268,908486268
1716005002.952795,3580121088,999038678,999038678
1716005003.9540045,3580121088,668,668
1716005004.9551973,3580121088,104,104
1716005005.956429,3580121088,609124570,609124570
1716005006.957216,3580121088,1227711853,1227711853
1716005007.9584243,3580121088,216,216
1716005008.9596267,3580121088,444,444
1716005009.960837,3580121088,0,0
1716005010.9612021,3580121088,0,0
1716005011.9623926,3580121088,2195,2195
1716005012.96359,3580121088,3508,3508
1716005013.9648075,3580121088,3562,3562
1716005014.966004,3580121088,3554,3554
1716005015.9672213,3580121088,3660,3660
1716005016.9684267,3580121088,3678,3678
1716005017.9696558,3580121088,3740,3740
1716005018.970853,3580121088,4113,4113
1716005019.9720647,3580121088,3253,3253
1716005020.9732876,3580121088,3416,3416
1716005021.9745092,3580121088,4632,4632
1716005022.9757075,3580121088,3488,3488
1716005023.9769316,3580121088,3564,3564
1716005024.977196,3580121088,3762,3762
1716005025.9783933,3580121088,3948,3948
1716005026.9796083,3580121088,3180,3180
1716005027.9808226,3580121088,2037,2037
1716005028.982029,3580121088,3113,3113
1716005029.9832313,3580121088,2628,2628
1716005030.984439,3580121088,3200,3200
1716005031.9852016,3580121088,3923,3923
1716005032.9863994,3580121088,3982,3982
1716005033.9876146,3580121088,1970,1970
1716005034.9888353,3580121088,3464,3464
1716005035.9892187,3580121088,1810,1810
1716005036.990427,3580121088,3909,3909
1716005037.9916394,3580121088,1564,1564
1716005038.9928617,3580121088,5243,5243
1716005039.9940646,3580121088,2034,2034
1716005040.995285,3580121088,1313,1313
1716005041.9965184,3580121088,2256,2256
1716005042.997199,3580121088,2330,2330
1716005043.9983969,3580121088,4129,4129
1716005044.999603,3580121088,3241,3241
1716005046.0008094,3580121088,3509,3509
1716005047.0019906,3580121088,2681,2681
1716005048.003194,3580121088,2226,2226
1716005049.0044045,3580121088,2778,2778
1716005050.0056021,3580121088,2532,2532
1716005051.0068722,3580121088,2134,2134
1716005052.0081398,3580121088,3655,3655
1716005053.0093393,3580121088,1636,1636
1716005054.0105608,3580121088,2742,2742
1716005055.0117888,3580121088,3517,3517
1716005056.012989,3580121088,5718,5718
1716005057.013243,3580121088,2348,2348
1716005058.0144274,3580121088,2170,2170
1716005059.0156152,3580121088,4363,4363
1716005060.0168152,3580121088,5202,5202
1716005061.0172148,3580121088,4783,4783
1716005062.0184097,3580121088,3181,3181
1716005063.0196042,3580121088,2794,2794
1716005064.0208154,3580121088,5668,5668
1716005065.0212018,3580121088,4195,4195
1716005066.0223854,3580121088,3633,3633
1716005067.0235906,3580121088,2148,2148
1716005068.0238032,3580121088,4151,4151
1716005069.0250244,3580121088,4599,4599
1716005070.0262372,3580121088,3303,3303
1716005071.0274255,3580121088,2886,2886
1716005072.0286193,3580121088,4079,4079
1716005073.029188,3580121088,2241,2241
1716005074.0303767,3580121088,5897,5897
1716005075.0315711,3580121088,4099,4099
1716005076.0327728,3580121088,4141,4141
1716005077.0339687,3580121088,2153,2153
1716005078.035162,3580121088,674,674
1716005079.0363688,3580121088,6169,6169
1716005080.0375717,3580121088,3731,3731
1716005081.0387778,3580121088,3842,3842
1716005082.039973,3580121088,3589,3589
1716005083.041194,3580121088,3749,3749
1716005084.041498,3580121088,4227,4227
1716005085.042689,3580121088,2698,2698
1716005086.0438743,3580121088,2141,2141
1716005087.0451,3580121088,2226,2226
1716005088.0462844,3580121088,3590,3590
1716005089.0474877,3580121088,4358,4358
1716005090.0487,3580121088,4599,4599
1716005091.0499084,3580121088,3749,3749
1716005092.0511036,3580121088,3838,3838
1716005093.0522954,3580121088,3359,3359
1716005094.0535045,3580121088,4139,4139
1716005095.0547073,3580121088,2900,2900
1716005096.0559196,3580121088,3762,3762
1716005097.0572705,3580121088,3987,3987
1716005098.0585103,3580121088,1131,1131
1716005099.0604892,3580121088,618,618
1716005100.0612557,3580121088,0,0
1716005101.0631914,3580121088,0,0
1716005102.0644286,3580121088,0,0
1716005103.0656073,3580121088,0,0
1716005104.0668545,3580121088,548,548
1716005105.068544,3580121088,0,0
1716005106.0692484,3580121088,0,0
1716005107.0704186,3580121088,0,0
1716005108.0716693,3580121088,0,0
1716005109.0736265,3580121088,548,548
1716005110.074868,3580121088,0,0
1716005111.076065,3580121088,1147,1147
1716005112.0772035,3580121088,0,0
1716005113.0783966,3580121088,303,303
1716005114.0795999,3580121088,606,606
1716005115.0808144,3580121088,0,0
1716005116.0812068,3580121088,0,0
1716005117.082421,3580121088,0,0
1716005118.083624,3580121088,0,0
1716005119.0848317,3580121088,548,548
1716005120.0851986,3580121088,0,0
1716005121.0863938,3580121088,0,0
1716005122.0875978,3580121088,0,0
1716005123.0888066,3580121088,0,0
1716005124.0892036,3580121088,444,444
1716005125.0904193,3580121088,0,0
1716005126.0913517,3580121088,0,0
1716005127.0925596,3580121088,0,0
1716005128.093206,3580121088,0,0
1716005129.094117,3580121088,548,548
1716005130.095325,3580121088,0,0
1716005131.096535,3580121088,0,0
1716005132.0971942,3580121088,0,0
1716005133.0983982,3580121088,0,0
1716005134.0995927,3580121088,444,444
1716005135.100825,3580121088,144370925,144370925
1716005136.101256,3580121088,245905889,245905889
1716005137.1024606,3580121088,0,0
1716005138.1036747,3580121088,10517,10517
1716005139.1048822,3580121088,34635972,34635972
1716005140.10525,3580121088,2084297243,2084297243
1716005141.1058226,3580121088,745,745
1716005142.1071723,3580121088,0,0
1716005143.1084235,3580121088,2234,2234
1716005144.1092463,3580121088,5243,5243
1716005145.1104944,3580121088,5200,5200
1716005146.1117327,3580121088,5838,5838
1716005147.1129603,3580121088,3825,3825
1716005148.1132455,3580121088,5639,5639
1716005149.1142375,3580121088,6701,6701
1716005150.1154878,3580121088,5728,5728
1716005151.1160648,3580121088,3764,3764
1716005152.1172981,3580121088,3871,3871
1716005153.118539,3580121088,3718,3718
1716005154.1197677,3580121088,6555,6555
1716005155.1210392,3580121088,4307,4307
1716005156.1222997,3580121088,5416,5416
1716005157.1235528,3580121088,4249,4249
1716005158.1247969,3580121088,1898,1898
1716005159.126047,3580121088,5560,5560
1716005160.1272888,3580121088,6291,6291
1716005161.1285188,3580121088,6019,6019
1716005162.1297638,3580121088,6263,6263
1716005163.1309986,3580121088,4025,4025
1716005164.1322358,3580121088,4536,4536
1716005165.1332536,3580121088,6142,6142
1716005166.1344936,3580121088,3903,3903
1716005167.1357431,3580121088,5391,5391
1716005168.1369839,3580121088,5501,5501
1716005169.137277,3580121088,4802,4802
1716005170.1385322,3580121088,4986,4986
1716005171.139778,3580121088,5279,5279
1716005172.1410465,3580121088,5575,5575
1716005173.1423116,3580121088,4779,4779
1716005174.1426392,3580121088,5063,5063
1716005175.1432014,3580121088,6689,6689
1716005176.1444368,3580121088,4342,4342
1716005177.1452487,3580121088,5870,5870
1716005178.146492,3580121088,5783,5783
1716005179.1467636,3580121088,6169,6169
1716005180.1480062,3580121088,4609,4609
1716005181.1492507,3580121088,5620,5620
1716005182.1505,3580121088,95036,95036
1716005183.1517422,3580121088,6817,6817
1716005184.1529803,3580121088,4839,4839
1716005185.1532352,3580121088,4538,4538
1716005186.1539261,3580121088,0,0
1716005187.1553173,3580121088,1105,1105
1716005188.1565201,3580121088,190,190
1716005189.157288,3580121088,566,566
1716005190.158664,3580121088,0,0
1716005191.1598687,3580121088,2065,2065
1716005192.1610785,3580121088,0,0
1716005193.1622822,3580121088,304,304
1716005194.163472,3580121088,502,502
1716005195.1646726,3580121088,0,0
1716005196.1651952,3580121088,0,0
1716005197.1660385,3580121088,0,0
1716005198.167248,3580121088,244,244
1716005199.1684573,3580121088,304,304
1716005200.1692204,3580121088,0,0
1716005201.1704357,3580121088,0,0
1716005202.1716404,3580121088,0,0
1716005203.1728506,3580121088,244,244
1716005204.1738832,3580121088,304,304
1716005205.1750798,3580121088,0,0
1716005206.176293,3580121088,0,0
1716005207.177495,3580121088,0,0
1716005208.1786916,3580121088,292,292
1716005209.17989,3580121088,462,462
1716005210.181104,3580121088,0,0
1716005211.1823072,3580121088,151,151
1716005212.1834996,3580121088,0,0
1716005213.1846905,3580121088,449,449
1716005214.1851985,3580121088,152,152
1716005215.1864204,3580121088,33608868,33608868
1716005216.1876135,3580121088,190,190
1716005217.1884232,3580121088,0,0
1716005218.1896198,3580121088,396,396
1716005219.1908715,3580121088,342950163,342950163
1716005220.1920965,3580121088,2132947489,2132947489
1716005221.1932244,3580121088,0,0
1716005222.1944156,3580121088,0,0
1716005223.1956592,3580121088,3140,3140
1716005224.1969113,3580121088,3230,3230
1716005225.1972575,3580121088,4609,4609
1716005226.1985247,3580121088,6053,6053
1716005227.199775,3580121088,5724,5724
1716005228.2010384,3580121088,4407,4407
1716005229.2022827,3580121088,6257,6257
1716005230.2035213,3580121088,4169,4169
1716005231.2047565,3580121088,4272,4272
1716005232.2060006,3580121088,3713,3713
1716005233.2072527,3580121088,5980,5980
1716005234.208502,3580121088,5650,5650
1716005235.2092583,3580121088,6149,6149
1716005236.2105,3580121088,1148,1148
1716005237.2117605,3580121088,6083,6083
1716005238.2130249,3580121088,6921,6921
1716005239.214265,3580121088,6388,6388
1716005240.215527,3580121088,6095,6095
1716005241.21678,3580121088,6076,6076
1716005242.217272,3580121088,3856,3856
1716005243.2182746,3580121088,4887,4887
1716005244.2195168,3580121088,5636,5636
1716005245.2207553,3580121088,2576,2576
1716005246.2217636,3580121088,2667,2667
1716005247.2229986,3580121088,2081,2081
1716005248.224247,3580121088,6415,6415
1716005249.2252688,3580121088,5776,5776
1716005250.2265224,3580121088,4783,4783
1716005251.2277677,3580121088,10521,10521
1716005252.2290256,3580121088,6218,6218
1716005253.2302976,3580121088,4455,4455
1716005254.2315426,3580121088,2188,2188
1716005255.232068,3580121088,4769,4769
1716005256.23325,3580121088,5587,5587
1716005257.2344887,3580121088,4276,4276
1716005258.2357225,3580121088,6150,6150
1716005259.2369652,3580121088,6344,6344
1716005260.2373822,3580121088,4557,4557
1716005261.2386405,3580121088,2234,2234
1716005262.2398918,3580121088,528,528
1716005263.241164,3580121088,6216,6216
1716005264.2424097,3580121088,3994,3994
1716005265.2436583,3580121088,3766,3766
1716005266.2448823,3580121088,7957,7957
1716005267.2453363,3580121088,10861,10861
1716005268.246728,3580121088,2210,2210
1716005269.2482173,3580121088,3637,3637
1716005270.2492719,3580121088,2764,2764
1716005271.2505066,3580121088,2384,2384
1716005272.2517345,3580121088,2549,2549
1716005273.2532187,3580121088,2100,2100
1716005274.2548652,3580121088,2379,2379
1716005275.256883,3580121088,2096,2096
1716005276.2576995,3580121088,546,546
1716005277.2589989,3580121088,3186,3186
1716005278.2605164,3580121088,1150,1150
1716005279.2612624,3580121088,2630,2630
1716005280.2625513,3580121088,2948,2948
1716005281.263904,3580121088,2349,2349
1716005282.2660408,3580121088,2295,2295
1716005283.267694,3580121088,2744,2744
1716005284.2698104,3580121088,1966,1966
1716005285.2711108,3580121088,2039,2039
1716005286.27232,3580121088,4710,4710
1716005287.273202,3580121088,5591,5591
1716005288.2744095,3580121088,4890,4890
1716005289.2756221,3580121088,4527,4527
1716005290.2768328,3580121088,3858,3858
1716005291.2772245,3580121088,4512,4512
1716005292.2784345,3580121088,2884,2884
1716005293.278732,3580121088,5707,5707
1716005294.2799435,3580121088,3929,3929
1716005295.2811625,3580121088,4530,4530
1716005296.2823825,3580121088,2608,2608
1716005297.2835774,3580121088,4853,4853
1716005298.284789,3580121088,4541,4541
1716005299.285991,3580121088,2979,2979
1716005300.2872045,3580121088,1997,1997
1716005301.288415,3580121088,5774,5774
1716005302.289641,3580121088,3720,3720
1716005303.2908611,3580121088,4334,4334
1716005304.29207,3580121088,4489,4489
1716005305.2932827,3580121088,4237,4237
1716005306.2944925,3580121088,5908,5908
1716005307.295701,3580121088,6148,6148
1716005308.2969058,3580121088,6036,6036
1716005309.297205,3580121088,3526,3526
1716005310.298429,3580121088,6408,6408
1716005311.29965,3580121088,3854,3854
1716005312.3008754,3580121088,5722,5722
1716005313.302095,3580121088,3686,3686
1716005314.303323,3580121088,4268,4268
1716005315.3045416,3580121088,1913,1913
1716005316.3057559,3580121088,2581,2581
1716005317.3069866,3580121088,4340,4340
1716005318.3082042,3580121088,4461,4461
1716005319.3092074,3580121088,4302,4302
1716005320.3104267,3580121088,4122,4122
1716005321.31165,3580121088,3890,3890
1716005322.31285,3580121088,2945,2945
1716005323.314056,3580121088,4250,4250
1716005324.3153017,3580121088,4157,4157
1716005325.316513,3580121088,1960,1960
1716005326.3172128,3580121088,3643,3643
1716005327.3184197,3580121088,2274,2274
1716005328.3196418,3580121088,1212,1212
1716005329.3208616,3580121088,207,207
1716005330.3212202,3580121088,159,159
1716005331.3224382,3580121088,0,0
1716005332.3236613,3580121088,0,0
1716005333.3248734,3580121088,453,453
1716005334.3252227,3580121088,152,152
1716005335.3264399,3580121088,0,0
1716005336.3276532,3580121088,0,0
1716005337.328873,3580121088,0,0
1716005338.3294046,3580121088,396,396
1716005339.3306286,3580121088,717,717
1716005340.3318512,3580121088,1004,1004
1716005341.3330884,3580121088,0,0
1716005342.3338497,3580121088,304,304
1716005343.3350732,3580121088,450,450
1716005344.3362956,3580121088,155,155
1716005345.3372402,3580121088,2905862622,2905862622
1716005346.3384583,3580121088,3147365,3147365
1716005347.3396604,3580121088,52,52
1716005348.3408895,3580121088,500,500
1716005349.3421848,3580121088,588941217,588941217
1716005350.3428328,3580121088,245852447,245852447
1716005351.3433018,3580121088,190,190
1716005352.3445175,3580121088,0,0
1716005353.3451917,3580121088,396,396
1716005354.346389,3580121088,152,152
1716005355.3475964,3580121088,3908,3908
1716005356.3488076,3580121088,3726,3726
1716005357.3491952,3580121088,2809,2809
1716005358.350389,3580121088,2297,2297
1716005359.3515847,3580121088,4525,4525
1716005360.3527842,3580121088,3331,3331
1716005361.3531942,3580121088,3719,3719
1716005362.3544064,3580121088,3320,3320
1716005363.3555963,3580121088,3955,3955
1716005364.3567991,3580121088,3855,3855
1716005365.3571966,3580121088,3128,3128
1716005366.3584113,3580121088,2592,2592
1716005367.3596058,3580121088,5101,5101
1716005368.360792,3580121088,1977,1977
1716005369.3611972,3580121088,12398,12398
1716005370.3624055,3580121088,6200,6200
1716005371.363608,3580121088,3491,3491
1716005372.3648129,3580121088,1885,1885
1716005373.365199,3580121088,3513,3513
1716005374.3663971,3580121088,3813,3813
1716005375.367595,3580121088,3991,3991
1716005376.3687954,3580121088,3470,3470
1716005377.3692024,3580121088,2348,2348
1716005378.3704035,3580121088,1353,1353
1716005379.370622,3580121088,3282,3282
1716005380.3718197,3580121088,4436,4436
1716005381.3730302,3580121088,3518,3518
1716005382.3742266,3580121088,3746,3746
1716005383.3754542,3580121088,5235,5235
1716005384.3766453,3580121088,3765,3765
1716005385.3778408,3580121088,1662,1662
1716005386.3790312,3580121088,4614,4614
1716005387.3792593,3580121088,3222,3222
1716005388.3804588,3580121088,4052,4052
1716005389.3812022,3580121088,5952,5952
1716005390.3824017,3580121088,3845,3845
1716005391.3826585,3580121088,3696,3696
1716005392.3838863,3580121088,3725,3725
1716005393.3850985,3580121088,4050,4050
1716005394.386298,3580121088,2673,2673
1716005395.3874884,3580121088,2769,2769
1716005396.3886855,3580121088,2045,2045
1716005397.3891916,3580121088,1829,1829
1716005398.3904119,3580121088,3954,3954
1716005399.3915806,3580121088,2452,2452
1716005400.3927512,3580121088,1632,1632
1716005401.3931618,3580121088,374,374
1716005402.394327,3580121088,158,158
1716005403.3954918,3580121088,458,458
1716005404.396663,3580121088,154,154
1716005405.3971689,3580121088,0,0
1716005406.3984075,3580121088,1675,1675
1716005407.3996334,3580121088,2026,2026
1716005408.4008203,3580121088,3904,3904
1716005409.4011884,3580121088,3378,3378
1716005410.4023716,3580121088,3963,3963
1716005411.4035592,3580121088,3498,3498
1716005412.4047484,3580121088,3896,3896
1716005413.4051986,3580121088,2908,2908
1716005414.4063828,3580121088,513,513
1716005415.40757,3580121088,355,355
1716005416.4085507,3580121088,196,196
1716005417.4092178,3580121088,2629,2629
1716005418.4104183,3580121088,4289,4289
1716005419.4116054,3580121088,3189,3189
1716005420.4127932,3580121088,3737,3737
1716005421.413198,3580121088,3824,3824
1716005422.4134107,3580121088,4238,4238
1716005423.4145994,3580121088,3345,3345
1716005424.4157927,3580121088,3942,3942
1716005425.416978,3580121088,3981,3981
1716005426.4171917,3580121088,3615,3615
1716005427.4183874,3580121088,3770,3770
1716005428.419597,3580121088,3906,3906
1716005429.420793,3580121088,2355,2355
1716005430.4212077,3580121088,5027,5027
1716005431.4224062,3580121088,4709,4709
1716005432.4231024,3580121088,2895,2895
1716005433.4234326,3580121088,3898,3898
1716005434.4246411,3580121088,2071,2071
1716005435.4251938,3580121088,3604,3604
1716005436.4264002,3580121088,3972,3972
1716005437.4276285,3580121088,5346,5346
1716005438.428818,3580121088,3334,3334
1716005439.429204,3580121088,3593,3593
1716005440.4304178,3580121088,2089,2089
1716005441.4309516,3580121088,2106,2106
1716005442.4321566,3580121088,1509,1509
1716005443.4331906,3580121088,5129,5129
1716005444.4344013,3580121088,3818,3818
1716005445.4347265,3580121088,3699,3699
1716005446.4359198,3580121088,1117,1117
1716005447.4371276,3580121088,3768,3768
1716005448.437549,3580121088,2041,2041
1716005449.4395485,3580121088,156,156
1716005450.4408062,3580121088,0,0
1716005451.4420164,3580121088,0,0
1716005452.4432712,3580121088,0,0
1716005453.4444048,3580121088,396,396
1716005454.4452472,3580121088,152,152
1716005455.4473193,3580121088,0,0
1716005456.448137,3580121088,0,0
1716005457.449949,3580121088,0,0
1716005458.4513514,3580121088,396,396
1716005459.4522977,3580121088,152,152
1716005460.4533792,3580121088,0,0
1716005461.4546127,3580121088,0,0
1716005462.4558082,3580121088,1147,1147
1716005463.456247,3580121088,351,351
1716005464.4571989,3580121088,155,155
1716005465.4583867,3580121088,0,0
1716005466.4587672,3580121088,190,190
1716005467.45996,3580121088,0,0
1716005468.4611282,3580121088,448,448
1716005469.4623244,3580121088,152,152
1716005470.4635067,3580121088,0,0
1716005471.4637594,3580121088,0,0
1716005472.4645035,3580121088,0,0
1716005473.4651954,3580121088,5754,5754
1716005474.4664052,3580121088,156,156
1716005475.4675884,3580121088,313,313
1716005476.4688907,3580121088,4911,4911
1716005477.4691925,3580121088,3498,3498
1716005478.4704125,3580121088,2323,2323
1716005479.4716055,3580121088,3919,3919
1716005480.4728093,3580121088,52,52
1716005481.4732354,3580121088,4149,4149
1716005482.4744358,3580121088,95396,95396
1716005483.474743,3580121088,819,819
1716005484.4758825,3580121088,161,161
1716005485.477214,3580121088,156,156
1716005486.4780955,3580121088,0,0
1716005487.4792395,3580121088,0,0
1716005488.4805362,3580121088,404,404
1716005489.4811964,3580121088,152,152
1716005490.4819317,3580858368,936323662,936323662
1716005494.0830364,6089400320,1573436212,1573436212
1716005495.1062639,5982748672,7251,7251
1716005496.1133227,5982748672,2762,2762
1716005497.1184785,5982748672,5737,5737
1716005498.1398933,5982748672,5326,5326
1716005499.1472,5982748672,5790,5790
1716005500.1562896,5982748672,6397,6397
1716005501.1765592,5982748672,5893,5893
1716005502.181987,5982748672,5988,5988
1716005503.1904192,5982748672,6455,6455
1716005504.2143605,5982748672,6670,6670
1716005505.2228637,5982748672,5958,5958
1716005506.2449124,5982994432,6116,6116
1716005507.2818875,5982994432,5600,5600
1716005508.306831,5982994432,1011,1011
1716005509.3151362,5982994432,537,537
1716005510.3383615,5982994432,3657,3657
1716005511.3515258,5982994432,4739,4739
1716005512.3791358,5982994432,4436,4436
1716005513.392456,5982994432,6007,6007
1716005514.409327,5982994432,4525,4525
1716005515.4283338,5982994432,2719,2719
1716005516.4491591,5982994432,3906,3906
1716005517.4573567,5982994432,4079,4079
1716005518.4626439,5982994432,5127,5127
1716005519.497312,5982994432,5680,5680
1716005520.5123403,5982994432,2602,2602
1716005521.5358207,5982994432,5907,5907
1716005522.5634825,5982994432,5044,5044
1716005523.5659895,5982994432,2725,2725
1716005524.567217,5982994432,6530,6530
1716005525.5762064,5982994432,4997,4997
1716005526.577736,5982994432,3581,3581
1716005527.588035,5982994432,3759,3759
1716005528.6022995,5982994432,5960,5960
1716005529.6279306,5982994432,6742,6742
1716005530.6342347,5982994432,6018,6018
1716005531.6597803,5982994432,5168,5168
1716005532.6735432,5982994432,5842,5842
1716005533.700732,5982994432,6686,6686
1716005534.712423,5982994432,4254,4254
1716005535.7357337,5982994432,5398,5398
1716005536.7475832,5982994432,3740,3740
1716005537.7491012,5982994432,3482,3482
1716005538.7509637,5982994432,2253,2253
1716005539.752565,5982994432,0,0
