Timestamp,MemoryUsage,NetSent,NetRecv
1715655333.7919235,512172032,0,0
1715655334.7933552,519905280,17050,17050
1715655335.794726,519905280,0,0
1715655336.7959712,519905280,465,465
1715655337.7974107,519905280,0,0
1715655338.798751,519905280,505,505
1715655339.7999873,519905280,0,0
1715655340.8011885,519905280,0,0
1715655341.8024676,519905280,0,0
1715655342.8038654,519905280,0,0
1715655343.8053005,519905280,496,496
1715655344.80672,519905280,0,0
1715655345.8081305,519905280,0,0
1715655346.809345,519905280,0,0
1715655347.8107443,519905280,0,0
1715655348.8121111,519905280,496,496
1715655349.8133879,519905280,0,0
1715655350.8148446,519905280,0,0
1715655351.816233,519905280,0,0
1715655352.8176038,519905280,0,0
1715655353.8185987,519905280,496,496
1715655354.81989,519905280,0,0
1715655355.894468,551870464,31170145,31170145
1715655356.8957639,767557632,5569,5569
1715655357.8970406,702029824,0,0
1715655358.8976183,692285440,2250,2250
1715655359.898704,932155392,558,558
1715655360.9000092,697843712,0,0
1715655361.9012918,852324352,3306,3306
1715655362.902763,884068352,303,303
1715655363.9039755,741277696,1669,1669
1715655364.9052641,803741696,1115,1115
1715655365.906523,785481728,193,193
1715655366.9077678,1003208704,1486,1486
1715655367.9083564,699060224,563,563
1715655368.9095888,709640192,1899,1899
1715655369.9107776,915664896,719,719
1715655370.9117591,749531136,782,782
1715655371.912941,1166303232,904,904
1715655372.9142156,774549504,561,561
1715655373.9147704,873406464,2013,2013
1715655374.9161627,709591040,728,728
1715655375.9174435,709623808,0,0
1715655376.9187586,936300544,2222,2222
1715655377.9201393,838324224,0,0
1715655378.9213653,772599808,2227,2227
1715655379.922721,789180416,556,556
1715655380.924222,715407360,0,0
1715655381.925657,870559744,2237,2237
1715655382.9267223,857112576,0,0
1715655383.9279723,747847680,2497,2497
1715655384.9292936,1050861568,709,709
1715655385.9306757,722042880,836,836
1715655386.9319391,864333824,1467,1467
1715655387.9333663,746938368,0,0
1715655388.9347506,759738368,1958,1958
1715655389.9361076,759668736,560,560
1715655390.9374006,772128768,781,781
1715655391.9387372,862121984,1758,1758
1715655392.940016,737402880,0,0
1715655393.9413376,794406912,2521,2521
1715655394.942772,819355648,277,277
1715655395.94433,746311680,1255,1255
1715655396.945725,814743552,1284,1284
1715655397.9467745,707903488,0,0
1715655398.948043,715374592,2798,2798
1715655399.9494698,829485056,0,0
1715655400.9506304,749707264,873,873
1715655401.9518757,715214848,31170655,31170655
1715655402.953275,715214848,2949,2949
1715655403.9546182,715214848,513,513
1715655404.9558651,715214848,0,0
1715655405.9563813,715214848,0,0
1715655406.9578402,715214848,356,356
1715655407.959059,715214848,1041,1041
1715655408.9605665,715214848,7030,7030
1715655409.9619596,715214848,2831,2831
1715655410.9634,715214848,153,153
1715655411.9646282,715214848,160,160
1715655412.9659147,715214848,0,0
1715655413.9666548,715214848,504,504
1715655414.9680364,715214848,0,0
1715655415.9692612,715214848,0,0
1715655416.9706633,715214848,0,0
1715655417.9720576,715214848,0,0
1715655418.9734523,715214848,496,496
1715655419.9746368,715214848,0,0
1715655420.975938,715214848,0,0
1715655421.9766035,715214848,354,354
1715655422.9779356,715214848,302,302
1715655423.9788492,715214848,502,502
1715655424.9802861,715214848,0,0
1715655425.9809177,715214848,0,0
1715655426.9821472,715214848,0,0
1715655427.9827533,715214848,0,0
1715655428.9840581,715214848,496,496
1715655429.9854608,715214848,0,0
1715655430.986689,715214848,31171841,31171841
1715655431.9880831,715214848,531,531
1715655432.9893243,715214848,0,0
1715655433.990641,715214848,658,658
1715655434.991931,715214848,0,0
1715655435.9924314,715214848,0,0
1715655436.9937096,715214848,0,0
1715655437.9946408,715214848,31173250,31173250
1715655438.9959402,715214848,1394,1394
1715655439.997256,715214848,0,0
1715655440.997961,715214848,2647,2647
1715655441.9986541,715214848,0,0
1715655442.9998991,715214848,1268,1268
1715655444.00132,715214848,1630,1630
1715655445.002759,715214848,0,0
1715655446.0041633,715214848,2429,2429
1715655447.0054405,715214848,0,0
1715655448.006594,715214848,1820,1820
1715655449.0079906,715214848,1064,1064
1715655450.00931,715214848,0,0
1715655451.0106137,715214848,2226,2226
1715655452.0119123,715214848,305,305
1715655453.0131142,715214848,959,959
1715655454.0134866,715214848,1736,1736
1715655455.0146863,715214848,779,779
1715655456.015966,715214848,1467,1467
1715655457.0169866,715214848,0,0
1715655458.018298,715214848,953,953
1715655459.0186536,715214848,1801,1801
1715655460.0198684,715214848,782,782
1715655461.0207705,715214848,1468,1468
1715655462.0223045,715214848,0,0
1715655463.022616,715214848,1784,1784
1715655464.0239542,715214848,1302,1302
1715655465.0252283,715214848,0,0
1715655466.026622,715214848,2769,2769
1715655467.0279388,715214848,467,467
1715655468.0291703,715214848,1177,1177
1715655469.0305336,715214848,1706,1706
1715655470.0318506,715214848,194,194
1715655471.0331957,715214848,2306,2306
1715655472.0337775,715214848,278,278
1715655473.034682,715214848,1338,1338
1715655474.0359864,715214848,1594,1594
1715655475.0372584,715214848,787,787
1715655476.0386147,715214848,1681,1681
1715655477.0394192,715214848,279,279
1715655478.0407116,715214848,1513,1513
1715655479.0420556,715214848,1298,1298
1715655480.043018,715214848,776,776
1715655481.0442855,715214848,913,913
1715655482.0457115,715214848,1070,1070
1715655483.0466542,715214848,889,889
1715655484.047871,715214848,31174284,31174284
1715655485.0493102,715214848,159,159
1715655486.0506063,715214848,0,0
1715655487.0518646,715214848,645,645
1715655488.0532753,715214848,0,0
1715655489.0547097,715214848,509,509
1715655490.0560036,715214848,0,0
1715655491.0572343,715214848,0,0
1715655492.0586746,715214848,0,0
1715655493.0599601,715214848,0,0
1715655494.0611725,715214848,496,496
1715655495.061753,715214848,0,0
1715655496.0626118,715214848,0,0
1715655497.0639055,715214848,0,0
1715655498.0650873,715214848,0,0
1715655499.066502,715214848,600,600
1715655500.0678046,715214848,0,0
1715655501.0690372,715214848,0,0
1715655502.070501,715214848,0,0
1715655503.0718846,715214848,0,0
1715655504.0732272,715214848,496,496
1715655505.0747166,715214848,0,0
1715655506.0761256,715214848,0,0
1715655507.07742,715214848,0,0
1715655508.07862,715214848,152,152
1715655509.0800173,715214848,344,344
1715655510.0806823,715214848,0,0
1715655511.0819573,715214848,0,0
1715655512.0826783,715214848,358,358
1715655513.0838866,715214848,31164484,31164484
1715655514.085195,715214848,4249,4249
1715655515.0864549,715214848,0,0
1715655516.087883,715214848,303,303
1715655517.0891907,715214848,0,0
1715655518.090496,715214848,153,153
1715655519.091826,715214848,346,346
1715655520.0930488,715214848,31167128,31167128
1715655521.0944192,715214848,4142,4142
1715655522.0958965,715214848,0,0
1715655523.096418,715214848,1797,1797
1715655524.097776,715214848,967,967
1715655525.0986142,715214848,749,749
1715655526.0999722,715214848,1445,1445
1715655527.101281,715214848,473,473
1715655528.1027243,715214848,1472,1472
1715655529.103376,715214848,1568,1568
1715655530.104656,715214848,916,916
1715655531.1059668,715214848,342,342
1715655532.1071298,715214848,1490,1490
1715655533.1075568,715214848,885,885
1715655534.1088939,715214848,1133,1133
1715655535.1101782,715214848,931,931
1715655536.1107478,715214848,559,559
1715655537.1111052,715214848,1427,1427
1715655538.112454,715214848,1373,1373
1715655539.1137729,715214848,1137,1137
1715655540.1146662,715214848,1867,1867
1715655541.1159651,715214848,0,0
1715655542.1172752,715214848,1470,1470
1715655543.1185877,715214848,2003,2003
1715655544.1199944,715214848,2205,2205
1715655545.1212702,715214848,2091,2091
1715655546.122596,715214848,559,559
1715655547.1239872,715214848,1219,1219
1715655548.1252773,715214848,1801,1801
1715655549.1266458,715214848,207,207
1715655550.127911,715214848,2231,2231
1715655551.1292996,715214848,52,52
1715655552.1306267,715214848,769,769
1715655553.1320243,715214848,2207,2207
1715655554.1328394,715214848,155,155
1715655555.134109,715214848,2003,2003
1715655556.1347744,715214848,278,278
1715655557.1355796,715214848,942,942
1715655558.1368752,715214848,88727,88727
1715655559.1381776,715214848,980,980
1715655560.138699,715214848,1697,1697
1715655561.1402283,715214848,564,564
1715655562.1415565,715214848,362,362
1715655563.1427777,715214848,1921,1921
1715655564.1441836,715214848,485,485
1715655565.1454077,715214848,1850,1850
1715655566.14672,715214848,20776780,20776780
1715655567.1479843,715214848,10390878,10390878
1715655568.1484866,715214848,300,300
1715655569.149743,715214848,208,208
1715655570.1505928,715214848,0,0
1715655571.1519759,715214848,0,0
1715655572.153227,715214848,354,354
1715655573.1544464,715214848,347,347
1715655574.155212,715214848,155,155
1715655575.1565635,715214848,0,0
1715655576.1580176,715214848,0,0
1715655577.1591825,715214848,0,0
1715655578.1605797,715214848,448,448
1715655579.1615806,715214848,152,152
1715655580.1625729,715214848,0,0
1715655581.1635978,715214848,0,0
1715655582.1644144,715214848,0,0
1715655583.1656563,715214848,344,344
1715655584.1671057,715214848,152,152
1715655585.168488,715214848,0,0
1715655586.169796,715214848,351,351
1715655587.1707942,715214848,0,0
1715655588.172236,715214848,347,347
1715655589.1727858,715214848,155,155
1715655590.1742005,715214848,0,0
1715655591.1748118,715214848,0,0
1715655592.1762311,715214848,0,0
1715655593.1774733,715214848,344,344
1715655594.1787817,715214848,152,152
1715655595.180349,715214848,0,0
1715655596.1816163,715214848,31168332,31168332
1715655597.183344,715214848,1332,1332
1715655598.1846123,715214848,459,459
1715655599.1859212,715214848,155,155
1715655600.1867402,715214848,0,0
1715655601.1881309,715214848,0,0
1715655602.1894155,715214848,354,354
1715655603.190655,842436608,31170409,31170409
1715655604.191948,876556288,719,719
1715655605.1933358,790732800,776,776
1715655606.1947803,866070528,1442,1442
1715655607.1961029,891011072,0,0
1715655608.19745,815603712,2019,2019
1715655609.1986501,888889344,1146,1146
1715655610.1998866,896364544,354,354
1715655611.2011795,840536064,2290,2290
1715655612.202698,1128468480,190,190
1715655613.2039065,846999552,2454,2454
1715655614.2052913,880635904,712,712
1715655615.2065752,907677696,376,376
1715655616.2078497,826126336,2370,2370
1715655617.2092094,1060782080,276,276
1715655618.2105675,834187264,1102,1102
1715655619.2118511,882561024,2501,2501
1715655620.213142,966287360,0,0
1715655621.214423,815788032,2238,2238
1715655622.2158608,966578176,0,0
1715655623.2171135,815480832,1054,1054
1715655624.218531,1100595200,1933,1933
1715655625.2198818,815587328,0,0
1715655626.2212162,1029738496,1959,1959
1715655627.2226253,840433664,276,276
1715655628.2238724,815591424,1134,1134
1715655629.2253056,1071849472,1670,1670
1715655630.2266695,796893184,0,0
1715655631.227942,815468544,1676,1676
1715655632.2294297,966578176,870,870
1715655633.2306442,809259008,1139,1139
1715655634.2318945,815542272,1685,1685
1715655635.2331681,1100980224,0,0
1715655636.2345595,834412544,1520,1520
1715655637.235841,815759360,732,732
1715655638.2372518,965390336,1028,1028
1715655639.238573,815583232,892,892
1715655640.239807,815583232,919,919
1715655641.2411022,891097088,1045,1045
1715655642.2423906,815591424,1142,1142
1715655643.2436962,1229463552,1427,1427
1715655644.2449572,822009856,948,948
1715655645.2466123,840753152,1499,1499
1715655646.2478876,991715328,303,303
1715655647.2492754,778625024,1668,1668
1715655648.2505963,1236434944,1132,1132
1715655649.251823,782958592,31170853,31170853
1715655650.253199,782958592,1253,1253
1715655651.2544596,782958592,0,0
1715655652.2558517,782958592,304,304
1715655653.2572627,782958592,347,347
1715655654.2586207,782958592,155,155
1715655655.2599094,782958592,0,0
1715655656.2605858,782958592,0,0
1715655657.2618697,782958592,0,0
1715655658.262659,782958592,344,344
1715655659.264064,782958592,152,152
1715655660.2652936,782958592,0,0
1715655661.2667096,782958592,0,0
1715655662.2677934,782958592,354,354
1715655663.2690182,782958592,649,649
1715655664.2704651,782958592,155,155
1715655665.2713063,782958592,0,0
1715655666.2727456,782958592,0,0
1715655667.2741635,782958592,334,334
1715655668.2747679,782958592,347,347
1715655669.2761629,782958592,155,155
1715655670.277409,782958592,0,0
1715655671.278768,782958592,0,0
1715655672.2800436,782958592,0,0
1715655673.2813153,782958592,448,448
1715655674.2826166,782958592,152,152
1715655675.283859,782958592,0,0
1715655676.285083,782958592,0,0
1715655677.2854302,782958592,0,0
1715655678.286685,782958592,448,448
1715655679.2879527,782958592,31171335,31171335
1715655680.2893126,782958592,478,478
1715655681.2898424,782958592,0,0
1715655682.2907689,782958592,626,626
1715655683.2919977,782958592,457,457
1715655684.2933037,782958592,472,472
1715655685.2946656,782958592,963,963
1715655686.2959075,788856832,31171225,31171225
1715655687.2965093,955568128,476,476
1715655688.297801,863367168,524,524
1715655689.2987225,803495936,2456,2456
1715655690.3001337,1048076288,0,0
1715655691.301418,832028672,1930,1930
1715655692.302802,1101299712,582,582
1715655693.3040237,813252608,989,989
1715655694.3054092,903589888,1454,1454
1715655695.3066587,904994816,0,0
1715655696.3072932,842539008,1521,1521
1715655697.3082058,1099210752,565,565
1715655698.3094566,848797696,1047,1047
1715655699.310661,873832448,1662,1662
1715655700.3119557,892452864,171,171
1715655701.3133109,811491328,1149,1149
1715655702.3144422,876109824,897,897
1715655703.3157153,922120192,1116,1116
1715655704.3166733,865636352,1106,1106
1715655705.3179903,854790144,564,564
1715655706.3191216,825614336,1523,1523
1715655707.3204079,819163136,1004,1004
1715655708.3217378,892882944,578,578
1715655709.3226473,831700992,1461,1461
1715655710.324022,999981056,732,732
1715655711.325261,813379584,765,765
1715655712.3265977,832323584,1844,1844
1715655713.32773,965971968,534,534
1715655714.3290086,832176128,1525,1525
1715655715.330315,899145728,723,723
1715655716.3306339,832110592,482,482
1715655717.331889,831897600,1741,1741
1715655718.3332672,1066741760,524,524
1715655719.3346796,879886336,964,964
1715655720.335929,842366976,1292,1292
1715655721.3372097,968085504,768,768
1715655722.3384633,819216384,1199,1199
1715655723.3397498,1096491008,915,915
1715655724.340942,834072576,972,972
1715655725.3422482,961216512,1481,1481
1715655726.343289,838025216,0,0
1715655727.3437154,803422208,1669,1669
1715655728.3449993,929701888,917,917
1715655729.3463438,825643008,966,966
1715655730.3467038,938668032,1182,1182
1715655731.3479881,857251840,0,0
1715655732.3493629,864591872,1668,1668
1715655733.349945,773525504,31169330,31169330
1715655734.3511496,773525504,156,156
1715655735.3525376,773525504,152,152
1715655736.3539264,773525504,0,0
1715655737.3546467,773525504,0,0
1715655738.3560228,773525504,345,345
1715655739.357239,773525504,152,152
1715655740.3586378,773525504,0,0
1715655741.3600214,773525504,0,0
1715655742.3612487,773525504,0,0
1715655743.3626618,773525504,344,344
1715655744.3639426,773525504,152,152
1715655745.3642118,773525504,0,0
1715655746.3655539,773525504,0,0
1715655747.36685,773525504,0,0
1715655748.3681135,773525504,344,344
1715655749.3693774,773525504,152,152
1715655750.3709087,773525504,0,0
1715655751.3721697,773525504,476,476
1715655752.3729439,773525504,359,359
1715655753.3743958,773525504,1124,1124
1715655754.3758447,773525504,725,725
1715655755.376228,773525504,474,474
1715655756.3775485,773525504,157,157
1715655757.3787696,773525504,0,0
1715655758.3801608,773525504,980,980
1715655759.3814642,773525504,152,152
1715655760.38289,773525504,476,476
1715655761.3841705,773525504,0,0
1715655762.3854752,773525504,155,155
1715655763.3866,773525504,31167959,31167959
1715655764.3879175,773525504,1116,1116
1715655765.3891711,773525504,0,0
1715655766.3905752,773525504,658,658
1715655767.3918579,773525504,0,0
1715655768.3933074,773525504,349,349
1715655769.394857,773525504,155,155
