Timestamp,MemoryUsage,NetSent,NetRecv
1715655333.6385176,512581632,0,0
1715655334.6399202,519921664,25039,25039
1715655335.6411295,519921664,0,0
1715655336.642445,519921664,312,312
1715655337.6436892,519921664,153,153
1715655338.6449401,519921664,349,349
1715655339.6464493,519921664,156,156
1715655340.64788,519921664,0,0
1715655341.649282,519921664,0,0
1715655342.6506667,519921664,0,0
1715655343.6520534,519921664,344,344
1715655344.6534572,519921664,152,152
1715655345.6547177,519921664,0,0
1715655346.6557128,519921664,0,0
1715655347.657025,519921664,0,0
1715655348.6584513,519921664,344,344
1715655349.6596222,519921664,152,152
1715655350.661058,519921664,0,0
1715655351.6624837,519921664,0,0
1715655352.6637022,519921664,0,0
1715655353.664953,519921664,344,344
1715655354.6663477,519921664,152,152
1715655355.666548,519921664,272,272
1715655356.6678586,519921664,31175442,31175442
1715655357.6692035,519921664,0,0
1715655358.670497,519921664,1368,1368
1715655359.671798,519921664,1440,1440
1715655360.6729662,519921664,0,0
1715655361.6741946,519921664,2948,2948
1715655362.674952,519921664,476,476
1715655363.6757717,519921664,1089,1089
1715655364.6771452,519921664,1880,1880
1715655365.6784449,519921664,0,0
1715655366.6797342,519921664,1515,1515
1715655367.6811156,519921664,727,727
1715655368.6823652,519921664,713,713
1715655369.6827836,519921664,1905,1905
1715655370.6840413,519921664,193,193
1715655371.6852927,519921664,1329,1329
1715655372.686703,519921664,725,725
1715655373.6880555,519921664,1857,1857
1715655374.6892877,519921664,884,884
1715655375.6899545,519921664,0,0
1715655376.6905951,519921664,1948,1948
1715655377.6957703,519921664,274,274
1715655378.6970215,519921664,1351,1351
1715655379.6983035,519921664,1432,1432
1715655380.698669,519921664,0,0
1715655381.7000434,519921664,2237,2237
1715655382.701451,519921664,0,0
1715655383.702653,519921664,1350,1350
1715655384.704009,519921664,1856,1856
1715655385.7053237,519921664,196,196
1715655386.7066395,519921664,2107,2107
1715655387.7080016,519921664,0,0
1715655388.7093425,519921664,1297,1297
1715655389.7106695,519921664,1221,1221
1715655390.7119255,519921664,194,194
1715655391.7132058,519921664,2040,2040
1715655392.7144954,519921664,305,305
1715655393.7157333,519921664,2235,2235
1715655394.7174432,519921664,563,563
1715655395.71871,519921664,640,640
1715655396.72005,519921664,1899,1899
1715655397.721318,519921664,0,0
1715655398.7225442,519921664,2232,2232
1715655399.723941,519921664,566,566
1715655400.7252107,519921664,195,195
1715655401.7263942,519921664,10390531,10390531
1715655402.72712,519921664,20783751,20783751
1715655403.728556,519921664,513,513
1715655404.729574,519921664,0,0
1715655405.731001,519921664,0,0
1715655406.732247,519921664,356,356
1715655407.7336488,519921664,0,0
1715655408.734777,519921664,7224,7224
1715655409.735394,519921664,3520,3520
1715655410.7367635,519921664,311,311
1715655411.738159,519921664,0,0
1715655412.739442,519921664,160,160
1715655413.7406647,519921664,504,504
1715655414.7419832,519921664,0,0
1715655415.7433107,519921664,0,0
1715655416.74469,519921664,0,0
1715655417.7459164,519921664,0,0
1715655418.7467077,519921664,496,496
1715655419.7474608,519921664,0,0
1715655420.7488077,519921664,0,0
1715655421.7500255,519921664,354,354
1715655422.7509115,519921664,302,302
1715655423.752292,519921664,502,502
1715655424.7537136,519921664,0,0
1715655425.7546244,519921664,0,0
1715655426.7560115,519921664,0,0
1715655427.7573068,519921664,0,0
1715655428.7587202,519921664,496,496
1715655429.7597914,519921664,0,0
1715655430.7668357,519921664,31170026,31170026
1715655431.7681098,519921664,2346,2346
1715655432.7693863,519921664,0,0
1715655433.7706556,519921664,658,658
1715655434.771938,519921664,0,0
1715655435.7733443,519921664,0,0
1715655436.7744684,519921664,0,0
1715655437.7757223,519921664,31170912,31170912
1715655438.7770333,519921664,3732,3732
1715655439.7782762,519921664,0,0
1715655440.7786624,519921664,2647,2647
1715655441.7800872,519921664,0,0
1715655442.7813635,519921664,357,357
1715655443.782803,519921664,2541,2541
1715655444.783226,519921664,0,0
1715655445.7846203,519921664,2429,2429
1715655446.7859223,519921664,0,0
1715655447.7866707,519921664,1092,1092
1715655448.787466,519921664,1792,1792
1715655449.7887688,519921664,0,0
1715655450.7900364,519921664,2226,2226
1715655451.7908144,519921664,305,305
1715655452.792156,519921664,786,786
1715655453.793488,519921664,1909,1909
1715655454.7947633,519921664,193,193
1715655455.7960517,519921664,1494,1494
1715655456.797377,519921664,559,559
1715655457.798711,519921664,782,782
1715655458.7990623,519921664,1972,1972
1715655459.8003607,519921664,503,503
1715655460.8017395,519921664,1178,1178
1715655461.8027751,519921664,569,569
1715655462.804143,519921664,951,951
1715655463.8054717,519921664,2135,2135
1715655464.8067145,519921664,0,0
1715655465.8079524,519921664,2496,2496
1715655466.8092434,519921664,740,740
1715655467.81053,519921664,197,197
1715655468.811833,519921664,2686,2686
1715655469.8132179,519921664,0,0
1715655470.8144517,519921664,2111,2111
1715655471.8158622,519921664,667,667
1715655472.8171291,519921664,1057,1057
1715655473.8185258,519921664,1875,1875
1715655474.8199067,519921664,505,505
1715655475.8211865,519921664,1679,1679
1715655476.8219233,519921664,563,563
1715655477.8231845,519921664,952,952
1715655478.824492,519921664,1859,1859
1715655479.8257902,519921664,189,189
1715655480.8267674,519921664,1333,1333
1715655481.8280475,519921664,1039,1039
1715655482.8293223,519921664,1087,1087
1715655483.8305476,519921664,31172587,31172587
1715655484.8320673,519921664,1856,1856
1715655485.8332946,519921664,0,0
1715655486.8346558,519921664,645,645
1715655487.835903,519921664,0,0
1715655488.8373232,519921664,509,509
1715655489.838051,519921664,0,0
1715655490.8391984,519921664,0,0
1715655491.8406198,519921664,0,0
1715655492.8416433,519921664,0,0
1715655493.8427513,519921664,496,496
1715655494.8437748,519921664,0,0
1715655495.8450005,519921664,0,0
1715655496.8464484,519921664,0,0
1715655497.847866,519921664,0,0
1715655498.848651,519921664,600,600
1715655499.849452,519921664,0,0
1715655500.8508403,519921664,0,0
1715655501.852244,519921664,0,0
1715655502.8534536,519921664,0,0
1715655503.8548362,519921664,496,496
1715655504.8562655,519921664,0,0
1715655505.8573217,519921664,0,0
1715655506.858739,519921664,0,0
1715655507.8601048,519921664,0,0
1715655508.8613877,519921664,496,496
1715655509.8627524,519921664,0,0
1715655510.86407,519921664,0,0
1715655511.865363,519921664,358,358
1715655512.8665571,519921664,243,243
1715655513.8675961,519921664,31168490,31168490
1715655514.8689783,519921664,0,0
1715655515.8704202,519921664,303,303
1715655516.8714707,519921664,0,0
1715655517.8727424,519921664,0,0
1715655518.8738782,519921664,499,499
1715655519.8924718,545984512,31165868,31165868
1715655520.8933299,615190528,5402,5402
1715655521.894222,757858304,0,0
1715655522.8946185,657752064,1478,1478
1715655523.8960114,829493248,1286,1286
1715655524.897368,698142720,164,164
1715655525.8985727,714395648,2030,2030
1715655526.8998055,729841664,303,303
1715655527.9010465,730169344,1489,1489
1715655528.9018502,881209344,1563,1563
1715655529.9025826,742313984,492,492
1715655530.903956,1072971776,924,924
1715655531.9051697,755453952,909,909
1715655532.90656,839438336,1309,1309
1715655533.9118536,780288000,677,677
1715655534.9131863,742273024,1377,1377
1715655535.9144452,893739008,726,726
1715655536.9156647,767967232,1427,1427
1715655537.9169974,806432768,599,599
1715655538.9182441,730198016,1297,1297
1715655539.9185953,742604800,1917,1917
1715655540.9194965,852455424,564,564
1715655541.920268,770273280,1034,1034
1715655542.920789,770273280,2282,2282
1715655543.9221826,890609664,1990,1990
1715655544.9232893,795287552,1706,1706
1715655545.923992,1001070592,1316,1316
1715655546.9252388,704987136,1219,1219
1715655547.926459,742465536,1497,1497
1715655548.9270742,831582208,511,511
1715655549.9277565,767885312,1720,1720
1715655550.929037,887259136,563,563
1715655551.9303267,780374016,488,488
1715655552.930602,940105728,2131,2131
1715655553.9319665,755326976,512,512
1715655554.933156,742752256,1719,1719
1715655555.9345145,895782912,562,562
1715655556.9357498,767807488,175,175
1715655557.936975,721108992,89189,89189
1715655558.9382186,717443072,1285,1285
1715655559.9389858,742608896,1523,1523
1715655560.9397385,962867200,738,738
1715655561.9410245,768012288,190,190
1715655562.9416482,1095208960,1496,1496
1715655563.942597,705642496,1082,1082
1715655564.9438088,731217920,1283,1283
1715655565.945156,742223872,20777175,20777175
1715655566.9465332,742223872,10391050,10391050
1715655567.9469552,742223872,0,0
1715655568.948143,742223872,508,508
1715655569.949535,742223872,0,0
1715655570.950776,742223872,0,0
1715655571.9511743,742223872,354,354
1715655572.9525588,742223872,0,0
1715655573.9537756,742223872,502,502
1715655574.9547656,742223872,0,0
1715655575.9561446,742223872,0,0
1715655576.9576356,742223872,0,0
1715655577.9586139,742223872,0,0
1715655578.959621,742223872,600,600
1715655579.9608924,742223872,0,0
1715655580.9620988,742223872,0,0
1715655581.962592,742223872,0,0
1715655582.9638379,742223872,0,0
1715655583.9648223,742223872,496,496
1715655584.9660652,742223872,0,0
1715655585.966837,742223872,0,0
1715655586.9680815,742223872,351,351
1715655587.9693365,742223872,0,0
1715655588.9705775,742223872,502,502
1715655589.9719381,742223872,0,0
1715655590.9733372,742223872,0,0
1715655591.9746118,742223872,0,0
1715655592.9759204,742223872,0,0
1715655593.9773333,742223872,496,496
1715655594.978565,742223872,0,0
1715655595.9797802,742223872,31166793,31166793
1715655596.981034,742223872,2871,2871
1715655597.9823012,742223872,0,0
1715655598.9826024,742223872,614,614
1715655599.9838333,742223872,0,0
1715655600.9851074,742223872,0,0
1715655601.9863439,742223872,354,354
1715655602.9865835,742223872,31169474,31169474
1715655603.9879684,742223872,1654,1654
1715655604.989255,742223872,189,189
1715655605.990569,742223872,2029,2029
1715655606.9918833,742223872,0,0
1715655607.993114,742223872,1499,1499
1715655608.9945464,742223872,1666,1666
1715655609.995836,742223872,0,0
1715655610.9970858,742223872,2644,2644
1715655611.998526,742223872,190,190
1715655612.9999082,742223872,1271,1271
1715655614.001195,742223872,1895,1895
1715655615.0024989,742223872,0,0
1715655616.0037222,742223872,2459,2459
1715655617.0050747,742223872,563,563
1715655618.0063968,742223872,426,426
1715655619.0077,742223872,3177,3177
1715655620.0087588,742223872,0,0
1715655621.0099742,742223872,1404,1404
1715655622.0106287,742223872,834,834
1715655623.0119207,742223872,192,192
1715655624.0153701,742223872,2795,2795
1715655625.0166519,742223872,0,0
1715655626.0178614,742223872,1118,1118
1715655627.0187535,742223872,1117,1117
1715655628.0200438,742223872,502,502
1715655629.0213585,742223872,2302,2302
1715655630.0228596,742223872,0,0
1715655631.0240996,742223872,1676,1676
1715655632.0245657,742223872,870,870
1715655633.0259607,742223872,786,786
1715655634.0265954,742223872,1473,1473
1715655635.027974,742223872,565,565
1715655636.0293696,742223872,953,953
1715655637.030604,742223872,1299,1299
1715655638.0318718,742223872,189,189
1715655639.0331504,742223872,1731,1731
1715655640.034562,742223872,740,740
1715655641.0359704,742223872,939,939
1715655642.0367534,742223872,733,733
1715655643.0381215,742223872,1765,1765
1715655644.0387373,742223872,1304,1304
1715655645.0399659,742223872,1499,1499
1715655646.0412686,742223872,0,0
1715655647.0418324,742223872,1385,1385
1715655648.0427513,742223872,1365,1365
1715655649.0441363,742223872,20780971,20780971
1715655650.0455177,742223872,10391488,10391488
1715655651.0467799,742223872,0,0
1715655652.048153,742223872,304,304
1715655653.04949,742223872,0,0
1715655654.0507364,742223872,502,502
1715655655.052006,742223872,0,0
1715655656.0532296,742223872,0,0
1715655657.0545726,742223872,0,0
1715655658.056005,742223872,0,0
1715655659.0572157,742223872,496,496
1715655660.058674,742223872,0,0
1715655661.0600543,742223872,0,0
1715655662.0612829,742223872,354,354
1715655663.0626082,742223872,302,302
1715655664.06384,742223872,502,502
1715655665.0651243,742223872,0,0
1715655666.0656533,742223872,0,0
1715655667.0666437,742223872,334,334
1715655668.067227,742223872,0,0
1715655669.0684865,742223872,502,502
1715655670.0695486,742223872,0,0
1715655671.0708299,742223872,0,0
1715655672.0721276,742223872,0,0
1715655673.0734484,742223872,0,0
1715655674.0747685,742223872,600,600
1715655675.0760074,742223872,0,0
1715655676.0775042,742223872,0,0
1715655677.0787542,742223872,0,0
1715655678.0800154,742223872,0,0
1715655679.081234,742223872,31170340,31170340
1715655680.0826895,742223872,1921,1921
1715655681.0839138,742223872,0,0
1715655682.0851965,742223872,574,574
1715655683.0864828,742223872,52,52
1715655684.0879016,742223872,929,929
1715655685.0893078,742223872,508,508
1715655686.090543,742223872,31171522,31171522
1715655687.0918207,742223872,634,634
1715655688.0931118,742223872,0,0
1715655689.094475,742223872,2980,2980
1715655690.095715,742223872,0,0
1715655691.0969563,742223872,1644,1644
1715655692.09821,742223872,868,868
1715655693.0985975,742223872,484,484
1715655694.0999455,742223872,1959,1959
1715655695.101299,742223872,0,0
1715655696.102558,742223872,1359,1359
1715655697.1038387,742223872,727,727
1715655698.1051908,742223872,319,319
1715655699.1065137,742223872,2390,2390
1715655700.1078904,742223872,0,0
1715655701.1092403,742223872,924,924
1715655702.110568,742223872,1293,1293
1715655703.1118803,742223872,917,917
1715655704.1131659,742223872,1138,1138
1715655705.1144485,742223872,731,731
1715655706.1156762,742223872,930,930
1715655707.1170416,742223872,1597,1597
1715655708.1182957,742223872,405,405
1715655709.1186285,742223872,1634,1634
1715655710.1199486,742223872,732,732
1715655711.121237,742223872,765,765
1715655712.1225047,742223872,1566,1566
1715655713.1238332,742223872,583,583
1715655714.1250753,742223872,1754,1754
1715655715.1257904,742223872,723,723
1715655716.1266274,742223872,169,169
1715655717.128011,742223872,1489,1489
1715655718.129344,742223872,865,865
1715655719.1306427,742223872,1019,1019
1715655720.1319213,742223872,1461,1461
1715655721.1333055,742223872,486,486
1715655722.1345937,742223872,754,754
1715655723.1359031,742223872,1590,1590
1715655724.1372986,742223872,1024,1024
1715655725.1386914,742223872,914,914
1715655726.1399956,742223872,567,567
1715655727.1405149,742223872,1501,1501
1715655728.1419332,742223872,1033,1033
1715655729.1426404,742223872,381,381
1715655730.1439576,742223872,1819,1819
1715655731.1452389,742223872,0,0
1715655732.1464844,742223872,1502,1502
1715655733.147759,742223872,31169444,31169444
1715655734.1490698,742223872,208,208
1715655735.150475,742223872,0,0
1715655736.151806,742223872,152,152
1715655737.153126,742223872,0,0
1715655738.1543324,742223872,345,345
1715655739.155819,742223872,152,152
1715655740.1570528,742223872,0,0
1715655741.15746,742223872,0,0
1715655742.1587584,742223872,0,0
1715655743.160143,742223872,344,344
1715655744.161145,742223872,152,152
1715655745.1624079,742223872,0,0
1715655746.1638002,742223872,0,0
1715655747.1650536,742223872,0,0
1715655748.1664112,742223872,344,344
1715655749.1678429,742223872,152,152
1715655750.1691003,742223872,0,0
1715655751.1705902,742223872,476,476
1715655752.172014,742223872,359,359
1715655753.1734362,742223872,776,776
1715655754.174794,742223872,883,883
1715655755.1762166,742223872,190,190
1715655756.1776533,742223872,631,631
1715655757.1787388,742223872,0,0
1715655758.1800592,742223872,980,980
1715655759.181321,742223872,152,152
1715655760.1827195,742223872,476,476
1715655761.1839793,742223872,0,0
1715655762.1850789,742223872,155,155
1715655763.1863022,742223872,31166181,31166181
1715655764.1866562,742223872,2894,2894
1715655765.1879263,742223872,0,0
1715655766.1894162,742223872,658,658
1715655767.190708,742223872,0,0
1715655768.1920547,742223872,349,349
1715655769.1933634,742223872,155,155
