Timestamp,MemoryUsage,NetSent,NetRecv
1715655333.087526,512528384,0,0
1715655334.088568,519999488,33628,33628
1715655335.0898254,519999488,4998,4998
1715655336.09076,519999488,0,0
1715655337.092009,519999488,465,465
1715655338.0935867,519999488,155,155
1715655339.0947595,519999488,350,350
1715655340.0961967,519999488,0,0
1715655341.0974443,519999488,0,0
1715655342.0986063,519999488,0,0
1715655343.0999112,519999488,152,152
1715655344.101475,519999488,344,344
1715655345.1026092,519999488,0,0
1715655346.1033063,519999488,0,0
1715655347.104705,519999488,0,0
1715655348.1053514,519999488,152,152
1715655349.106599,520130560,344,344
1715655350.1074843,520130560,0,0
1715655351.1087341,520130560,0,0
1715655352.1099586,520130560,0,0
1715655353.110839,520130560,152,152
1715655354.1120777,520130560,344,344
1715655355.113376,520130560,0,0
1715655356.1146111,596865024,31172681,31172681
1715655357.116025,925945856,3033,3033
1715655358.1173472,703754240,403,403
1715655359.1187148,904732672,2405,2405
1715655360.1199243,711118848,0,0
1715655361.121242,711118848,151,151
1715655362.1225567,937488384,3155,3155
1715655363.1239865,772636672,607,607
1715655364.1252158,755118080,2154,2154
1715655365.126652,849387520,326,326
1715655366.12793,748990464,781,781
1715655367.1292582,719028224,1461,1461
1715655368.1305923,852967424,153,153
1715655369.1319559,754921472,1907,1907
1715655370.1332412,1011138560,558,558
1715655371.1345062,786194432,956,956
1715655372.1359167,721715200,1291,1291
1715655373.137196,1172357120,492,492
1715655374.1384575,755154944,1686,1686
1715655375.1398683,1138102272,563,563
1715655376.1411955,723738624,191,191
1715655377.1425033,869326848,2031,2031
1715655378.1439223,803049472,300,300
1715655379.1453805,901697536,2483,2483
1715655380.1467817,910770176,0,0
1715655381.148048,742629376,469,469
1715655382.1495087,1178578944,1768,1768
1715655383.1506944,782524416,301,301
1715655384.1519723,1078095872,2905,2905
1715655385.1532452,807899136,0,0
1715655386.1545134,807899136,1007,1007
1715655387.1558003,899919872,1296,1296
1715655388.1567798,736391168,305,305
1715655389.158062,828661760,2213,2213
1715655390.158671,861569024,0,0
1715655391.1599205,726839296,955,955
1715655392.161249,787038208,1584,1584
1715655393.1625266,785215488,494,494
1715655394.1638365,755183616,2304,2304
1715655395.165123,841891840,0,0
1715655396.166394,718983168,1705,1705
1715655397.1678057,769654784,834,834
1715655398.1690989,761954304,541,541
1715655399.1704566,778346496,2257,2257
1715655400.1717513,811929600,0,0
1715655401.1730509,824619008,1881,1881
1715655402.1742966,743510016,31171765,31171765
1715655403.1747923,743510016,1188,1188
1715655404.1761885,743510016,156,156
1715655405.1775062,743510016,0,0
1715655406.1786344,743510016,356,356
1715655407.18008,743510016,0,0
1715655408.1815066,743510016,2302,2302
1715655409.1827981,743510016,6630,6630
1715655410.1837292,743510016,1970,1970
1715655411.1850626,743510016,153,153
1715655412.186503,743510016,160,160
1715655413.1877542,743510016,352,352
1715655414.189189,743510016,152,152
1715655415.1906002,743510016,0,0
1715655416.1915903,743510016,0,0
1715655417.192765,743510016,0,0
1715655418.1941247,743510016,344,344
1715655419.19499,743510016,152,152
1715655420.1955874,743510016,0,0
1715655421.1968377,743510016,0,0
1715655422.1976645,743510016,354,354
1715655423.1987786,743510016,649,649
1715655424.200161,743510016,155,155
1715655425.2007945,743510016,0,0
1715655426.2017033,743510016,0,0
1715655427.2032287,743510016,0,0
1715655428.2046258,743510016,344,344
1715655429.205254,743510016,152,152
1715655430.2065613,743510016,0,0
1715655431.2078426,743510016,31172372,31172372
1715655432.2092118,743510016,0,0
1715655433.2105637,743510016,503,503
1715655434.212015,743510016,155,155
1715655435.2132757,743510016,0,0
1715655436.2145762,743510016,0,0
1715655437.216069,743510016,780,780
1715655438.217379,743510016,31173708,31173708
1715655439.2186491,743510016,156,156
1715655440.219909,743510016,360,360
1715655441.2213156,743510016,2287,2287
1715655442.2226279,743510016,0,0
1715655443.2238114,743510016,2415,2415
1715655444.224658,743510016,483,483
1715655445.225927,743510016,455,455
1715655446.2266784,743510016,1974,1974
1715655447.2279856,743510016,0,0
1715655448.229234,743510016,2729,2729
1715655449.2306085,743510016,155,155
1715655450.2313354,743510016,369,369
1715655451.232129,743510016,1857,1857
1715655452.233391,743510016,500,500
1715655453.234701,743510016,1790,1790
1715655454.2358458,743510016,710,710
1715655455.2367682,743510016,779,779
1715655456.2374752,743510016,1467,1467
1715655457.2388027,743510016,193,193
1715655458.2401001,743510016,1680,1680
1715655459.2413945,743510016,881,881
1715655460.2426317,743510016,951,951
1715655461.243696,743510016,1299,1299
1715655462.245051,743510016,0,0
1715655463.2460186,743510016,2418,2418
1715655464.246648,743510016,668,668
1715655465.2479088,743510016,350,350
1715655466.2492142,743510016,2886,2886
1715655467.250551,743510016,0,0
1715655468.2518165,743510016,2570,2570
1715655469.2531052,743510016,313,313
1715655470.254412,743510016,553,553
1715655471.2557313,743510016,2225,2225
1715655472.257069,743510016,198,198
1715655473.258342,743510016,2021,2021
1715655474.2587655,743510016,713,713
1715655475.2600238,743510016,1237,1237
1715655476.2612913,743510016,1510,1510
1715655477.2625873,743510016,190,190
1715655478.263854,743510016,1680,1680
1715655479.265231,743510016,941,941
1715655480.266554,743510016,776,776
1715655481.2674782,743510016,1479,1479
1715655482.2687678,743510016,1091,1091
1715655483.2700121,743510016,10389688,10389688
1715655484.2707782,743510016,20785057,20785057
1715655485.2721758,743510016,0,0
1715655486.2736485,743510016,310,310
1715655487.2747765,743510016,335,335
1715655488.2761123,743510016,354,354
1715655489.2773678,743510016,155,155
1715655490.2788537,743510016,0,0
1715655491.28025,743510016,0,0
1715655492.2814796,743510016,0,0
1715655493.2827559,743510016,344,344
1715655494.2836618,743510016,152,152
1715655495.284996,743510016,0,0
1715655496.2864656,743510016,0,0
1715655497.2878766,743510016,0,0
1715655498.2889602,743510016,448,448
1715655499.290192,743510016,152,152
1715655500.290678,743510016,0,0
1715655501.292027,743510016,0,0
1715655502.2932827,743510016,0,0
1715655503.2946882,743510016,344,344
1715655504.2960994,743510016,152,152
1715655505.2975295,743510016,0,0
1715655506.2987847,743510016,0,0
1715655507.300176,743510016,0,0
1715655508.300877,743510016,344,344
1715655509.3021612,743510016,152,152
1715655510.3034637,743510016,0,0
1715655511.303913,743510016,0,0
1715655512.3051565,743510016,358,358
1715655513.30566,743510016,31166739,31166739
1715655514.3067906,743510016,1994,1994
1715655515.3079758,743510016,0,0
1715655516.3086758,743510016,303,303
1715655517.3098369,743510016,0,0
1715655518.3107991,743510016,347,347
1715655519.3121192,743510016,152,152
1715655520.313357,743510016,31168900,31168900
1715655521.3146923,743510016,2370,2370
1715655522.315967,743510016,169,169
1715655523.31729,743510016,2111,2111
1715655524.3186932,743510016,484,484
1715655525.3200212,743510016,749,749
1715655526.3214526,743510016,1748,1748
1715655527.3226464,743510016,755,755
1715655528.3239346,743510016,1085,1085
1715655529.3252754,743510016,1370,1370
1715655530.3265495,743510016,1258,1258
1715655531.3278618,743510016,0,0
1715655532.3291235,743510016,1655,1655
1715655533.3305273,743510016,918,918
1715655534.3317928,743510016,1111,1111
1715655535.333077,743510016,1314,1314
1715655536.334415,743510016,0,0
1715655537.3357544,743510016,1427,1427
1715655538.3370295,743510016,1571,1571
1715655539.338313,743510016,939,939
1715655540.3387005,743510016,1867,1867
1715655541.3399847,743510016,0,0
1715655542.34128,743510016,1643,1643
1715655543.342589,743510016,2375,2375
1715655544.343875,743510016,2209,2209
1715655545.3451648,743510016,2101,2101
1715655546.3465123,743510016,270,270
1715655547.3478334,743510016,1126,1126
1715655548.3492615,743510016,1676,1676
1715655549.3505087,743510016,327,327
1715655550.3515346,743510016,2111,2111
1715655551.35289,743510016,0,0
1715655552.3535407,743510016,1108,1108
1715655553.35479,743510016,1868,1868
1715655554.3560705,743510016,330,330
1715655555.3574488,743510016,2106,2106
1715655556.3586397,743510016,0,0
1715655557.3593261,743510016,89118,89118
1715655558.3605971,743510016,1376,1376
1715655559.3619556,743510016,349,349
1715655560.3626647,743510016,2067,2067
1715655561.3640985,743510016,0,0
1715655562.3653502,743510016,1686,1686
1715655563.3667736,743510016,927,927
1715655564.3680468,743510016,352,352
1715655565.3694184,743510016,10389498,10389498
1715655566.3705952,743510016,20778553,20778553
1715655567.3718967,743510016,1260,1260
1715655568.3731277,743510016,352,352
1715655569.3744128,743510016,156,156
1715655570.375081,743510016,0,0
1715655571.3763123,743510016,0,0
1715655572.3777127,743510016,354,354
1715655573.3787165,743510016,347,347
1715655574.3800962,743510016,155,155
1715655575.3809454,743510016,0,0
1715655576.382396,743510016,0,0
1715655577.3837094,743510016,0,0
1715655578.3845181,743510016,448,448
1715655579.3859663,743510016,152,152
1715655580.3866048,743510016,0,0
1715655581.387864,743510016,0,0
1715655582.3892682,743510016,0,0
1715655583.3906665,743510016,344,344
1715655584.3920379,743510016,152,152
1715655585.3934414,743510016,0,0
1715655586.3946693,743510016,351,351
1715655587.3959556,743510016,0,0
1715655588.397243,743510016,347,347
1715655589.398044,743510016,155,155
1715655590.3986442,743510016,0,0
1715655591.3998976,743510016,0,0
1715655592.4011776,743510016,0,0
1715655593.4026039,743510016,344,344
1715655594.4038482,743510016,152,152
1715655595.4052908,743510016,0,0
1715655596.4066727,743510016,31169506,31169506
1715655597.4079576,743510016,158,158
1715655598.4091387,743510016,459,459
1715655599.4102938,743510016,155,155
1715655600.410976,743510016,0,0
1715655601.412033,743510016,0,0
1715655602.41285,743510016,1735,1735
1715655603.4138627,743510016,31169591,31169591
1715655604.4146743,743510016,156,156
1715655605.4159224,743510016,1103,1103
1715655606.416843,743510016,1115,1115
1715655607.4181209,743510016,190,190
1715655608.4262671,743510016,2444,2444
1715655609.4266715,743510016,531,531
1715655610.4279797,743510016,1493,1493
1715655611.4292688,743510016,1151,1151
1715655612.4306018,743510016,190,190
1715655613.431872,743510016,3011,3011
1715655614.4331555,743510016,155,155
1715655615.4335568,743510016,729,729
1715655616.4349878,743510016,2293,2293
1715655617.4362936,743510016,268,268
1715655618.437534,743510016,2189,2189
1715655619.4386718,743510016,1146,1146
1715655620.439994,743510016,194,194
1715655621.4413188,743510016,2044,2044
1715655622.4426146,743510016,0,0
1715655623.4436798,743510016,1717,1717
1715655624.4450495,743510016,1270,1270
1715655625.4465199,743510016,192,192
1715655626.447849,743510016,2043,2043
1715655627.449139,743510016,0,0
1715655628.4504933,743510016,1307,1307
1715655629.451919,743510016,1497,1497
1715655630.4532218,743510016,191,191
1715655631.454559,743510016,2047,2047
1715655632.455879,743510016,308,308
1715655633.45716,743510016,1139,1139
1715655634.4584687,743510016,1685,1685
1715655635.4597344,743510016,194,194
1715655636.4610214,743510016,1326,1326
1715655637.4622998,743510016,732,732
1715655638.4626265,743510016,1202,1202
1715655639.4639223,743510016,893,893
1715655640.4654095,743510016,1332,1332
1715655641.4666617,743510016,457,457
1715655642.4680092,743510016,1770,1770
1715655643.4692938,743510016,799,799
1715655644.4706485,743510016,1126,1126
1715655645.471979,743510016,1321,1321
1715655646.4733443,743510016,474,474
1715655647.4746401,743510016,2276,2276
1715655648.4760365,743510016,10390159,10390159
1715655649.47728,743510016,20781971,20781971
1715655650.4779584,743510016,329,329
1715655651.478809,743510016,99,99
1715655652.4798603,743510016,205,205
1715655653.4807332,743510016,347,347
1715655654.482164,743510016,155,155
1715655655.4826055,743510016,0,0
1715655656.4839923,743510016,0,0
1715655657.4849684,743510016,0,0
1715655658.4862163,743510016,344,344
1715655659.4866307,743510016,152,152
1715655660.4880257,743510016,0,0
1715655661.4892628,743510016,0,0
1715655662.4907513,743510016,354,354
1715655663.4920387,743510016,649,649
1715655664.4924319,743510016,155,155
1715655665.4938545,743510016,0,0
1715655666.495251,743510016,0,0
1715655667.4965017,743510016,334,334
1715655668.4977477,743510016,347,347
1715655669.4986446,743510016,155,155
1715655670.500046,743510016,0,0
1715655671.5012977,743510016,0,0
1715655672.5026336,743510016,0,0
1715655673.5040107,743510016,448,448
1715655674.5052693,743510016,152,152
1715655675.506571,743510016,0,0
1715655676.5079832,743510016,0,0
1715655677.5092218,743510016,0,0
1715655678.5106254,743510016,448,448
1715655679.5120528,1164111872,31171387,31171387
1715655680.5133696,778915840,426,426
1715655681.5146506,870793216,151,151
1715655682.5160346,879382528,475,475
1715655683.5173202,841637888,457,457
1715655684.5186398,933507072,629,629
1715655685.519853,775753728,1362,1362
1715655686.5211496,775753728,31170987,31170987
1715655687.5226362,775753728,158,158
1715655688.523916,775753728,1268,1268
1715655689.525308,775753728,1712,1712
1715655690.5266056,775753728,169,169
1715655691.5279853,775753728,2039,2039
1715655692.5293856,775753728,304,304
1715655693.530687,775753728,1559,1559
1715655694.531807,775753728,884,884
1715655695.532786,775753728,0,0
1715655696.5340328,775753728,2086,2086
1715655697.5351357,775753728,0,0
1715655698.5360005,775753728,1267,1267
1715655699.5373201,775753728,1442,1442
1715655700.5384543,775753728,759,759
1715655701.539069,775753728,894,894
1715655702.5403805,775753728,564,564
1715655703.5417898,775753728,1116,1116
1715655704.5426462,775753728,1670,1670
1715655705.5439243,775753728,176,176
1715655706.5452728,775753728,1625,1625
1715655707.5458276,775753728,726,726
1715655708.5466774,775753728,1160,1160
1715655709.5479553,775753728,1044,1044
1715655710.5493195,775753728,567,567
1715655711.5506775,775753728,935,935
1715655712.5519853,775753728,1674,1674
1715655713.5532258,775753728,890,890
1715655714.5564294,775753728,1331,1331
1715655715.5578518,775753728,561,561
1715655716.5586474,775753728,764,764
1715655717.560016,775753728,1459,1459
1715655718.5608616,775753728,1164,1164
1715655719.5621617,775753728,893,893
1715655720.5627346,775753728,723,723
1715655721.5639849,775753728,768,768
1715655722.5652502,775753728,1761,1761
1715655723.5665433,775753728,353,353
1715655724.5678434,775753728,1145,1145
1715655725.5691438,775753728,1308,1308
1715655726.5704741,775753728,180,180
1715655727.5717502,775753728,1489,1489
1715655728.5730438,775753728,917,917
1715655729.5742974,775753728,1290,1290
1715655730.57477,775753728,858,858
1715655731.576046,775753728,177,177
1715655732.5773313,775753728,2468,2468
1715655733.5785882,775753728,31168353,31168353
1715655734.5799572,775753728,156,156
1715655735.5811682,775753728,152,152
1715655736.582609,775753728,0,0
1715655737.5833657,775753728,0,0
1715655738.5847676,775753728,345,345
1715655739.5861688,775753728,152,152
1715655740.586596,775753728,0,0
1715655741.5879874,775753728,0,0
1715655742.5894048,775753728,0,0
1715655743.5905833,775753728,344,344
1715655744.5919623,775753728,152,152
1715655745.5932178,775753728,0,0
1715655746.5945692,775753728,0,0
1715655747.5959876,775753728,0,0
1715655748.5973938,775753728,344,344
1715655749.598656,775753728,152,152
1715655750.6001468,775753728,0,0
1715655751.6015964,775753728,476,476
1715655752.6026018,775753728,359,359
1715655753.6038904,775753728,1124,1124
1715655754.6050084,775753728,725,725
1715655755.6064546,775753728,631,631
1715655756.6078532,775753728,0,0
1715655757.6092517,775753728,472,472
1715655758.6107228,775753728,508,508
1715655759.6121306,775753728,152,152
1715655760.6134174,775753728,476,476
1715655761.6148016,775753728,0,0
1715655762.6155844,775753728,155,155
1715655763.6169538,775753728,31168920,31168920
1715655764.6182556,775753728,155,155
1715655765.6186163,775753728,151,151
1715655766.619926,775753728,507,507
1715655767.6212106,775753728,0,0
1715655768.622528,775753728,349,349
1715655769.6229794,775753728,857,857
