Timestamp,MemoryUsage,NetSent,NetRecv
1715655333.7154186,512368640,0,0
1715655334.7166686,519970816,21806,21806
1715655335.7178907,519970816,0,0
1715655336.7187061,519970816,312,312
1715655337.7201016,519970816,153,153
1715655338.7215526,519970816,505,505
1715655339.7226167,519970816,0,0
1715655340.7235758,519970816,0,0
1715655341.7249746,519970816,0,0
1715655342.7262185,519970816,0,0
1715655343.7267005,519970816,496,496
1715655344.7279391,519970816,0,0
1715655345.7293193,519970816,0,0
1715655346.730181,519970816,0,0
1715655347.730753,519970816,0,0
1715655348.7321362,519970816,496,496
1715655349.7329776,519970816,0,0
1715655350.7343395,519970816,0,0
1715655351.734665,519970816,0,0
1715655352.7357082,519970816,0,0
1715655353.737071,519970816,496,496
1715655354.7385058,519970816,0,0
1715655355.7577953,546750464,20780161,20780161
1715655356.7587297,876855296,10395553,10395553
1715655357.7600188,705261568,0,0
1715655358.7612863,775397376,1524,1524
1715655359.7627556,1152995328,1284,1284
1715655360.7641406,725356544,0,0
1715655361.7647274,712835072,3306,3306
1715655362.765996,866160640,303,303
1715655363.7666128,756572160,1339,1339
1715655364.767892,983896064,1445,1445
1715655365.7691677,761884672,193,193
1715655366.7701132,712822784,1486,1486
1715655367.7707937,835018752,563,563
1715655368.77223,775524352,1170,1170
1715655369.7736697,813662208,1448,1448
1715655370.7746449,725594112,502,502
1715655371.775939,737792000,1020,1020
1715655372.7775126,832712704,725,725
1715655373.7787025,775729152,2013,2013
1715655374.779993,847073280,728,728
1715655375.7812817,725139456,0,0
1715655376.782505,712822784,2222,2222
1715655377.7838972,903577600,0,0
1715655378.7852736,756940800,1506,1506
1715655379.7866626,1096552448,1277,1277
1715655380.7879856,733532160,0,0
1715655381.7892728,824303616,2237,2237
1715655382.7906604,903892992,0,0
1715655383.7918682,775512064,1666,1666
1715655384.7932074,1008599040,1540,1540
1715655385.7947433,763211776,556,556
1715655386.7960663,712810496,1747,1747
1715655387.7974381,830308352,0,0
1715655388.7985728,757075968,1958,1958
1715655389.7998729,1157861376,560,560
1715655390.8011594,725397504,194,194
1715655391.8023105,712974336,2345,2345
1715655392.802639,924618752,0,0
1715655393.8036978,757051392,2235,2235
1715655394.8049817,964157440,563,563
1715655395.8064632,713244672,1088,1088
1715655396.8077428,932868096,1451,1451
1715655397.8090339,763252736,0,0
1715655398.8102474,756850688,2232,2232
1715655399.810748,958353408,566,566
1715655400.8120198,788127744,362,362
1715655401.8180718,794443776,20846514,20846514
1715655402.818801,784109568,10327601,10327601
1715655403.819066,784109568,513,513
1715655404.8203545,784109568,0,0
1715655405.8212526,784109568,0,0
1715655406.822119,784109568,356,356
1715655407.8234804,784109568,734,734
1715655408.824882,784109568,6793,6793
1715655409.8259113,784109568,3375,3375
1715655410.8271565,784109568,153,153
1715655411.8284543,784109568,160,160
1715655412.829071,784109568,0,0
1715655413.830119,784109568,504,504
1715655414.8311744,784109568,0,0
1715655415.8325808,784109568,0,0
1715655416.833826,784109568,0,0
1715655417.834795,784109568,0,0
1715655418.8360348,784109568,496,496
1715655419.8374946,784109568,0,0
1715655420.8386745,784109568,0,0
1715655421.8394632,784109568,354,354
1715655422.8398454,784109568,302,302
1715655423.8405445,784109568,502,502
1715655424.8418581,784109568,0,0
1715655425.842856,784109568,0,0
1715655426.8438752,784109568,0,0
1715655427.845248,784109568,0,0
1715655428.8466814,784109568,496,496
1715655429.8478992,784109568,0,0
1715655430.8491542,945131520,31170747,31170747
1715655431.8505821,823005184,1625,1625
1715655432.851837,785559552,0,0
1715655433.8522851,785383424,658,658
1715655434.853606,785453056,0,0
1715655435.8546984,1019183104,0,0
1715655436.8560941,797982720,0,0
1715655437.8573241,786579456,31172026,31172026
1715655438.8586373,786579456,2618,2618
1715655439.8599293,786579456,0,0
1715655440.8613489,786579456,2647,2647
1715655441.8626492,786579456,0,0
1715655442.863915,786579456,1053,1053
1715655443.8652074,786579456,1845,1845
1715655444.866559,786579456,0,0
1715655445.8680317,786579456,2429,2429
1715655446.8693316,786579456,0,0
1715655447.8705838,786579456,1257,1257
1715655448.8719697,786579456,1627,1627
1715655449.8732448,786579456,0,0
1715655450.8747337,786579456,2226,2226
1715655451.8760357,786579456,305,305
1715655452.8773174,786579456,786,786
1715655453.8786242,786579456,1909,1909
1715655454.879955,786579456,193,193
1715655455.881308,786579456,1779,1779
1715655456.88263,786579456,274,274
1715655457.883877,786579456,953,953
1715655458.8851652,786579456,1801,1801
1715655459.8865242,786579456,782,782
1715655460.8878477,786579456,899,899
1715655461.8892064,786579456,569,569
1715655462.8904872,786579456,951,951
1715655463.8918502,786579456,2135,2135
1715655464.8932917,786579456,0,0
1715655465.8946133,786579456,2496,2496
1715655466.8959048,786579456,740,740
1715655467.897147,786579456,963,963
1715655468.898575,786579456,1920,1920
1715655469.8999498,786579456,0,0
1715655470.9012177,786579456,2163,2163
1715655471.9025426,786579456,615,615
1715655472.9037993,786579456,1232,1232
1715655473.9050915,786579456,1700,1700
1715655474.9064207,786579456,787,787
1715655475.9068515,786579456,1397,1397
1715655476.9081602,786579456,563,563
1715655477.9095998,786579456,952,952
1715655478.910636,786579456,1859,1859
1715655479.9119933,786579456,189,189
1715655480.9132397,786579456,1500,1500
1715655481.9146776,786579456,872,872
1715655482.9159608,786579456,1087,1087
1715655483.917154,786579456,31173625,31173625
1715655484.918568,786579456,818,818
1715655485.9198627,786579456,0,0
1715655486.9211144,786579456,645,645
1715655487.9224424,786579456,0,0
1715655488.9238489,786579456,509,509
1715655489.9250753,786579456,0,0
1715655490.9257262,786579456,0,0
1715655491.9266052,786579456,0,0
1715655492.9279883,786579456,0,0
1715655493.929401,786579456,496,496
1715655494.9306078,786579456,0,0
1715655495.9318957,786579456,0,0
1715655496.9331295,786579456,0,0
1715655497.9345865,786579456,0,0
1715655498.9358795,786579456,600,600
1715655499.93711,786579456,0,0
1715655500.9386523,786579456,0,0
1715655501.9399393,786579456,0,0
1715655502.9413624,786579456,0,0
1715655503.9426532,786579456,496,496
1715655504.9440095,786579456,0,0
1715655505.945427,786579456,0,0
1715655506.9466767,786579456,0,0
1715655507.9480698,786579456,0,0
1715655508.949305,786579456,496,496
1715655509.9505699,786579456,0,0
1715655510.9520977,786579456,0,0
1715655511.9534984,786579456,358,358
1715655512.9546223,786579456,10387434,10387434
1715655513.9559205,1208479744,20781299,20781299
1715655514.9573338,799350784,0,0
1715655515.9587202,928612352,303,303
1715655516.9600003,836673536,0,0
1715655517.9612615,891289600,0,0
1715655518.9626985,824569856,499,499
1715655519.9638445,802496512,31166359,31166359
1715655520.9651191,819056640,4911,4911
1715655521.9664648,821227520,0,0
1715655522.967688,821227520,1478,1478
1715655523.9689655,951472128,1286,1286
1715655524.9705405,821288960,164,164
1715655525.9718385,1079005184,2030,2030
1715655526.9731863,852803584,303,303
1715655527.9744818,882233344,1489,1489
1715655528.9758434,802672640,1563,1563
1715655529.977126,821395456,492,492
1715655530.9785285,1123524608,924,924
1715655531.979782,827281408,1213,1213
1715655532.981067,812838912,1005,1005
1715655533.9823573,1027055616,1238,1238
1715655534.9826932,821211136,983,983
1715655535.984079,1018351616,559,559
1715655536.985348,833736704,1427,1427
1715655537.9868078,840200192,939,939
1715655538.9881017,966459392,957,957
1715655539.9893587,852668416,1917,1917
1715655540.9909544,1255391232,564,564
1715655541.992235,827756544,1312,1312
1715655542.9935453,821497856,2004,2004
1715655543.9947054,958558208,2042,2042
1715655544.995956,852692992,1824,1824
1715655545.9972515,1038274560,1146,1146
1715655546.9983468,852856832,1219,1219
1715655547.9992063,888651776,1497,1497
1715655549.0000455,972251136,511,511
1715655550.0012805,821354496,1720,1720
1715655551.0026503,1138327552,563,563
1715655552.0039048,827609088,769,769
1715655553.005319,897130496,1850,1850
1715655554.0066438,907005952,512,512
1715655555.0078423,821043200,1719,1719
1715655556.0091164,888348672,562,562
1715655557.0103934,827744256,767,767
1715655558.0117497,821465088,88597,88597
1715655559.013042,896831488,1285,1285
1715655560.0142565,821280768,1697,1697
1715655561.0148053,921972736,564,564
1715655562.0160575,827744256,362,362
1715655563.0174487,984625152,1324,1324
1715655564.0188158,930361344,1082,1082
1715655565.0200462,821428224,1283,1283
1715655566.0212889,838766592,20777347,20777347
1715655567.0226672,838766592,10390878,10390878
1715655568.023997,838766592,0,0
1715655569.0253673,838766592,508,508
1715655570.026893,838766592,0,0
1715655571.0282373,838766592,0,0
1715655572.0296612,838766592,354,354
1715655573.0308723,838766592,0,0
1715655574.0321956,838766592,502,502
1715655575.0336258,838766592,0,0
1715655576.0346746,838766592,0,0
1715655577.0360677,838766592,0,0
1715655578.0373988,838766592,0,0
1715655579.0386431,838766592,600,600
1715655580.0401726,838766592,0,0
1715655581.0416133,838766592,0,0
1715655582.0427613,838766592,0,0
1715655583.0441368,838766592,0,0
1715655584.045457,838766592,496,496
1715655585.0467787,838766592,0,0
1715655586.0480602,838766592,0,0
1715655587.0494764,838766592,351,351
1715655588.0506823,838766592,0,0
1715655589.0519311,838766592,502,502
1715655590.0532498,838766592,0,0
1715655591.0546765,838766592,0,0
1715655592.0555742,838766592,0,0
1715655593.0570312,838766592,0,0
1715655594.0583558,838766592,496,496
1715655595.0589197,838766592,0,0
1715655596.0602984,838766592,31167998,31167998
1715655597.0616028,838766592,1666,1666
1715655598.0628288,838766592,0,0
1715655599.0641081,838766592,614,614
1715655600.0653644,838766592,0,0
1715655601.0667343,838766592,0,0
1715655602.068078,838766592,354,354
1715655603.0693119,838766592,31169474,31169474
1715655604.0696702,838766592,1654,1654
1715655605.070741,838766592,189,189
1715655606.0710487,838766592,2029,2029
1715655607.0723515,838766592,0,0
1715655608.0735862,838766592,1668,1668
1715655609.0747998,838766592,1497,1497
1715655610.0760622,838766592,192,192
1715655611.0773563,838766592,2452,2452
1715655612.0787776,838766592,190,190
1715655613.080008,838766592,1942,1942
1715655614.0813072,838766592,1224,1224
1715655615.0823479,838766592,0,0
1715655616.0827408,838766592,2459,2459
1715655617.084082,838766592,563,563
1715655618.0854046,838766592,628,628
1715655619.086756,838766592,2975,2975
1715655620.0881565,838766592,0,0
1715655621.0893915,838766592,1682,1682
1715655622.0906956,838766592,556,556
1715655623.092057,838766592,349,349
1715655624.093437,838766592,2638,2638
1715655625.094756,838766592,0,0
1715655626.0960412,838766592,1402,1402
1715655627.0973802,838766592,833,833
1715655628.0986702,838766592,936,936
1715655629.0999942,838766592,1868,1868
1715655630.101438,838766592,0,0
1715655631.1026545,838766592,1676,1676
1715655632.1039662,838766592,870,870
1715655633.1052577,838766592,939,939
1715655634.1065507,838766592,1320,1320
1715655635.107963,838766592,565,565
1715655636.1092572,838766592,953,953
1715655637.110778,838766592,1299,1299
1715655638.1121757,838766592,481,481
1715655639.1134613,838766592,1439,1439
1715655640.1146488,838766592,740,740
1715655641.1159441,838766592,1224,1224
1715655642.116821,838766592,448,448
1715655643.118195,838766592,2121,2121
1715655644.1186361,838766592,948,948
1715655645.1199262,838766592,1499,1499
1715655646.1212387,838766592,0,0
1715655647.1225023,838766592,1690,1690
1715655648.1239536,838766592,1361,1361
1715655649.1250405,838766592,20781427,20781427
1715655650.1261828,838766592,10390731,10390731
1715655651.126633,838766592,0,0
1715655652.1271057,838766592,304,304
1715655653.1283586,838766592,347,347
1715655654.1298175,838766592,155,155
1715655655.1306624,838766592,0,0
1715655656.1318812,838766592,0,0
1715655657.133449,838766592,0,0
1715655658.1348836,838766592,344,344
1715655659.135506,838766592,152,152
1715655660.1363783,838766592,0,0
1715655661.1377618,838766592,0,0
1715655662.1388762,838766592,354,354
1715655663.1402402,838766592,597,597
1715655664.1415205,838766592,207,207
1715655665.142949,838766592,0,0
1715655666.1441817,838766592,0,0
1715655667.1455913,838766592,334,334
1715655668.1465995,838766592,295,295
1715655669.147808,838766592,207,207
1715655670.1482992,838766592,0,0
1715655671.1497185,838766592,0,0
1715655672.1505919,838766592,0,0
1715655673.1519828,838766592,448,448
1715655674.153371,838766592,152,152
1715655675.1546147,838766592,0,0
1715655676.1560805,838766592,0,0
1715655677.157483,838766592,0,0
1715655678.158685,838766592,448,448
1715655679.159499,838766592,31170225,31170225
1715655680.1608214,838766592,1588,1588
1715655681.1620579,838766592,0,0
1715655682.1626556,838766592,626,626
1715655683.1639144,838766592,457,457
1715655684.1652548,838766592,472,472
1715655685.1665103,838766592,911,911
1715655686.1677468,838766592,31171119,31171119
1715655687.1691418,838766592,634,634
1715655688.1704228,838766592,472,472
1715655689.171791,838766592,2508,2508
1715655690.1732569,838766592,0,0
1715655691.1745193,838766592,1644,1644
1715655692.1758533,838766592,868,868
1715655693.176903,838766592,632,632
1715655694.1782396,838766592,1811,1811
1715655695.1787615,838766592,0,0
1715655696.1800473,838766592,1521,1521
1715655697.1813354,838766592,565,565
1715655698.182619,838766592,519,519
1715655699.1839383,838766592,2190,2190
1715655700.1853335,838766592,0,0
1715655701.1867294,838766592,924,924
1715655702.188052,838766592,1293,1293
1715655703.1894264,838766592,1116,1116
1715655704.190713,838766592,1106,1106
1715655705.192108,838766592,564,564
1715655706.1933906,838766592,1233,1233
1715655707.1947525,838766592,1294,1294
1715655708.1960135,838766592,526,526
1715655709.1973984,838766592,1513,1513
1715655710.1986818,838766592,732,732
1715655711.1999311,838766592,765,765
1715655712.2011755,838766592,1844,1844
1715655713.2025838,838766592,357,357
1715655714.203913,838766592,1702,1702
1715655715.2051773,838766592,723,723
1715655716.2064753,838766592,169,169
1715655717.2077255,838766592,1776,1776
1715655718.2091732,838766592,630,630
1715655719.210475,838766592,967,967
1715655720.2117531,838766592,1461,1461
1715655721.2127182,838766592,768,768
1715655722.2140381,838766592,1037,1037
1715655723.214696,838766592,1077,1077
1715655724.2160594,838766592,972,972
1715655725.2169313,838766592,1203,1203
1715655726.2182076,838766592,278,278
1715655727.2186053,838766592,1669,1669
1715655728.2200422,838766592,917,917
1715655729.2213063,838766592,329,329
1715655730.222576,838766592,1819,1819
1715655731.2238667,838766592,0,0
1715655732.2251446,838766592,1668,1668
1715655733.2265656,838766592,31169330,31169330
1715655734.2279468,838766592,156,156
1715655735.2291934,838766592,0,0
1715655736.2304666,838766592,152,152
1715655737.2317717,838766592,0,0
1715655738.2331843,838766592,345,345
1715655739.2346532,838766592,152,152
1715655740.2360554,838766592,0,0
1715655741.2371244,838766592,0,0
1715655742.2385669,838766592,0,0
1715655743.2398717,838766592,344,344
1715655744.2412016,838766592,152,152
1715655745.2425141,838766592,0,0
1715655746.2438133,838766592,0,0
1715655747.2450523,838766592,0,0
1715655748.2463465,838766592,344,344
1715655749.2467442,838766592,152,152
1715655750.248002,838766592,0,0
1715655751.2492933,838766592,476,476
1715655752.2506657,838766592,359,359
1715655753.2519069,838766592,934,934
1715655754.2533116,838766592,915,915
1715655755.2546244,838766592,422,422
1715655756.2558577,838766592,209,209
1715655757.257153,838766592,0,0
1715655758.258462,838766592,980,980
1715655759.259714,838766592,152,152
1715655760.2609842,838766592,476,476
1715655761.2624545,838766592,0,0
1715655762.263334,838766592,155,155
1715655763.2645712,838766592,31166966,31166966
1715655764.2662141,838766592,2109,2109
1715655765.2667906,838766592,0,0
1715655766.2681003,838766592,658,658
1715655767.2693965,838766592,0,0
1715655768.270727,838766592,349,349
1715655769.2720037,838766592,155,155
