Timestamp,MemoryUsage,NetSent,NetRecv
1715655333.7726467,512503808,0,0
1715655334.7738469,520499200,18271,18271
1715655335.77516,520499200,0,0
1715655336.7763872,520499200,465,465
1715655337.777648,520499200,0,0
1715655338.778605,520499200,505,505
1715655339.7798176,520499200,0,0
1715655340.7812734,520499200,0,0
1715655341.7826235,520499200,0,0
1715655342.783837,520499200,0,0
1715655343.7848306,520499200,496,496
1715655344.7860892,520499200,0,0
1715655345.7866316,520499200,0,0
1715655346.7878876,520499200,0,0
1715655347.7893128,520499200,0,0
1715655348.7904098,520499200,496,496
1715655349.7916255,520499200,0,0
1715655350.7930639,520499200,0,0
1715655351.7944453,520499200,0,0
1715655352.7957985,520499200,0,0
1715655353.7969966,520499200,496,496
1715655354.7983527,520499200,0,0
1715655355.799405,520499200,31169609,31169609
1715655356.800826,520499200,6105,6105
1715655357.8021684,520499200,0,0
1715655358.8026009,520499200,1688,1688
1715655359.8038356,520499200,1120,1120
1715655360.8051095,520499200,0,0
1715655361.806323,520499200,3306,3306
1715655362.8066058,520499200,303,303
1715655363.8078427,520499200,1339,1339
1715655364.8090503,520499200,1445,1445
1715655365.8104224,520499200,193,193
1715655366.8116803,520499200,1486,1486
1715655367.813043,520499200,563,563
1715655368.8142457,520499200,1625,1625
1715655369.8146007,520499200,993,993
1715655370.8158305,520499200,614,614
1715655371.8171167,520499200,1072,1072
1715655372.8183904,520499200,561,561
1715655373.8197706,520499200,2013,2013
1715655374.8209682,520499200,728,728
1715655375.82223,520499200,0,0
1715655376.8225665,520499200,2222,2222
1715655377.8238544,520499200,0,0
1715655378.8250644,520499200,1668,1668
1715655379.8266354,520499200,1115,1115
1715655380.8279116,520499200,0,0
1715655381.829161,520499200,2237,2237
1715655382.8304508,520499200,0,0
1715655383.8311398,520499200,2168,2168
1715655384.8428276,520499200,1038,1038
1715655385.8440993,520499200,836,836
1715655386.8453991,520499200,1467,1467
1715655387.8467498,520499200,0,0
1715655388.8479662,520499200,1958,1958
1715655389.8492496,520499200,560,560
1715655390.8506243,520499200,333,333
1715655391.8518856,520499200,2206,2206
1715655392.8585174,520499200,0,0
1715655393.8597646,520499200,2235,2235
1715655394.861054,520499200,563,563
1715655395.8624642,520499200,1088,1088
1715655396.8638012,520499200,1451,1451
1715655397.8650897,520499200,0,0
1715655398.8663168,520499200,2349,2349
1715655399.866648,520499200,449,449
1715655400.867887,520499200,462,462
1715655401.8690858,520499200,31170492,31170492
1715655402.8705287,520499200,3523,3523
1715655403.871745,520499200,513,513
1715655404.8730142,520499200,0,0
1715655405.8743079,520499200,0,0
1715655406.8753624,520499200,356,356
1715655407.8765981,520499200,1041,1041
1715655408.878012,520499200,6978,6978
1715655409.8788984,520499200,2883,2883
1715655410.8803222,520499200,153,153
1715655411.881622,520499200,160,160
1715655412.882654,520499200,0,0
1715655413.8840363,520499200,504,504
1715655414.8850498,520499200,0,0
1715655415.8864956,520499200,0,0
1715655416.8879378,520499200,0,0
1715655417.8893285,520499200,0,0
1715655418.890548,520499200,496,496
1715655419.891977,520499200,0,0
1715655420.8932605,520499200,0,0
1715655421.8947296,520499200,354,354
1715655422.8959408,520499200,302,302
1715655423.8972163,520499200,502,502
1715655424.8987162,520499200,0,0
1715655425.9000967,520499200,0,0
1715655426.9013348,520499200,0,0
1715655427.9027867,520499200,0,0
1715655428.9040558,520499200,496,496
1715655429.9053519,520499200,0,0
1715655430.9066057,520499200,31171081,31171081
1715655431.907898,520499200,1291,1291
1715655432.909204,520499200,0,0
1715655433.9105036,520499200,658,658
1715655434.9117937,520499200,0,0
1715655435.913099,520499200,0,0
1715655436.9143891,520499200,0,0
1715655437.9156249,520499200,31172501,31172501
1715655438.916989,520499200,2143,2143
1715655439.9182875,520499200,0,0
1715655440.9186654,520499200,2647,2647
1715655441.9199371,520499200,0,0
1715655442.9211884,520499200,1105,1105
1715655443.9225206,520499200,1793,1793
1715655444.9233446,520499200,0,0
1715655445.9247146,520499200,2429,2429
1715655446.9260237,520499200,0,0
1715655447.9265735,520499200,1257,1257
1715655448.927982,520499200,1627,1627
1715655449.9293509,520499200,0,0
1715655450.9306345,520499200,2226,2226
1715655451.9312305,520499200,305,305
1715655452.93251,520499200,786,786
1715655453.933802,520499200,1909,1909
1715655454.9346473,520499200,499,499
1715655455.9360225,520499200,1747,1747
1715655456.9429622,520499200,0,0
1715655457.9442616,520499200,953,953
1715655458.9455855,520499200,1801,1801
1715655459.9467812,520499200,782,782
1715655460.9480362,520499200,1416,1416
1715655461.9495063,520499200,52,52
1715655462.950671,520499200,1454,1454
1715655463.9519534,520499200,1632,1632
1715655464.9532313,520499200,0,0
1715655465.9539576,520499200,2769,2769
1715655466.9547777,520499200,467,467
1715655467.955466,520499200,1177,1177
1715655468.9568355,520499200,1706,1706
1715655469.9581077,520499200,0,0
1715655470.9586196,520499200,2500,2500
1715655471.9599237,520499200,278,278
1715655472.9612887,520499200,1232,1232
1715655473.9627018,520499200,1700,1700
1715655474.9640112,520499200,787,787
1715655475.9652796,520499200,1397,1397
1715655476.9667292,520499200,563,563
1715655477.967718,520499200,1066,1066
1715655478.9690313,520499200,1745,1745
1715655479.970308,520499200,494,494
1715655480.9706104,520499200,1195,1195
1715655481.9718864,520499200,1070,1070
1715655482.9731798,520499200,889,889
1715655483.9744072,520499200,31173955,31173955
1715655484.9758544,520499200,488,488
1715655485.9772322,520499200,0,0
1715655486.9784558,520499200,645,645
1715655487.9798572,520499200,0,0
1715655488.981252,520499200,509,509
1715655489.9826105,520499200,0,0
1715655490.9840312,520499200,0,0
1715655491.9853847,520499200,0,0
1715655492.985904,520499200,0,0
1715655493.9865985,520499200,496,496
1715655494.9880314,520499200,0,0
1715655495.9894216,520499200,0,0
1715655496.9905794,520499200,0,0
1715655497.9921913,520499200,0,0
1715655498.9935493,520499200,600,600
1715655499.994729,520499200,0,0
1715655500.9961095,520499200,0,0
1715655501.9975166,520499200,0,0
1715655502.9988806,520499200,0,0
1715655504.0000777,520499200,496,496
1715655505.0007555,520499200,0,0
1715655506.0016522,520499200,0,0
1715655507.0025852,520499200,0,0
1715655508.0039299,520499200,0,0
1715655509.005331,520499200,496,496
1715655510.006528,520499200,0,0
1715655511.0071468,520499200,0,0
1715655512.0084536,520499200,358,358
1715655513.0088537,520499200,31163678,31163678
1715655514.0101447,520499200,5055,5055
1715655515.0106592,520499200,0,0
1715655516.0119722,520499200,303,303
1715655517.0132987,520499200,0,0
1715655518.014721,520499200,0,0
1715655519.0160704,520499200,499,499
1715655520.0173376,520499200,31166529,31166529
1715655521.0187294,520499200,4741,4741
1715655522.0199955,520499200,0,0
1715655523.021231,520499200,1478,1478
1715655524.0225801,520499200,1286,1286
1715655525.0238929,520499200,164,164
1715655526.025112,520499200,2030,2030
1715655527.0263736,520499200,473,473
1715655528.0276132,520499200,1319,1319
1715655529.0289607,520499200,1563,1563
1715655530.0302198,520499200,847,847
1715655531.0306215,520499200,569,569
1715655532.031917,520499200,1438,1438
1715655533.033261,520499200,780,780
1715655534.0342376,520499200,1290,1290
1715655535.0346806,520499200,931,931
1715655536.0359466,520499200,559,559
1715655537.0371952,520499200,1427,1427
1715655538.0384889,520499200,1216,1216
1715655539.039669,520499200,1017,1017
1715655540.0409248,520499200,1866,1866
1715655541.0422952,520499200,278,278
1715655542.042633,520499200,1418,1418
1715655543.0440018,520499200,1898,1898
1715655544.0452902,520499200,2362,2362
1715655545.0465338,520499200,1810,1810
1715655546.047817,520499200,840,840
1715655547.0490706,520499200,1219,1219
1715655548.0504413,520499200,1497,1497
1715655549.051775,520499200,511,511
1715655550.052571,520499200,1720,1720
1715655551.053899,520499200,563,563
1715655552.0547528,520499200,769,769
1715655553.0560257,520499200,1850,1850
1715655554.0573106,520499200,512,512
1715655555.0585432,520499200,1719,1719
1715655556.0598605,520499200,562,562
1715655557.061122,520499200,942,942
1715655558.061924,520499200,88422,88422
1715655559.0626545,520499200,1285,1285
1715655560.0640345,520499200,1697,1697
1715655561.0653114,520499200,564,564
1715655562.0662448,520499200,362,362
1715655563.0666652,520499200,1324,1324
1715655564.0679967,520499200,1082,1082
1715655565.0693226,520499200,1570,1570
1715655566.070731,520499200,20777060,20777060
1715655567.0714374,520499200,10390878,10390878
1715655568.0723178,520499200,0,0
1715655569.0736802,520499200,508,508
1715655570.0748007,520499200,0,0
1715655571.076186,520499200,0,0
1715655572.0774744,520499200,354,354
1715655573.0785913,520499200,0,0
1715655574.0790923,520499200,502,502
1715655575.0804775,520499200,0,0
1715655576.0814514,520499200,0,0
1715655577.082783,520499200,0,0
1715655578.0840414,520499200,152,152
1715655579.0854473,520499200,448,448
1715655580.0866673,520499200,0,0
1715655581.0879772,520499200,0,0
1715655582.088671,520499200,0,0
1715655583.089899,520499200,152,152
1715655584.090724,520499200,344,344
1715655585.0917723,520499200,0,0
1715655586.092119,520499200,0,0
1715655587.0935144,520499200,351,351
1715655588.0947342,520499200,152,152
1715655589.0955472,520499200,350,350
1715655590.0969644,520499200,0,0
1715655591.0982752,520499200,0,0
1715655592.098812,520499200,0,0
1715655593.1001127,520499200,152,152
1715655594.1010282,520499200,344,344
1715655595.1023486,520499200,0,0
1715655596.1027007,520499200,31168050,31168050
1715655597.1039953,520499200,1614,1614
1715655598.105276,520499200,157,157
1715655599.1067047,520499200,457,457
1715655600.107938,520499200,0,0
1715655601.1092064,520499200,0,0
1715655602.1104732,520499200,354,354
1715655603.1117496,520499200,31169627,31169627
1715655604.1131625,520499200,1501,1501
1715655605.114437,520499200,189,189
1715655606.1158297,520499200,2029,2029
1715655607.1171052,520499200,0,0
1715655608.1183324,520499200,1821,1821
1715655609.1186664,520499200,1344,1344
1715655610.1199484,520499200,192,192
1715655611.1211782,520499200,2452,2452
1715655612.122627,520499200,190,190
1715655613.1238549,520499200,2296,2296
1715655614.1252122,520499200,870,870
1715655615.1264608,520499200,0,0
1715655616.1277637,520499200,2459,2459
1715655617.1291518,520499200,563,563
1715655618.1304069,520499200,984,984
1715655619.1317854,520499200,2619,2619
1715655620.1332006,520499200,0,0
1715655621.1344466,520499200,1962,1962
1715655622.135706,520499200,276,276
1715655623.137086,520499200,698,698
1715655624.138437,520499200,2289,2289
1715655625.1398072,520499200,0,0
1715655626.1410406,520499200,1680,1680
1715655627.142293,520499200,555,555
1715655628.1425967,520499200,1082,1082
1715655629.1439934,520499200,1722,1722
1715655630.1452467,520499200,0,0
1715655631.1465442,520499200,1676,1676
1715655632.1478562,520499200,870,870
1715655633.14909,520499200,1087,1087
1715655634.1504188,520499200,1172,1172
1715655635.1517038,520499200,565,565
1715655636.1529958,520499200,1241,1241
1715655637.1542635,520499200,1011,1011
1715655638.154631,520499200,696,696
1715655639.1559298,520499200,1224,1224
1715655640.157158,520499200,919,919
1715655641.1584342,520499200,1045,1045
1715655642.1596873,520499200,448,448
1715655643.160935,520499200,2121,2121
1715655644.1620524,520499200,948,948
1715655645.162775,520499200,1499,1499
1715655646.1640167,520499200,303,303
1715655647.1652443,520499200,1668,1668
1715655648.1665113,520499200,1132,1132
1715655649.1677058,520499200,20781640,20781640
1715655650.1689413,520499200,10390466,10390466
1715655651.1702971,520499200,0,0
1715655652.1712794,520499200,304,304
1715655653.1725063,520499200,347,347
1715655654.1739004,520499200,155,155
1715655655.174779,520499200,0,0
1715655656.1761308,520499200,0,0
1715655657.1774318,520499200,0,0
1715655658.178602,520499200,344,344
1715655659.1792817,520499200,152,152
1715655660.1807096,520499200,0,0
1715655661.1820393,520499200,0,0
1715655662.1825933,520499200,354,354
1715655663.183551,520499200,649,649
1715655664.1847,520499200,155,155
1715655665.1860116,520499200,0,0
1715655666.1865742,520499200,0,0
1715655667.1879797,520499200,334,334
1715655668.1892946,520499200,347,347
1715655669.1905186,520499200,155,155
1715655670.1917589,520499200,0,0
1715655671.1928878,520499200,0,0
1715655672.1940775,520499200,0,0
1715655673.1946487,520499200,448,448
1715655674.1951578,520499200,152,152
1715655675.1963987,520499200,0,0
1715655676.1977804,520499200,0,0
1715655677.1987143,520499200,0,0
1715655678.2000604,520499200,448,448
1715655679.2012966,520499200,31170506,31170506
1715655680.202629,520499200,1307,1307
1715655681.2036557,520499200,0,0
1715655682.2047782,520499200,626,626
1715655683.2059906,520499200,457,457
1715655684.2067513,520499200,472,472
1715655685.208171,520499200,963,963
1715655686.2093847,520499200,31171067,31171067
1715655687.2106102,520499200,634,634
1715655688.211841,520499200,524,524
1715655689.21311,520499200,2456,2456
1715655690.214456,520499200,0,0
1715655691.2156928,520499200,1644,1644
1715655692.2169356,520499200,868,868
1715655693.218164,520499200,684,684
1715655694.2187138,520499200,1759,1759
1715655695.2199974,520499200,0,0
1715655696.2213018,520499200,1521,1521
1715655697.2225482,520499200,565,565
1715655698.2237825,520499200,519,519
1715655699.2250273,520499200,2190,2190
1715655700.2262447,520499200,171,171
1715655701.226607,520499200,753,753
1715655702.2279568,520499200,1293,1293
1715655703.2291896,520499200,1116,1116
1715655704.2304635,520499200,1106,1106
1715655705.2310202,520499200,564,564
1715655706.2322652,520499200,1233,1233
1715655707.2335172,520499200,1294,1294
1715655708.2346165,520499200,578,578
1715655709.2351673,520499200,1461,1461
1715655710.235859,520499200,732,732
1715655711.2371118,520499200,765,765
1715655712.238361,520499200,1844,1844
1715655713.2386384,520499200,357,357
1715655714.2398589,520499200,1702,1702
1715655715.2412393,520499200,723,723
1715655716.2426271,520499200,169,169
1715655717.2439337,520499200,2054,2054
1715655718.245279,520499200,472,472
1715655719.2466953,520499200,847,847
1715655720.247978,520499200,1461,1461
1715655721.2493255,520499200,768,768
1715655722.2506425,520499200,1037,1037
1715655723.2518904,520499200,1077,1077
1715655724.2531269,520499200,972,972
1715655725.2544115,520499200,1481,1481
1715655726.2556467,520499200,0,0
1715655727.2568696,520499200,1669,1669
1715655728.257913,520499200,917,917
1715655729.2586322,520499200,329,329
1715655730.2599237,520499200,1819,1819
1715655731.2611945,520499200,0,0
1715655732.262451,520499200,1668,1668
1715655733.2637234,520499200,31169330,31169330
1715655734.2650363,520499200,156,156
1715655735.2660565,520499200,0,0
1715655736.266584,520499200,152,152
1715655737.2679617,520499200,0,0
1715655738.2693205,520499200,345,345
1715655739.2705092,520499200,152,152
1715655740.2719228,520499200,0,0
1715655741.2731946,520499200,0,0
1715655742.2745032,520499200,0,0
1715655743.2758763,520499200,344,344
1715655744.2772813,520499200,152,152
1715655745.2787127,520499200,0,0
1715655746.2797177,520499200,0,0
1715655747.2801461,520499200,0,0
1715655748.2816446,520499200,344,344
1715655749.2826695,520499200,152,152
1715655750.2839048,520499200,0,0
1715655751.285475,520499200,476,476
1715655752.2867239,520499200,359,359
1715655753.2880301,520499200,934,934
1715655754.2894146,520499200,915,915
1715655755.2908037,520499200,422,422
1715655756.2920465,520499200,209,209
1715655757.293348,520499200,0,0
1715655758.2947247,520499200,980,980
1715655759.2959628,520499200,152,152
1715655760.297296,520499200,476,476
1715655761.298563,520499200,0,0
1715655762.2998085,520499200,155,155
1715655763.3006072,520499200,31167391,31167391
1715655764.3018785,520499200,1684,1684
1715655765.3026001,520499200,0,0
1715655766.3029077,520499200,658,658
1715655767.304161,520499200,0,0
1715655768.3054109,520499200,349,349
1715655769.306623,520499200,155,155
