Timestamp,MemoryUsage,NetSent,NetRecv
1715655333.9021723,512659456,0,0
1715655334.9027433,520130560,9950,9950
1715655335.9042096,520130560,0,0
1715655336.9054413,520130560,465,465
1715655337.9067416,520130560,0,0
1715655338.9081042,520261632,505,505
1715655339.909398,520261632,0,0
1715655340.910579,520261632,0,0
1715655341.911843,520261632,0,0
1715655342.913181,520261632,0,0
1715655343.914427,520261632,496,496
1715655344.9158506,520261632,0,0
1715655345.9171255,520261632,0,0
1715655346.9185507,520261632,0,0
1715655347.9198034,520261632,0,0
1715655348.9210603,520261632,496,496
1715655349.9222586,520261632,0,0
1715655350.9225953,520261632,0,0
1715655351.9240305,520261632,0,0
1715655352.9254525,520261632,0,0
1715655353.9267256,520261632,496,496
1715655354.9274445,520261632,0,0
1715655355.9286377,520261632,31170145,31170145
1715655356.9294002,520261632,5569,5569
1715655357.9306214,520261632,0,0
1715655358.9318311,520261632,2250,2250
1715655359.9331892,520261632,558,558
1715655360.9345763,520261632,0,0
1715655361.9358487,520261632,3306,3306
1715655362.9370742,520261632,303,303
1715655363.9382844,520261632,1669,1669
1715655364.938682,520261632,1115,1115
1715655365.9399207,520261632,502,502
1715655366.9411678,520261632,1462,1462
1715655367.9424472,520261632,278,278
1715655368.9437833,520261632,1899,1899
1715655369.9451563,520261632,719,719
1715655370.9455762,520261632,782,782
1715655371.946624,520261632,904,904
1715655372.9478586,520261632,752,752
1715655373.9494443,520261632,1822,1822
1715655374.950684,520261632,728,728
1715655375.9515545,520261632,0,0
1715655376.9526508,520261632,2222,2222
1715655377.9539237,520261632,0,0
1715655378.95462,520261632,2227,2227
1715655379.955977,520261632,556,556
1715655380.9573827,520261632,0,0
1715655381.9586809,520261632,2237,2237
1715655382.9599473,520261632,0,0
1715655383.961168,520261632,2774,2774
1715655384.9626184,520261632,432,432
1715655385.9640036,520261632,836,836
1715655386.9653394,520261632,1467,1467
1715655387.9666378,520261632,0,0
1715655388.967847,520261632,1958,1958
1715655389.969152,520261632,560,560
1715655390.9704301,520261632,781,781
1715655391.9710996,520261632,1758,1758
1715655392.9723423,520261632,0,0
1715655393.9732072,520261632,2521,2521
1715655394.9744751,520261632,277,277
1715655395.9757266,520261632,1255,1255
1715655396.9768538,520261632,1284,1284
1715655397.9781268,520261632,0,0
1715655398.9791439,520261632,2798,2798
1715655399.9803994,520261632,0,0
1715655400.9809096,520261632,873,873
1715655401.9814901,520261632,31171129,31171129
1715655402.9826453,520261632,2475,2475
1715655403.9840093,520261632,513,513
1715655404.9852178,520261632,0,0
1715655405.9865038,520261632,0,0
1715655406.9868333,520261632,356,356
1715655407.988035,520261632,1041,1041
1715655408.9895043,520261632,7030,7030
1715655409.9907384,520261632,2831,2831
1715655410.9921148,520261632,153,153
1715655411.9933527,520261632,160,160
1715655412.9938002,520261632,0,0
1715655413.994685,520261632,504,504
1715655414.9960868,520261632,0,0
1715655415.9972923,520261632,0,0
1715655416.9987454,520261632,0,0
1715655418.0001438,520261632,0,0
1715655419.001428,520261632,496,496
1715655420.002592,520261632,0,0
1715655421.0038595,520261632,0,0
1715655422.0052803,520261632,354,354
1715655423.0064719,520261632,302,302
1715655424.0077,520261632,502,502
1715655425.0089602,520261632,0,0
1715655426.009591,520261632,0,0
1715655427.0107064,520261632,0,0
1715655428.0119498,520261632,0,0
1715655429.0133367,520261632,496,496
1715655430.0146992,520261632,0,0
1715655431.015475,520261632,31172068,31172068
1715655432.016614,520261632,304,304
1715655433.0179536,520261632,101,101
1715655434.018675,520261632,557,557
1715655435.0199347,520261632,0,0
1715655436.0212111,520261632,0,0
1715655437.0226028,520261632,325,325
1715655438.0238948,520261632,31173209,31173209
1715655439.025172,520261632,1110,1110
1715655440.0265226,520261632,0,0
1715655441.0278013,520261632,2647,2647
1715655442.029148,520261632,0,0
1715655443.0303874,520261632,1268,1268
1715655444.0316813,520261632,1630,1630
1715655445.0320203,520261632,0,0
1715655446.0332987,520261632,2429,2429
1715655447.0345979,520261632,0,0
1715655448.0358188,520261632,1820,1820
1715655449.0370533,520261632,1064,1064
1715655450.0374017,520261632,204,204
1715655451.0386262,520261632,2022,2022
1715655452.0398965,520261632,305,305
1715655453.0412533,520261632,959,959
1715655454.0426583,520261632,1736,1736
1715655455.0438952,520261632,779,779
1715655456.0451312,520261632,1467,1467
1715655457.0463862,520261632,0,0
1715655458.0477335,520261632,953,953
1715655459.0490022,520261632,1801,1801
1715655460.050289,520261632,782,782
1715655461.0515168,520261632,1468,1468
1715655462.0527508,520261632,0,0
1715655463.0539944,520261632,1784,1784
1715655464.0546377,520261632,1302,1302
1715655465.0559042,520261632,0,0
1715655466.0571902,520261632,2769,2769
1715655467.058568,520261632,467,467
1715655468.0592387,520261632,1177,1177
1715655469.0605123,520261632,1706,1706
1715655470.0617564,520261632,194,194
1715655471.062667,520261632,2584,2584
1715655472.0640757,520261632,0,0
1715655473.0653112,520261632,1390,1390
1715655474.0663545,520261632,1542,1542
1715655475.0666406,520261632,1057,1057
1715655476.0678885,520261632,1690,1690
1715655477.0691378,520261632,0,0
1715655478.0703394,520261632,1513,1513
1715655479.0705945,520261632,1298,1298
1715655480.071822,520261632,776,776
1715655481.0730462,520261632,913,913
1715655482.0742948,520261632,1070,1070
1715655483.0746734,520261632,1306,1306
1715655484.0759788,520261632,31173974,31173974
1715655485.0767467,520261632,52,52
1715655486.078077,520261632,157,157
1715655487.0788085,520261632,488,488
1715655488.079464,520261632,155,155
1715655489.0808027,520261632,354,354
1715655490.0813665,520261632,0,0
1715655491.0825763,520261632,0,0
1715655492.0841272,520261632,0,0
1715655493.0854526,520261632,152,152
1715655494.086576,520261632,344,344
1715655495.0876515,520261632,0,0
1715655496.0889883,520261632,0,0
1715655497.0896525,520261632,0,0
1715655498.090865,520261632,152,152
1715655499.092206,520261632,448,448
1715655500.0929215,520261632,0,0
1715655501.0941525,520261632,0,0
1715655502.094804,520261632,0,0
1715655503.0961542,520261632,152,152
1715655504.0974467,520261632,344,344
1715655505.0987723,520261632,0,0
1715655506.1001303,520261632,0,0
1715655507.101083,520261632,0,0
1715655508.1022997,520261632,152,152
1715655509.1034517,520261632,344,344
1715655510.1040745,520261632,0,0
1715655511.1052613,520261632,0,0
1715655512.1067135,520261632,358,358
1715655513.1079125,520261632,31164820,31164820
1715655514.1083822,520261632,3913,3913
1715655515.1090317,520261632,0,0
1715655516.1098807,520261632,303,303
1715655517.110801,520261632,0,0
1715655518.1111934,520261632,153,153
1715655519.1124716,520261632,346,346
1715655520.1136692,520261632,31167128,31167128
1715655521.1148996,520261632,4142,4142
1715655522.1161687,520261632,0,0
1715655523.1167927,520261632,1944,1944
1715655524.1180677,520261632,820,820
1715655525.1186285,520261632,749,749
1715655526.1198704,520261632,1565,1565
1715655527.1211758,520261632,353,353
1715655528.122512,520261632,1618,1618
1715655529.1238058,520261632,1422,1422
1715655530.1250556,520261632,1258,1258
1715655531.1264005,520261632,0,0
1715655532.1276217,520261632,1490,1490
1715655533.1290069,520261632,1031,1031
1715655534.130392,520261632,987,987
1715655535.131617,520261632,931,931
1715655536.1329548,520261632,559,559
1715655537.1333764,520261632,1427,1427
1715655538.1346457,520261632,1519,1519
1715655539.1360395,520261632,991,991
1715655540.137297,520261632,1867,1867
1715655541.138556,520261632,0,0
1715655542.1398246,520261632,1470,1470
1715655543.141082,520261632,2150,2150
1715655544.1423347,520261632,2058,2058
1715655545.1431198,520261632,2091,2091
1715655546.144403,520261632,559,559
1715655547.1455798,520261632,1219,1219
1715655548.1465878,520261632,1801,1801
1715655549.147789,520261632,207,207
1715655550.1490335,520261632,2231,2231
1715655551.1498156,520261632,52,52
1715655552.1506093,520261632,940,940
1715655553.1509228,520261632,2036,2036
1715655554.1522586,520261632,155,155
1715655555.1535134,520261632,2003,2003
1715655556.1547375,520261632,278,278
1715655557.1559522,520261632,942,942
1715655558.1572795,520261632,88727,88727
1715655559.1585665,520261632,980,980
1715655560.1598854,520261632,1697,1697
1715655561.1612515,520261632,564,564
1715655562.162502,520261632,362,362
1715655563.1629212,520261632,1921,1921
1715655564.164183,520261632,682,682
1715655565.1654372,520261632,1653,1653
1715655566.1666973,520261632,20776780,20776780
1715655567.167931,520261632,10390878,10390878
1715655568.1692247,520261632,300,300
1715655569.169589,520261632,208,208
1715655570.1705697,520261632,0,0
1715655571.1719508,520261632,0,0
1715655572.1731849,520261632,354,354
1715655573.1743062,520261632,347,347
1715655574.175343,520261632,155,155
1715655575.1766715,520261632,0,0
1715655576.1779532,520261632,0,0
1715655577.1785824,520261632,0,0
1715655578.1798258,520261632,448,448
1715655579.1811452,520261632,152,152
1715655580.1823509,520261632,0,0
1715655581.1832922,520261632,0,0
1715655582.1846468,520261632,0,0
1715655583.1858537,520261632,344,344
1715655584.186685,520261632,152,152
1715655585.1878262,520261632,0,0
1715655586.189079,520261632,351,351
1715655587.1898992,520261632,0,0
1715655588.1906865,520261632,347,347
1715655589.1920295,520261632,155,155
1715655590.193247,520261632,0,0
1715655591.1945086,520261632,0,0
1715655592.1958597,520261632,0,0
1715655593.1970768,520261632,344,344
1715655594.1983018,520261632,152,152
1715655595.1988719,520261632,0,0
1715655596.2001433,520261632,31168332,31168332
1715655597.20139,520261632,1332,1332
1715655598.2026672,520261632,459,459
1715655599.2039173,520261632,155,155
1715655600.2052388,520261632,0,0
1715655601.2065055,520261632,0,0
1715655602.2077641,520261632,354,354
1715655603.208979,520261632,31170650,31170650
1715655604.209746,520261632,478,478
1715655605.2106063,520261632,776,776
1715655606.2118702,520261632,1442,1442
1715655607.2131212,520261632,0,0
1715655608.2144468,520261632,2019,2019
1715655609.2156942,520261632,1146,1146
1715655610.216924,520261632,354,354
1715655611.2182128,520261632,2290,2290
1715655612.2186005,520261632,190,190
1715655613.2198036,520261632,2454,2454
1715655614.2210724,520261632,712,712
1715655615.222443,520261632,428,428
1715655616.223781,520261632,2594,2594
1715655617.225037,520261632,0,0
1715655618.2263381,520261632,1102,1102
1715655619.226703,520261632,2501,2501
1715655620.227921,520261632,0,0
1715655621.2291367,520261632,2238,2238
1715655622.2336867,520261632,0,0
1715655623.2346287,520261632,1106,1106
1715655624.2359984,520261632,1881,1881
1715655625.2372763,520261632,0,0
1715655626.238503,520261632,2235,2235
1715655627.2397988,520261632,0,0
1715655628.241024,520261632,1255,1255
1715655629.24243,520261632,1549,1549
1715655630.2436955,520261632,0,0
1715655631.2447853,520261632,1676,1676
1715655632.2458935,520261632,870,870
1715655633.2466948,520261632,1139,1139
1715655634.248015,520261632,1685,1685
1715655635.2492573,520261632,0,0
1715655636.2505178,520261632,1520,1520
1715655637.2544684,520261632,732,732
1715655638.255784,520261632,1028,1028
1715655639.2571425,520261632,892,892
1715655640.2584107,520261632,919,919
1715655641.2597713,520261632,1045,1045
1715655642.2611294,520261632,1142,1142
1715655643.2626164,520261632,1427,1427
1715655644.2638857,520261632,948,948
1715655645.2652571,520261632,1499,1499
1715655646.2666698,520261632,303,303
1715655647.2679534,520261632,1955,1955
1715655648.2692595,520261632,845,845
1715655649.2704709,520261632,31170905,31170905
1715655650.2718647,520261632,1201,1201
1715655651.2730994,520261632,0,0
1715655652.2743893,520261632,304,304
1715655653.2756739,520261632,347,347
1715655654.2769022,520261632,155,155
1715655655.2782445,520261632,0,0
1715655656.279639,520261632,0,0
1715655657.2806637,520261632,0,0
1715655658.2820508,520261632,344,344
1715655659.2830584,520261632,152,152
1715655660.2842488,520261632,0,0
1715655661.2858014,520261632,0,0
1715655662.2867765,520261632,354,354
1715655663.2880192,520261632,649,649
1715655664.289424,520261632,155,155
1715655665.290754,520261632,0,0
1715655666.2920508,520261632,0,0
1715655667.293286,520261632,334,334
1715655668.2945976,520261632,347,347
1715655669.2960215,520261632,155,155
1715655670.2972467,520261632,0,0
1715655671.2985575,520261632,0,0
1715655672.2991638,520261632,0,0
1715655673.3004074,520261632,448,448
1715655674.3017685,520261632,152,152
1715655675.3027291,520261632,0,0
1715655676.3039546,520261632,0,0
1715655677.3052955,520261632,0,0
1715655678.3067396,520261632,448,448
1715655679.3081193,604151808,31171335,31171335
1715655680.3094146,802537472,478,478
1715655681.3105624,783245312,0,0
1715655682.3119168,909111296,626,626
1715655683.3131423,758329344,457,457
1715655684.3144546,867250176,577,577
1715655685.315841,880234496,858,858
1715655686.317066,807071744,31171543,31171543
1715655687.3183978,807071744,158,158
1715655688.3197482,807071744,524,524
1715655689.3210497,807071744,2456,2456
1715655690.3223028,807071744,0,0
1715655691.3226407,807071744,2208,2208
1715655692.3239243,807071744,304,304
1715655693.3252017,807071744,1217,1217
1715655694.3265972,807071744,1226,1226
1715655695.3278902,807071744,0,0
1715655696.3291268,807071744,1521,1521
1715655697.3305192,807071744,565,565
1715655698.331765,807071744,1047,1047
1715655699.3330448,807071744,1662,1662
1715655700.334318,807071744,171,171
1715655701.3346627,807071744,1318,1318
1715655702.3359404,807071744,728,728
1715655703.33721,807071744,1116,1116
1715655704.3385017,807071744,1106,1106
1715655705.3396528,807071744,564,564
1715655706.3409407,807071744,1632,1632
1715655707.3422592,807071744,895,895
1715655708.3426533,807071744,578,578
1715655709.3439293,807071744,1461,1461
1715655710.345038,807071744,732,732
1715655711.3463151,807071744,765,765
1715655712.3468525,807071744,1844,1844
1715655713.3476985,807071744,534,534
1715655714.349052,807071744,1525,1525
1715655715.3503594,807071744,723,723
1715655716.350701,807071744,764,764
1715655717.3520286,807071744,1459,1459
1715655718.3524373,807071744,524,524
1715655719.3536837,807071744,964,964
1715655720.3546915,807071744,1292,1292
1715655721.3559618,807071744,768,768
1715655722.3571749,807071744,1199,1199
1715655723.3585572,807071744,915,915
1715655724.3598874,807071744,972,972
1715655725.3611193,807071744,1481,1481
1715655726.3624506,807071744,0,0
1715655727.36368,807071744,1669,1669
1715655728.3650804,807071744,917,917
1715655729.3664181,807071744,966,966
1715655730.36771,807071744,1182,1182
1715655731.3690064,807071744,0,0
1715655732.3702579,807071744,1668,1668
1715655733.370756,807071744,31169330,31169330
1715655734.3720012,807071744,156,156
1715655735.3724673,807071744,152,152
1715655736.373981,807071744,0,0
1715655737.3754191,807071744,0,0
1715655738.3767462,807071744,345,345
1715655739.3779452,807071744,152,152
1715655740.3787794,807071744,0,0
1715655741.3801339,807071744,0,0
1715655742.3813577,807071744,0,0
1715655743.382747,807071744,344,344
1715655744.384151,807071744,152,152
1715655745.385366,807071744,0,0
1715655746.3867617,807071744,0,0
1715655747.3880444,807071744,0,0
1715655748.3892763,807071744,344,344
1715655749.3905752,807071744,152,152
1715655750.392005,807071744,0,0
1715655751.393225,807071744,476,476
1715655752.3938484,807071744,359,359
1715655753.3948002,807071744,1124,1124
1715655754.3961923,807071744,725,725
1715655755.3976305,807071744,474,474
1715655756.3986518,807071744,157,157
1715655757.400034,807071744,0,0
1715655758.4012728,807071744,980,980
1715655759.4025774,807071744,152,152
1715655760.4040008,807071744,476,476
1715655761.405378,807071744,0,0
1715655762.406696,807071744,155,155
1715655763.4076533,807071744,31167959,31167959
1715655764.4088829,807071744,1116,1116
1715655765.4101725,807071744,0,0
1715655766.4106243,807071744,658,658
1715655767.411875,807071744,0,0
1715655768.4131489,807071744,349,349
1715655769.4144359,807071744,155,155
