Timestamp,MemoryUsage,NetSent,NetRecv
1715655333.8229012,512036864,0,0
1715655334.8243585,519507968,14873,14873
1715655335.8257575,519507968,0,0
1715655336.8265812,519507968,465,465
1715655337.8279417,519507968,0,0
1715655338.8287055,519507968,505,505
1715655339.829902,519507968,0,0
1715655340.8307173,519507968,0,0
1715655341.8320014,519507968,0,0
1715655342.833271,519507968,0,0
1715655343.83455,519507968,496,496
1715655344.83585,519507968,0,0
1715655345.8372176,519507968,0,0
1715655346.837446,519507968,0,0
1715655347.8387213,519507968,0,0
1715655348.8399556,519507968,496,496
1715655349.841363,519507968,0,0
1715655350.8426347,519507968,0,0
1715655351.8439841,519507968,0,0
1715655352.8453681,519507968,0,0
1715655353.8465815,519507968,496,496
1715655354.8471584,519507968,0,0
1715655355.848371,519507968,31170093,31170093
1715655356.8497498,519507968,5621,5621
1715655357.850667,519507968,0,0
1715655358.851627,519507968,1970,1970
1715655359.852698,519507968,838,838
1715655360.8538342,519507968,0,0
1715655361.8546374,519507968,3306,3306
1715655362.855652,519507968,303,303
1715655363.856663,519507968,1506,1506
1715655364.857711,519507968,1278,1278
1715655365.8586056,519507968,193,193
1715655366.8596413,519507968,1486,1486
1715655367.8608007,519507968,563,563
1715655368.8619127,519507968,1847,1847
1715655369.8627098,519507968,771,771
1715655370.8636308,519507968,782,782
1715655371.86488,519507968,904,904
1715655372.865688,519507968,561,561
1715655373.8668456,519507968,2013,2013
1715655374.8677015,519507968,728,728
1715655375.86865,519507968,0,0
1715655376.8697686,519507968,2222,2222
1715655377.8707943,519507968,0,0
1715655378.871624,519507968,1898,1898
1715655379.8727856,519507968,885,885
1715655380.873728,519507968,0,0
1715655381.8747292,519507968,2237,2237
1715655382.8756564,519507968,0,0
1715655383.876638,519507968,2220,2220
1715655384.877782,519507968,986,986
1715655385.8787737,519507968,836,836
1715655386.879747,519507968,1467,1467
1715655387.8808932,519507968,0,0
1715655388.8816364,519507968,1958,1958
1715655389.8826761,519507968,560,560
1715655390.8836753,519507968,501,501
1715655391.8848023,519507968,2038,2038
1715655392.885711,519507968,0,0
1715655393.8865914,519507968,2235,2235
1715655394.8876765,519507968,563,563
1715655395.8887277,519507968,1088,1088
1715655396.890089,519507968,1451,1451
1715655397.8905811,519507968,0,0
1715655398.8918433,519507968,2518,2518
1715655399.893219,519507968,280,280
1715655400.8944721,519507968,462,462
1715655401.8955264,519507968,31170708,31170708
1715655402.8969228,519507968,3307,3307
1715655403.898152,519507968,513,513
1715655404.8988628,519507968,0,0
1715655405.899556,519507968,0,0
1715655406.9009602,519507968,356,356
1715655407.902172,519507968,1041,1041
1715655408.9029393,519507968,6978,6978
1715655409.9038835,519507968,2883,2883
1715655410.9053228,519507968,153,153
1715655411.9065726,519507968,160,160
1715655412.9076653,519507968,0,0
1715655413.90878,519507968,504,504
1715655414.9101555,519507968,0,0
1715655415.9107673,519507968,0,0
1715655416.912047,519507968,0,0
1715655417.91343,519507968,0,0
1715655418.9145894,519507968,496,496
1715655419.9159853,519507968,0,0
1715655420.917093,519507968,0,0
1715655421.9185157,519507968,354,354
1715655422.919729,519507968,302,302
1715655423.9202418,519507968,502,502
1715655424.921628,519507968,0,0
1715655425.9227483,519507968,0,0
1715655426.9239628,519507968,0,0
1715655427.92536,519507968,0,0
1715655428.9267824,519507968,496,496
1715655429.9280586,519507968,0,0
1715655430.9293396,519507968,31171081,31171081
1715655431.9306524,519507968,1291,1291
1715655432.931933,519507968,0,0
1715655433.933337,519507968,658,658
1715655434.9346645,519507968,0,0
1715655435.9359393,519507968,0,0
1715655436.937335,519507968,0,0
1715655437.9385548,519507968,31172501,31172501
1715655438.939898,519507968,2143,2143
1715655439.9411652,519507968,0,0
1715655440.942563,519507968,2647,2647
1715655441.9438183,519507968,0,0
1715655442.94518,519507968,1105,1105
1715655443.94649,519507968,1793,1793
1715655444.947892,519507968,0,0
1715655445.9491897,519507968,2429,2429
1715655446.9499946,519507968,0,0
1715655447.9505885,519507968,1542,1542
1715655448.9518795,519507968,1342,1342
1715655449.953097,519507968,0,0
1715655450.954458,519507968,2226,2226
1715655451.955803,519507968,305,305
1715655452.9571273,519507968,959,959
1715655453.9584708,519507968,1736,1736
1715655454.9597049,519507968,499,499
1715655455.9609523,519507968,1747,1747
1715655456.9623322,519507968,0,0
1715655457.962612,519507968,953,953
1715655458.963882,519507968,1801,1801
1715655459.96512,519507968,782,782
1715655460.9664495,519507968,1468,1468
1715655461.9677331,519507968,0,0
1715655462.9689941,519507968,1784,1784
1715655463.9704025,519507968,1302,1302
1715655464.9718268,519507968,0,0
1715655465.9732437,519507968,2769,2769
1715655466.9746842,519507968,467,467
1715655467.9759123,519507968,1177,1177
1715655468.9772458,519507968,1706,1706
1715655469.9779236,519507968,0,0
1715655470.978597,519507968,2500,2500
1715655471.9799697,519507968,278,278
1715655472.9813578,519507968,1232,1232
1715655473.9826412,519507968,1700,1700
1715655474.983887,519507968,787,787
1715655475.9851563,519507968,1397,1397
1715655476.9864683,519507968,563,563
1715655477.9877627,519507968,1235,1235
1715655478.989015,519507968,1576,1576
1715655479.9902978,519507968,494,494
1715655480.9906003,519507968,1195,1195
1715655481.9919994,519507968,1070,1070
1715655482.993332,519507968,889,889
1715655483.9945226,519507968,31174284,31174284
1715655484.9959385,519507968,159,159
1715655485.9971647,519507968,0,0
1715655486.99843,519507968,645,645
1715655487.999701,519507968,0,0
1715655489.0010934,519507968,509,509
1715655490.002502,519507968,0,0
1715655491.0038903,519507968,0,0
1715655492.0052247,519507968,0,0
1715655493.006662,519507968,0,0
1715655494.0078738,519507968,496,496
1715655495.0093045,519507968,0,0
1715655496.0107749,519507968,0,0
1715655497.0119903,519507968,0,0
1715655498.0133994,519507968,0,0
1715655499.014927,519507968,600,600
1715655500.016453,519507968,0,0
1715655501.0178704,519507968,0,0
1715655502.018637,519507968,0,0
1715655503.0198424,519507968,0,0
1715655504.0210555,519507968,496,496
1715655505.0219083,519507968,0,0
1715655506.0228474,519507968,0,0
1715655507.02405,519507968,0,0
1715655508.0254815,519507968,0,0
1715655509.0267963,519507968,496,496
1715655510.0281303,519507968,0,0
1715655511.0294037,519507968,0,0
1715655512.0306363,519507968,358,358
1715655513.0318422,519507968,31163946,31163946
1715655514.0331094,519507968,4787,4787
1715655515.0344522,519507968,0,0
1715655516.0358038,519507968,303,303
1715655517.0370898,519507968,0,0
1715655518.0384207,519507968,0,0
1715655519.0397003,519507968,499,499
1715655520.0409503,519507968,31166711,31166711
1715655521.0422583,519507968,4559,4559
1715655522.0430052,519507968,0,0
1715655523.0442595,519507968,1478,1478
1715655524.0455327,519507968,1286,1286
1715655525.0466044,519507968,471,471
1715655526.0478933,519507968,1723,1723
1715655527.049271,519507968,473,473
1715655528.0506027,519507968,1319,1319
1715655529.051866,519507968,1669,1669
1715655530.053115,519507968,741,741
1715655531.054515,519507968,569,569
1715655532.055091,519507968,1490,1490
1715655533.0564783,519507968,728,728
1715655534.0577853,519507968,1290,1290
1715655535.058604,519507968,931,931
1715655536.0598733,519507968,559,559
1715655537.0611424,519507968,1427,1427
1715655538.0625134,519507968,1216,1216
1715655539.0637982,519507968,1017,1017
1715655540.0651398,519507968,1866,1866
1715655541.0665557,519507968,278,278
1715655542.0677993,519507968,1470,1470
1715655543.0690775,519507968,1846,1846
1715655544.0703995,519507968,2362,2362
1715655545.0718024,519507968,1810,1810
1715655546.0731003,519507968,840,840
1715655547.0745177,519507968,1219,1219
1715655548.0759335,519507968,1497,1497
1715655549.0771842,519507968,511,511
1715655550.0784826,519507968,2003,2003
1715655551.0795462,519507968,280,280
1715655552.07992,519507968,769,769
1715655553.0809476,519507968,2008,2008
1715655554.0819879,519507968,354,354
1715655555.0848606,519507968,1719,1719
1715655556.0862162,519507968,562,562
1715655557.0865927,519507968,942,942
1715655558.0880005,519507968,88580,88580
1715655559.0892916,519507968,1127,1127
1715655560.090571,519507968,1697,1697
1715655561.0910404,519507968,564,564
1715655562.0922594,519507968,362,362
1715655563.0936582,519507968,1482,1482
1715655564.094752,519507968,924,924
1715655565.0959888,519507968,1570,1570
1715655566.0973206,519507968,20777060,20777060
1715655567.098703,519507968,10390878,10390878
1715655568.0991354,519507968,153,153
1715655569.1004453,519507968,355,355
1715655570.1016746,519507968,0,0
1715655571.103048,519507968,0,0
1715655572.1043942,519507968,354,354
1715655573.105597,519507968,152,152
1715655574.1066856,519507968,350,350
1715655575.1080167,519507968,0,0
1715655576.109221,519507968,0,0
1715655577.1107,519507968,0,0
1715655578.1120784,519507968,152,152
1715655579.1134589,519507968,448,448
1715655580.1146078,519507968,0,0
1715655581.1160097,519507968,0,0
1715655582.1174047,519507968,0,0
1715655583.1185794,519507968,344,344
1715655584.1199434,519507968,152,152
1715655585.12131,519507968,0,0
1715655586.1225662,519507968,0,0
1715655587.1238618,519507968,351,351
1715655588.125107,519507968,295,295
1715655589.1265972,519507968,207,207
1715655590.1280057,519507968,0,0
1715655591.1293545,519507968,0,0
1715655592.130082,519507968,0,0
1715655593.131429,519507968,344,344
1715655594.132757,519507968,152,152
1715655595.1341348,519507968,0,0
1715655596.134676,595296256,31168050,31168050
1715655597.1359375,798789632,1614,1614
1715655598.137182,768995328,459,459
1715655599.1385636,874704896,155,155
1715655600.1390054,770064384,0,0
1715655601.1394696,926920704,0,0
1715655602.1408038,851173376,354,354
1715655603.1421406,805470208,31169773,31169773
1715655604.1427073,805470208,1355,1355
1715655605.1439695,805470208,497,497
1715655606.1453054,805470208,1721,1721
1715655607.1465893,805470208,0,0
1715655608.1477919,805470208,1967,1967
1715655609.149099,805470208,1198,1198
1715655610.1504676,805470208,354,354
1715655611.1518064,805470208,2290,2290
1715655612.1531308,805470208,190,190
1715655613.1543477,805470208,2296,2296
1715655614.1550937,805470208,870,870
1715655615.1563504,805470208,0,0
1715655616.1567514,805470208,2459,2459
1715655617.1581433,805470208,563,563
1715655618.1586988,805470208,984,984
1715655619.1599913,805470208,2619,2619
1715655620.161413,805470208,0,0
1715655621.162623,805470208,2238,2238
1715655622.1639192,805470208,0,0
1715655623.1652238,805470208,750,750
1715655624.1665282,805470208,2237,2237
1715655625.167811,805470208,0,0
1715655626.1682532,805470208,1680,1680
1715655627.1696422,805470208,555,555
1715655628.1706483,805470208,1134,1134
1715655629.1714268,805470208,1670,1670
1715655630.1722562,805470208,0,0
1715655631.173506,805470208,1676,1676
1715655632.1746614,805470208,870,870
1715655633.1756058,805470208,1139,1139
1715655634.1764252,805470208,1406,1406
1715655635.1770942,805470208,279,279
1715655636.177843,805470208,1241,1241
1715655637.1787767,805470208,1011,1011
1715655638.1793842,805470208,976,976
1715655639.1797626,805470208,944,944
1715655640.181016,805470208,919,919
1715655641.1823535,805470208,1045,1045
1715655642.1826434,805470208,566,566
1715655643.1839616,805470208,2003,2003
1715655644.185361,805470208,948,948
1715655645.1866589,805470208,1499,1499
1715655646.1880262,805470208,303,303
1715655647.1893785,805470208,1668,1668
1715655648.1906343,805470208,1132,1132
1715655649.191682,805470208,20781992,20781992
1715655650.1929643,805470208,10390114,10390114
1715655651.1944225,805470208,0,0
1715655652.1956568,805470208,304,304
1715655653.1969028,805470208,347,347
1715655654.1983018,805470208,155,155
1715655655.1997502,805470208,0,0
1715655656.2011383,805470208,0,0
1715655657.2025528,805470208,0,0
1715655658.203948,805470208,344,344
1715655659.205244,805470208,152,152
1715655660.2064872,805470208,0,0
1715655661.2078927,805470208,0,0
1715655662.2093048,805470208,354,354
1715655663.210534,805470208,649,649
1715655664.2118075,805470208,155,155
1715655665.213204,805470208,0,0
1715655666.2144306,805470208,0,0
1715655667.215678,805470208,334,334
1715655668.2170608,805470208,347,347
1715655669.2183478,805470208,155,155
1715655670.2188816,805470208,0,0
1715655671.2202573,805470208,0,0
1715655672.2216535,805470208,0,0
1715655673.222757,805470208,448,448
1715655674.2241561,805470208,152,152
1715655675.2254496,805470208,0,0
1715655676.2265851,805470208,0,0
1715655677.2274504,805470208,0,0
1715655678.2288575,805470208,448,448
1715655679.2301257,805470208,31171099,31171099
1715655680.2306852,805470208,714,714
1715655681.231908,805470208,0,0
1715655682.2332072,805470208,626,626
1715655683.2344494,805470208,457,457
1715655684.2357376,805470208,472,472
1715655685.2370243,805470208,963,963
1715655686.2374945,805470208,31171173,31171173
1715655687.2386873,805470208,528,528
1715655688.2399218,805470208,524,524
1715655689.2413306,805470208,2456,2456
1715655690.2426581,805470208,0,0
1715655691.2439792,805470208,1644,1644
1715655692.2452793,805470208,868,868
1715655693.2466342,805470208,684,684
1715655694.2478817,805470208,1759,1759
1715655695.2491627,805470208,0,0
1715655696.2504737,805470208,1521,1521
1715655697.2518215,805470208,565,565
1715655698.2525072,805470208,519,519
1715655699.2538064,805470208,2190,2190
1715655700.254706,805470208,171,171
1715655701.2560775,805470208,753,753
1715655702.2573607,805470208,1293,1293
1715655703.258713,805470208,1116,1116
1715655704.2599666,805470208,1106,1106
1715655705.2612844,805470208,564,564
1715655706.2625806,805470208,1233,1233
1715655707.2638664,805470208,1294,1294
1715655708.2651267,805470208,578,578
1715655709.266443,805470208,1461,1461
1715655710.2678864,805470208,732,732
1715655711.2691898,805470208,765,765
1715655712.2704403,805470208,1844,1844
1715655713.2716951,805470208,357,357
1715655714.2730207,805470208,1702,1702
1715655715.2744577,805470208,723,723
1715655716.2757595,805470208,169,169
1715655717.2768753,805470208,2054,2054
1715655718.2781796,805470208,472,472
1715655719.2786734,805470208,1016,1016
1715655720.279966,805470208,1292,1292
1715655721.2813406,805470208,768,768
1715655722.282654,805470208,1199,1199
1715655723.2839615,805470208,915,915
1715655724.2852323,805470208,972,972
1715655725.2865267,805470208,1481,1481
1715655726.2879653,805470208,0,0
1715655727.2891903,805470208,1669,1669
1715655728.290735,805470208,917,917
1715655729.292125,805470208,686,686
1715655730.293444,805470208,1462,1462
1715655731.2947142,805470208,0,0
1715655732.2960627,805470208,1668,1668
1715655733.297476,805470208,31169330,31169330
1715655734.2986782,805470208,156,156
1715655735.3000858,805470208,0,0
1715655736.3013675,805470208,152,152
1715655737.302973,805470208,0,0
1715655738.3042967,805470208,345,345
1715655739.3056104,805470208,152,152
1715655740.306734,805470208,0,0
1715655741.308174,805470208,0,0
1715655742.3095813,805470208,0,0
1715655743.31083,805470208,344,344
1715655744.3122306,805470208,152,152
1715655745.313507,805470208,0,0
1715655746.3148503,805470208,0,0
1715655747.3162656,805470208,0,0
1715655748.3177104,805470208,344,344
1715655749.31896,805470208,152,152
1715655750.3203387,805470208,0,0
1715655751.3217459,805470208,476,476
1715655752.32267,805470208,359,359
1715655753.3238847,805470208,934,934
1715655754.3251786,805470208,915,915
1715655755.3259468,805470208,474,474
1715655756.3265674,805470208,157,157
1715655757.3280737,805470208,0,0
1715655758.329383,805470208,980,980
1715655759.3306036,805470208,152,152
1715655760.3320982,805470208,476,476
1715655761.3334758,805470208,0,0
1715655762.3346407,805470208,155,155
1715655763.3358598,832602112,31167620,31167620
1715655764.3372548,908492800,1455,1455
1715655765.3385417,788914176,0,0
1715655766.3398852,964931584,658,658
1715655767.3411376,851591168,0,0
1715655768.3424416,864276480,349,349
1715655769.3437555,788791296,155,155
