Timestamp,MemoryUsage,NetSent,NetRecv
1715655334.2380385,511979520,0,0
1715655335.238664,519319552,3387,3387
1715655336.2399087,519319552,0,0
1715655337.241237,519319552,465,465
1715655338.241738,519319552,349,349
1715655339.242714,519319552,156,156
1715655340.244129,519319552,0,0
1715655341.2452507,519319552,0,0
1715655342.246522,519319552,0,0
1715655343.2479062,519319552,344,344
1715655344.249313,519319552,152,152
1715655345.2507112,519319552,0,0
1715655346.2519495,519319552,0,0
1715655347.2534113,519319552,0,0
1715655348.2547154,519319552,344,344
1715655349.256283,519319552,152,152
1715655350.2576864,519319552,0,0
1715655351.25865,519319552,0,0
1715655352.2600422,519319552,0,0
1715655353.260948,519319552,344,344
1715655354.262353,519319552,152,152
1715655355.2627423,519319552,0,0
1715655356.2640016,519319552,31174569,31174569
1715655357.2654073,519319552,1145,1145
1715655358.2666583,519319552,403,403
1715655359.26794,519319552,2405,2405
1715655360.2693045,519319552,0,0
1715655361.2706184,519319552,509,509
1715655362.2720537,519319552,2797,2797
1715655363.2735364,519319552,659,659
1715655364.2747242,519319552,2428,2428
1715655365.276039,519319552,0,0
1715655366.2773714,519319552,947,947
1715655367.2786431,519319552,1295,1295
1715655368.2800121,519319552,353,353
1715655369.2813494,519319552,2265,2265
1715655370.2827961,519319552,0,0
1715655371.284147,519319552,1245,1245
1715655372.2854455,519319552,1002,1002
1715655373.2866457,519319552,1128,1128
1715655374.288047,519319552,1335,1335
1715655375.2893379,519319552,278,278
1715655376.2900302,519319552,493,493
1715655377.2941265,519319552,1729,1729
1715655378.2948644,519319552,352,352
1715655379.296142,519319552,2431,2431
1715655380.2974415,519319552,0,0
1715655381.2986116,519319552,944,944
1715655382.3038044,519319552,1293,1293
1715655383.3048089,519319552,545,545
1715655384.3057404,519319552,2661,2661
1715655385.3068173,519319552,0,0
1715655386.3080587,519319552,1461,1461
1715655387.3093736,519319552,842,842
1715655388.3107731,519319552,357,357
1715655389.3120494,519319552,2161,2161
1715655390.3134131,519319552,0,0
1715655391.3146431,519319552,1117,1117
1715655392.3160298,519319552,1422,1422
1715655393.3173058,519319552,546,546
1715655394.318018,519319552,2252,2252
1715655395.3187525,519319552,0,0
1715655396.3194509,519319552,2264,2264
1715655397.3207064,519319552,275,275
1715655398.321991,519319552,894,894
1715655399.3231018,519319552,1904,1904
1715655400.3243132,519319552,0,0
1715655401.3255503,519319552,2000,2000
1715655402.3266044,519319552,31172477,31172477
1715655403.3278434,519319552,357,357
1715655404.3292842,519319552,156,156
1715655405.330627,519319552,0,0
1715655406.3320336,519319552,356,356
1715655407.3332648,519319552,0,0
1715655408.3347535,519319552,3675,3675
1715655409.3359056,519319552,6081,6081
1715655410.3371038,519319552,1146,1146
1715655411.3381555,519319552,153,153
1715655412.338755,519319552,160,160
1715655413.340334,519319552,352,352
1715655414.3415937,519319552,152,152
1715655415.342782,519319552,0,0
1715655416.3440573,519319552,0,0
1715655417.345289,519319552,0,0
1715655418.346748,519319552,344,344
1715655419.348123,519319552,152,152
1715655420.3495479,519319552,0,0
1715655421.3507385,519319552,0,0
1715655422.3519914,519319552,354,354
1715655423.3536386,519319552,649,649
1715655424.3547893,519319552,155,155
1715655425.3561692,519319552,0,0
1715655426.3574154,519319552,0,0
1715655427.3588312,519319552,0,0
1715655428.360249,519319552,344,344
1715655429.3615406,519319552,152,152
1715655430.36257,519319552,282,282
1715655431.3638065,519319552,31172090,31172090
1715655432.36508,519319552,0,0
1715655433.366147,519319552,503,503
1715655434.366665,519319552,155,155
1715655435.3679368,519319552,0,0
1715655436.3692348,519319552,0,0
1715655437.370473,519319552,1369,1369
1715655438.3717632,519319552,31173119,31173119
1715655439.3730567,519319552,156,156
1715655440.3742137,519319552,1050,1050
1715655441.3762414,519319552,1597,1597
1715655442.3775914,519319552,0,0
1715655443.3786445,519319552,2743,2743
1715655444.379926,519319552,155,155
1715655445.3811805,519319552,1307,1307
1715655446.382493,519319552,1122,1122
1715655447.3854132,519319552,195,195
1715655448.3867009,519319552,2534,2534
1715655449.3879423,519319552,155,155
1715655450.389175,519319552,1391,1391
1715655451.390547,519319552,835,835
1715655452.3918495,519319552,1091,1091
1715655453.3930995,519319552,1476,1476
1715655454.3944378,519319552,433,433
1715655455.3958147,519319552,779,779
1715655456.3970969,519319552,1467,1467
1715655457.3986027,519319552,782,782
1715655458.3999057,519319552,1255,1255
1715655459.4011898,519319552,717,717
1715655460.4025216,519319552,1233,1233
1715655461.4038084,519319552,1017,1017
1715655462.4051301,519319552,193,193
1715655463.4063966,519319552,2686,2686
1715655464.4078019,519319552,207,207
1715655465.4091377,519319552,617,617
1715655466.4105494,519319552,2619,2619
1715655467.4118671,519319552,0,0
1715655468.4131393,519319552,2728,2728
1715655469.414493,519319552,155,155
1715655470.4158688,519319552,1002,1002
1715655471.4172416,519319552,1776,1776
1715655472.418516,519319552,198,198
1715655473.4198742,519319552,2021,2021
1715655474.421254,519319552,713,713
1715655475.4225209,519319552,1395,1395
1715655476.4237995,519319552,1352,1352
1715655477.4251015,519319552,501,501
1715655478.426463,519319552,1538,1538
1715655479.4278126,519319552,772,772
1715655480.4291327,519319552,776,776
1715655481.4305055,519319552,1479,1479
1715655482.4317617,519319552,1091,1091
1715655483.4331346,519319552,10390386,10390386
1715655484.4342642,519319552,20784359,20784359
1715655485.435691,519319552,0,0
1715655486.4369218,519319552,310,310
1715655487.437999,519319552,335,335
1715655488.438667,519319552,354,354
1715655489.4394443,519319552,155,155
1715655490.4406946,519319552,0,0
1715655491.4420903,519319552,0,0
1715655492.4427361,519319552,0,0
1715655493.443972,519319552,344,344
1715655494.4453921,519319552,152,152
1715655495.4467452,519319552,0,0
1715655496.4475846,519319552,0,0
1715655497.4490302,519319552,0,0
1715655498.4504611,519319552,448,448
1715655499.4517462,519319552,152,152
1715655500.4529896,519319552,0,0
1715655501.4543183,519319552,0,0
1715655502.4546773,519319552,0,0
1715655503.4559643,519319552,344,344
1715655504.4575036,519319552,152,152
1715655505.4586267,519319552,0,0
1715655506.4600716,519319552,0,0
1715655507.461525,519319552,0,0
1715655508.4628677,519319552,344,344
1715655509.4631674,519319552,152,152
1715655510.4645019,519319552,0,0
1715655511.465812,519319552,0,0
1715655512.4667964,519319552,358,358
1715655513.4679499,519319552,31167358,31167358
1715655514.4692776,519319552,1375,1375
1715655515.46983,519319552,0,0
1715655516.4707685,519319552,303,303
1715655517.4720426,519319552,0,0
1715655518.4725652,519319552,347,347
1715655519.4739113,519319552,529,529
1715655520.4746528,519319552,31169696,31169696
1715655521.476009,519319552,1197,1197
1715655522.477299,519319552,754,754
1715655523.4786768,519319552,1854,1854
1715655524.4799597,519319552,156,156
1715655525.4811978,519319552,1078,1078
1715655526.4825077,519319552,1419,1419
1715655527.4832718,519319552,925,925
1715655528.4846075,519319552,915,915
1715655529.4859324,519319552,1370,1370
1715655530.4868188,519319552,1258,1258
1715655531.4882102,519319552,171,171
1715655532.4894555,519319552,2047,2047
1715655533.4907694,519319552,355,355
1715655534.492037,519319552,1111,1111
1715655535.4932973,519319552,1314,1314
1715655536.4947166,519319552,169,169
1715655537.496038,519319552,1530,1530
1715655538.497335,519319552,1299,1299
1715655539.4987333,519319552,1111,1111
1715655540.5000598,519319552,1695,1695
1715655541.501343,519319552,0,0
1715655542.5026119,519319552,1998,1998
1715655543.5039139,519319552,2020,2020
1715655544.505184,519319552,2209,2209
1715655545.506481,519319552,2101,2101
1715655546.5078034,519319552,376,376
1715655547.5092404,519319552,1020,1020
1715655548.5106776,519319552,1676,1676
1715655549.5120375,519319552,327,327
1715655550.5133514,519319552,2111,2111
1715655551.514704,519319552,0,0
1715655552.5150378,519319552,2461,2461
1715655553.5161402,519319552,515,515
1715655554.5173614,519319552,666,666
1715655555.5187805,519319552,1770,1770
1715655556.520156,519319552,0,0
1715655557.5214512,519319552,89364,89364
1715655558.5227904,519319552,1130,1130
1715655559.52406,519319552,1112,1112
1715655560.525225,519319552,1304,1304
1715655561.5265925,519319552,0,0
1715655562.5278428,519319552,1686,1686
1715655563.5292213,519319552,927,927
1715655564.5305228,519319552,825,825
1715655565.5317926,519319552,20777133,20777133
1715655566.5330265,519319552,10391426,10391426
1715655567.5344603,519319552,279,279
1715655568.535145,519319552,352,352
1715655569.536389,519319552,156,156
1715655570.537813,519319552,0,0
1715655571.5387368,519319552,0,0
1715655572.5399604,519319552,354,354
1715655573.5412602,519319552,347,347
1715655574.5424776,519319552,155,155
1715655575.5436995,519319552,0,0
1715655576.5450087,519319552,0,0
1715655577.5462542,519319552,0,0
1715655578.5476122,519319552,448,448
1715655579.5488245,519319552,152,152
1715655580.5501575,519319552,0,0
1715655581.5506012,519319552,0,0
1715655582.5518167,519319552,0,0
1715655583.5531406,519319552,344,344
1715655584.5544877,519319552,152,152
1715655585.5558138,519319552,0,0
1715655586.5571303,519319552,351,351
1715655587.5583699,519319552,0,0
1715655588.5597339,519319552,347,347
1715655589.5602288,519319552,155,155
1715655590.5608768,519319552,0,0
1715655591.562175,519319552,0,0
1715655592.562628,519319552,0,0
1715655593.563916,519319552,344,344
1715655594.5653217,519319552,152,152
1715655595.5665433,519319552,270,270
1715655596.5678372,519319552,31169394,31169394
1715655597.5691128,519319552,0,0
1715655598.5704045,519319552,459,459
1715655599.571733,519319552,155,155
1715655600.5729854,519319552,0,0
1715655601.573603,519319552,0,0
1715655602.57458,519319552,31166159,31166159
1715655603.5758717,519319552,5167,5167
1715655604.577229,519319552,156,156
1715655605.578162,519319552,1665,1665
1715655606.57862,519319552,553,553
1715655607.5794675,519319552,353,353
1715655608.580838,519319552,2551,2551
1715655609.582188,519319552,261,261
1715655610.5833375,519319552,1493,1493
1715655611.584755,519319552,1151,1151
1715655612.586011,519319552,190,190
1715655613.5866528,519319552,3011,3011
1715655614.5879416,519319552,155,155
1715655615.5891936,519319552,1456,1456
1715655616.5905204,519319552,1566,1566
1715655617.5918357,519319552,268,268
1715655618.5930614,519319552,2463,2463
1715655619.594443,519319552,872,872
1715655620.595681,519319552,780,780
1715655621.596873,519319552,1458,1458
1715655622.598142,519319552,0,0
1715655623.599252,519319552,2000,2000
1715655624.600461,519319552,987,987
1715655625.6017027,519319552,782,782
1715655626.6026626,519319552,1453,1453
1715655627.603999,519319552,0,0
1715655628.6052392,519319552,2086,2086
1715655629.6064975,519319552,718,718
1715655630.6077564,519319552,781,781
1715655631.6090014,519319552,1457,1457
1715655632.6103072,519319552,308,308
1715655633.6106827,519319552,1314,1314
1715655634.6119437,519319552,1510,1510
1715655635.6132252,519319552,782,782
1715655636.614582,519319552,738,738
1715655637.6158414,519319552,732,732
1715655638.617122,519319552,1488,1488
1715655639.6174517,519319552,896,896
1715655640.618634,519319552,1043,1043
1715655641.619883,519319552,734,734
1715655642.621136,519319552,1778,1778
1715655643.6225643,519319552,514,514
1715655644.6238341,519319552,1126,1126
1715655645.6244855,519319552,1321,1321
1715655646.6258104,519319552,1043,1043
1715655647.626621,519319552,1707,1707
1715655648.6278934,519319552,10390778,10390778
1715655649.6294208,519319552,20781681,20781681
1715655650.6307766,519319552,0,0
1715655651.6321177,519319552,151,151
1715655652.6335013,519319552,153,153
1715655653.6346955,519319552,347,347
1715655654.6352954,519319552,155,155
1715655655.6365452,519319552,0,0
1715655656.6377869,519319552,0,0
1715655657.638753,519319552,0,0
1715655658.639995,519319552,344,344
1715655659.6410427,519319552,152,152
1715655660.6423984,519319552,0,0
1715655661.6437566,519319552,0,0
1715655662.6449897,519319552,354,354
1715655663.6463327,519319552,649,649
1715655664.6468554,519319552,155,155
1715655665.6482036,519319552,0,0
1715655666.6495006,519319552,0,0
1715655667.6507154,519319552,334,334
1715655668.6520596,519319552,347,347
1715655669.6532521,519319552,155,155
1715655670.6546786,519319552,0,0
1715655671.6559634,519319552,0,0
1715655672.6572878,519319552,0,0
1715655673.6586914,519319552,448,448
1715655674.6600702,519319552,152,152
1715655675.661283,519319552,0,0
1715655676.6620393,519319552,0,0
1715655677.66262,519319552,0,0
1715655678.6638155,519319552,681,681
1715655679.6651275,519319552,31171423,31171423
1715655680.6657493,519319552,157,157
1715655681.666617,519319552,151,151
1715655682.667876,519319552,475,475
1715655683.668185,519319552,457,457
1715655684.6694863,519319552,629,629
1715655685.6705697,519319552,31168041,31168041
1715655686.6718507,519319552,4466,4466
1715655687.6730986,519319552,0,0
1715655688.6735487,519319552,1703,1703
1715655689.6746795,519319552,1277,1277
1715655690.6759527,519319552,918,918
1715655691.6773016,519319552,1290,1290
1715655692.6781685,519319552,304,304
1715655693.6793344,519319552,1722,1722
1715655694.6800067,519319552,721,721
1715655695.6811175,519319552,331,331
1715655696.6822968,519319552,1755,1755
1715655697.6835487,519319552,0,0
1715655698.684374,519319552,1548,1548
1715655699.6852508,519319552,1161,1161
1715655700.6865273,519319552,759,759
1715655701.6878028,519319552,1180,1180
1715655702.6902673,519319552,453,453
1715655703.6906624,519319552,941,941
1715655704.6919253,519319552,1670,1670
1715655705.6932282,519319552,176,176
1715655706.6946414,519319552,1789,1789
1715655707.6959798,519319552,562,562
1715655708.697323,519319552,1324,1324
1715655709.6986709,519319552,1169,1169
1715655710.6999211,519319552,453,453
1715655711.701203,519319552,1593,1593
1715655712.7016592,519319552,841,841
1715655713.7026596,519319552,1171,1171
1715655714.7039526,519319552,1333,1333
1715655715.7052586,519319552,278,278
1715655716.7065885,519319552,929,929
1715655717.7079248,519319552,1294,1294
1715655718.7092223,519319552,1164,1164
1715655719.7106125,519319552,1055,1055
1715655720.7118816,519319552,561,561
1715655721.7131808,519319552,768,768
1715655722.7144694,519319552,1761,1761
1715655723.7157578,519319552,480,480
1715655724.7172089,519319552,1018,1018
1715655725.7186174,519319552,1308,1308
1715655726.7199473,519319552,180,180
1715655727.7212327,519319552,1489,1489
1715655728.7225451,519319552,917,917
1715655729.7237787,519319552,1290,1290
1715655730.724771,519319552,858,858
1715655731.7260022,519319552,177,177
1715655732.7266915,519319552,20778899,20778899
1715655733.7279172,519319552,10391922,10391922
1715655734.7292626,519319552,156,156
1715655735.73053,519319552,152,152
1715655736.7320037,519319552,0,0
1715655737.733354,519319552,0,0
1715655738.734599,519319552,445,445
1715655739.7359285,519319552,52,52
1715655740.7371557,519319552,0,0
1715655741.7376509,519319552,0,0
1715655742.7386575,519319552,0,0
1715655743.7400718,519319552,444,444
1715655744.7413332,519319552,52,52
1715655745.74272,519319552,0,0
1715655746.744125,519319552,0,0
1715655747.7453487,519319552,0,0
1715655748.7467523,519319552,444,444
1715655749.7480276,519319552,52,52
1715655750.749308,519319552,0,0
1715655751.7506957,519319552,476,476
1715655752.7520983,519319552,359,359
1715655753.7535908,519319552,1227,1227
1715655754.7548065,519319552,622,622
1715655755.7560828,519319552,631,631
1715655756.7574894,519319552,0,0
1715655757.7587438,519319552,630,630
1715655758.759979,519319552,450,450
1715655759.7614603,519319552,370,370
1715655760.762621,519319552,158,158
1715655761.763858,519319552,0,0
1715655762.7652586,519319552,155,155
1715655763.7665722,519319552,31169075,31169075
1715655764.7679539,519319552,0,0
1715655765.7692764,519319552,151,151
1715655766.7697408,519319552,507,507
1715655767.7706199,519319552,0,0
1715655768.7719185,519319552,452,452
