Timestamp,MemoryUsage,NetSent,NetRecv
1715655333.2633173,512098304,0,0
1715655334.2647321,519438336,34304,34304
1715655335.2660277,519438336,1862,1862
1715655336.2672966,519438336,0,0
1715655337.2683725,519438336,465,465
1715655338.269659,519438336,349,349
1715655339.270755,519438336,156,156
1715655340.2722828,519438336,0,0
1715655341.2735822,519438336,0,0
1715655342.2747216,519438336,0,0
1715655343.2759702,519438336,344,344
1715655344.2764792,519438336,152,152
1715655345.277803,519438336,0,0
1715655346.2786129,519438336,0,0
1715655347.2801173,519438336,0,0
1715655348.2815046,519438336,344,344
1715655349.28276,519438336,152,152
1715655350.2839751,519438336,0,0
1715655351.2853734,519438336,0,0
1715655352.2867439,519438336,0,0
1715655353.2876246,519438336,344,344
1715655354.288917,519438336,152,152
1715655355.2903185,519438336,0,0
1715655356.2906182,519438336,31175163,31175163
1715655357.291979,519438336,551,551
1715655358.29324,519438336,604,604
1715655359.2945955,519438336,2204,2204
1715655360.2959404,519438336,0,0
1715655361.2971609,519438336,824,824
1715655362.298484,519438336,2482,2482
1715655363.2997878,519438336,659,659
1715655364.301091,519438336,2428,2428
1715655365.302397,519438336,0,0
1715655366.3036811,519438336,947,947
1715655367.3049662,519438336,1295,1295
1715655368.306265,519438336,353,353
1715655369.3066947,519438336,2265,2265
1715655370.3079743,519438336,0,0
1715655371.309295,519438336,1245,1245
1715655372.3106012,519438336,1002,1002
1715655373.3118489,519438336,1128,1128
1715655374.313139,519438336,1335,1335
1715655375.3146088,519438336,278,278
1715655376.3159852,519438336,773,773
1715655377.3173964,519438336,1449,1449
1715655378.3187647,519438336,352,352
1715655379.3200662,519438336,2431,2431
1715655380.3214052,519438336,0,0
1715655381.322591,519438336,1225,1225
1715655382.3238761,519438336,1012,1012
1715655383.325262,519438336,545,545
1715655384.3257768,519438336,2661,2661
1715655385.3266704,519438336,0,0
1715655386.3278928,519438336,1686,1686
1715655387.3292656,519438336,617,617
1715655388.3304834,519438336,357,357
1715655389.3318539,519438336,2161,2161
1715655390.333215,519438336,0,0
1715655391.3344457,519438336,1117,1117
1715655392.3358495,519438336,1422,1422
1715655393.3365233,519438336,851,851
1715655394.3379183,519438336,1947,1947
1715655395.338725,519438336,0,0
1715655396.3399968,519438336,2264,2264
1715655397.3409693,519438336,275,275
1715655398.3414311,519438336,894,894
1715655399.3427284,519438336,1904,1904
1715655400.3440201,519438336,0,0
1715655401.34533,519438336,2169,2169
1715655402.3458357,519438336,31172308,31172308
1715655403.347075,519438336,357,357
1715655404.3482645,519438336,156,156
1715655405.3491635,519438336,0,0
1715655406.3504086,519438336,356,356
1715655407.3516436,519438336,0,0
1715655408.352474,519438336,4038,4038
1715655409.3537917,519438336,5718,5718
1715655410.355177,519438336,1146,1146
1715655411.3564615,519438336,153,153
1715655412.3578813,519438336,160,160
1715655413.35883,519438336,352,352
1715655414.360287,519438336,152,152
1715655415.3615434,519438336,0,0
1715655416.3628309,519438336,0,0
1715655417.364213,519438336,0,0
1715655418.3655834,519438336,344,344
1715655419.3666873,519438336,152,152
1715655420.3679922,519438336,0,0
1715655421.3692784,519438336,0,0
1715655422.370514,519438336,354,354
1715655423.3718033,519438336,649,649
1715655424.3731854,519438336,155,155
1715655425.374565,519438336,0,0
1715655426.3757858,519438336,0,0
1715655427.3773415,519438336,0,0
1715655428.3787444,519438336,344,344
1715655429.380164,519438336,152,152
1715655430.3813596,519438336,282,282
1715655431.3826334,519438336,31172090,31172090
1715655432.3835053,519438336,0,0
1715655433.3845384,519438336,503,503
1715655434.3857982,519438336,155,155
1715655435.3867188,519438336,0,0
1715655436.3881543,519438336,0,0
1715655437.3894022,519438336,1369,1369
1715655438.3906064,519438336,31173119,31173119
1715655439.3918877,519438336,156,156
1715655440.393107,519438336,1102,1102
1715655441.3944213,519438336,1545,1545
1715655442.3958113,519438336,0,0
1715655443.397103,519438336,2743,2743
1715655444.3983939,519438336,155,155
1715655445.399605,519438336,1588,1588
1715655446.400918,519438336,841,841
1715655447.4022105,519438336,195,195
1715655448.4026349,519438336,2534,2534
1715655449.4040344,519438336,155,155
1715655450.405249,519438336,1391,1391
1715655451.4066186,519438336,835,835
1715655452.408017,519438336,1091,1091
1715655453.409309,519438336,1476,1476
1715655454.410711,519438336,433,433
1715655455.4119473,519438336,779,779
1715655456.4132202,519438336,1467,1467
1715655457.414511,519438336,782,782
1715655458.415154,519438336,1255,1255
1715655459.4159074,519438336,717,717
1715655460.417186,519438336,1233,1233
1715655461.4209552,519438336,1017,1017
1715655462.4222019,519438336,193,193
1715655463.4230168,519438336,2738,2738
1715655464.4237003,519438336,155,155
1715655465.4249399,519438336,783,783
1715655466.4262383,519438336,2453,2453
1715655467.4266703,519438336,0,0
1715655468.427949,519438336,2728,2728
1715655469.4293175,519438336,155,155
1715655470.4306035,519438336,1002,1002
1715655471.4319599,519438336,1776,1776
1715655472.4331903,519438336,506,506
1715655473.4344893,519438336,1713,1713
1715655474.435926,519438336,713,713
1715655475.4371972,519438336,1395,1395
1715655476.4384415,519438336,1352,1352
1715655477.439711,519438336,501,501
1715655478.440939,519438336,1538,1538
1715655479.4422112,519438336,772,772
1715655480.4426517,519438336,776,776
1715655481.4439375,519438336,1479,1479
1715655482.445241,519438336,1091,1091
1715655483.4466774,519438336,10390386,10390386
1715655484.4480727,519438336,20784359,20784359
1715655485.449507,519438336,0,0
1715655486.4507565,519438336,310,310
1715655487.4520311,519438336,335,335
1715655488.4533136,519438336,354,354
1715655489.4547243,519438336,155,155
1715655490.4554865,519438336,0,0
1715655491.456754,519438336,0,0
1715655492.458144,519438336,0,0
1715655493.4585567,519438336,344,344
1715655494.45983,519438336,152,152
1715655495.46033,519438336,0,0
1715655496.4617307,519438336,0,0
1715655497.4627788,519438336,0,0
1715655498.4640615,519438336,448,448
1715655499.4654548,519438336,152,152
1715655500.466575,519438336,0,0
1715655501.4678383,519438336,0,0
1715655502.4692183,519438336,0,0
1715655503.4704506,519438336,344,344
1715655504.47184,519438336,152,152
1715655505.4723315,519438336,0,0
1715655506.4737275,519438336,0,0
1715655507.4746275,519438336,0,0
1715655508.4758675,519438336,344,344
1715655509.477156,519438336,152,152
1715655510.4783986,519438336,0,0
1715655511.479793,519438336,0,0
1715655512.4810605,519438336,358,358
1715655513.4823937,519438336,31167358,31167358
1715655514.4828856,519438336,1375,1375
1715655515.4841,519438336,0,0
1715655516.4853876,519438336,303,303
1715655517.4867449,519438336,0,0
1715655518.4880276,519438336,347,347
1715655519.4893873,519438336,529,529
1715655520.4906826,519438336,31169925,31169925
1715655521.492072,519438336,968,968
1715655522.4933145,519438336,754,754
1715655523.494634,519438336,1854,1854
1715655524.4959183,519438336,156,156
1715655525.497134,519438336,1078,1078
1715655526.4984663,519438336,1419,1419
1715655527.4997406,519438336,925,925
1715655528.5010347,519438336,915,915
1715655529.502334,519438336,1370,1370
1715655530.5027385,519438336,1258,1258
1715655531.5042176,519438336,171,171
1715655532.5055208,519438336,2047,2047
1715655533.5067253,519438336,355,355
1715655534.5079622,519438336,1111,1111
1715655535.5091934,519438336,1314,1314
1715655536.5106113,519438336,169,169
1715655537.5120118,519438336,1530,1530
1715655538.5134637,519438336,1299,1299
1715655539.5146687,519438336,1111,1111
1715655540.5159795,519438336,1695,1695
1715655541.5172627,519438336,0,0
1715655542.5185015,519438336,2449,2449
1715655543.519903,519438336,1569,1569
1715655544.521186,519438336,2209,2209
1715655545.5224645,519438336,2101,2101
1715655546.5238822,519438336,428,428
1715655547.5251381,519438336,1108,1108
1715655548.5265653,519438336,1536,1536
1715655549.5278933,519438336,327,327
1715655550.5292206,519438336,2111,2111
1715655551.5296488,519438336,0,0
1715655552.530702,519438336,2461,2461
1715655553.5320954,519438336,515,515
1715655554.5333312,519438336,1123,1123
1715655555.5347853,519438336,1313,1313
1715655556.5361362,519438336,0,0
1715655557.537469,519438336,89364,89364
1715655558.5387006,519438336,1130,1130
1715655559.5399551,519438336,1112,1112
1715655560.5411317,519438336,1304,1304
1715655561.5424588,519438336,0,0
1715655562.543675,519438336,1686,1686
1715655563.5450077,519438336,927,927
1715655564.5466292,519438336,825,825
1715655565.5478876,519438336,20777185,20777185
1715655566.54909,519438336,10391374,10391374
1715655567.5503068,519438336,279,279
1715655568.5506108,519438336,352,352
1715655569.5508447,519438336,156,156
1715655570.5522401,519438336,0,0
1715655571.5536177,519438336,0,0
1715655572.5546257,519438336,354,354
1715655573.5560656,519438336,347,347
1715655574.5573635,519438336,155,155
1715655575.558665,519438336,0,0
1715655576.560108,519438336,0,0
1715655577.561507,519438336,0,0
1715655578.5627794,519438336,448,448
1715655579.563722,519438336,152,152
1715655580.5651166,519438336,0,0
1715655581.5665662,519438336,0,0
1715655582.5677886,519438336,0,0
1715655583.5692062,519438336,344,344
1715655584.5705538,519438336,152,152
1715655585.572013,519438336,0,0
1715655586.5733356,519438336,351,351
1715655587.574761,519438336,0,0
1715655588.5759017,519438336,347,347
1715655589.5773447,519438336,155,155
1715655590.5787375,519438336,0,0
1715655591.5801063,519438336,0,0
1715655592.5813553,519438336,0,0
1715655593.58274,519438336,344,344
1715655594.5841293,519438336,152,152
1715655595.5852985,519438336,270,270
1715655596.5901077,519438336,31169394,31169394
1715655597.5907013,519438336,0,0
1715655598.592003,519438336,459,459
1715655599.5932832,519438336,155,155
1715655600.594704,519438336,0,0
1715655601.595977,519438336,0,0
1715655602.5971866,519438336,31166515,31166515
1715655603.5984733,519438336,4811,4811
1715655604.599835,519438336,156,156
1715655605.6037748,519438336,1665,1665
1715655606.6046886,519438336,553,553
1715655607.6059117,519438336,353,353
1715655608.6066203,519438336,2551,2551
1715655609.6078985,519438336,261,261
1715655610.6084063,519438336,1493,1493
1715655611.6097553,519438336,1151,1151
1715655612.6106503,519438336,190,190
1715655613.6120126,519438336,3011,3011
1715655614.6133919,519438336,155,155
1715655615.614623,519438336,1456,1456
1715655616.6159081,519438336,1566,1566
1715655617.6195962,519438336,268,268
1715655618.6208377,519438336,2463,2463
1715655619.6222718,519438336,872,872
1715655620.6226473,519438336,780,780
1715655621.6239626,519438336,1458,1458
1715655622.6252606,519438336,0,0
1715655623.626506,519438336,2387,2387
1715655624.6278625,519438336,600,600
1715655625.629234,519438336,782,782
1715655626.6305413,519438336,1453,1453
1715655627.6319308,519438336,0,0
1715655628.6332228,519438336,2086,2086
1715655629.6349478,519438336,718,718
1715655630.6362264,519438336,781,781
1715655631.6375723,519438336,1457,1457
1715655632.6386626,519438336,308,308
1715655633.639961,519438336,1314,1314
1715655634.6412637,519438336,1510,1510
1715655635.6425686,519438336,782,782
1715655636.6438794,519438336,738,738
1715655637.6451588,519438336,732,732
1715655638.6464517,519438336,1488,1488
1715655639.647869,519438336,1172,1172
1715655640.6491253,519438336,767,767
1715655641.650412,519438336,734,734
1715655642.651701,519438336,1884,1884
1715655643.6529984,519438336,408,408
1715655644.6542933,519438336,1296,1296
1715655645.6547918,519438336,1151,1151
1715655646.6586556,519438336,1043,1043
1715655647.6599872,519438336,1707,1707
1715655648.661287,519438336,10390778,10390778
1715655649.6625023,519438336,20781681,20781681
1715655650.663749,519438336,0,0
1715655651.66502,519438336,151,151
1715655652.6654103,519438336,153,153
1715655653.6667597,519438336,347,347
1715655654.6674628,519438336,155,155
1715655655.6688368,519438336,0,0
1715655656.6700308,519438336,0,0
1715655657.670753,519438336,0,0
1715655658.6721597,519438336,344,344
1715655659.6733987,519438336,152,152
1715655660.6746747,519438336,0,0
1715655661.6760473,519438336,0,0
1715655662.6772726,519438336,354,354
1715655663.6787028,519438336,649,649
1715655664.6800776,519438336,155,155
1715655665.6815083,519438336,0,0
1715655666.6828368,519438336,0,0
1715655667.6842175,519438336,334,334
1715655668.6856205,519438336,347,347
1715655669.6865866,519438336,155,155
1715655670.6878643,519438336,0,0
1715655671.689149,519438336,0,0
1715655672.690413,519438336,0,0
1715655673.6916916,519438336,448,448
1715655674.6929674,519438336,152,152
1715655675.6941848,519438336,0,0
1715655676.6957092,519438336,0,0
1715655677.697036,519438336,0,0
1715655678.6982722,519438336,15768847,15768847
1715655679.6987782,519438336,15403257,15403257
1715655680.7001061,519438336,157,157
1715655681.7014759,519438336,151,151
1715655682.7026436,519438336,475,475
1715655683.7040088,519438336,457,457
1715655684.7054327,519438336,629,629
1715655685.7065916,519438336,31168631,31168631
1715655686.7080333,519438336,3876,3876
1715655687.709331,519438336,0,0
1715655688.7103033,519438336,1934,1934
1715655689.7110696,519438336,1046,1046
1715655690.716455,519438336,918,918
1715655691.717795,519438336,1290,1290
1715655692.718659,519438336,304,304
1715655693.7196352,519438336,1722,1722
1715655694.7209332,519438336,721,721
1715655695.7221668,519438336,331,331
1715655696.7233062,519569408,1755,1755
1715655697.7240875,519569408,0,0
1715655698.7247484,519569408,1712,1712
1715655699.7258208,519569408,997,997
1715655700.7266626,519569408,759,759
1715655701.727921,519569408,1458,1458
1715655702.729342,519569408,175,175
1715655703.7306464,519569408,1057,1057
1715655704.7319012,519569408,1554,1554
1715655705.73323,519569408,176,176
1715655706.734499,519569408,1789,1789
1715655707.735907,519569408,562,562
1715655708.7370417,519569408,1480,1480
1715655709.7383432,519569408,1291,1291
1715655710.7387838,519569408,175,175
1715655711.7400637,519569408,1593,1593
1715655712.7413535,519569408,841,841
1715655713.742745,519569408,1326,1326
1715655714.7440076,519569408,1456,1456
1715655715.7453067,519569408,0,0
1715655716.7466009,519569408,929,929
1715655717.7478843,519569408,1294,1294
1715655718.7491632,519569408,1319,1319
1715655719.7504385,519569408,900,900
1715655720.7517087,519569408,561,561
1715655721.7529848,519569408,768,768
1715655722.754273,519569408,1761,1761
1715655723.7546656,519569408,687,687
1715655724.7560077,519569408,1100,1100
1715655725.756992,519569408,1019,1019
1715655726.7582805,519569408,607,607
1715655727.7587628,519569408,1062,1062
1715655728.7600665,519569408,1020,1020
1715655729.7606122,519569408,1473,1473
1715655730.7619658,519569408,572,572
1715655731.7626123,519569408,343,343
1715655732.7638147,519569408,20779322,20779322
1715655733.7647884,519569408,10391437,10391437
1715655734.766189,519569408,52,52
1715655735.7667623,519569408,152,152
1715655736.7682886,519569408,0,0
1715655737.76977,519569408,0,0
1715655738.7705922,519569408,445,445
1715655739.7720964,519569408,52,52
1715655740.7734745,519569408,0,0
1715655741.7746146,519569408,0,0
1715655742.776008,519569408,0,0
1715655743.7773964,519569408,496,496
1715655744.7786148,519569408,0,0
1715655745.779713,519569408,0,0
1715655746.781103,519569408,0,0
1715655747.7823195,519569408,0,0
1715655748.782757,519569408,496,496
1715655749.7841616,519569408,0,0
1715655750.7854228,519569408,0,0
1715655751.7867796,519569408,476,476
1715655752.7880552,519569408,359,359
1715655753.7893949,519569408,1279,1279
1715655754.7908695,519569408,570,570
1715655755.7913227,519569408,631,631
1715655756.7928483,519569408,0,0
1715655757.7942052,519569408,630,630
1715655758.794669,519569408,502,502
1715655759.7961006,519569408,318,318
1715655760.7973723,519569408,158,158
1715655761.7986655,519569408,0,0
1715655762.8000908,519569408,155,155
1715655763.8014574,611856384,31169075,31169075
1715655764.8027976,709226496,0,0
1715655765.8040326,797155328,302,302
1715655766.805461,1029734400,356,356
1715655767.8065758,753336320,0,0
1715655768.807865,1130180608,504,504
