Timestamp,MemoryUsage,NetSent,NetRecv
1715655333.4924698,512294912,0,0
1715655334.493729,519897088,30675,30675
1715655335.494789,519897088,352,352
1715655336.49607,519897088,260,260
1715655337.4970312,519897088,205,205
1715655338.497935,519897088,349,349
1715655339.4987957,519897088,156,156
1715655340.500194,519897088,0,0
1715655341.5014665,519897088,0,0
1715655342.5027494,519897088,0,0
1715655343.5039992,519897088,344,344
1715655344.5052054,519897088,152,152
1715655345.5065076,519897088,0,0
1715655346.5079346,519897088,0,0
1715655347.5093126,519897088,0,0
1715655348.5105555,519897088,344,344
1715655349.5121424,519897088,152,152
1715655350.513561,519897088,0,0
1715655351.5146155,519897088,0,0
1715655352.5160532,519897088,0,0
1715655353.5175166,519897088,344,344
1715655354.5186596,519897088,152,152
1715655355.519878,519897088,272,272
1715655356.5211084,519897088,31175442,31175442
1715655357.522529,519897088,0,0
1715655358.5238318,519897088,921,921
1715655359.5248985,519897088,1887,1887
1715655360.5263383,519897088,0,0
1715655361.5266488,519897088,2461,2461
1715655362.5280159,519897088,845,845
1715655363.5293176,519897088,850,850
1715655364.530729,519897088,2237,2237
1715655365.5320168,519897088,0,0
1715655366.5333073,519897088,1234,1234
1715655367.5346644,519897088,1008,1008
1715655368.5360823,519897088,548,548
1715655369.5373878,519897088,2070,2070
1715655370.5386477,519897088,193,193
1715655371.5400178,519897088,1329,1329
1715655372.5413647,519897088,725,725
1715655373.5426192,519897088,1581,1581
1715655374.5439453,519897088,1160,1160
1715655375.5452263,519897088,0,0
1715655376.54646,519897088,1106,1106
1715655377.547849,519897088,1116,1116
1715655378.5491285,519897088,547,547
1715655379.5506458,519897088,2236,2236
1715655380.551902,519897088,0,0
1715655381.5531292,519897088,2237,2237
1715655382.5546117,519897088,0,0
1715655383.5559776,519897088,901,901
1715655384.5573952,519897088,2305,2305
1715655385.558624,519897088,0,0
1715655386.5599675,519897088,2024,2024
1715655387.561231,519897088,279,279
1715655388.562499,519897088,715,715
1715655389.5638156,519897088,1803,1803
1715655390.565179,519897088,0,0
1715655391.5665295,519897088,2234,2234
1715655392.5679977,519897088,305,305
1715655393.569389,519897088,1350,1350
1715655394.5706801,519897088,1448,1448
1715655395.5720758,519897088,193,193
1715655396.5733392,519897088,2346,2346
1715655397.574683,519897088,0,0
1715655398.575951,519897088,1348,1348
1715655399.5772915,519897088,1450,1450
1715655400.5787222,519897088,0,0
1715655401.5800922,519897088,7743314,7743314
1715655402.5814106,519897088,23431163,23431163
1715655403.5827932,519897088,357,357
1715655404.584238,519897088,156,156
1715655405.5854847,519897088,0,0
1715655406.5868168,519897088,356,356
1715655407.5873208,519897088,0,0
1715655408.5887227,519897088,6326,6326
1715655409.5894704,519897088,4311,4311
1715655410.5906532,519897088,265,265
1715655411.5922575,519897088,153,153
1715655412.59348,519897088,160,160
1715655413.5948825,519897088,352,352
1715655414.5962224,519897088,152,152
1715655415.5976365,519897088,0,0
1715655416.598609,519897088,0,0
1715655417.600013,519897088,0,0
1715655418.6014087,519897088,344,344
1715655419.602782,519897088,152,152
1715655420.6039972,519897088,0,0
1715655421.6055508,519897088,0,0
1715655422.6066723,519897088,354,354
1715655423.6080666,519897088,649,649
1715655424.6093187,519897088,155,155
1715655425.6107118,519897088,0,0
1715655426.6120877,519897088,0,0
1715655427.6135006,519897088,0,0
1715655428.614628,519897088,344,344
1715655429.6159906,519897088,152,152
1715655430.617225,562212864,31168878,31168878
1715655431.618649,798322688,3494,3494
1715655432.619902,767488000,0,0
1715655433.621262,733376512,503,503
1715655434.6225524,901046272,155,155
1715655435.6238408,733696000,0,0
1715655436.6251767,900481024,0,0
1715655437.626412,699686912,31169869,31169869
1715655438.627793,699686912,4619,4619
1715655439.629016,699686912,156,156
1715655440.630332,699686912,2595,2595
1715655441.6311429,699686912,52,52
1715655442.6324296,699686912,357,357
1715655443.6337104,699686912,2386,2386
1715655444.6346676,699686912,155,155
1715655445.6359184,699686912,2429,2429
1715655446.6373434,699686912,0,0
1715655447.6386404,699686912,652,652
1715655448.6399324,699686912,2077,2077
1715655449.641273,699686912,155,155
1715655450.6425693,699686912,1664,1664
1715655451.6439962,699686912,562,562
1715655452.6453094,699686912,1091,1091
1715655453.6465724,699686912,1753,1753
1715655454.6479852,699686912,156,156
1715655455.6492784,699686912,1114,1114
1715655456.6506643,699686912,1132,1132
1715655457.6510632,699686912,782,782
1715655458.6523218,699686912,1817,1817
1715655459.6536021,699686912,349,349
1715655460.6546788,699686912,1487,1487
1715655461.656019,699686912,569,569
1715655462.6573377,699686912,503,503
1715655463.6586545,699686912,2428,2428
1715655464.6599383,699686912,155,155
1715655465.661172,699686912,2164,2164
1715655466.662446,699686912,1072,1072
1715655467.6637301,699686912,197,197
1715655468.665056,699686912,2531,2531
1715655469.666423,699686912,155,155
1715655470.667706,699686912,1555,1555
1715655471.6690483,699686912,1223,1223
1715655472.6703174,699686912,787,787
1715655473.6707282,699686912,1990,1990
1715655474.6720884,699686912,352,352
1715655475.6733868,699686912,1815,1815
1715655476.674709,699686912,735,735
1715655477.6760705,699686912,782,782
1715655478.6773639,699686912,1874,1874
1715655479.6786644,699686912,155,155
1715655480.6789672,699686912,952,952
1715655481.6802766,699686912,1303,1303
1715655482.6811602,699686912,1091,1091
1715655483.6824205,699686912,10523188,10523188
1715655484.6838062,699686912,20651557,20651557
1715655485.6852682,699686912,0,0
1715655486.6866262,699686912,310,310
1715655487.6879742,699686912,335,335
1715655488.6892319,699686912,354,354
1715655489.6906693,699686912,155,155
1715655490.691333,699686912,0,0
1715655491.6925647,699686912,0,0
1715655492.693288,699686912,0,0
1715655493.6946292,699686912,344,344
1715655494.6960168,699686912,152,152
1715655495.697474,699686912,0,0
1715655496.6987722,699686912,0,0
1715655497.7000487,699686912,0,0
1715655498.7013,699686912,448,448
1715655499.7027256,699686912,152,152
1715655500.703376,699686912,0,0
1715655501.7046063,699686912,0,0
1715655502.706058,699686912,0,0
1715655503.7066061,699686912,344,344
1715655504.7075307,699686912,152,152
1715655505.7088242,699686912,0,0
1715655506.710217,699686912,0,0
1715655507.711635,699686912,0,0
1715655508.7128952,699686912,496,496
1715655509.7141657,699686912,0,0
1715655510.7148232,699686912,0,0
1715655511.7160518,699686912,0,0
1715655512.7174225,699686912,358,358
1715655513.7186303,699686912,31168733,31168733
1715655514.7199836,699686912,0,0
1715655515.7212405,699686912,151,151
1715655516.7225556,699686912,152,152
1715655517.7235596,699686912,0,0
1715655518.724954,699686912,499,499
1715655519.7261586,699686912,1336,1336
1715655520.7266667,699686912,31169934,31169934
1715655521.727094,699686912,0,0
1715655522.7284162,699686912,919,919
1715655523.7298193,699686912,1845,1845
1715655524.7306464,699686912,0,0
1715655525.731103,699686912,1919,1919
1715655526.732399,699686912,578,578
1715655527.7337062,699686912,1489,1489
1715655528.7347808,699686912,675,675
1715655529.7360842,699686912,1046,1046
1715655530.737382,699686912,1258,1258
1715655531.7388554,699686912,909,909
1715655532.7401278,699686912,1309,1309
1715655533.7413926,699686912,677,677
1715655534.7427628,699686912,1377,1377
1715655535.7440207,699686912,726,726
1715655536.7452865,699686912,626,626
1715655537.7465925,699686912,1400,1400
1715655538.7479062,699686912,1127,1127
1715655539.7493148,699686912,1530,1530
1715655540.7506201,699686912,1121,1121
1715655541.75191,699686912,170,170
1715655542.7532856,699686912,2816,2816
1715655543.7603738,699686912,1404,1404
1715655544.7616456,699686912,2449,2449
1715655545.7626975,699686912,1489,1489
1715655546.7639794,699686912,603,603
1715655547.7652423,699686912,1551,1551
1715655548.766775,699686912,1073,1073
1715655549.768111,699686912,962,962
1715655550.7693675,699686912,1321,1321
1715655551.7706375,699686912,180,180
1715655552.772023,699686912,2439,2439
1715655553.7733686,699686912,512,512
1715655554.774646,699686912,1269,1269
1715655555.7759445,699686912,1012,1012
1715655556.7772148,699686912,175,175
1715655557.7786043,699686912,89189,89189
1715655558.779973,699686912,1285,1285
1715655559.781257,699686912,1471,1471
1715655560.7826965,699686912,790,790
1715655561.7839966,699686912,0,0
1715655562.7844326,699686912,1686,1686
1715655563.785764,699686912,1082,1082
1715655564.7867303,699686912,670,670
1715655565.7880147,699686912,20777788,20777788
1715655566.7886028,699686912,10391050,10391050
1715655567.7893004,699686912,0,0
1715655568.790892,699686912,508,508
1715655569.7922854,699686912,0,0
1715655570.7935305,699686912,0,0
1715655571.7950485,699686912,354,354
1715655572.7963676,699686912,0,0
1715655573.7977638,699686912,502,502
1715655574.7987647,699686912,0,0
1715655575.800318,699686912,0,0
1715655576.8017228,699686912,0,0
1715655577.802626,699686912,0,0
1715655578.8039105,699686912,600,600
1715655579.805394,699686912,0,0
1715655580.806608,699686912,0,0
1715655581.8082106,699686912,0,0
1715655582.8096364,699686912,0,0
1715655583.8107991,699686912,496,496
1715655584.81216,699686912,0,0
1715655585.8135653,699686912,0,0
1715655586.814816,699686912,351,351
1715655587.816056,699686912,0,0
1715655588.81733,699686912,502,502
1715655589.8187454,699686912,0,0
1715655590.8197267,699686912,0,0
1715655591.8211215,699686912,0,0
1715655592.8225718,699686912,0,0
1715655593.823808,699686912,496,496
1715655594.825087,699686912,0,0
1715655595.8263276,699686912,31165755,31165755
1715655596.8266428,699686912,3909,3909
1715655597.8278878,699686912,0,0
1715655598.8292766,699686912,614,614
1715655599.8305748,699686912,0,0
1715655600.8319004,699686912,0,0
1715655601.8332312,699686912,354,354
1715655602.834478,699686912,31168380,31168380
1715655603.8359134,699686912,2748,2748
1715655604.8369145,699686912,0,0
1715655605.8381817,699686912,2218,2218
1715655606.838722,699686912,0,0
1715655607.8399587,699686912,1499,1499
1715655608.8413801,699686912,1666,1666
1715655609.84272,699686912,0,0
1715655610.844049,699686912,1925,1925
1715655611.8453755,699686912,719,719
1715655612.8467715,699686912,552,552
1715655613.8480418,699686912,2804,2804
1715655614.8486989,699686912,0,0
1715655615.8494072,699686912,2292,2292
1715655616.8507507,699686912,730,730
1715655617.852045,699686912,426,426
1715655618.853456,699686912,3177,3177
1715655619.8546655,699686912,0,0
1715655620.8560202,699686912,953,953
1715655621.857306,699686912,1285,1285
1715655622.8586514,699686912,0,0
1715655623.859906,699686912,2987,2987
1715655624.8613474,699686912,0,0
1715655625.8625937,699686912,951,951
1715655626.8639574,699686912,1284,1284
1715655627.8652418,699686912,193,193
1715655628.8666925,699686912,2611,2611
1715655629.8680975,699686912,0,0
1715655630.8693452,699686912,947,947
1715655631.870615,699686912,1599,1599
1715655632.8720317,699686912,192,192
1715655633.8732934,699686912,1898,1898
1715655634.8747427,699686912,734,734
1715655635.8760371,699686912,782,782
1715655636.8764367,699686912,907,907
1715655637.877741,699686912,563,563
1715655638.8787386,699686912,1920,1920
1715655639.8800216,699686912,740,740
1715655640.8813176,699686912,939,939
1715655641.8826156,699686912,562,562
1715655642.8839128,699686912,1936,1936
1715655643.8851836,699686912,689,689
1715655644.886519,699686912,1837,1837
1715655645.8880248,699686912,277,277
1715655646.889288,699686912,1220,1220
1715655647.889878,699686912,1530,1530
1715655648.8907251,699686912,10391676,10391676
1715655649.8921485,699686912,20780783,20780783
1715655650.8927395,699686912,0,0
1715655651.8940024,699686912,304,304
1715655652.8946745,699686912,0,0
1715655653.8955529,699686912,502,502
1715655654.8968096,699686912,0,0
1715655655.8980713,699686912,0,0
1715655656.8994281,699686912,0,0
1715655657.9003968,699686912,0,0
1715655658.9017973,699686912,496,496
1715655659.9027588,699686912,0,0
1715655660.9034116,699686912,0,0
1715655661.904407,699686912,354,354
1715655662.9059098,699686912,302,302
1715655663.9067667,699686912,502,502
1715655664.9081316,699686912,0,0
1715655665.9095557,699686912,0,0
1715655666.9106154,699686912,334,334
1715655667.9117072,699686912,0,0
1715655668.9131296,699686912,502,502
1715655669.9143968,699686912,0,0
1715655670.9156525,699686912,0,0
1715655671.9169295,699686912,0,0
1715655672.9183466,699686912,0,0
1715655673.9186084,699686912,600,600
1715655674.9193265,699686912,0,0
1715655675.9207265,699686912,0,0
1715655676.9221447,699686912,0,0
1715655677.9227622,699686912,0,0
1715655678.9239993,699686912,31169186,31169186
1715655679.924761,699686912,3075,3075
1715655680.9261143,699686912,0,0
1715655681.9271724,699686912,468,468
1715655682.9284358,699686912,158,158
1715655683.9297214,699686912,612,612
1715655684.9306407,699686912,474,474
1715655685.9319062,699686912,31170437,31170437
1715655686.9332187,699686912,2070,2070
1715655687.9345176,699686912,0,0
1715655688.935794,699686912,2701,2701
1715655689.937097,699686912,279,279
1715655690.9376605,699686912,1478,1478
1715655691.9387553,699686912,1034,1034
1715655692.9400742,699686912,0,0
1715655693.9414847,699686912,2443,2443
1715655694.9426885,699686912,0,0
1715655695.9439356,699686912,1307,1307
1715655696.945238,699686912,779,779
1715655697.946674,699686912,0,0
1715655698.947903,699686912,2430,2430
1715655699.9491968,699686912,279,279
1715655700.9503233,699686912,759,759
1715655701.950669,699686912,1458,1458
1715655702.951956,699686912,483,483
1715655703.9526856,699686912,1294,1294
1715655704.9541252,699686912,1009,1009
1715655705.9547784,699686912,761,761
1715655706.9560888,699686912,1766,1766
1715655707.9574885,699686912,0,0
1715655708.9586391,699686912,2039,2039
1715655709.9600456,699686912,732,732
1715655710.9614608,699686912,596,596
1715655711.9626658,699686912,1450,1450
1715655712.963984,699686912,563,563
1715655713.9652307,699686912,1494,1494
1715655714.9665952,699686912,1288,1288
1715655715.9679546,699686912,0,0
1715655716.9693182,699686912,1658,1658
1715655717.9706438,699686912,565,565
1715655718.971943,699686912,1319,1319
1715655719.973206,699686912,1461,1461
1715655720.9745107,699686912,178,178
1715655721.9758801,699686912,1062,1062
1715655722.9771652,699686912,1289,1289
1715655723.9775345,699686912,1043,1043
1715655724.9786313,699686912,1196,1196
1715655725.9800081,699686912,567,567
1715655726.9810045,699686912,1221,1221
1715655727.982287,699686912,734,734
1715655728.9947433,699686912,786,786
1715655729.9960594,699686912,1993,1993
1715655730.9974236,699686912,0,0
1715655731.9987721,699686912,1502,1502
1715655733.0000005,699686912,31168128,31168128
1715655734.0004768,699686912,1524,1524
1715655735.0009062,699686912,0,0
1715655736.0023403,699686912,152,152
1715655737.0036929,699686912,0,0
1715655738.0050688,699686912,0,0
1715655739.005642,699686912,497,497
1715655740.0067244,699686912,0,0
1715655741.0081513,699686912,0,0
1715655742.0096369,699686912,0,0
1715655743.0108771,699686912,0,0
1715655744.0121636,699686912,496,496
1715655745.0137675,699686912,0,0
1715655746.0146306,699686912,0,0
1715655747.016015,699686912,0,0
1715655748.0172603,699686912,0,0
1715655749.0185127,699686912,496,496
1715655750.0199192,699686912,0,0
1715655751.0213397,699686912,424,424
1715655752.022582,699686912,411,411
1715655753.024044,699686912,371,371
1715655754.0253873,699686912,1288,1288
1715655755.026601,699686912,190,190
1715655756.0280106,699686912,631,631
1715655757.0293527,699686912,0,0
1715655758.0307157,699686912,630,630
1715655759.0321064,699686912,502,502
1715655760.0334976,699686912,476,476
1715655761.0346735,699686912,0,0
1715655762.0360498,699686912,155,155
1715655763.0366697,699686912,31164828,31164828
1715655764.0379605,699686912,4247,4247
1715655765.038618,699686912,0,0
1715655766.040001,699686912,302,302
1715655767.0412793,699686912,356,356
1715655768.0425587,699686912,0,0
1715655769.0431547,699686912,504,504
