Timestamp,MemoryUsage,NetSent,NetRecv
1715655333.3910437,512155648,0,0
1715655334.3924959,519626752,31765,31765
1715655335.393917,519626752,1241,1241
1715655336.3947024,519757824,158,158
1715655337.3959463,519757824,307,307
1715655338.3972833,519757824,349,349
1715655339.3986933,519757824,156,156
1715655340.3994355,519757824,0,0
1715655341.4004636,519757824,0,0
1715655342.4018795,519757824,0,0
1715655343.4026887,519757824,344,344
1715655344.4038317,519757824,152,152
1715655345.4051304,519757824,0,0
1715655346.4064653,519757824,0,0
1715655347.4077246,519757824,0,0
1715655348.4090712,519757824,344,344
1715655349.4104161,519757824,152,152
1715655350.41183,519757824,0,0
1715655351.4132593,519757824,0,0
1715655352.4146173,519757824,0,0
1715655353.415159,519757824,344,344
1715655354.4164557,519757824,152,152
1715655355.4179103,519757824,0,0
1715655356.4186258,519757824,31175714,31175714
1715655357.4199944,519757824,0,0
1715655358.4213502,519757824,604,604
1715655359.4227347,519757824,2204,2204
1715655360.4240153,519757824,0,0
1715655361.4252434,519757824,1677,1677
1715655362.4267392,519757824,1629,1629
1715655363.4279919,519757824,659,659
1715655364.4292753,519757824,2428,2428
1715655365.4306173,519757824,0,0
1715655366.4318786,519757824,947,947
1715655367.4333055,519757824,1295,1295
1715655368.4346414,519757824,353,353
1715655369.4359393,519757824,2265,2265
1715655370.4372702,519757824,0,0
1715655371.4385655,519757824,1522,1522
1715655372.4393399,519757824,725,725
1715655373.440614,519757824,1297,1297
1715655374.4419851,519757824,1444,1444
1715655375.4426596,519757824,0,0
1715655376.4439452,519757824,940,940
1715655377.4454913,519757824,1282,1282
1715655378.446799,519757824,547,547
1715655379.4478936,519757824,2236,2236
1715655380.4492714,519757824,0,0
1715655381.450266,519757824,2237,2237
1715655382.4506645,519757824,0,0
1715655383.4519157,519757824,545,545
1715655384.4532256,519757824,2661,2661
1715655385.4545622,519757824,0,0
1715655386.4558115,519757824,1738,1738
1715655387.457201,519757824,565,565
1715655388.4585037,519757824,715,715
1715655389.4599082,519757824,1803,1803
1715655390.4612145,519757824,0,0
1715655391.4625032,519757824,1907,1907
1715655392.4639106,519757824,632,632
1715655393.4651792,519757824,1350,1350
1715655394.466471,519757824,1448,1448
1715655395.4677477,519757824,0,0
1715655396.4690282,519757824,2539,2539
1715655397.469935,519757824,0,0
1715655398.4706216,519757824,1348,1348
1715655399.4719942,519757824,1450,1450
1715655400.4785416,519757824,0,0
1715655401.479952,519757824,2701,2701
1715655402.4810104,519757824,31171776,31171776
1715655403.4824271,519757824,357,357
1715655404.4836545,519757824,156,156
1715655405.4851186,519757824,0,0
1715655406.4865198,519757824,356,356
1715655407.4878893,519757824,0,0
1715655408.4891467,519757824,5528,5528
1715655409.4904935,519757824,4809,4809
1715655410.4919155,519757824,565,565
1715655411.4933183,519757824,153,153
1715655412.4945989,519757824,160,160
1715655413.496003,519757824,352,352
1715655414.4974003,519757824,152,152
1715655415.4987824,519757824,0,0
1715655416.5001152,519757824,0,0
1715655417.5015497,519757824,0,0
1715655418.5027697,519757824,344,344
1715655419.504047,519757824,152,152
1715655420.5055437,519757824,0,0
1715655421.5067968,519757824,0,0
1715655422.5078492,519757824,354,354
1715655423.5088935,519757824,649,649
1715655424.5103424,519757824,155,155
1715655425.5117376,519757824,0,0
1715655426.5131333,519757824,0,0
1715655427.5137036,519757824,0,0
1715655428.5148401,519757824,344,344
1715655429.516248,519757824,152,152
1715655430.588245,551567360,31168826,31168826
1715655431.5896783,672595968,3546,3546
1715655432.590621,768872448,0,0
1715655433.5920568,855646208,503,503
1715655434.5933926,811335680,155,155
1715655435.5946822,828366848,0,0
1715655436.5959702,761151488,0,0
1715655437.597422,729104384,31169056,31169056
1715655438.5986948,830595072,5432,5432
1715655439.5999644,809357312,156,156
1715655440.6011744,757854208,2595,2595
1715655441.6025968,933851136,52,52
1715655442.6039073,802074624,357,357
1715655443.6053095,1076899840,2386,2386
1715655444.6065958,795652096,155,155
1715655445.6079423,757977088,2429,2429
1715655446.609226,858460160,0,0
1715655447.6105917,801763328,652,652
1715655448.6109269,852324352,2077,2077
1715655449.612292,795488256,155,155
1715655450.6135628,773320704,1664,1664
1715655451.6147335,816545792,562,562
1715655452.6159935,808222720,1091,1091
1715655453.617234,801804288,1753,1753
1715655454.618541,835653632,156,156
1715655455.6198,846213120,1114,1114
1715655456.6209528,858533888,1132,1132
1715655457.6222935,771465216,782,782
1715655458.6235495,768475136,1817,1817
1715655459.6245642,1017774080,349,349
1715655460.62539,801927168,1319,1319
1715655461.62674,1002827776,737,737
1715655462.6280048,915193856,193,193
1715655463.6293,772792320,2738,2738
1715655464.6306822,894320640,155,155
1715655465.6319194,802131968,1935,1935
1715655466.6332576,818601984,1301,1301
1715655467.6345534,827228160,145,145
1715655468.635877,846102528,2583,2583
1715655469.6371372,768311296,155,155
1715655470.6383977,757719040,1555,1555
1715655471.6396768,936636416,1223,1223
1715655472.640973,801972224,787,787
1715655473.6422276,801824768,1990,1990
1715655474.642698,894398464,352,352
1715655475.64397,757981184,1815,1815
1715655476.6452885,976801792,735,735
1715655477.6465874,877477888,782,782
1715655478.647338,820711424,1874,1874
1715655479.6486986,992661504,155,155
1715655480.650068,833486848,952,952
1715655481.6507564,758218752,1303,1303
1715655482.6520648,782934016,1091,1091
1715655483.653552,742182912,10391605,10391605
1715655484.6546195,762892288,20783140,20783140
1715655485.6557343,762892288,0,0
1715655486.656974,762892288,310,310
1715655487.6584203,762892288,335,335
1715655488.6599262,762892288,354,354
1715655489.6613061,762892288,155,155
1715655490.662742,762892288,0,0
1715655491.6639895,762892288,0,0
1715655492.6653829,762892288,0,0
1715655493.6667435,762892288,344,344
1715655494.6676435,762892288,152,152
1715655495.669074,762892288,0,0
1715655496.6705208,762892288,0,0
1715655497.6719422,762892288,0,0
1715655498.6731331,762892288,448,448
1715655499.6745903,762892288,152,152
1715655500.675914,762892288,0,0
1715655501.6771493,762892288,0,0
1715655502.6784463,762892288,0,0
1715655503.6797435,762892288,344,344
1715655504.6811562,762892288,152,152
1715655505.6826217,762892288,0,0
1715655506.6836045,762892288,0,0
1715655507.684921,762892288,0,0
1715655508.68616,762892288,344,344
1715655509.686672,762892288,152,152
1715655510.6880877,762892288,0,0
1715655511.6893163,762892288,0,0
1715655512.6907306,762892288,358,358
1715655513.6920478,762892288,31168578,31168578
1715655514.6933413,762892288,155,155
1715655515.6946733,762892288,151,151
1715655516.6955352,762892288,152,152
1715655517.6967854,762892288,0,0
1715655518.697293,762892288,347,347
1715655519.6985126,762892288,1488,1488
1715655520.6997964,762892288,31169934,31169934
1715655521.7003524,762892288,0,0
1715655522.7016134,762892288,919,919
1715655523.702753,762892288,1689,1689
1715655524.7040603,762892288,156,156
1715655525.7054646,762892288,1919,1919
1715655526.7067816,762892288,578,578
1715655527.7075107,762892288,1489,1489
1715655528.708898,762892288,520,520
1715655529.7097418,762892288,1201,1201
1715655530.7107468,762892288,1258,1258
1715655531.7115207,762892288,737,737
1715655532.7129524,762892288,1481,1481
1715655533.7142403,762892288,677,677
1715655534.7150223,762892288,1377,1377
1715655535.7163138,762892288,726,726
1715655536.717706,762892288,626,626
1715655537.7186396,762892288,1231,1231
1715655538.7199252,762892288,1296,1296
1715655539.7210836,762892288,1530,1530
1715655540.7225091,762892288,1121,1121
1715655541.7237906,762892288,170,170
1715655542.725052,762892288,2582,2582
1715655543.7265413,762892288,1638,1638
1715655544.7278259,762892288,2449,2449
1715655545.7291646,762892288,1489,1489
1715655546.730457,762892288,603,603
1715655547.731735,762892288,1551,1551
1715655548.7332623,762892288,1073,1073
1715655549.7345538,762892288,962,962
1715655550.7358801,762892288,1321,1321
1715655551.7371387,762892288,180,180
1715655552.7382975,762892288,2439,2439
1715655553.7386637,762892288,512,512
1715655554.7399275,762892288,968,968
1715655555.7412372,762892288,1313,1313
1715655556.74251,762892288,175,175
1715655557.743755,762892288,89189,89189
1715655558.745066,762892288,1285,1285
1715655559.746359,762892288,1471,1471
1715655560.7467449,762892288,790,790
1715655561.7480853,762892288,0,0
1715655562.7493598,762892288,1686,1686
1715655563.7507248,762892288,1082,1082
1715655564.7514284,762892288,670,670
1715655565.7528555,762892288,20777788,20777788
1715655566.754334,762892288,10391050,10391050
1715655567.7546217,762892288,0,0
1715655568.7559073,762892288,508,508
1715655569.7573097,762892288,0,0
1715655570.7585685,762892288,0,0
1715655571.7598681,762892288,0,0
1715655572.761273,762892288,354,354
1715655573.7625368,762892288,502,502
1715655574.7639933,762892288,0,0
1715655575.7652864,762892288,0,0
1715655576.766846,762892288,0,0
1715655577.7681005,762892288,0,0
1715655578.7695315,762892288,600,600
1715655579.7707636,762892288,0,0
1715655580.771096,762892288,0,0
1715655581.772661,762892288,0,0
1715655582.7740576,762892288,0,0
1715655583.7747045,762892288,496,496
1715655584.7761862,762892288,0,0
1715655585.7776096,762892288,0,0
1715655586.7786908,762892288,351,351
1715655587.7800105,762892288,0,0
1715655588.7812521,762892288,502,502
1715655589.7821767,762892288,0,0
1715655590.782754,762892288,0,0
1715655591.7841573,762892288,0,0
1715655592.7854915,762892288,0,0
1715655593.7866232,762892288,496,496
1715655594.787948,762892288,0,0
1715655595.7912564,777703424,31165534,31165534
1715655596.7926264,1226932224,4130,4130
1715655597.793852,809918464,0,0
1715655598.7947052,1222111232,614,614
1715655599.795987,844443648,0,0
1715655600.7974188,864964608,0,0
1715655601.7986429,794595328,354,354
1715655602.7998915,809811968,31167996,31167996
1715655603.801331,809811968,3132,3132
1715655604.8026714,809811968,0,0
1715655605.8039615,809811968,2218,2218
1715655606.805225,809811968,0,0
1715655607.806513,809811968,1499,1499
1715655608.8078132,809811968,1666,1666
1715655609.8091214,809811968,0,0
1715655610.810458,809811968,1925,1925
1715655611.8117492,809811968,719,719
1715655612.8127198,809811968,552,552
1715655613.8139808,809811968,2804,2804
1715655614.8146796,809811968,0,0
1715655615.815941,809811968,2292,2292
1715655616.8172402,809811968,730,730
1715655617.8185413,809811968,426,426
1715655618.8198106,809811968,3177,3177
1715655619.8211756,809811968,0,0
1715655620.8224392,809811968,953,953
1715655621.8237267,809811968,1285,1285
1715655622.8251219,809811968,0,0
1715655623.8264256,809811968,2987,2987
1715655624.8277912,809811968,0,0
1715655625.8291602,809811968,782,782
1715655626.8305478,809811968,1453,1453
1715655627.8318393,809811968,193,193
1715655628.8332486,809811968,2611,2611
1715655629.8345616,809811968,0,0
1715655630.835807,809811968,947,947
1715655631.8370621,809811968,1599,1599
1715655632.8383417,809811968,192,192
1715655633.8386464,809811968,1898,1898
1715655634.8399372,809811968,734,734
1715655635.8413272,809811968,782,782
1715655636.8426123,809811968,907,907
1715655637.8440583,809811968,563,563
1715655638.845493,809811968,1920,1920
1715655639.846762,809811968,740,740
1715655640.8481185,809811968,767,767
1715655641.8493958,809811968,734,734
1715655642.8506432,809811968,1936,1936
1715655643.8519266,809811968,689,689
1715655644.8532531,809811968,1669,1669
1715655645.8546002,809811968,445,445
1715655646.8558974,809811968,1043,1043
1715655647.8573532,809811968,1707,1707
1715655648.8586538,809811968,10391448,10391448
1715655649.8600447,809811968,20781011,20781011
1715655650.8614776,809811968,0,0
1715655651.8626122,809811968,304,304
1715655652.8632226,809811968,0,0
1715655653.8645105,809811968,502,502
1715655654.8657598,809811968,0,0
1715655655.86715,809811968,0,0
1715655656.8684683,809811968,0,0
1715655657.8694694,809811968,0,0
1715655658.8706956,809811968,496,496
1715655659.8720229,809811968,0,0
1715655660.8733127,809811968,0,0
1715655661.8747916,809811968,354,354
1715655662.8762221,809811968,302,302
1715655663.877548,809811968,502,502
1715655664.8787792,809811968,0,0
1715655665.880194,809811968,0,0
1715655666.8816051,809811968,334,334
1715655667.8828964,809811968,0,0
1715655668.8842883,809811968,502,502
1715655669.8857434,809811968,0,0
1715655670.8870132,809811968,0,0
1715655671.8883493,809811968,0,0
1715655672.8892434,809811968,0,0
1715655673.8905122,809811968,600,600
1715655674.8919275,809811968,0,0
1715655675.893238,809811968,0,0
1715655676.8938332,809811968,0,0
1715655677.8948038,809811968,0,0
1715655678.8960466,809811968,31168684,31168684
1715655679.8974385,809811968,3525,3525
1715655680.898674,809811968,52,52
1715655681.900066,809811968,468,468
1715655682.9014692,809811968,158,158
1715655683.9028094,809811968,612,612
1715655684.9040906,809811968,474,474
1715655685.9053202,809811968,31169885,31169885
1715655686.9066286,809811968,2622,2622
1715655687.907989,809811968,0,0
1715655688.9117606,809811968,2701,2701
1715655689.913058,809811968,279,279
1715655690.9143174,809811968,1478,1478
1715655691.9146922,809811968,1034,1034
1715655692.9156468,809811968,0,0
1715655693.916846,809811968,2443,2443
1715655694.9182034,809811968,0,0
1715655695.9186459,809811968,1307,1307
1715655696.9199302,809811968,779,779
1715655697.921202,809811968,0,0
1715655698.9225087,809811968,2145,2145
1715655699.9238815,809811968,564,564
1715655700.9252229,809811968,759,759
1715655701.926526,809811968,1458,1458
1715655702.9277954,809811968,483,483
1715655703.9287844,809811968,956,956
1715655704.9300601,809811968,1347,1347
1715655705.9346986,809811968,761,761
1715655706.9360878,809811968,1766,1766
1715655707.9373653,809811968,0,0
1715655708.9386532,809811968,1761,1761
1715655709.939942,809811968,1010,1010
1715655710.9412084,809811968,484,484
1715655711.94249,809811968,1562,1562
1715655712.9438038,809811968,563,563
1715655713.9450479,809811968,1494,1494
1715655714.9463477,809811968,1288,1288
1715655715.9466603,809811968,0,0
1715655716.9479535,809811968,1490,1490
1715655717.9492877,809811968,733,733
1715655718.9505768,809811968,1319,1319
1715655719.951852,809811968,1183,1183
1715655720.953182,809811968,456,456
1715655721.9545462,809811968,1062,1062
1715655722.9558923,809811968,1289,1289
1715655723.9571974,809811968,1043,1043
1715655724.9584527,809811968,1022,1022
1715655725.9597485,809811968,741,741
1715655726.961023,809811968,941,941
1715655727.9624164,809811968,1014,1014
1715655728.9637084,809811968,786,786
1715655729.9650192,809811968,1993,1993
1715655730.9663393,809811968,0,0
1715655731.966662,809811968,1219,1219
1715655732.967895,809811968,31168103,31168103
1715655733.9692736,809811968,1832,1832
1715655734.9705267,809811968,0,0
1715655735.971814,809811968,152,152
1715655736.97337,809811968,0,0
1715655737.9742613,809811968,0,0
1715655738.9746761,809811968,497,497
1715655739.9759152,809811968,0,0
1715655740.9774163,809811968,0,0
1715655741.9786448,809811968,0,0
1715655742.979061,809811968,0,0
1715655743.9804573,809811968,496,496
1715655744.9817004,809811968,0,0
1715655745.9826312,809811968,0,0
1715655746.9840322,809811968,0,0
1715655747.9852846,809811968,0,0
1715655748.9864798,809811968,496,496
1715655749.9877625,809811968,0,0
1715655750.9890077,809811968,319,319
1715655751.9902647,809811968,516,516
1715655752.990641,809811968,0,0
1715655753.9919355,809811968,1659,1659
1715655754.9932034,809811968,190,190
1715655755.9936101,809811968,631,631
1715655756.9950325,809811968,0,0
1715655757.9965203,809811968,630,630
1715655758.9978695,809811968,502,502
1715655759.9987986,809811968,476,476
1715655761.0003076,809811968,0,0
1715655762.0015442,809811968,155,155
1715655763.002573,819511296,31164776,31164776
1715655764.0038495,1132777472,4299,4299
1715655765.0052168,892157952,0,0
1715655766.016637,1025187840,302,302
1715655767.0179682,854597632,356,356
1715655768.0186532,829554688,0,0
1715655769.019994,908464128,504,504
