Timestamp,MemoryUsage,NetSent,NetRecv
1715655333.595283,512491520,0,0
1715655334.596881,520093696,28045,28045
1715655335.5984325,520093696,0,0
1715655336.5991113,520093696,312,312
1715655337.6005228,520093696,153,153
1715655338.6017811,520093696,349,349
1715655339.602668,520093696,156,156
1715655340.604048,520093696,0,0
1715655341.6052988,520093696,0,0
1715655342.6067622,520093696,0,0
1715655343.6081374,520093696,344,344
1715655344.6094496,520093696,152,152
1715655345.6106215,520093696,0,0
1715655346.6120036,520093696,0,0
1715655347.61337,520093696,0,0
1715655348.6147656,520093696,344,344
1715655349.6162739,520093696,152,152
1715655350.617552,520093696,0,0
1715655351.6187959,520093696,0,0
1715655352.619995,520093696,0,0
1715655353.6213481,520093696,344,344
1715655354.6225858,520093696,152,152
1715655355.6237538,520093696,272,272
1715655356.6249552,520093696,31175442,31175442
1715655357.626305,520093696,0,0
1715655358.627122,520093696,1368,1368
1715655359.6282167,520093696,1440,1440
1715655360.6293392,520093696,0,0
1715655361.6306036,520093696,2948,2948
1715655362.6318862,520093696,358,358
1715655363.6331716,520093696,850,850
1715655364.6349773,520093696,2237,2237
1715655365.6361518,520093696,0,0
1715655366.636689,520093696,1515,1515
1715655367.63805,520093696,727,727
1715655368.638607,520093696,713,713
1715655369.6400144,520093696,1905,1905
1715655370.6413136,520093696,193,193
1715655371.6427343,520093696,1329,1329
1715655372.6441402,520093696,725,725
1715655373.6453838,520093696,1857,1857
1715655374.646732,520093696,884,884
1715655375.647421,520093696,0,0
1715655376.6486385,520093696,1666,1666
1715655377.6499941,520093696,556,556
1715655378.6505885,520093696,1299,1299
1715655379.6520655,520093696,1484,1484
1715655380.6535006,520093696,0,0
1715655381.6546016,520093696,2237,2237
1715655382.655951,520093696,0,0
1715655383.6572106,520093696,1350,1350
1715655384.6585057,520093696,1856,1856
1715655385.6597757,520093696,196,196
1715655386.6610525,520093696,2107,2107
1715655387.6653485,520093696,0,0
1715655388.6666126,520093696,1070,1070
1715655389.6679964,520093696,1448,1448
1715655390.6693873,520093696,194,194
1715655391.670748,520093696,2040,2040
1715655392.672147,520093696,305,305
1715655393.6734383,520093696,1629,1629
1715655394.6748085,520093696,1169,1169
1715655395.6760998,520093696,193,193
1715655396.6774395,520093696,2346,2346
1715655397.6786923,520093696,0,0
1715655398.6799161,520093696,2025,2025
1715655399.6813376,520093696,773,773
1715655400.6827388,520093696,0,0
1715655401.6840627,520093696,10390165,10390165
1715655402.6852913,520093696,20784312,20784312
1715655403.6866975,520093696,357,357
1715655404.6878421,520093696,156,156
1715655405.6892278,520093696,0,0
1715655406.6904817,520093696,356,356
1715655407.691367,520093696,0,0
1715655408.692758,520093696,7016,7016
1715655409.6939857,520093696,3621,3621
1715655410.6947868,520093696,366,366
1715655411.6961088,520093696,52,52
1715655412.6975117,520093696,160,160
1715655413.6985695,520093696,352,352
1715655414.6999424,520093696,152,152
1715655415.7012115,520093696,0,0
1715655416.7026103,520093696,0,0
1715655417.7038572,520093696,0,0
1715655418.705264,520093696,344,344
1715655419.7066972,520093696,152,152
1715655420.7080896,520093696,0,0
1715655421.709323,520093696,0,0
1715655422.7106252,520093696,656,656
1715655423.711334,520093696,502,502
1715655424.7125564,520093696,0,0
1715655425.7139559,520093696,0,0
1715655426.7147634,520093696,0,0
1715655427.715988,520093696,0,0
1715655428.7174015,520093696,496,496
1715655429.718788,520093696,0,0
1715655430.7200122,520093696,31169597,31169597
1715655431.7206955,520093696,2775,2775
1715655432.720974,520093696,0,0
1715655433.721934,520093696,658,658
1715655434.7226367,520093696,0,0
1715655435.72393,520093696,0,0
1715655436.7252178,520093696,0,0
1715655437.72644,520093696,31170755,31170755
1715655438.7278605,520093696,3837,3837
1715655439.729161,520093696,52,52
1715655440.7304692,520093696,2647,2647
1715655441.731772,520093696,0,0
1715655442.7330472,520093696,357,357
1715655443.7344398,520093696,2541,2541
1715655444.7357328,520093696,0,0
1715655445.7365837,520093696,2429,2429
1715655446.7371793,520093696,0,0
1715655447.7384453,520093696,1092,1092
1715655448.7398105,520093696,1740,1740
1715655449.740453,520093696,52,52
1715655450.7417536,520093696,2226,2226
1715655451.7426887,520093696,0,0
1715655452.7439556,520093696,1091,1091
1715655453.7452831,520093696,1909,1909
1715655454.7466075,520093696,193,193
1715655455.7479308,520093696,1212,1212
1715655456.7492068,520093696,841,841
1715655457.7504818,520093696,782,782
1715655458.751749,520093696,1972,1972
1715655459.7530003,520093696,194,194
1715655460.7542543,520093696,1487,1487
1715655461.7547274,520093696,569,569
1715655462.7559905,520093696,951,951
1715655463.757376,520093696,2135,2135
1715655464.7587464,520224768,0,0
1715655465.7599823,520224768,2496,2496
1715655466.7610624,520224768,740,740
1715655467.7624092,520224768,197,197
1715655468.7637076,520224768,2686,2686
1715655469.7650049,520224768,0,0
1715655470.7662745,520224768,1728,1728
1715655471.7667832,520224768,1050,1050
1715655472.7681198,520224768,787,787
1715655473.7694001,520224768,2145,2145
1715655474.7706091,520224768,197,197
1715655475.7719102,520224768,1815,1815
1715655476.7732234,520224768,735,735
1715655477.7744992,520224768,952,952
1715655478.7756524,520224768,1859,1859
1715655479.7769437,520224768,189,189
1715655480.7782056,520224768,1281,1281
1715655481.7787888,520224768,1091,1091
1715655482.7801123,520224768,1087,1087
1715655483.7813282,520224768,31172483,31172483
1715655484.78275,520224768,1960,1960
1715655485.7839847,520224768,0,0
1715655486.7853763,520224768,645,645
1715655487.786767,520224768,0,0
1715655488.78801,520224768,509,509
1715655489.7892928,520224768,0,0
1715655490.79074,520224768,0,0
1715655491.792036,520224768,0,0
1715655492.7932913,520224768,0,0
1715655493.7946553,520224768,496,496
1715655494.795864,520224768,0,0
1715655495.797094,520224768,0,0
1715655496.7985184,520224768,0,0
1715655497.7999396,520224768,0,0
1715655498.8002594,520224768,600,600
1715655499.801701,520224768,0,0
1715655500.8027418,520224768,0,0
1715655501.8040197,520224768,0,0
1715655502.8052733,520224768,0,0
1715655503.8066251,520224768,496,496
1715655504.8079746,520224768,0,0
1715655505.8082516,520224768,0,0
1715655506.8094978,520224768,0,0
1715655507.810675,520224768,0,0
1715655508.8120337,520224768,496,496
1715655509.8134732,520224768,0,0
1715655510.8146915,520224768,0,0
1715655511.8155947,520224768,358,358
1715655512.817053,520224768,0,0
1715655513.822013,623525888,31168733,31168733
1715655514.822794,831459328,0,0
1715655515.8240757,810274816,303,303
1715655516.825332,867012608,0,0
1715655517.8266187,792150016,0,0
1715655518.8279352,957915136,499,499
1715655519.8291218,757841920,1683,1683
1715655520.8305368,757841920,31169587,31169587
1715655521.8310664,757841920,0,0
1715655522.832314,757841920,919,919
1715655523.8336112,757841920,1845,1845
1715655524.8347318,757841920,164,164
1715655525.8359833,757841920,2030,2030
1715655526.8373568,757841920,303,303
1715655527.838628,757841920,1489,1489
1715655528.8398676,757841920,1234,1234
1715655529.841108,757841920,821,821
1715655530.842432,757841920,924,924
1715655531.843655,757841920,909,909
1715655532.84497,757841920,1309,1309
1715655533.846227,757841920,677,677
1715655534.8466349,757841920,1377,1377
1715655535.8478818,757841920,726,726
1715655536.849316,757841920,1375,1375
1715655537.850611,757841920,651,651
1715655538.8518517,757841920,1297,1297
1715655539.8530877,757841920,1917,1917
1715655540.8544052,757841920,564,564
1715655541.8556464,757841920,745,745
1715655542.8561335,757841920,2571,2571
1715655543.8573565,757841920,1506,1506
1715655544.858182,757841920,2190,2190
1715655545.858752,757841920,1316,1316
1715655546.8600526,757841920,1219,1219
1715655547.8611512,757841920,1328,1328
1715655548.8619673,757841920,680,680
1715655549.8627434,757841920,1668,1668
1715655550.8641365,757841920,615,615
1715655551.8655603,757841920,180,180
1715655552.8667533,757841920,2439,2439
1715655553.868019,757841920,512,512
1715655554.8693721,757841920,1550,1550
1715655555.8707757,757841920,731,731
1715655556.8711243,757841920,175,175
1715655557.8725078,757841920,89189,89189
1715655558.8738637,757841920,1285,1285
1715655559.8746796,757841920,1523,1523
1715655560.8758092,757841920,738,738
1715655561.8770926,757841920,0,0
1715655562.878418,757841920,1686,1686
1715655563.879714,757841920,1082,1082
1715655564.8809593,757841920,844,844
1715655565.8823678,757841920,20777614,20777614
1715655566.8838172,757841920,10391050,10391050
1715655567.8849626,757841920,0,0
1715655568.8862052,757841920,508,508
1715655569.8870978,757841920,0,0
1715655570.8885005,757841920,0,0
1715655571.8897805,757841920,354,354
1715655572.8906486,757841920,0,0
1715655573.8909838,757841920,502,502
1715655574.892216,757841920,0,0
1715655575.8937902,757841920,0,0
1715655576.895042,757841920,0,0
1715655577.8963344,757841920,0,0
1715655578.8977244,757841920,600,600
1715655579.8987844,757841920,0,0
1715655580.9002008,757841920,0,0
1715655581.90145,757841920,0,0
1715655582.9026601,757841920,0,0
1715655583.9031801,757841920,496,496
1715655584.904428,757841920,0,0
1715655585.905809,757841920,0,0
1715655586.9073136,757841920,351,351
1715655587.9087152,757841920,0,0
1715655588.9101448,757841920,502,502
1715655589.9106603,757841920,0,0
1715655590.9119062,757841920,0,0
1715655591.9131992,757841920,0,0
1715655592.914637,757841920,0,0
1715655593.9160287,757841920,496,496
1715655594.9171555,757841920,0,0
1715655595.9183865,757841920,31166323,31166323
1715655596.9197104,757841920,3341,3341
1715655597.9209487,757841920,0,0
1715655598.9222374,757841920,614,614
1715655599.9226792,757841920,0,0
1715655600.9236958,757841920,0,0
1715655601.9250739,757841920,354,354
1715655602.926305,785367040,31169099,31169099
1715655603.9266636,1031675904,2029,2029
1715655604.9279392,814256128,189,189
1715655605.9293005,1179373568,2029,2029
1715655606.9305887,858320896,0,0
1715655607.931678,858533888,1499,1499
1715655608.9329927,1004011520,1666,1666
1715655609.9343352,889921536,0,0
1715655610.9346986,906547200,2592,2592
1715655611.9361372,864612352,242,242
1715655612.937527,858079232,1002,1002
1715655613.9387488,1220612096,2164,2164
1715655614.9391158,862978048,0,0
1715655615.9403403,814305280,2459,2459
1715655616.9417577,990449664,563,563
1715655617.942657,858116096,426,426
1715655618.9436069,860471296,3177,3177
1715655619.9450183,814374912,0,0
1715655620.946242,814600192,1117,1117
1715655621.9466288,972787712,1121,1121
1715655622.9480212,990576640,0,0
1715655623.9493637,925675520,2987,2987
1715655624.9506502,969547776,0,0
1715655625.9518814,814628864,951,951
1715655626.952651,973447168,1284,1284
1715655627.9539752,933711872,193,193
1715655628.9547234,858570752,2611,2611
1715655629.9560318,1047957504,0,0
1715655630.9572756,870907904,1231,1231
1715655631.9587157,855801856,1315,1315
1715655632.959991,933699584,786,786
1715655633.9612546,858292224,1473,1473
1715655634.961662,1009344512,565,565
1715655635.9627037,814116864,953,953
1715655636.9640138,938041344,1022,1022
1715655637.9653206,864468992,466,466
1715655638.9665852,839528448,1731,1731
1715655639.9678926,990838784,740,740
1715655640.9691737,814391296,939,939
1715655641.970491,1029644288,733,733
1715655642.9718623,864399360,1765,1765
1715655643.9731386,839544832,1027,1027
1715655644.9745014,1137557504,1776,1776
1715655645.975874,814366720,0,0
1715655646.9771612,814395392,1220,1220
1715655647.978466,931684352,1530,1530
1715655648.9804173,789721088,10391877,10391877
1715655649.9818208,810561536,20780582,20780582
1715655650.9826217,810561536,0,0
1715655651.9838595,810561536,304,304
1715655652.9852786,810561536,0,0
1715655653.986772,810561536,502,502
1715655654.9878645,810561536,0,0
1715655655.9892445,810561536,0,0
1715655656.9905362,810561536,0,0
1715655657.9920135,810561536,0,0
1715655658.9934883,810561536,496,496
1715655659.9948869,810561536,0,0
1715655660.9961634,810561536,0,0
1715655661.997437,810561536,354,354
1715655662.9987965,810561536,302,302
1715655664.0002158,810561536,502,502
1715655665.0014694,810561536,0,0
1715655666.0026476,810561536,0,0
1715655667.0041373,810561536,334,334
1715655668.0053978,810561536,0,0
1715655669.0066495,810561536,502,502
1715655670.0080807,810561536,0,0
1715655671.0094817,810561536,0,0
1715655672.0102067,810561536,0,0
1715655673.0106897,810561536,0,0
1715655674.0120935,810561536,600,600
1715655675.0129347,810561536,0,0
1715655676.0142128,810561536,0,0
1715655677.0149546,810561536,0,0
1715655678.0162199,810561536,0,0
1715655679.0174682,810561536,31169882,31169882
1715655680.0186586,810561536,2379,2379
1715655681.0199692,810561536,0,0
1715655682.0212748,810561536,468,468
1715655683.0225856,810561536,158,158
1715655684.0240173,810561536,612,612
1715655685.0252986,810561536,474,474
1715655686.026546,824979456,31171518,31171518
1715655687.027871,1193947136,989,989
1715655688.0291424,885862400,0,0
1715655689.0303926,850321408,2980,2980
1715655690.0316877,972894208,0,0
1715655691.032996,894271488,1478,1478
1715655692.0344477,1115459584,1034,1034
1715655693.0357182,849985536,0,0
1715655694.0371253,1030230016,2443,2443
1715655695.0384412,1022656512,0,0
1715655696.0399368,894304256,1359,1359
1715655697.04123,1043636224,727,727
1715655698.042538,850255872,166,166
1715655699.043769,850165760,2543,2543
1715655700.0450704,1026220032,0,0
1715655701.046336,913084416,924,924
1715655702.0466383,1049214976,1293,1293
1715655703.0479677,950796288,764,764
1715655704.0527194,850292736,1291,1291
1715655705.0540876,1209937920,731,731
1715655706.0546474,894496768,930,930
1715655707.055912,926306304,1597,1597
1715655708.057177,950706176,0,0
1715655709.058465,850509824,2039,2039
1715655710.0599582,1110278144,732,732
1715655711.0609338,900571136,765,765
1715655712.0623405,894353408,1281,1281
1715655713.0626593,969760768,563,563
1715655714.0640018,850243584,1611,1611
1715655715.0653822,1110396928,1171,1171
1715655716.0666192,875253760,0,0
1715655717.0670393,894222336,1658,1658
1715655718.0677257,1045098496,565,565
1715655719.0690181,925863936,1319,1319
1715655720.0703673,942657536,1461,1461
1715655721.0713942,1024053248,178,178
1715655722.0728097,875601920,1062,1062
1715655723.0737023,1110503424,1289,1289
1715655724.0747068,900354048,1325,1325
1715655725.0759606,850284544,914,914
1715655726.0773594,1085444096,567,567
1715655727.0776982,931766272,1501,1501
1715655728.0821476,1288359936,732,732
1715655729.083004,900345856,682,682
1715655730.0988011,850444288,1819,1819
1715655731.0998151,1026277376,0,0
1715655732.1010475,894275584,1502,1502
1715655733.1022565,835334144,31169113,31169113
1715655734.102632,835334144,539,539
1715655735.1040256,835334144,0,0
1715655736.1052287,835334144,152,152
1715655737.1062498,835334144,0,0
1715655738.107014,835334144,152,152
1715655739.1081681,835334144,345,345
1715655740.109517,835334144,0,0
1715655741.1106153,835334144,0,0
1715655742.111363,835334144,0,0
1715655743.1116872,835334144,152,152
1715655744.1129448,835334144,344,344
1715655745.1143057,835334144,0,0
1715655746.1150637,835334144,0,0
1715655747.1164293,835334144,0,0
1715655748.1167326,835334144,344,344
1715655749.1181035,835334144,152,152
1715655750.1188,835334144,0,0
1715655751.120003,835334144,476,476
1715655752.121332,835334144,359,359
1715655753.1224425,835334144,724,724
1715655754.123293,835334144,935,935
1715655755.124509,835334144,190,190
1715655756.1257734,835334144,631,631
1715655757.1266956,835334144,0,0
1715655758.1277618,835334144,980,980
1715655759.1290214,835334144,152,152
1715655760.1303983,835334144,476,476
1715655761.1316843,835334144,0,0
1715655762.1329675,835334144,155,155
1715655763.1333623,835334144,31166129,31166129
1715655764.13464,835334144,2946,2946
1715655765.1359355,835334144,0,0
1715655766.1365755,835334144,302,302
1715655767.137806,835334144,356,356
1715655768.1386144,835334144,297,297
1715655769.139933,835334144,207,207
