Timestamp,MemoryUsage,NetSent,NetRecv
1715652241.4735186,513175552,0,0
1715652242.474689,519729152,1352,1352
1715652243.4760928,519729152,0,0
1715652244.4774225,519729152,0,0
1715652245.4786875,519729152,0,0
1715652246.4800353,519729152,0,0
1715652247.4813101,519729152,0,0
1715652248.482862,519729152,0,0
1715652249.4842737,519729152,0,0
1715652250.4856384,519729152,0,0
1715652251.4867387,519729152,0,0
1715652252.4880009,519729152,0,0
1715652253.489261,519729152,0,0
1715652254.490725,519729152,0,0
1715652255.4920752,519729152,0,0
1715652256.493509,519729152,0,0
1715652257.4946837,519729152,0,0
1715652258.4960196,519729152,0,0
1715652259.4974792,519729152,0,0
1715652260.498713,519729152,0,0
1715652261.499996,519729152,0,0
1715652262.5012848,519729152,0,0
1715652263.502729,519729152,0,0
1715652264.5039983,519729152,0,0
1715652265.505434,519729152,0,0
1715652266.5066924,519729152,0,0
1715652267.5080035,519729152,0,0
1715652268.5094163,519729152,0,0
1715652269.510674,519729152,0,0
1715652270.511919,519729152,0,0
1715652271.5132003,519729152,0,0
1715652272.5146103,519729152,0,0
1715652273.5160186,519729152,0,0
1715652274.5174334,519729152,0,0
1715652275.5186746,519729152,0,0
1715652276.5200698,519729152,0,0
1715652277.5214882,519729152,0,0
1715652278.5229185,519729152,0,0
1715652279.5242434,519729152,0,0
1715652280.525672,519729152,0,0
1715652281.5269597,519729152,0,0
1715652282.5282102,519729152,0,0
1715652283.5295238,519729152,0,0
1715652284.5306256,519729152,0,0
1715652285.531918,519729152,0,0
1715652286.5332808,519729152,0,0
1715652287.5347726,519729152,0,0
1715652288.536176,519729152,0,0
1715652289.537548,519729152,0,0
1715652290.539093,519729152,0,0
1715652291.5404253,519729152,0,0
1715652292.5417519,519729152,0,0
1715652293.5428414,519729152,0,0
1715652294.5442133,519729152,0,0
1715652295.5454946,519729152,0,0
1715652296.546913,519729152,0,0
1715652297.5482433,519729152,0,0
1715652298.5498261,519729152,0,0
1715652299.550653,519729152,0,0
1715652300.5510163,519729152,0,0
1715652301.5524168,519729152,0,0
1715652302.5538497,519729152,0,0
1715652303.5553,519729152,0,0
1715652304.5567412,519729152,0,0
1715652305.5581958,519729152,0,0
1715652306.5587163,519729152,0,0
1715652307.5600176,519729152,0,0
1715652308.5612535,519729152,0,0
1715652309.5626307,519729152,0,0
1715652310.563891,519729152,0,0
1715652311.5653207,519729152,0,0
1715652312.5665874,519729152,0,0
1715652313.568005,519729152,0,0
1715652314.5694773,519729152,0,0
1715652315.5707357,519729152,0,0
1715652316.57203,519729152,0,0
1715652317.5734217,519729152,0,0
1715652318.5748305,519729152,0,0
1715652319.5760946,519729152,0,0
1715652320.5774932,519729152,0,0
1715652321.5788357,519729152,0,0
1715652322.580244,519729152,0,0
1715652323.58169,519729152,0,0
1715652324.5829623,519729152,0,0
1715652325.5842202,519729152,0,0
1715652326.585477,519729152,0,0
1715652327.586888,519729152,0,0
1715652328.5883112,519729152,0,0
1715652329.5897,519729152,0,0
1715652330.59078,519729152,0,0
1715652331.5920298,519729152,0,0
1715652332.5934072,519729152,0,0
1715652333.594619,519729152,0,0
1715652334.5960548,519729152,0,0
1715652335.5975037,519729152,0,0
1715652336.5988016,519729152,0,0
1715652337.6001482,519729152,0,0
1715652338.601516,519729152,0,0
1715652339.6028237,519729152,0,0
1715652340.604205,519729152,0,0
1715652341.6056092,519729152,0,0
1715652342.6070104,519729152,0,0
1715652343.6084697,519729152,0,0
1715652344.6098955,519729152,0,0
1715652345.6112173,519729152,0,0
1715652346.6125615,519729152,0,0
1715652347.6138368,519729152,0,0
1715652348.6148248,519729152,0,0
1715652349.6162455,519729152,0,0
1715652350.6175783,519729152,0,0
1715652351.6188974,519729152,0,0
1715652352.6202927,519729152,0,0
1715652353.6215887,519729152,10387621,10387621
1715652354.6226528,519729152,0,0
1715652355.6240838,519729152,0,0
1715652356.6255283,519729152,0,0
1715652357.626807,519729152,0,0
1715652358.628264,519729152,0,0
1715652359.6296768,519729152,0,0
1715652360.631071,519729152,0,0
1715652361.632512,519729152,0,0
1715652362.6340795,519729152,0,0
1715652363.6353695,519729152,0,0
1715652364.6366296,519729152,0,0
1715652365.6379914,519729152,0,0
1715652366.63959,519729152,0,0
1715652367.640836,519729152,0,0
1715652368.6423144,519729152,0,0
1715652369.6427987,519729152,0,0
1715652370.6442869,519729152,0,0
1715652371.645592,519729152,0,0
1715652372.6467824,519729152,0,0
1715652373.648224,519729152,0,0
1715652374.649478,519729152,0,0
1715652375.6508083,519729152,0,0
1715652376.6521761,519729152,0,0
1715652377.6531532,519729152,0,0
1715652378.6546834,519729152,0,0
1715652379.656054,519729152,0,0
1715652380.6574838,519729152,0,0
1715652381.6587505,519729152,0,0
1715652382.6601632,519729152,10387068,10387068
1715652383.6613894,519729152,0,0
1715652384.662688,519729152,0,0
1715652385.6640875,519729152,0,0
1715652386.665471,519729152,0,0
1715652387.6666236,519729152,0,0
1715652388.6679254,519729152,0,0
1715652389.6693382,519729152,0,0
1715652390.6706061,519729152,0,0
1715652391.6722312,519729152,0,0
1715652392.673646,519729152,0,0
1715652393.674824,519729152,0,0
1715652394.67636,519729152,0,0
1715652395.6777945,519729152,0,0
1715652396.679257,519729152,0,0
1715652397.6804876,519729152,10387500,10387500
1715652398.6819966,519729152,0,0
1715652399.6827555,519729152,0,0
1715652400.6841788,519729152,0,0
1715652401.6855695,519729152,0,0
1715652402.6866362,519729152,0,0
1715652403.6880462,519729152,0,0
1715652404.6894538,519729152,0,0
1715652405.6906776,519729152,0,0
1715652406.691979,519729152,0,0
1715652407.6932864,519729152,0,0
1715652408.6945703,519729152,0,0
1715652409.695969,519729152,0,0
1715652410.6972165,519729152,0,0
1715652411.6987176,519729152,0,0
1715652412.6999686,519729152,0,0
1715652413.7012331,519729152,0,0
1715652414.702498,519729152,0,0
1715652415.703792,519729152,0,0
1715652416.7052095,519729152,0,0
1715652417.7066207,519729152,0,0
1715652418.7080224,519729152,0,0
1715652419.709462,519729152,0,0
1715652420.710791,519729152,0,0
1715652421.7120986,519729152,0,0
1715652422.7134104,519729152,0,0
1715652423.714839,519729152,0,0
1715652424.7161994,519729152,0,0
1715652425.7175794,519729152,0,0
1715652426.7187195,519729152,0,0
1715652427.7199907,519729152,0,0
1715652428.7214148,519729152,0,0
1715652429.7226617,519729152,0,0
1715652430.7242057,519729152,0,0
1715652431.7255652,519729152,0,0
1715652432.7267685,519729152,0,0
1715652433.7282026,519729152,0,0
1715652434.729522,519729152,0,0
1715652435.7310116,519729152,0,0
1715652436.7324674,519729152,0,0
1715652437.7338557,519729152,0,0
1715652438.7347734,519729152,0,0
1715652439.736069,519729152,0,0
1715652440.7374737,519729152,0,0
1715652441.7387934,519729152,0,0
1715652442.7400467,519729152,0,0
1715652443.741436,519729152,0,0
1715652444.7426202,519729152,0,0
1715652445.7440317,519729152,0,0
1715652446.7452908,519729152,0,0
1715652447.746743,519729152,0,0
1715652448.7479932,519729152,0,0
1715652449.7492552,519729152,0,0
1715652450.7506711,519729152,0,0
1715652451.751999,519729152,216,216
1715652452.7533698,519729152,0,0
1715652453.7547464,519729152,0,0
1715652454.7561848,519729152,0,0
1715652455.7576382,519729152,0,0
1715652456.7589445,519729152,0,0
1715652457.760273,519729152,0,0
1715652458.7616901,519729152,0,0
1715652459.7627866,519729152,0,0
1715652460.7642105,519729152,0,0
1715652461.7654674,519729152,0,0
1715652462.7667198,519729152,0,0
1715652463.767965,519729152,0,0
1715652464.7694604,519729152,0,0
1715652465.7706249,519729152,0,0
1715652466.7719345,519729152,0,0
1715652467.7732372,519729152,0,0
1715652468.7745373,519729152,0,0
1715652469.7759411,519729152,0,0
1715652470.7774434,519729152,0,0
1715652471.7787998,519729152,0,0
1715652472.7801664,519729152,0,0
1715652473.7816768,519729152,0,0
1715652474.7831643,519729152,0,0
1715652475.7845557,519729152,0,0
1715652476.7859597,519729152,0,0
1715652477.7872765,519729152,0,0
1715652478.7886815,519729152,0,0
1715652479.7900329,519729152,0,0
1715652480.790636,519729152,0,0
1715652481.791929,519729152,0,0
1715652482.7931802,519729152,0,0
1715652483.7938645,519729152,0,0
1715652484.7951038,519729152,0,0
1715652485.796358,519729152,0,0
1715652486.7976103,519729152,0,0
1715652487.7990034,519729152,0,0
1715652488.8004017,519729152,0,0
1715652489.801674,519729152,0,0
1715652490.8027368,519729152,0,0
1715652491.8041575,519729152,0,0
1715652492.8056364,519729152,0,0
1715652493.8067238,519729152,0,0
1715652494.8080833,519729152,0,0
1715652495.8093925,519729152,0,0
1715652496.810741,519729152,0,0
1715652497.8120825,519729152,10388392,10388392
1715652498.8134913,519729152,0,0
1715652499.81492,519729152,0,0
1715652500.816206,519729152,0,0
1715652501.817626,519729152,0,0
1715652502.8187368,519729152,0,0
1715652503.8199887,519729152,0,0
1715652504.8214142,519729152,0,0
1715652505.8227804,519729152,0,0
1715652506.8241756,519729152,0,0
1715652507.825445,519729152,0,0
1715652508.8269436,519729152,0,0
1715652509.8282409,519729152,0,0
1715652510.829496,519729152,0,0
1715652511.8307862,519729152,0,0
1715652512.8321047,519729152,0,0
1715652513.8334439,519729152,0,0
1715652514.8347554,519729152,0,0
1715652515.8354433,519729152,0,0
1715652516.836877,519729152,0,0
1715652517.8383675,519729152,0,0
1715652518.8398533,519729152,0,0
1715652519.8411255,519729152,0,0
1715652520.8424141,519729152,0,0
1715652521.843711,519729152,0,0
1715652522.845288,519729152,0,0
1715652523.8466094,519729152,0,0
1715652524.8480222,519729152,0,0
1715652525.8493316,519729152,0,0
1715652526.85083,776675328,10389798,10389798
1715652527.8522506,1115193344,0,0
1715652528.8534968,769904640,0,0
1715652529.8549373,796704768,0,0
1715652530.8563268,770080768,0,0
1715652531.8577435,987242496,0,0
1715652532.859253,832897024,0,0
1715652533.8606617,950276096,0,0
1715652534.862112,981917696,0,0
1715652535.8625822,770428928,0,0
1715652536.8639958,838721536,0,0
1715652537.8654287,1117609984,0,0
1715652538.8666573,795389952,0,0
1715652539.8679667,831025152,0,0
1715652540.8695004,842031104,10387779,10387779
1715652541.8708165,1041436672,190,190
1715652542.872333,924033024,0,0
1715652543.8737216,974348288,0,0
1715652544.8751647,924061696,0,0
1715652545.8758917,1029558272,0,0
1715652546.877302,860794880,0,0
1715652547.8787487,1114853376,0,0
1715652548.880159,873734144,0,0
1715652549.881421,1117323264,0,0
1715652550.8827586,898650112,0,0
1715652551.8842163,1204379648,0,0
1715652552.8856773,904990720,0,0
1715652553.8869915,1276268544,0,0
1715652554.8883815,879869952,0,0
1715652555.8897126,1135902720,0,0
1715652556.8906374,873701376,0,0
1715652557.892085,886472704,0,0
1715652558.893304,842133504,0,0
1715652559.8947656,979128320,0,0
1715652560.896371,886218752,0,0
1715652561.8979442,924065792,0,0
1715652562.899311,880132096,0,0
1715652563.9007406,1089105920,0,0
1715652564.9020483,823791616,0,0
1715652565.903379,993431552,0,0
1715652566.9047716,958685184,0,0
1715652567.9062319,958009344,0,0
1715652568.907702,1045602304,0,0
1715652569.9091244,1013645312,0,0
1715652570.9105806,1041838080,0,0
1715652571.9118884,878407680,0,0
1715652572.9132738,1008394240,0,0
1715652573.914672,924536832,0,0
1715652574.916101,999788544,0,0
1715652575.9174795,919515136,0,0
1715652576.9188182,1100947456,0,0
1715652577.920229,873709568,0,0
1715652578.9216237,1114841088,0,0
1715652579.9229689,842272768,0,0
1715652580.92442,1200844800,0,0
1715652581.9258418,905203712,0,0
1715652582.9268107,1164292096,0,0
1715652583.9281425,842452992,0,0
1715652584.9297853,1108750336,0,0
1715652585.9313529,873771008,0,0
1715652586.932651,1286836224,0,0
1715652587.9339948,841949184,0,0
1715652588.9347935,873574400,0,0
1715652589.9360154,873750528,0,0
1715652590.9374819,913428480,0,0
1715652591.9386537,879964160,0,0
1715652592.9400845,1050574848,0,0
1715652593.941381,873725952,0,0
1715652594.9427583,955527168,0,0
1715652595.944049,880115712,0,0
1715652596.9453738,985104384,0,0
1715652597.9468222,946294784,0,0
1715652598.9483504,933605376,0,0
1715652599.9497688,976592896,0,0
1715652600.9507987,941621248,0,0
1715652601.9522307,997969920,0,0
1715652602.953662,955404288,0,0
1715652603.954873,1044512768,0,0
1715652604.9562953,938631168,0,0
1715652605.9576263,1035214848,0,0
1715652606.95893,848580608,0,0
1715652607.960238,1041637376,0,0
1715652608.9615793,923967488,0,0
1715652609.9630675,1031286784,0,0
1715652610.9646554,923963392,0,0
1715652611.9661126,1003114496,0,0
1715652612.9675539,828178432,0,0
1715652613.9689963,1098412032,0,0
1715652614.97034,873676800,0,0
1715652615.9718008,1231454208,0,0
1715652616.9731581,836067328,0,0
1715652617.9745958,1075281920,0,0
1715652618.9759903,908738560,0,0
1715652619.977398,1115074560,0,0
1715652620.978856,880066560,0,0
1715652621.9802134,1131810816,0,0
1715652622.9816303,873795584,0,0
1715652623.9830213,1315139584,0,0
1715652624.984492,880398336,0,0
1715652625.9858978,1145511936,0,0
1715652626.9866476,873734144,0,0
1715652627.988092,1192718336,0,0
1715652628.9893663,880062464,0,0
1715652629.9906826,1131757568,0,0
1715652630.991946,873885696,0,0
1715652631.9934115,946298880,0,0
1715652632.994727,823578624,0,0
1715652633.996133,990228480,0,0
1715652634.997361,905125888,0,0
1715652635.9986775,991285248,0,0
1715652636.999903,880111616,0,0
1715652638.001545,1006186496,0,0
1715652639.0028386,894447616,10390195,10390195
1715652640.00426,894447616,0,0
1715652641.0055454,894447616,0,0
1715652642.0066752,894447616,0,0
1715652643.0079722,894447616,0,0
1715652644.0092788,894447616,0,0
1715652645.0106168,894447616,0,0
1715652646.0119276,894447616,0,0
1715652647.013428,894447616,0,0
1715652648.0148976,894447616,0,0
1715652649.0163362,894447616,0,0
1715652650.0177155,894447616,0,0
1715652651.0187953,894447616,0,0
1715652652.020098,894447616,0,0
1715652653.0213675,894447616,0,0
1715652654.0226314,894447616,0,0
1715652655.0240276,894447616,0,0
1715652656.0253217,894447616,0,0
1715652657.0267603,894447616,0,0
1715652658.0280514,894447616,0,0
1715652659.0293667,894447616,0,0
1715652660.0306282,894447616,0,0
1715652661.0319097,894447616,0,0
1715652662.0332472,894447616,0,0
1715652663.034731,894447616,0,0
1715652664.0361326,894447616,0,0
1715652665.037619,894447616,0,0
1715652666.0386,894447616,0,0
1715652667.0400107,894447616,10387144,10387144
1715652668.041272,894447616,0,0
1715652669.0427003,894447616,0,0
1715652670.0441105,894447616,0,0
1715652671.0454798,894447616,0,0
1715652672.0468733,894447616,0,0
1715652673.048277,894447616,0,0
1715652674.0495324,894447616,0,0
1715652675.0506203,894447616,0,0
1715652676.0520387,894447616,0,0
1715652677.0536206,894447616,0,0
1715652678.0547893,894447616,0,0
1715652679.0562224,894447616,0,0
1715652680.057651,894447616,0,0
1715652681.0588868,894447616,299,299
1715652682.0601032,894447616,10390271,10390271
1715652683.0615418,894447616,0,0
1715652684.062606,894447616,0,0
1715652685.0639143,894447616,0,0
1715652686.0652,894447616,0,0
1715652687.0666633,894447616,0,0
1715652688.0679464,894447616,0,0
1715652689.0693834,894447616,0,0
1715652690.0706573,894447616,0,0
1715652691.071993,894447616,0,0
1715652692.073269,894447616,0,0
1715652693.0747187,894447616,0,0
1715652694.0761387,894447616,0,0
1715652695.0776372,894447616,0,0
1715652696.0790534,894447616,0,0
1715652697.0804665,894447616,0,0
1715652698.0818472,894447616,0,0
1715652699.0832274,894447616,0,0
1715652700.0846903,894447616,0,0
1715652701.0861204,894447616,0,0
1715652702.0875342,894447616,0,0
1715652703.0888534,894447616,0,0
1715652704.0902214,894447616,0,0
1715652705.0907917,894447616,0,0
1715652706.0921047,894447616,0,0
1715652707.0935488,894447616,0,0
1715652708.0948672,894447616,0,0
1715652709.0956266,894447616,0,0
1715652710.097003,894447616,0,0
1715652711.0978107,894447616,0,0
1715652712.0987933,894447616,0,0
1715652713.1000302,894447616,0,0
1715652714.1014512,894447616,0,0
1715652715.1026435,894447616,0,0
1715652716.1040926,894447616,0,0
1715652717.1053603,894447616,0,0
1715652718.1067479,894447616,0,0
1715652719.108018,894447616,0,0
1715652720.1093237,894447616,0,0
1715652721.110721,894447616,0,0
1715652722.1122305,894447616,0,0
1715652723.1135705,894447616,0,0
1715652724.1148732,894447616,0,0
1715652725.11621,894447616,0,0
1715652726.1176407,894447616,0,0
1715652727.1190345,894447616,0,0
1715652728.1203966,894447616,0,0
1715652729.1218967,894447616,0,0
1715652730.1228125,894447616,0,0
1715652731.1242669,894447616,0,0
1715652732.125759,894447616,0,0
1715652733.1272256,894447616,0,0
1715652734.1285336,894447616,0,0
1715652735.129931,894447616,0,0
1715652736.131211,894447616,0,0
1715652737.1325018,894447616,0,0
1715652738.1337547,894447616,0,0
1715652739.134792,894447616,0,0
1715652740.1360443,894447616,0,0
1715652741.137343,894447616,0,0
1715652742.1386049,894447616,0,0
1715652743.1399107,894447616,0,0
1715652744.1413136,894447616,0,0
1715652745.1426344,894447616,0,0
1715652746.1440256,894447616,0,0
1715652747.145283,894447616,0,0
1715652748.1467953,894447616,0,0
1715652749.1482525,894447616,0,0
1715652750.1495683,894447616,0,0
1715652751.150865,894447616,0,0
1715652752.1523314,894447616,0,0
1715652753.1538231,894447616,0,0
1715652754.154704,894447616,0,0
1715652755.1560695,894447616,0,0
1715652756.157489,894447616,0,0
1715652757.158728,894447616,0,0
1715652758.1601822,894447616,0,0
1715652759.1614468,894447616,0,0
1715652760.1630204,894447616,0,0
1715652761.164297,894447616,0,0
1715652762.1657097,894447616,0,0
1715652763.1669602,894447616,0,0
1715652764.1683006,894447616,0,0
1715652765.1695635,894447616,0,0
1715652766.1709347,894447616,0,0
1715652767.172248,894447616,0,0
1715652768.1738455,894447616,0,0
1715652769.1748674,894447616,0,0
1715652770.1762912,894447616,0,0
1715652771.1776485,894447616,0,0
1715652772.1790886,894447616,0,0
1715652773.1805735,894447616,0,0
1715652774.1820228,894447616,0,0
1715652775.1827712,894447616,0,0
1715652776.1842268,894447616,0,0
1715652777.1858077,894447616,0,0
1715652778.1868284,894447616,0,0
1715652779.188259,894447616,0,0
1715652780.1897285,894447616,0,0
1715652781.1910462,894447616,10388215,10388215
1715652782.1925337,894447616,0,0
1715652783.1939533,894447616,0,0
1715652784.1953871,894447616,0,0
1715652785.196824,894447616,0,0
1715652786.19808,894447616,0,0
1715652787.1988642,894447616,0,0
1715652788.2001843,894447616,0,0
1715652789.2016387,894447616,0,0
1715652790.2026258,894447616,0,0
1715652791.2041173,894447616,0,0
1715652792.2055676,894447616,0,0
1715652793.20696,894447616,0,0
1715652794.2082374,894447616,0,0
1715652795.2096345,894447616,0,0
1715652796.2111685,894447616,0,0
1715652797.2125702,894447616,0,0
1715652798.2140272,894447616,0,0
1715652799.2153325,894447616,0,0
1715652800.2167873,894447616,0,0
1715652801.2180467,894447616,0,0
1715652802.219458,894447616,0,0
1715652803.2209034,894447616,0,0
1715652804.222352,894447616,0,0
1715652805.2236078,894447616,0,0
1715652806.225063,894447616,0,0
1715652807.2265007,894447616,0,0
1715652808.2278075,894447616,0,0
1715652809.2290454,894447616,0,0
1715652810.2305243,894447616,10389837,10389837
1715652811.231783,894447616,0,0
1715652812.2331991,894447616,0,0
1715652813.234654,894447616,0,0
1715652814.2361038,894447616,0,0
1715652815.2375107,894447616,0,0
1715652816.238748,894447616,0,0
1715652817.240171,894447616,0,0
1715652818.2414749,894447616,0,0
1715652819.2428408,894447616,0,0
1715652820.244267,894447616,0,0
1715652821.2457108,894447616,0,0
1715652822.2470043,894447616,0,0
1715652823.2485924,894447616,0,0
1715652824.2500248,1004793856,10387372,10387372
1715652825.250593,931713024,0,0
1715652826.252212,1013411840,0,0
1715652827.253464,938016768,0,0
1715652828.25501,1082757120,0,0
1715652829.2563348,1057566720,0,0
1715652830.257694,1013420032,0,0
1715652831.258784,1046179840,0,0
1715652832.260221,931512320,0,0
1715652833.2616339,1062576128,0,0
1715652834.2627945,957743104,0,0
1715652835.2641075,1105444864,0,0
1715652836.265417,941944832,0,0
1715652837.266784,944279552,0,0
1715652838.2676444,981770240,0,0
1715652839.2690907,1204166656,0,0
1715652840.2704775,881135616,0,0
1715652841.2718441,1132744704,0,0
1715652842.2733967,931459072,0,0
1715652843.2748096,1344835584,0,0
1715652844.2762792,937787392,0,0
1715652845.276719,1198292992,0,0
1715652846.2779174,931512320,0,0
1715652847.2786338,1215078400,0,0
1715652848.280024,937693184,0,0
1715652849.2813897,1344749568,0,0
1715652850.282937,931352576,0,0
1715652851.2842395,1143488512,0,0
1715652852.285482,937738240,0,0
1715652853.286814,1029156864,0,0
1715652854.2880654,931332096,0,0
1715652855.289484,1026019328,0,0
1715652856.2905977,937787392,0,0
1715652857.2920299,1114910720,0,0
1715652858.2932725,931381248,0,0
1715652859.2948468,1088475136,0,0
1715652860.2962236,937697280,0,0
1715652861.2975607,1082691584,0,0
1715652862.298909,1002717184,0,0
1715652863.3003252,1055961088,0,0
1715652864.301643,1099325440,0,0
1715652865.3027217,1015734272,0,0
1715652866.3041008,1065930752,0,0
1715652867.3054712,938029056,0,0
1715652868.3068285,1105793024,0,0
1715652869.308264,881958912,0,0
1715652870.3097153,1058349056,0,0
1715652871.311273,931782656,0,0
1715652872.3127046,1305956352,0,0
1715652873.314225,900345856,0,0
1715652874.3156602,1252626432,0,0
1715652875.317136,931692544,0,0
1715652876.3184361,1175531520,0,0
1715652877.3189478,938004480,0,0
1715652878.320396,1259872256,0,0
1715652879.3217764,931700736,0,0
1715652880.3231277,1319755776,0,0
1715652881.3244295,937791488,0,0
1715652882.325845,1003794432,0,0
1715652883.3266044,931651584,0,0
1715652884.3279226,1104068608,0,0
1715652885.3291636,937840640,0,0
1715652886.330566,931610624,0,0
1715652887.3318455,931786752,0,0
1715652888.3332803,1056104448,0,0
1715652889.3345957,938233856,0,0
1715652890.3360536,1138171904,0,0
1715652891.337276,931565568,0,0
1715652892.3387177,1097150464,0,0
1715652893.3399403,937877504,0,0
1715652894.3412552,931479552,0,0
1715652895.3425825,1026093056,0,0
1715652896.344019,1075744768,0,0
1715652897.3454876,1073242112,0,0
1715652898.346674,967086080,0,0
1715652899.3479714,1092894720,0,0
1715652900.3494194,931516416,0,0
1715652901.350829,1077444608,0,0
1715652902.351468,931483648,0,0
1715652903.3529134,996069376,0,0
1715652904.3545852,981835776,0,0
1715652905.3560536,1186803712,0,0
1715652906.3574178,881332224,0,0
1715652907.358682,1248538624,0,0
1715652908.3602052,931426304,0,0
1715652909.3612268,1219145728,0,0
1715652910.3627906,937795584,0,0
1715652911.3642263,1248129024,0,0
1715652912.3656833,931651584,0,0
1715652913.3670485,1223118848,0,0
1715652914.3682864,937963520,0,0
1715652915.3695407,1024512000,0,0
1715652916.370621,931819520,0,0
1715652917.3720758,967528448,0,0
1715652918.3733537,938000384,0,0
1715652919.3748024,1022332928,0,0
1715652920.3760347,931594240,0,0
1715652921.377447,913756160,10388652,10388652
1715652922.3787696,913756160,0,0
1715652923.380175,913756160,0,0
1715652924.3815923,913756160,0,0
1715652925.3827662,913756160,0,0
1715652926.384289,913756160,0,0
1715652927.3856063,913756160,0,0
1715652928.3871114,913756160,0,0
1715652929.3884153,913756160,0,0
1715652930.3897378,913756160,0,0
1715652931.3905065,913756160,0,0
1715652932.391915,913756160,0,0
1715652933.3932207,913756160,0,0
1715652934.394722,913756160,0,0
1715652935.3959856,913756160,0,0
1715652936.397438,913756160,0,0
1715652937.3987277,913756160,0,0
1715652938.4000392,913756160,0,0
1715652939.4013422,913756160,0,0
1715652940.4028125,913756160,0,0
1715652941.4041395,913756160,0,0
1715652942.4056087,913756160,0,0
1715652943.406674,913756160,0,0
1715652944.4080915,913756160,0,0
1715652945.40941,913756160,0,0
1715652946.4108503,913756160,0,0
1715652947.4121497,913756160,0,0
1715652948.4134634,913756160,0,0
1715652949.4146085,914018304,10389473,10389473
1715652950.4161673,942206976,0,0
1715652951.417506,1240010752,0,0
1715652952.418921,1068908544,0,0
1715652953.4201872,891994112,0,0
1715652954.42159,1036718080,0,0
1715652955.4227343,1378635776,0,0
1715652956.4241693,973561856,0,0
1715652957.4257243,954925056,0,0
1715652958.427037,1068216320,0,0
1715652959.4284647,1357828096,0,0
1715652960.4296806,948674560,0,0
1715652961.4308505,923017216,0,0
1715652962.4322824,1101717504,0,0
1715652963.433828,915521536,0,0
