Timestamp,MemoryUsage,NetSent,NetRecv
1715654075.2074618,512794624,0,0
1715654076.2088242,520265728,6226,6226
1715654077.2101092,520265728,0,0
1715654078.210891,520265728,650,650
1715654079.2122777,520265728,156,156
1715654080.2136648,520265728,0,0
1715654081.214828,520265728,0,0
1715654082.2162254,520265728,0,0
1715654083.2176402,520265728,344,344
1715654084.218612,520265728,152,152
1715654085.219992,520265728,0,0
1715654086.2212899,520265728,353,353
1715654087.222659,520265728,0,0
1715654088.2240763,520265728,349,349
1715654089.225351,520265728,155,155
1715654090.226734,520265728,0,0
1715654091.2280052,520265728,0,0
1715654092.2294707,520265728,0,0
1715654093.230623,520265728,344,344
1715654094.232016,520265728,152,152
1715654095.2333853,520265728,0,0
1715654096.2346237,520265728,0,0
1715654097.2362044,586407936,20782084,20782084
1715654098.2376666,724951040,3174,3174
1715654099.238823,780275712,1401,1401
1715654100.2402995,755269632,1436,1436
1715654101.241608,726372352,1484,1484
1715654102.2428606,755658752,1799,1799
1715654103.2443397,805752832,2140,2140
1715654104.2457247,785715200,1544,1544
1715654105.2467625,966254592,1481,1481
1715654106.2480707,856547328,1502,1502
1715654107.2495577,1164500992,1492,1492
1715654108.2508,1024270336,2094,2094
1715654109.2522397,855977984,1895,1895
1715654110.2536252,868655104,1503,1503
1715654111.2547143,910368768,1497,1497
1715654112.2561915,949960704,1222,1222
1715654113.2576153,839094272,2132,2132
1715654114.2586935,851005440,1432,1432
1715654115.2600434,798076928,1502,1502
1715654116.261379,798982144,1509,1509
1715654117.2626877,704708608,1212,1212
1715654118.2640047,748445696,1836,1836
1715654119.2654195,773730304,1656,1656
1715654120.2666607,737873920,1223,1223
1715654121.2680235,763154432,1368,1368
1715654122.2695014,716636160,1335,1335
1715654123.2707334,760594432,2392,2392
1715654124.272006,754925568,1653,1653
1715654125.2735295,767553536,1502,1502
1715654126.2747393,765595648,1498,1498
1715654127.276316,755302400,1506,1506
1715654128.2777772,837021696,1905,1905
1715654129.278664,843227136,1657,1657
1715654130.2800894,933044224,1222,1222
1715654131.281393,855089152,1630,1630
1715654132.2826638,828760064,1999,1999
1715654133.284095,1031630848,1915,1915
1715654134.2854042,1183825920,1660,1660
1715654135.286701,841355264,812,812
1715654136.2880204,878596096,1259,1259
1715654137.2894065,928792576,1116,1116
1715654138.2907166,822349824,1807,1807
1715654139.2921538,807120896,1079,1079
1715654140.2935274,715833344,1020,1020
1715654141.2946603,752005120,1513,1513
1715654142.2957616,777158656,1505,1505
1715654143.2970006,719495168,5292,5292
1715654144.298248,763301888,6420,6420
1715654145.2986226,710537216,1678,1678
1715654146.2999897,735723520,1885,1885
1715654147.30134,756051968,1512,1512
1715654148.3028362,776978432,1875,1875
1715654149.3042426,742862848,1525,1525
1715654150.3056345,776519680,1514,1514
1715654151.3066938,755298304,1255,1255
1715654152.3079932,854110208,1248,1248
1715654153.3092775,866549760,1985,1985
1715654154.3106894,795811840,1662,1662
1715654155.3120933,856510464,1269,1269
1715654156.3134136,875270144,1500,1500
1715654157.3148253,785346560,1510,1510
1715654158.3161216,895680512,1868,1868
1715654159.3174906,852791296,1658,1658
1715654160.3188002,831434752,1232,1232
1715654161.3202455,805629952,1242,1242
1715654162.3216286,805638144,1548,1548
1715654163.3226647,1019154432,1749,1749
1715654164.324085,960417792,1408,1408
1715654165.3255434,1019580416,1533,1533
1715654166.32675,869785600,1576,1576
1715654167.3281317,1002524672,1900,1900
1715654168.329491,882999296,1943,1943
1715654169.3308177,767000576,1738,1738
1715654170.332244,835133440,1522,1522
1715654171.3336675,772497408,1518,1518
1715654172.3347387,843280384,10389668,10389668
1715654173.3361723,745779200,10393225,10393225
1715654174.337634,745779200,439,439
1715654175.338646,745779200,101,101
1715654176.340088,745779200,204,204
1715654177.3417451,745779200,0,0
1715654178.3426802,745779200,347,347
1715654179.343935,745779200,152,152
1715654180.3453846,745779200,0,0
1715654181.346814,745779200,0,0
1715654182.3481088,745779200,0,0
1715654183.3495357,745779200,344,344
1715654184.3506808,745779200,152,152
1715654185.352073,745779200,0,0
1715654186.353401,745779200,0,0
1715654187.354729,745779200,0,0
1715654188.356131,745779200,344,344
1715654189.3575754,745779200,152,152
1715654190.3586788,745779200,0,0
1715654191.3600326,745779200,0,0
1715654192.3613622,745779200,356,356
1715654193.3627024,745779200,347,347
1715654194.3640335,745779200,155,155
1715654195.3653784,745779200,0,0
1715654196.3666341,745779200,0,0
1715654197.3679945,745779200,0,0
1715654198.3692427,745779200,344,344
1715654199.3705251,745779200,152,152
1715654200.3718462,745779200,0,0
1715654201.373099,745779200,0,0
1715654202.3745623,745779200,0,0
1715654203.375886,893239296,20780728,20780728
1715654204.3773954,807129088,155,155
1715654205.378818,826028032,99,99
1715654206.3802717,851202048,408,408
1715654207.3815064,1023238144,0,0
1715654208.382647,1111961600,347,347
1715654209.383938,859762688,155,155
1715654210.3852963,937222144,0,0
1715654211.386593,938913792,0,0
1715654212.387878,870010880,0,0
1715654213.3892398,838561792,448,448
1715654214.3907118,1275269120,20779821,20779821
1715654215.3919308,1277444096,798,798
1715654216.393225,1263390720,1494,1494
1715654217.394641,1246633984,1429,1429
1715654218.3958397,1093697536,1844,1844
1715654219.397104,1286823936,1593,1593
1715654220.39854,1202282496,1542,1542
1715654221.3998647,1258795008,1476,1476
1715654222.4011848,1078845440,1502,1502
1715654223.4024627,1030254592,1902,1902
1715654224.4037864,1017266176,1633,1633
1715654225.405029,987807744,892,892
1715654226.406215,887541760,1472,1472
1715654227.4065423,862216192,1771,1771
1715654228.407754,887386112,2009,2009
1715654229.4089253,862367744,1219,1219
1715654230.4101396,887537664,1223,1223
1715654231.4106824,862388224,1060,1060
1715654232.4119456,887558144,1494,1494
1715654233.4132252,841568256,1841,1841
1715654234.4145672,887582720,1691,1691
1715654235.4158018,839102464,1492,1492
1715654236.4170597,856150016,1496,1496
1715654237.418348,830631936,1292,1292
1715654238.4191053,856195072,2021,2021
1715654239.420313,805879808,1504,1504
1715654240.4216325,851226624,1491,1491
1715654241.4226816,881266688,1671,1671
1715654242.4240084,815616000,1922,1922
1715654243.425336,887578624,1908,1908
1715654244.426655,862433280,1707,1707
1715654245.4279795,887808000,1489,1489
1715654246.428957,862687232,1495,1495
1715654247.4301875,850112512,1398,1398
1715654248.430621,862728192,1846,1846
1715654249.4319918,887898112,1704,1704
1715654250.4332833,862740480,1798,1798
1715654251.434512,887914496,1687,1687
1715654252.435745,862765056,1805,1805
1715654253.4369853,887934976,2172,2172
1715654254.4382575,862793728,1651,1651
1715654255.4398825,806273024,1488,1488
1715654256.4411242,862777344,1762,1762
1715654257.442573,939069440,1662,1662
1715654258.443994,973815808,1903,1903
1715654259.4453926,971325440,1935,1935
1715654260.4467344,929665024,1224,1224
1715654261.4480233,939892736,1775,1775
1715654262.449378,862580736,9956,9956
1715654263.4506686,887750656,6513,6513
1715654264.4520397,862736384,1884,1884
1715654265.453246,887816192,907,907
1715654266.4544466,862670848,1754,1754
1715654267.455801,873291776,1128,1128
1715654268.4570754,929800192,1513,1513
1715654269.4584177,1001226240,1789,1789
1715654270.459687,929918976,1231,1231
1715654271.461061,986542080,1686,1686
1715654272.462487,1015136256,1002,1002
1715654273.4638126,963096576,1869,1869
1715654274.4651597,997117952,1687,1687
1715654275.4665825,943927296,2220,2220
1715654276.4679198,1058242560,1505,1505
1715654277.469266,981299200,1839,1839
1715654278.4706302,1009238016,1409,1409
1715654279.4719853,864780288,1655,1655
1715654280.4733338,1085546496,1503,1503
1715654281.474708,907018240,1672,1672
1715654282.476069,1029869568,1283,1283
1715654283.4773808,873373696,1906,1906
1715654284.4786532,862785536,1379,1379
1715654285.4800282,887955456,2155,2155
1715654286.4813468,862924800,1497,1497
1715654287.4825902,888094720,1503,1503
1715654288.4838288,792068096,20778717,20778717
1715654289.4852126,792068096,156,156
1715654290.486482,792068096,152,152
1715654291.488006,792068096,0,0
1715654292.4893622,792068096,0,0
1715654293.4908319,792068096,345,345
1715654294.4915664,792068096,152,152
1715654295.4928324,792068096,0,0
1715654296.4943032,792068096,0,0
1715654297.4949112,792068096,0,0
1715654298.496156,792068096,344,344
1715654299.4976776,792068096,152,152
1715654300.498763,792068096,0,0
1715654301.5000253,792068096,0,0
1715654302.5013125,792068096,0,0
1715654303.502729,792068096,344,344
1715654304.5039551,792068096,152,152
1715654305.505389,792068096,0,0
1715654306.5066097,792068096,0,0
1715654307.5069737,792068096,0,0
1715654308.5084019,792068096,344,344
1715654309.5098164,792068096,152,152
1715654310.5105922,792068096,0,0
1715654311.511893,792068096,355,355
1715654312.5133066,792068096,0,0
1715654313.5147939,792068096,347,347
1715654314.5160692,792068096,155,155
1715654315.5174422,792068096,0,0
1715654316.5187824,792068096,0,0
1715654317.5200706,792068096,0,0
1715654318.5214598,792068096,20781483,20781483
1715654319.522722,792068096,155,155
1715654320.5239768,792068096,153,153
1715654321.5253108,792068096,152,152
1715654322.526745,792068096,0,0
1715654323.5280566,792068096,347,347
1715654324.5293326,792068096,152,152
1715654325.5306275,792068096,0,0
1715654326.5319479,792068096,352,352
1715654327.5333276,792068096,0,0
1715654328.5346951,792068096,347,347
1715654329.535939,792068096,1078,1078
1715654330.53722,971350016,20777160,20777160
1715654331.5384855,954478592,1189,1189
1715654332.539848,904052736,1486,1486
1715654333.5410957,1159159808,1897,1897
1715654334.5424855,1101361152,1966,1966
1715654335.543743,1192353792,1494,1494
1715654336.5450237,1111871488,1484,1484
1715654337.54631,1191333888,1480,1480
1715654338.5467098,1148387328,1881,1881
1715654339.5480194,1269121024,1636,1636
1715654340.5492687,1113935872,1494,1494
1715654341.5506082,1107361792,1774,1774
1715654342.5519803,1071190016,1786,1786
1715654343.553401,1280139264,1770,1770
1715654344.5547466,1050894336,1637,1637
1715654345.5560937,1107148800,1799,1799
1715654346.5573196,1069010944,1481,1481
1715654347.5587525,972967936,931,931
1715654348.560054,1017282560,2353,2353
1715654349.5614293,1042223104,1853,1853
1715654350.5627272,950153216,1490,1490
1715654351.5640693,952545280,942,942
1715654352.5648873,844419072,1771,1771
1715654353.566187,872574976,89391,89391
1715654354.566974,897708032,1822,1822
1715654355.5678496,872562688,1341,1341
1715654356.5692208,897794048,1522,1522
1715654357.5700324,872656896,1505,1505
1715654358.5707383,897826816,1970,1970
1715654359.5719879,872673280,1488,1488
1715654360.5732768,897712128,1672,1672
1715654361.574716,872587264,1512,1512
1715654362.576462,897839104,1498,1498
1715654363.5778184,872562688,2349,2349
1715654364.5790193,897732608,1724,1724
1715654365.580247,872591360,1515,1515
1715654366.5817137,897761280,1502,1502
1715654367.5825953,872615936,1516,1516
1715654368.5838869,897781760,1919,1919
1715654369.5851932,872505344,1666,1666
1715654370.586484,897675264,1504,1504
1715654371.5878353,872665088,1826,1826
1715654372.589104,860037120,1670,1670
1715654373.590218,872759296,1907,1907
1715654374.5906494,897794048,1657,1657
1715654375.592016,872648704,1339,1339
1715654376.5935183,897687552,1684,1684
1715654377.5947294,821817344,1562,1562
1715654378.5960765,897765376,2116,2116
1715654379.5975335,828702720,1667,1667
1715654380.5986712,866332672,1509,1509
1715654381.600065,866217984,1220,1220
1715654382.6013198,916688896,1508,1508
1715654383.6027815,916705280,1904,1904
1715654384.6041074,891547648,1350,1350
1715654385.6053996,908206080,1501,1501
1715654386.6066203,946511872,1816,1816
1715654387.607969,980983808,1508,1508
1715654388.6093128,1014423552,1849,1849
1715654389.6106944,961732608,1659,1659
1715654390.6116796,1009549312,1516,1516
1715654391.6130736,976306176,1805,1805
1715654392.6145678,872394752,1884,1884
1715654393.6159966,951615488,1866,1866
1715654394.6173913,1060007936,1943,1943
1715654395.6187336,1029623808,1507,1507
1715654396.6199687,1023422464,924,924
1715654397.621211,981041152,1501,1501
1715654398.622488,966778880,1909,1909
1715654399.623834,945688576,1607,1607
1715654400.625148,1274322944,1505,1505
1715654401.6264615,1050927104,1807,1807
1715654402.6277165,1136803840,1807,1807
1715654403.6289554,1083781120,1900,1900
1715654404.63016,811909120,20780769,20780769
1715654405.6314917,811909120,1929,1929
1715654406.6328297,811909120,0,0
1715654407.634193,811909120,498,498
1715654408.6356778,811909120,561,561
1715654409.636442,811909120,0,0
1715654410.6377683,811909120,0,0
1715654411.6385887,811909120,0,0
1715654412.6399195,811909120,0,0
1715654413.6411462,811909120,496,496
1715654414.6423583,811909120,0,0
1715654415.6427305,811909120,0,0
1715654416.6439588,811909120,0,0
1715654417.6452188,811909120,0,0
1715654418.6465538,811909120,496,496
1715654419.6477757,811909120,5660,5660
1715654420.6489906,811909120,5077,5077
1715654421.6504333,811909120,369,369
1715654422.6517878,811909120,0,0
1715654423.6530573,811909120,767,767
1715654424.6544092,811909120,216,216
1715654425.6556463,811909120,0,0
1715654426.6568782,811909120,0,0
1715654427.6581173,811909120,0,0
1715654428.6594763,811909120,600,600
1715654429.660755,811909120,0,0
1715654430.6619911,811909120,0,0
1715654431.6627529,811909120,356,356
1715654432.663993,811909120,0,0
1715654433.665329,811909120,502,502
1715654434.6665385,811909120,20777920,20777920
1715654435.6677904,811909120,1933,1933
1715654436.6691058,811909120,0,0
1715654437.6704476,811909120,305,305
1715654438.6718428,811909120,839,839
1715654439.6732335,811909120,157,157
1715654440.6746273,811909120,0,0
1715654441.6758862,811909120,630,630
1715654442.677207,811909120,0,0
1715654443.6785557,811909120,976,976
1715654444.6799421,811909120,0,0
1715654445.681224,897499136,20777508,20777508
1715654446.6829026,888860672,1744,1744
1715654447.690786,832241664,1487,1487
1715654448.6925566,888750080,1785,1785
1715654449.6938784,913920000,1841,1841
1715654450.6947308,888905728,1431,1431
1715654451.696101,913944576,1764,1764
1715654452.6974277,888799232,1156,1156
1715654453.698876,913973248,1885,1885
1715654454.700226,844779520,1816,1816
1715654455.7016027,905166848,1498,1498
1715654456.7027392,907718656,1717,1717
1715654457.7040412,932761600,1713,1713
1715654458.7054257,956366848,2006,2006
1715654459.7066638,888745984,1502,1502
1715654460.7080827,932798464,1217,1217
1715654461.7093644,999796736,1500,1500
1715654462.710649,983298048,1840,1840
1715654463.7120547,964321280,2064,2064
1715654464.7133136,884625408,1508,1508
1715654465.7147024,1039724544,1799,1799
1715654466.7161393,990568448,1500,1500
1715654467.7175333,1174245376,1788,1788
1715654468.7186658,1268363264,2065,2065
1715654469.7201047,1277956096,1502,1502
1715654470.7215555,1134305280,1294,1294
1715654471.722799,1102221312,1781,1781
1715654472.7240977,1019650048,1448,1448
1715654473.7254372,1123102720,2074,2074
1715654474.726865,966606848,1509,1509
1715654475.7283244,1075298304,1238,1238
1715654476.7296395,926928896,1225,1225
1715654477.730651,889028608,1505,1505
1715654478.7318902,914198528,2007,2007
1715654479.733234,888922112,1502,1502
1715654480.7345607,913833984,1509,1509
1715654481.7361436,888684544,1455,1455
1715654482.7375736,913956864,1518,1518
1715654483.7388022,888811520,1951,1951
1715654484.7401602,914112512,1452,1452
1715654485.7414575,868122624,1557,1557
1715654486.742882,882728960,1991,1991
1715654487.7441943,960335872,1508,1508
1715654488.745564,1020153856,2070,2070
1715654489.7467978,863182848,1240,1240
1715654490.748215,1022988288,1241,1241
1715654491.7495434,1167761408,1530,1530
1715654492.7507439,1163829248,1516,1516
1715654493.7521234,922529792,1376,1376
1715654494.7534482,1134366720,1459,1459
1715654495.7547553,1128099840,1522,1522
1715654496.7561283,1338634240,1515,1515
1715654497.7575436,1317797888,1514,1514
1715654498.7587235,1314672640,2067,2067
1715654499.7600172,1120256000,1515,1515
1715654500.7614055,1342091264,1996,1996
1715654501.7626925,1279037440,1521,1521
1715654502.7640896,1255727104,1523,1523
1715654503.765548,1127682048,2023,2023
1715654504.7667098,1323667456,1516,1516
1715654505.7681348,916566016,1509,1509
1715654506.769528,989347840,1817,1817
1715654507.7707083,1069297664,1522,1522
1715654508.7720919,1089568768,2084,2084
1715654509.7735403,1012633600,1777,1777
1715654510.7746956,983433216,1733,1733
1715654511.7759452,913989632,1243,1243
1715654512.777251,888713216,1663,1663
1715654513.7787352,913883136,2081,2081
1715654514.780032,888733696,1455,1455
1715654515.7812307,913903616,2174,2174
1715654516.7824566,888758272,1985,1985
1715654517.7839596,914014208,1581,1581
1715654518.785361,1023197184,10391495,10391495
1715654519.78673,931491840,1532,1532
1715654520.7880278,840040448,10390703,10390703
1715654521.789174,840040448,310,310
1715654522.7904296,840040448,457,457
1715654523.7918155,840040448,614,614
1715654524.7932408,840040448,0,0
1715654525.7945845,840040448,0,0
1715654526.7958627,840040448,0,0
1715654527.797248,840040448,0,0
1715654528.7985191,840040448,496,496
1715654529.7997208,840040448,0,0
1715654530.8010743,840040448,0,0
1715654531.8024547,840040448,0,0
1715654532.8036988,840040448,0,0
1715654533.8050814,840040448,496,496
1715654534.8062935,840040448,0,0
1715654535.8067157,840040448,0,0
1715654536.8080478,840040448,0,0
1715654537.8093123,840040448,0,0
1715654538.810536,840040448,496,496
1715654539.8119857,840040448,0,0
1715654540.8131957,840040448,0,0
1715654541.8144953,840040448,0,0
1715654542.8157613,840040448,0,0
1715654543.8170972,840040448,496,496
1715654544.8184688,840040448,0,0
1715654545.819813,840040448,0,0
1715654546.8212004,840040448,0,0
1715654547.822534,840040448,0,0
1715654548.823925,840040448,496,496
1715654549.8252175,840040448,0,0
1715654550.826605,840040448,20782669,20782669
1715654551.8278863,840040448,308,308
1715654552.829309,840040448,151,151
1715654553.8305328,840040448,505,505
1715654554.8317873,840040448,0,0
1715654555.8332202,840040448,0,0
1715654556.8344917,840040448,0,0
1715654557.8357491,840040448,0,0
1715654558.8371458,840040448,496,496
1715654559.8384333,840040448,0,0
1715654560.8396323,840040448,403,403
1715654561.8410363,936071168,20780707,20780707
1715654562.842313,889298944,1232,1232
1715654563.842747,1008189440,1227,1227
1715654564.844002,975196160,1533,1533
1715654565.845261,960643072,1284,1284
1715654566.8466475,997502976,1744,1744
1715654567.8479745,960659456,1479,1479
1715654568.8493905,1109164032,1486,1486
1715654569.850634,1139650560,1829,1829
1715654570.8519008,1008816128,1165,1165
1715654571.8533475,1112772608,1221,1221
1715654572.8547506,963026944,1225,1225
1715654573.8561285,895541248,1776,1776
1715654574.857458,893616128,1020,1020
1715654575.8588586,1174446080,1486,1486
1715654576.8594368,1151508480,1218,1218
1715654577.860729,1312751616,1222,1222
1715654578.8619993,1117851648,1776,1776
1715654579.8627217,1256865792,1556,1556
1715654580.863985,1097490432,1582,1582
1715654581.8654037,1165148160,2282,2282
1715654582.8667893,1140850688,1467,1467
1715654583.8681538,1144532992,2210,2210
1715654584.869543,1069690880,1218,1218
1715654585.870797,1113382912,1867,1867
1715654586.8720837,1065807872,1553,1553
1715654587.8734598,1022328832,1545,1545
1715654588.8747804,982355968,1772,1772
1715654589.8761368,920776704,1166,1166
1715654590.8775575,942276608,1402,1402
1715654591.8786826,847011840,1536,1536
1715654592.879887,889233408,914,914
1715654593.8810782,914403328,1738,1738
1715654594.8822925,889311232,1665,1665
1715654595.8825705,914399232,1135,1135
1715654596.8837774,920707072,960,960
1715654597.8849895,842403840,1231,1231
1715654598.8862116,923942912,1796,1796
1715654599.8865879,897261568,1227,1227
1715654600.8878157,922431488,1502,1502
1715654601.8891046,894455808,1502,1502
1715654602.8904333,919625728,1497,1497
1715654603.8916512,889434112,1959,1959
1715654604.8928845,914735104,1861,1861
1715654605.894121,889458688,1728,1728
1715654606.8946285,914628608,1386,1386
1715654607.8959544,889356288,1513,1513
1715654608.8972812,914493440,2327,2327
1715654609.8987703,908353536,1124,1124
1715654610.9001348,914587648,1601,1601
1715654611.901576,845398016,2280,2280
1715654612.9028103,909893632,920,920
1715654613.9042647,906506240,2069,2069
1715654614.905576,964857856,1517,1517
1715654615.9067786,903057408,1813,1813
1715654616.9080608,964943872,1509,1509
1715654617.9094741,910811136,1791,1791
1715654618.91075,1084125184,2067,2067
1715654619.9120717,1101185024,1509,1509
1715654620.9134943,1071525888,1509,1509
1715654621.9147904,1023836160,1517,1517
1715654622.9161952,942993408,922,922
1715654623.9174654,1268076544,2646,2646
1715654624.9187527,1069678592,1510,1510
1715654625.9201422,1046786048,4523,4523
1715654626.9215484,978751488,4490,4490
1715654627.922684,933285888,2478,2478
1715654628.9240584,1018789888,1524,1524
1715654629.9253504,966766592,1482,1482
1715654630.926686,889290752,1001,1001
1715654631.9280362,914591744,1802,1802
1715654632.929441,889446400,1230,1230
1715654633.9306731,914616320,2416,2416
1715654634.931964,889470976,1233,1233
1715654635.9332893,851771392,10392907,10392907
1715654636.934458,851771392,10390369,10390369
1715654637.9359503,851771392,0,0
1715654638.9371881,851771392,616,616
1715654639.9384503,851771392,0,0
1715654640.9398654,851771392,0,0
1715654641.9409485,851771392,357,357
1715654642.942263,851771392,303,303
1715654643.942801,851771392,6024,6024
1715654644.9442382,851771392,8478,8478
1715654645.9454727,851771392,1974,1974
1715654646.946864,851771392,0,0
1715654647.9482784,851771392,160,160
1715654648.9496305,851771392,507,507
1715654649.9507854,851771392,0,0
1715654650.9521816,851771392,0,0
1715654651.9535027,851771392,0,0
1715654652.9547405,851771392,486,486
1715654653.9561033,851771392,504,504
1715654654.9574816,851771392,87451,87451
1715654655.9586577,851771392,157,157
1715654656.9600081,851771392,330,330
1715654657.9613895,851771392,157,157
1715654658.9627929,851771392,505,505
1715654659.9640503,851771392,475,475
1715654660.965401,851771392,0,0
1715654661.96658,851771392,631,631
1715654662.9677966,851771392,0,0
1715654663.9691608,851771392,502,502
1715654664.9704747,851771392,0,0
1715654665.9716516,854654976,20776775,20776775
1715654666.973109,911486976,2163,2163
1715654667.9743464,861184000,153,153
1715654668.9747458,1018458112,354,354
1715654669.9762783,1026719744,0,0
1715654670.9775617,1198866432,0,0
1715654671.9786131,905400320,354,354
1715654672.9798748,1014448128,1548,1548
1715654673.9805372,870809600,1620,1620
1715654674.9818375,917610496,772,772
1715654675.982831,892461056,0,0
1715654676.9840932,903073792,1289,1289
