Timestamp,MemoryUsage,NetSent,NetRecv
1715654075.2294104,512983040,0,0
1715654076.2307055,520323072,4500,4500
1715654077.2319474,520323072,0,0
1715654078.233228,520323072,650,650
1715654079.2346492,520323072,156,156
1715654080.2359838,520323072,0,0
1715654081.2373517,520323072,0,0
1715654082.2385921,520323072,0,0
1715654083.2399783,520323072,344,344
1715654084.2412844,520323072,152,152
1715654085.2428665,520323072,0,0
1715654086.2442815,520323072,353,353
1715654087.2457297,520323072,0,0
1715654088.2467294,520323072,349,349
1715654089.2479708,520323072,155,155
1715654090.249426,520323072,0,0
1715654091.2507756,520323072,0,0
1715654092.2523272,520323072,0,0
1715654093.2536092,520323072,344,344
1715654094.2548554,520323072,152,152
1715654095.2561548,520323072,0,0
1715654096.2573962,520323072,0,0
1715654097.259132,593149952,20782277,20782277
1715654098.2605395,769159168,2981,2981
1715654099.2618499,738398208,1401,1401
1715654100.262812,770113536,1436,1436
1715654101.2640553,788869120,1484,1484
1715654102.265491,781815808,1799,1799
1715654103.2669067,777510912,2140,2140
1715654104.268329,789192704,1544,1544
1715654105.2696922,786464768,1481,1481
1715654106.270768,723050496,1502,1502
1715654107.2721603,772931584,1492,1492
1715654108.273495,756826112,2094,2094
1715654109.274736,756924416,1895,1895
1715654110.276241,725413888,1503,1503
1715654111.2776265,771559424,1497,1497
1715654112.2786887,766353408,1501,1501
1715654113.2799668,862990336,1905,1905
1715654114.2813435,847785984,1380,1380
1715654115.282761,904118272,1502,1502
1715654116.284104,924438528,1788,1788
1715654117.2854533,808992768,933,933
1715654118.2867184,1065897984,1836,1836
1715654119.287936,1085378560,1656,1656
1715654120.2891657,909631488,1223,1223
1715654121.2904394,1161854976,1368,1368
1715654122.2917323,1146765312,1335,1335
1715654123.2931902,1010466816,2392,2392
1715654124.2947235,811745280,1653,1653
1715654125.2962022,799535104,1502,1502
1715654126.2975628,998912000,1498,1498
1715654127.2988112,1107456000,1506,1506
1715654128.3003104,1135230976,1905,1905
1715654129.3017402,943017984,1657,1657
1715654130.3028202,894763008,1222,1222
1715654131.3042595,896425984,1630,1630
1715654132.3056214,906940416,1999,1999
1715654133.3068473,896446464,1915,1915
1715654134.3082275,839753728,1660,1660
1715654135.309664,930586624,812,812
1715654136.310688,1020895232,1259,1259
1715654137.311986,811442176,1355,1355
1715654138.3133814,864813056,1801,1801
1715654139.3148165,809897984,846,846
1715654140.316108,883425280,1020,1020
1715654141.317468,793133056,1820,1820
1715654142.3186593,732459008,1198,1198
1715654143.319978,766025728,5536,5536
1715654144.3211715,810180608,6176,6176
1715654145.3225825,696958976,1678,1678
1715654146.3238943,749408256,1885,1885
1715654147.3253584,749412352,1512,1512
1715654148.326665,744837120,1875,1875
1715654149.3280454,746172416,1525,1525
1715654150.329625,767918080,1514,1514
1715654151.330674,796995584,1255,1255
1715654152.3322146,762925056,1248,1248
1715654153.3336978,804798464,1985,1985
1715654154.3347545,862085120,1662,1662
1715654155.3360782,919367680,1269,1269
1715654156.33753,878428160,1500,1500
1715654157.338854,834387968,1510,1510
1715654158.3401918,803340288,1868,1868
1715654159.3414521,765046784,1658,1658
1715654160.3426948,822837248,1232,1232
1715654161.3440065,777572352,1242,1242
1715654162.345375,883757056,1548,1548
1715654163.3467088,816521216,1749,1749
1715654164.3480155,831148032,1408,1408
1715654165.3494208,889602048,1533,1533
1715654166.3508232,914878464,1576,1576
1715654167.3520808,923365376,1900,1900
1715654168.3526506,814309376,1943,1943
1715654169.35403,862396416,1738,1738
1715654170.3548045,922701824,1522,1522
1715654171.3561144,873021440,1518,1518
1715654172.3575869,755122176,10389720,10389720
1715654173.3587787,755122176,10393173,10393173
1715654174.3602881,755122176,439,439
1715654175.3616948,755122176,101,101
1715654176.3627546,755122176,204,204
1715654177.3642068,755122176,0,0
1715654178.3656404,755122176,347,347
1715654179.3666766,755122176,152,152
1715654180.3683023,755122176,0,0
1715654181.3697667,755122176,0,0
1715654182.3707373,755122176,0,0
1715654183.372208,755122176,344,344
1715654184.3736537,755122176,152,152
1715654185.3748026,755122176,0,0
1715654186.3760383,755122176,0,0
1715654187.3774583,755122176,0,0
1715654188.3787816,755122176,344,344
1715654189.3801115,755122176,152,152
1715654190.3814297,755122176,0,0
1715654191.3827639,755122176,0,0
1715654192.384054,755122176,356,356
1715654193.3853724,755122176,347,347
1715654194.3867364,755122176,155,155
1715654195.3879752,755122176,0,0
1715654196.38941,755122176,0,0
1715654197.3906844,755122176,0,0
1715654198.3919325,755122176,344,344
1715654199.3933988,755122176,152,152
1715654200.3947103,755122176,0,0
1715654201.3959525,755122176,0,0
1715654202.3973815,755122176,0,0
1715654203.3987963,755122176,20780728,20780728
1715654204.4002407,755122176,155,155
1715654205.4015994,755122176,151,151
1715654206.402775,755122176,356,356
1715654207.4040618,755122176,0,0
1715654208.4055445,755122176,347,347
1715654209.4067843,755122176,155,155
1715654210.4080858,755122176,0,0
1715654211.4095318,755122176,0,0
1715654212.4107664,755122176,0,0
1715654213.412186,755122176,448,448
1715654214.4135725,1067773952,20779821,20779821
1715654215.414766,1135689728,798,798
1715654216.4161294,1076981760,1494,1494
1715654217.41753,1103204352,1429,1429
1715654218.418784,918007808,1844,1844
1715654219.420071,834678784,1645,1645
1715654220.4214911,983494656,1490,1490
1715654221.4227445,1034887168,1728,1728
1715654222.4240358,875663360,1250,1250
1715654223.425348,932298752,1902,1902
1715654224.426741,843071488,1633,1633
1715654225.4282093,817061888,1195,1195
1715654226.429417,844341248,1169,1169
1715654227.4305747,882106368,1771,1771
1715654228.4318037,817106944,2009,2009
1715654229.4330068,842145792,1219,1219
1715654230.4342098,861052928,1223,1223
1715654231.434696,760545280,1222,1222
1715654232.4359055,842092544,1493,1493
1715654233.4375315,829382656,1680,1680
1715654234.4386678,829255680,1691,1691
1715654235.440185,827191296,1492,1492
1715654236.441449,760193024,1496,1496
1715654237.4433055,841867264,1481,1481
1715654238.4446404,860749824,1832,1832
1715654239.4459784,816844800,1504,1504
1715654240.4466817,842149888,1679,1679
1715654241.4479682,848453632,1483,1483
1715654242.4493315,781484032,1922,1922
1715654243.4505868,831590400,1908,1908
1715654244.4518278,816926720,1707,1707
1715654245.4530165,842100736,1655,1655
1715654246.454214,829390848,1490,1490
1715654247.4547546,961896448,1237,1237
1715654248.4560132,969183232,2201,2201
1715654249.4573884,978018304,1652,1652
1715654250.4586976,955396096,1495,1495
1715654251.46007,979140608,1940,1940
1715654252.461418,1056751616,1833,1833
1715654253.4627736,1017675776,1891,1891
1715654254.4641864,1029881856,1651,1651
1715654255.4655774,1102237696,1488,1488
1715654256.4667046,1079050240,1762,1762
1715654257.4681103,1133850624,1662,1662
1715654258.4689827,1043279872,1903,1903
1715654259.470447,1215660032,1935,1935
1715654260.4719336,1164931072,1224,1224
1715654261.4732494,1049354240,2049,2049
1715654262.4747486,1062711296,10050,10050
1715654263.476162,1100374016,6145,6145
1715654264.4774346,806391808,1884,1884
1715654265.4788024,883834880,1214,1214
1715654266.480265,970752000,1447,1447
1715654267.481796,915369984,1128,1128
1715654268.4828098,1007648768,1682,1682
1715654269.4842446,967135232,1620,1620
1715654270.485618,981176320,1461,1461
1715654271.486708,860991488,1456,1456
1715654272.4880865,917495808,1279,1279
1715654273.4891884,869650432,1939,1939
1715654274.4905574,1096421376,1340,1340
1715654275.491939,1168396288,2220,2220
1715654276.4931474,1228570624,1834,1834
1715654277.4946628,1016242176,1510,1510
1715654278.4959555,1200803840,1738,1738
1715654279.4973366,995299328,1551,1551
1715654280.498728,1088372736,1278,1278
1715654281.500111,1043382272,1724,1724
1715654282.5014906,1197285376,1231,1231
1715654283.50276,1063084032,2183,2183
1715654284.5040185,1077628928,1606,1606
1715654285.5053892,1051717632,1930,1930
1715654286.5066454,1243230208,1218,1218
1715654287.5080485,834179072,1503,1503
1715654288.5094817,757374976,20778717,20778717
1715654289.5107915,757374976,156,156
1715654290.5120256,757374976,152,152
1715654291.513325,757374976,0,0
1715654292.5147765,757374976,0,0
1715654293.5160618,757374976,345,345
1715654294.5176213,757374976,152,152
1715654295.5190253,757374976,0,0
1715654296.5204718,757374976,0,0
1715654297.5217724,757374976,0,0
1715654298.5227625,757374976,344,344
1715654299.5240989,757374976,152,152
1715654300.5253952,757374976,0,0
1715654301.5267427,757374976,0,0
1715654302.5283232,757374976,0,0
1715654303.5297296,757374976,344,344
1715654304.5305774,757374976,152,152
1715654305.5319757,757374976,0,0
1715654306.533221,757374976,0,0
1715654307.5344865,757374976,0,0
1715654308.5360417,757374976,344,344
1715654309.5374284,757374976,152,152
1715654310.5385833,757374976,0,0
1715654311.5398653,757374976,355,355
1715654312.5412812,757374976,0,0
1715654313.5425322,757374976,347,347
1715654314.5439079,757374976,155,155
1715654315.545357,757374976,0,0
1715654316.5462432,757374976,0,0
1715654317.546769,757374976,0,0
1715654318.5481238,937320448,20781483,20781483
1715654319.549573,828006400,155,155
1715654320.550643,859578368,153,153
1715654321.5520399,847142912,152,152
1715654322.5533867,978833408,0,0
1715654323.5547209,1136103424,347,347
1715654324.5560927,1301569536,152,152
1715654325.5574365,933470208,0,0
1715654326.5587618,954822656,352,352
1715654327.5600712,857174016,0,0
1715654328.561567,866070528,347,347
1715654329.5625558,896872448,1130,1130
1715654330.563933,896872448,20777108,20777108
1715654331.5652108,896872448,1189,1189
1715654332.5666397,896872448,1486,1486
1715654333.5680206,896872448,1897,1897
1715654334.5693154,896872448,1966,1966
1715654335.5707185,896872448,1494,1494
1715654336.5721643,896872448,1484,1484
1715654337.5735633,896872448,1480,1480
1715654338.5748048,896872448,1881,1881
1715654339.5762155,896872448,1636,1636
1715654340.5775187,896872448,1494,1494
1715654341.578723,896872448,1774,1774
1715654342.580107,896872448,1786,1786
1715654343.5815113,896872448,1770,1770
1715654344.5827243,896872448,1637,1637
1715654345.5840201,896872448,1799,1799
1715654346.5854046,896872448,1481,1481
1715654347.5868597,896872448,931,931
1715654348.5881822,896872448,2353,2353
1715654349.589625,896872448,1853,1853
1715654350.5907936,896872448,1490,1490
1715654351.5920854,896872448,1221,1221
1715654352.5935204,896872448,1492,1492
1715654353.5946574,896872448,89391,89391
1715654354.5960484,896872448,1822,1822
1715654355.597411,896872448,1341,1341
1715654356.5986054,896872448,1688,1688
1715654357.5999334,896872448,1504,1504
1715654358.6012113,896872448,1805,1805
1715654359.6025124,896872448,1657,1657
1715654360.6038873,896872448,1503,1503
1715654361.6051667,896872448,1512,1512
1715654362.606523,896872448,1498,1498
1715654363.6079388,896872448,2349,2349
1715654364.6093142,896872448,1724,1724
1715654365.6105967,896872448,1515,1515
1715654366.611936,896872448,1502,1502
1715654367.6133294,896872448,1516,1516
1715654368.6146472,896872448,1919,1919
1715654369.6160038,896872448,1666,1666
1715654370.6172707,896872448,1504,1504
1715654371.61856,896872448,1988,1988
1715654372.6198597,896872448,1508,1508
1715654373.6211312,896872448,1907,1907
1715654374.622487,896872448,1657,1657
1715654375.623804,896872448,1510,1510
1715654376.6251178,896872448,1513,1513
1715654377.6266217,896872448,1562,1562
1715654378.6279016,896872448,2272,2272
1715654379.6293597,896872448,1511,1511
1715654380.6307268,896872448,1509,1509
1715654381.632171,896872448,1500,1500
1715654382.6335661,896872448,1507,1507
1715654383.6348355,896872448,2061,2061
1715654384.6363187,896872448,1220,1220
1715654385.6376662,896872448,1502,1502
1715654386.6386383,896872448,1509,1509
1715654387.6399863,896872448,1508,1508
1715654388.6413636,896872448,2005,2005
1715654389.6426811,896872448,1503,1503
1715654390.6439946,896872448,1516,1516
1715654391.6454563,896872448,1805,1805
1715654392.6467235,896872448,2165,2165
1715654393.6481605,896872448,2023,2023
1715654394.64974,896872448,1505,1505
1715654395.650792,896872448,1507,1507
1715654396.6521845,896872448,1223,1223
1715654397.6534615,896872448,1502,1502
1715654398.6546981,896872448,1765,1765
1715654399.6559782,896872448,1451,1451
1715654400.6573622,896872448,1505,1505
1715654401.6586227,896872448,1807,1807
1715654402.6598825,896872448,1807,1807
1715654403.6612742,896872448,2056,2056
1715654404.6625278,896872448,20780613,20780613
1715654405.6639373,896872448,1929,1929
1715654406.6653092,896872448,0,0
1715654407.6667683,896872448,498,498
1715654408.6682158,896872448,561,561
1715654409.6696374,896872448,0,0
1715654410.6706684,896872448,0,0
1715654411.671877,896872448,0,0
1715654412.6733932,896872448,0,0
1715654413.6747837,896872448,496,496
1715654414.6760423,896872448,0,0
1715654415.677493,896872448,0,0
1715654416.6786258,896872448,0,0
1715654417.6798418,896872448,0,0
1715654418.6807022,896872448,496,496
1715654419.682049,896872448,6187,6187
1715654420.6825635,896872448,4550,4550
1715654421.6839726,896872448,369,369
1715654422.6853716,896872448,0,0
1715654423.6865792,896872448,983,983
1715654424.687756,896872448,0,0
1715654425.689174,896872448,0,0
1715654426.690415,896872448,0,0
1715654427.6918056,896872448,0,0
1715654428.6930974,896872448,600,600
1715654429.6943154,896872448,0,0
1715654430.6947463,896872448,0,0
1715654431.6961222,896872448,356,356
1715654432.6973557,896872448,0,0
1715654433.6986482,896872448,502,502
1715654434.700456,897134592,20778305,20778305
1715654435.7017102,911691776,1548,1548
1715654436.7026632,1033183232,0,0
1715654437.7039888,1261969408,305,305
1715654438.7054179,1083961344,839,839
1715654439.706759,905916416,157,157
1715654440.708033,892690432,0,0
1715654441.7092223,905281536,630,630
1715654442.7105305,981381120,0,0
1715654443.7119346,1219313664,976,976
1715654444.7132485,1056235520,0,0
1715654445.714827,920911872,20777791,20777791
1715654446.7161422,920911872,1461,1461
1715654447.717514,920911872,1840,1840
1715654448.7186847,920911872,1432,1432
1715654449.7200642,920911872,1841,1841
1715654450.7213607,920911872,1431,1431
1715654451.7227526,920911872,1764,1764
1715654452.7241695,920911872,1485,1485
1715654453.7254424,920911872,1608,1608
1715654454.7267065,920911872,1764,1764
1715654455.7280173,920911872,1498,1498
1715654456.7294195,920911872,1717,1717
1715654457.7307534,920911872,1713,1713
1715654458.7320838,920911872,2006,2006
1715654459.7334676,920911872,1502,1502
1715654460.7347984,920911872,1498,1498
1715654461.7361898,920911872,1521,1521
1715654462.7370155,920911872,1538,1538
1715654463.7383068,920911872,2375,2375
1715654464.7393503,920911872,1501,1501
1715654465.7408333,920911872,1495,1495
1715654466.7423224,920911872,1500,1500
1715654467.7426698,920911872,1788,1788
1715654468.7436078,920911872,2065,2065
1715654469.7446527,920911872,1502,1502
1715654470.7458973,920911872,1294,1294
1715654471.7472098,920911872,1781,1781
1715654472.7486362,920911872,1448,1448
1715654473.7500434,920911872,2074,2074
1715654474.7506785,920911872,1509,1509
1715654475.75208,920911872,1516,1516
1715654476.7534044,920911872,947,947
1715654477.7547302,920911872,1505,1505
1715654478.756012,920911872,2007,2007
1715654479.7572484,920911872,1502,1502
1715654480.7585828,920911872,1509,1509
1715654481.7599833,920911872,1455,1455
1715654482.7613857,920911872,1518,1518
1715654483.7626824,920911872,1951,1951
1715654484.764028,920911872,1504,1504
1715654485.765497,920911872,1505,1505
1715654486.7667758,920911872,1991,1991
1715654487.768081,920911872,1508,1508
1715654488.769499,920911872,2070,2070
1715654489.770769,920911872,1240,1240
1715654490.7722056,920911872,1241,1241
1715654491.7736242,920911872,1530,1530
1715654492.7748394,920911872,1516,1516
1715654493.7762856,920911872,1376,1376
1715654494.7776678,920911872,1459,1459
1715654495.7787764,920911872,1522,1522
1715654496.7800999,920911872,1515,1515
1715654497.7814193,920911872,1514,1514
1715654498.782747,920911872,2067,2067
1715654499.784193,920911872,1515,1515
1715654500.7856116,920911872,1996,1996
1715654501.786796,920911872,1521,1521
1715654502.788272,920911872,1523,1523
1715654503.7896972,920911872,2023,2023
1715654504.790739,920911872,1516,1516
1715654505.7915761,920911872,1509,1509
1715654506.793032,920911872,1817,1817
1715654507.7944927,920911872,1522,1522
1715654508.796003,920911872,2084,2084
1715654509.7974906,920911872,1777,1777
1715654510.7987134,920911872,1733,1733
1715654511.8000712,920911872,1243,1243
1715654512.8013458,920911872,1663,1663
1715654513.802595,920911872,2272,2272
1715654514.8038611,920911872,1450,1450
1715654515.8051262,920911872,1988,1988
1715654516.8064063,920911872,1985,1985
1715654517.8077369,920911872,1581,1581
1715654518.809039,920911872,10391495,10391495
1715654519.8105106,920911872,1532,1532
1715654520.8117719,920911872,10390703,10390703
1715654521.8132408,920911872,310,310
1715654522.8147426,920911872,457,457
1715654523.8161538,920911872,614,614
1715654524.8171456,920911872,0,0
1715654525.8186104,920911872,0,0
1715654526.820008,920911872,0,0
1715654527.8214297,920911872,0,0
1715654528.8227856,920911872,496,496
1715654529.8241792,920911872,0,0
1715654530.8255785,920911872,0,0
1715654531.826798,920911872,0,0
1715654532.8278575,920911872,0,0
1715654533.8291645,920911872,496,496
1715654534.8306124,920911872,0,0
1715654535.8318772,920911872,0,0
1715654536.8329751,920911872,0,0
1715654537.8340354,920911872,0,0
1715654538.8347926,920911872,496,496
1715654539.836157,920911872,0,0
1715654540.837545,920911872,0,0
1715654541.8386934,920911872,0,0
1715654542.8399475,920911872,0,0
1715654543.8413615,920911872,496,496
1715654544.8428035,920911872,0,0
1715654545.8440576,920911872,0,0
1715654546.8454711,920911872,0,0
1715654547.8468807,920911872,0,0
1715654548.8483067,920911872,496,496
1715654549.849718,920911872,0,0
1715654550.850788,1085890560,20782669,20782669
1715654551.8523586,991911936,308,308
1715654552.8536968,929222656,151,151
1715654553.854735,916533248,505,505
1715654554.8561625,896069632,0,0
1715654555.8575346,1210740736,0,0
1715654556.8587043,1049186304,0,0
1715654557.8600206,1067540480,0,0
1715654558.8613393,929267712,496,496
1715654559.8628118,1028382720,0,0
1715654560.8636253,901967872,403,403
1715654561.86504,901967872,20780707,20780707
1715654562.866347,901967872,1232,1232
1715654563.8667111,901967872,1227,1227
1715654564.8680067,901967872,1533,1533
1715654565.8694415,901967872,1284,1284
1715654566.870712,901967872,1744,1744
1715654567.872039,901967872,1479,1479
1715654568.8733501,901967872,1486,1486
1715654569.8746936,901967872,1829,1829
1715654570.876076,901967872,1165,1165
1715654571.8774245,901967872,1221,1221
1715654572.8788562,901967872,1225,1225
1715654573.880218,901967872,1776,1776
1715654574.8815436,901967872,1020,1020
1715654575.8828592,901967872,1486,1486
1715654576.8842301,901967872,1218,1218
1715654577.8856049,901967872,1222,1222
1715654578.8868618,901967872,1776,1776
1715654579.8883615,901967872,1608,1608
1715654580.889652,901967872,1530,1530
1715654581.8906279,901967872,2282,2282
1715654582.891912,901967872,1467,1467
1715654583.8933382,901967872,2210,2210
1715654584.8946922,901967872,1218,1218
1715654585.8960006,901967872,1919,1919
1715654586.8973906,901967872,1501,1501
1715654587.8987062,901967872,1545,1545
1715654588.9001215,901967872,1772,1772
1715654589.9006789,901967872,1330,1330
1715654590.9021106,901967872,1595,1595
1715654591.9027255,901967872,1179,1179
1715654592.904095,901967872,914,914
1715654593.905361,901967872,1738,1738
1715654594.9065933,901967872,1665,1665
1715654595.9078295,901967872,1135,1135
1715654596.9090574,901967872,960,960
1715654597.910303,901967872,1231,1231
1715654598.9106147,901967872,1796,1796
1715654599.9119747,901967872,1227,1227
1715654600.9133577,901967872,1502,1502
1715654601.9146745,901967872,1811,1811
1715654602.9160295,901967872,1188,1188
1715654603.9170237,901967872,1959,1959
1715654604.91833,901967872,1861,1861
1715654605.9186301,901967872,1728,1728
1715654606.919891,901967872,1554,1554
1715654607.921327,901967872,1345,1345
1715654608.9226708,901967872,2494,2494
1715654609.9241154,901967872,957,957
1715654610.9254682,901967872,1881,1881
1715654611.9267635,901967872,2000,2000
1715654612.9282806,901967872,920,920
1715654613.9296792,901967872,2069,2069
1715654614.9308093,901967872,1821,1821
1715654615.9321306,901967872,1790,1790
1715654616.9334886,901967872,1509,1509
1715654617.9348428,901967872,1510,1510
1715654618.936284,901967872,2067,2067
1715654619.937816,901967872,1509,1509
1715654620.938729,901967872,1509,1509
1715654621.9401698,901967872,1517,1517
1715654622.941602,901967872,1440,1440
1715654623.9427552,901967872,2415,2415
1715654624.944074,901967872,1223,1223
1715654625.9454124,901967872,4871,4871
1715654626.9466653,901967872,4639,4639
1715654627.948005,901967872,1981,1981
1715654628.9494364,901967872,1524,1524
1715654629.950665,901967872,1482,1482
1715654630.952002,901967872,1283,1283
1715654631.9532363,901967872,1520,1520
1715654632.954637,901967872,1512,1512
1715654633.9559538,901967872,2134,2134
1715654634.9572504,901967872,1233,1233
1715654635.958615,901967872,10393185,10393185
1715654636.9598007,901967872,10390091,10390091
1715654637.9612901,901967872,0,0
1715654638.9624338,901967872,616,616
1715654639.963656,901967872,0,0
1715654640.9652014,901967872,0,0
1715654641.96646,901967872,357,357
1715654642.9676886,901967872,303,303
1715654643.9689424,901967872,6373,6373
1715654644.9697137,901967872,8129,8129
1715654645.9705875,901967872,1974,1974
1715654646.9719033,901967872,0,0
1715654647.9727695,901967872,315,315
1715654648.9740112,901967872,352,352
1715654649.9753964,901967872,0,0
1715654650.9768295,901967872,0,0
1715654651.9780939,901967872,0,0
1715654652.9794843,901967872,643,643
1715654653.980925,901967872,347,347
1715654654.9823682,901967872,87451,87451
1715654655.983806,901967872,157,157
1715654656.9852796,901967872,330,330
1715654657.9867241,901967872,315,315
1715654658.9880219,901967872,347,347
1715654659.9892504,901967872,475,475
1715654660.99064,901967872,0,0
1715654661.992145,901967872,631,631
1715654662.993383,901967872,155,155
1715654663.9949129,901967872,347,347
1715654664.996219,901967872,0,0
1715654665.9974036,901967872,20776879,20776879
1715654666.9987643,901967872,2059,2059
1715654668.0000029,901967872,153,153
1715654669.0013337,901967872,354,354
1715654670.002748,901967872,0,0
1715654671.0041332,901967872,0,0
1715654672.0054028,901967872,354,354
1715654673.006759,901967872,1548,1548
1715654674.008165,901967872,1620,1620
1715654675.0094466,901967872,772,772
1715654676.0106273,901967872,0,0
1715654677.0119562,901967872,1767,1767
