Timestamp,MemoryUsage,NetSent,NetRecv
1715654074.794572,513282048,0,0
1715654075.7960505,520622080,11959,11959
1715654076.7975054,520622080,0,0
1715654077.798649,520622080,303,303
1715654078.7994094,520622080,503,503
1715654079.8006566,520622080,0,0
1715654080.801943,520622080,0,0
1715654081.8028014,520622080,0,0
1715654082.8042705,520622080,0,0
1715654083.805771,520622080,496,496
1715654084.806622,520622080,0,0
1715654085.8080285,520622080,0,0
1715654086.8092558,520622080,353,353
1715654087.81056,520622080,0,0
1715654088.811974,520622080,504,504
1715654089.813347,520622080,0,0
1715654090.814788,520622080,0,0
1715654091.8159893,520622080,0,0
1715654092.8174045,520622080,0,0
1715654093.8178308,520622080,496,496
1715654094.8186624,520622080,0,0
1715654095.8201547,520622080,0,0
1715654096.8213775,520622080,274,274
1715654097.822807,520622080,20784627,20784627
1715654098.824311,520622080,1758,1758
1715654099.8256853,520622080,1436,1436
1715654100.8266578,520622080,1484,1484
1715654101.8279314,520622080,1799,1799
1715654102.829306,520622080,1787,1787
1715654103.8307443,520622080,1897,1897
1715654104.8321574,520622080,1429,1429
1715654105.8334494,520622080,989,989
1715654106.834653,520622080,1494,1494
1715654107.8359444,520622080,1717,1717
1715654108.8367243,520622080,1824,1824
1715654109.8381393,520622080,1786,1786
1715654110.8388212,520622080,1502,1502
1715654111.8401742,520622080,1501,1501
1715654112.841555,520622080,1506,1506
1715654113.842783,520622080,2055,2055
1715654114.8441777,520622080,913,913
1715654115.8454618,520622080,1507,1507
1715654116.8467054,520622080,1503,1503
1715654117.8480844,520622080,1499,1499
1715654118.8494012,520622080,1990,1990
1715654119.8506927,520622080,1500,1500
1715654120.8520749,520622080,1093,1093
1715654121.8534896,520622080,1495,1495
1715654122.8547933,520622080,1748,1748
1715654123.8555446,520622080,2114,2114
1715654124.856938,520622080,1505,1505
1715654125.8583603,520622080,1499,1499
1715654126.8587584,520622080,1498,1498
1715654127.8601186,520622080,1510,1510
1715654128.8615334,520622080,1782,1782
1715654129.8628106,520622080,1777,1777
1715654130.8640873,520622080,659,659
1715654131.865438,520622080,2131,2131
1715654132.866783,520622080,1502,1502
1715654133.8681612,520622080,1898,1898
1715654134.8696496,520622080,1504,1504
1715654135.8708348,520622080,812,812
1715654136.872199,520622080,1259,1259
1715654137.8735511,520622080,1565,1565
1715654138.8747964,520622080,2079,2079
1715654139.8762305,520622080,1026,1026
1715654140.8777344,520622080,1504,1504
1715654141.8787143,520622080,1510,1510
1715654142.8801148,520622080,2527,2527
1715654143.8814452,520622080,7357,7357
1715654144.882804,520622080,3508,3508
1715654145.8842547,520622080,1745,1745
1715654146.8856392,520622080,1813,1813
1715654147.8867297,520622080,1517,1517
1715654148.8881602,520622080,2076,2076
1715654149.8895044,520622080,1514,1514
1715654150.8907318,520622080,1255,1255
1715654151.8920107,520622080,1248,1248
1715654152.8934228,520622080,1472,1472
1715654153.894711,520622080,1842,1842
1715654154.8960888,520622080,1256,1256
1715654155.8974345,520622080,1268,1268
1715654156.8987367,520622080,1229,1229
1715654157.9000092,520622080,1787,1787
1715654158.9012847,520622080,1456,1456
1715654159.9025953,520622080,1502,1502
1715654160.903879,520622080,1235,1235
1715654161.9051394,520622080,1549,1549
1715654162.9064443,520622080,1547,1547
1715654163.9067996,520622080,1600,1600
1715654164.9081664,520622080,1255,1255
1715654165.9094324,520622080,1530,1530
1715654166.9106627,520622080,1579,1579
1715654167.9119594,520622080,2263,2263
1715654168.913306,520622080,2095,2095
1715654169.9147322,520622080,1219,1219
1715654170.9161587,520622080,1823,1823
1715654171.9177449,520622080,1749,1749
1715654172.9186208,520622080,10389780,10389780
1715654173.9198837,520622080,10392657,10392657
1715654174.9213448,520622080,0,0
1715654175.922749,520622080,305,305
1715654176.9240026,520622080,0,0
1715654177.925315,520622080,153,153
1715654178.9267101,520622080,346,346
1715654179.927554,520622080,0,0
1715654180.9281,520622080,0,0
1715654181.9293633,520622080,0,0
1715654182.9306095,520622080,152,152
1715654183.9320104,520622080,344,344
1715654184.9333909,520622080,0,0
1715654185.9348366,520622080,0,0
1715654186.9362164,520622080,0,0
1715654187.9375167,520622080,152,152
1715654188.9387734,520622080,344,344
1715654189.9402099,520622080,0,0
1715654190.941622,520622080,0,0
1715654191.943011,520622080,356,356
1715654192.944463,520622080,152,152
1715654193.9457555,520622080,350,350
1715654194.9470398,520622080,0,0
1715654195.9482973,520622080,0,0
1715654196.9497058,520622080,0,0
1715654197.9510994,520622080,152,152
1715654198.9523432,520622080,344,344
1715654199.953692,520622080,0,0
1715654200.9550648,520622080,0,0
1715654201.9563076,520622080,0,0
1715654202.9576118,611205120,20779684,20779684
1715654203.958707,730681344,1199,1199
1715654204.9600708,914763776,0,0
1715654205.9613783,1113600000,507,507
1715654206.9627705,889966592,0,0
1715654207.9641688,850505728,152,152
1715654208.965496,781148160,350,350
1715654209.9665835,749600768,0,0
1715654210.9678385,780910592,0,0
1715654211.9683805,898338816,0,0
1715654212.969667,1087582208,152,152
1715654213.9706047,770891776,20777950,20777950
1715654214.9718552,770891776,2371,2371
1715654215.9732203,770891776,783,783
1715654216.9746714,770891776,1490,1490
1715654217.9760044,770891776,1589,1589
1715654218.9774132,770891776,1839,1839
1715654219.978666,770891776,1497,1497
1715654220.9799747,770891776,1298,1298
1715654221.9815123,770891776,1780,1780
1715654222.9827867,770891776,1928,1928
1715654223.9841974,770891776,1878,1878
1715654224.985554,770891776,1477,1477
1715654225.986695,770891776,1468,1468
1715654226.9880407,770891776,1768,1768
1715654227.9893866,770891776,1807,1807
1715654228.990692,770891776,1421,1421
1715654229.9920077,770891776,1223,1223
1715654230.9935155,770891776,1221,1221
1715654231.9947999,770891776,1491,1491
1715654232.9961283,770891776,1646,1646
1715654233.9974387,770891776,1883,1883
1715654234.9987202,770891776,1493,1493
1715654236.0000923,770891776,1498,1498
1715654237.000665,770891776,1483,1483
1715654238.0021074,770891776,1633,1633
1715654239.0027719,770891776,1892,1892
1715654240.0042183,770891776,1491,1491
1715654241.0056398,770891776,1485,1485
1715654242.0067337,770891776,1919,1919
1715654243.00805,770891776,1707,1707
1715654244.009485,770891776,1908,1908
1715654245.0106592,770891776,1488,1488
1715654246.0120184,770891776,1495,1495
1715654247.0133772,770891776,1233,1233
1715654248.0147,770891776,1648,1648
1715654249.0160916,770891776,1896,1896
1715654250.017417,770891776,1497,1497
1715654251.0187879,770891776,1496,1496
1715654252.0201342,770891776,1993,1993
1715654253.0215945,770891776,1649,1649
1715654254.022802,770891776,1899,1899
1715654255.024272,770891776,1490,1490
1715654256.025703,770891776,1490,1490
1715654257.0267782,770891776,1926,1926
1715654258.0280995,770891776,1661,1661
1715654259.0294404,770891776,1906,1906
1715654260.030712,770891776,1493,1493
1715654261.0322647,770891776,1503,1503
1715654262.033629,770891776,6833,6833
1715654263.0347483,770891776,9025,9025
1715654264.0361323,770891776,2701,2701
1715654265.0374956,770891776,1569,1569
1715654266.0387845,770891776,1748,1748
1715654267.0400972,770891776,1246,1246
1715654268.0415137,770891776,1009,1009
1715654269.0426815,770891776,1599,1599
1715654270.0440645,770891776,1285,1285
1715654271.0456247,770891776,1621,1621
1715654272.0468063,770891776,1292,1292
1715654273.0481374,770891776,1385,1385
1715654274.0495577,770891776,1642,1642
1715654275.0507176,770891776,1751,1751
1715654276.0521832,770891776,1984,1984
1715654277.0535376,770891776,1503,1503
1715654278.05475,770891776,1663,1663
1715654279.0561678,770891776,1741,1741
1715654280.057578,770891776,1447,1447
1715654281.0588372,770891776,1503,1503
1715654282.0601873,770891776,1447,1447
1715654283.061499,770891776,1851,1851
1715654284.062667,770891776,1910,1910
1715654285.0640843,770891776,1699,1699
1715654286.0655317,770891776,1767,1767
1715654287.0668077,770891776,1502,1502
1715654288.0680325,770891776,20778803,20778803
1715654289.0694942,770891776,1012,1012
1715654290.0706735,770891776,0,0
1715654291.0721335,770891776,152,152
1715654292.073534,770891776,0,0
1715654293.0747528,770891776,152,152
1715654294.0754228,770891776,345,345
1715654295.0766966,770891776,0,0
1715654296.0779305,770891776,0,0
1715654297.078819,770891776,0,0
1715654298.0802152,770891776,152,152
1715654299.0814762,770891776,344,344
1715654300.0826507,770891776,0,0
1715654301.084051,770891776,0,0
1715654302.0852957,770891776,0,0
1715654303.0868433,770891776,152,152
1715654304.0882688,770891776,344,344
1715654305.0895295,770891776,0,0
1715654306.0906596,770891776,0,0
1715654307.092079,770891776,0,0
1715654308.0934114,770891776,152,152
1715654309.0947325,770891776,344,344
1715654310.0960488,770891776,0,0
1715654311.097321,770891776,0,0
1715654312.0987682,770891776,355,355
1715654313.1001625,770891776,152,152
1715654314.101431,770891776,350,350
1715654315.1027913,770891776,0,0
1715654316.10422,770891776,0,0
1715654317.1056454,770891776,0,0
1715654318.1066291,770891776,20778708,20778708
1715654319.1080697,770891776,2930,2930
1715654320.1095614,770891776,0,0
1715654321.1107154,770891776,305,305
1715654322.1121078,770891776,0,0
1715654323.1134853,770891776,153,153
1715654324.114644,770891776,346,346
1715654325.1158912,770891776,0,0
1715654326.117472,770891776,352,352
1715654327.1187935,770891776,0,0
1715654328.1202047,770891776,295,295
1715654329.121806,770891776,621,621
1715654330.1227984,770891776,20777669,20777669
1715654331.1241412,770891776,669,669
1715654332.1254077,770891776,1174,1174
1715654333.1266222,770891776,2065,2065
1715654334.1278965,770891776,2027,2027
1715654335.1291676,770891776,1540,1540
1715654336.1304352,770891776,911,911
1715654337.1316857,770891776,1484,1484
1715654338.1329458,770891776,1779,1779
1715654339.134205,770891776,1735,1735
1715654340.1346438,770891776,1487,1487
1715654341.1359262,770891776,1324,1324
1715654342.137172,770891776,1933,1933
1715654343.1385264,770891776,1929,1929
1715654344.1398625,770891776,1627,1627
1715654345.1411846,770891776,1790,1790
1715654346.142572,770891776,1488,1488
1715654347.1439493,770891776,1478,1478
1715654348.1452565,770891776,1392,1392
1715654349.1465287,770891776,2213,2213
1715654350.148025,770891776,1538,1538
1715654351.1495137,770891776,1487,1487
1715654352.1506639,770891776,1496,1496
1715654353.1520839,770891776,1612,1612
1715654354.1534073,770891776,88963,88963
1715654355.154753,770891776,2228,2228
1715654356.1561127,770891776,1514,1514
1715654357.157388,770891776,1701,1701
1715654358.1587684,770891776,1808,1808
1715654359.1600559,770891776,1654,1654
1715654360.161388,770891776,1507,1507
1715654361.1626813,770891776,1504,1504
1715654362.1640117,770891776,1508,1508
1715654363.1653454,770891776,1854,1854
1715654364.1667361,770891776,2211,2211
1715654365.1681387,770891776,1769,1769
1715654366.1695616,770891776,1561,1561
1715654367.170659,770891776,1201,1201
1715654368.1719413,770891776,1872,1872
1715654369.173243,770891776,1717,1717
1715654370.1746197,770891776,1509,1509
1715654371.1759198,770891776,1500,1500
1715654372.1771684,770891776,1986,1986
1715654373.1785922,770891776,1869,1869
1715654374.1798866,770891776,1698,1698
1715654375.18128,770891776,1511,1511
1715654376.182675,770891776,1319,1319
1715654377.184114,770891776,1514,1514
1715654378.1856146,770891776,2286,2286
1715654379.186762,770891776,1714,1714
1715654380.188341,770891776,1511,1511
1715654381.189788,770891776,1503,1503
1715654382.19077,770891776,1505,1505
1715654383.1920474,770891776,1857,1857
1715654384.1934843,770891776,1709,1709
1715654385.1948335,770891776,1500,1500
1715654386.1962738,770891776,1816,1816
1715654387.197686,770891776,1507,1507
1715654388.1987834,770891776,1852,1852
1715654389.2001226,770891776,1658,1658
1715654390.20155,770891776,1517,1517
1715654391.2028053,770891776,1503,1503
1715654392.204213,770891776,1772,1772
1715654393.205715,770891776,1974,1974
1715654394.2066762,770891776,1390,1390
1715654395.2081196,770891776,1503,1503
1715654396.2095463,770891776,1225,1225
1715654397.2107208,770891776,1501,1501
1715654398.2119892,770891776,1855,1855
1715654399.2133746,770891776,1658,1658
1715654400.2147765,770891776,1506,1506
1715654401.2160797,770891776,1506,1506
1715654402.2174726,770891776,1633,1633
1715654403.218764,770891776,2160,2160
1715654404.2201715,770891776,10392157,10392157
1715654405.2215805,770891776,10391507,10391507
1715654406.2228162,770891776,0,0
1715654407.2243524,770891776,498,498
1715654408.2257633,770891776,406,406
1715654409.2267745,770891776,155,155
1715654410.2280338,770891776,0,0
1715654411.2294405,770891776,0,0
1715654412.2306824,770891776,0,0
1715654413.2321956,770891776,344,344
1715654414.2335064,770891776,152,152
1715654415.2346642,770891776,0,0
1715654416.2361906,770891776,0,0
1715654417.237455,770891776,0,0
1715654418.2386165,770891776,344,344
1715654419.240001,770891776,3698,3698
1715654420.2414503,770891776,5708,5708
1715654421.2426338,770891776,1700,1700
1715654422.2441232,770891776,152,152
1715654423.2455778,770891776,612,612
1715654424.2466261,770891776,371,371
1715654425.2480419,770891776,0,0
1715654426.2493567,770891776,0,0
1715654427.2503428,770891776,0,0
1715654428.2507079,770891776,448,448
1715654429.2519937,770891776,152,152
1715654430.2532325,770891776,0,0
1715654431.2546637,770891776,0,0
1715654432.2559562,770891776,356,356
1715654433.2573473,770891776,347,347
1715654434.2586653,770891776,155,155
1715654435.2600703,910553088,20779853,20779853
1715654436.2614028,924925952,0,0
1715654437.262736,802500608,305,305
1715654438.2639554,852811776,347,347
1715654439.2653413,902201344,649,649
1715654440.2668655,1129709568,0,0
1715654441.2677946,886005760,630,630
1715654442.2693162,864874496,0,0
1715654443.2707362,852389888,824,824
1715654444.272052,820944896,152,152
1715654445.2732553,818737152,1281,1281
1715654446.2747376,818737152,20777613,20777613
1715654447.2760441,818737152,1231,1231
1715654448.2774796,818737152,1896,1896
1715654449.2788947,818737152,1684,1684
1715654450.2803671,818737152,1442,1442
1715654451.282005,818737152,1483,1483
1715654452.2828078,818737152,1490,1490
1715654453.2842515,818737152,1890,1890
1715654454.2856364,818737152,1645,1645
1715654455.2867115,818737152,1487,1487
1715654456.2881439,818737152,1503,1503
1715654457.2896016,818737152,1932,1932
1715654458.2907834,818737152,1848,1848
1715654459.292165,818737152,1655,1655
1715654460.2930446,818737152,1504,1504
1715654461.2943258,818737152,1492,1492
1715654462.294722,818737152,1838,1838
1715654463.296163,818737152,2209,2209
1715654464.2975671,818737152,1667,1667
1715654465.2986553,818737152,1220,1220
1715654466.2999544,818737152,1502,1502
1715654467.3013284,818737152,1218,1218
1715654468.3027368,818737152,1861,1861
1715654469.3040564,818737152,1713,1713
1715654470.305469,818737152,1503,1503
1715654471.3067188,818737152,1123,1123
1715654472.3081794,818737152,1938,1938
1715654473.3095415,818737152,1647,1647
1715654474.31082,818737152,1718,1718
1715654475.3121612,818737152,1699,1699
1715654476.3134632,818737152,1326,1326
1715654477.3147469,818737152,1513,1513
1715654478.3161547,818737152,1856,1856
1715654479.317664,818737152,1653,1653
1715654480.3187752,818737152,1504,1504
1715654481.3201365,818737152,1510,1510
1715654482.321592,818737152,1508,1508
1715654483.3227372,818737152,1870,1870
1715654484.3242586,818737152,1717,1717
1715654485.325796,818737152,1503,1503
1715654486.326703,818737152,1884,1884
1715654487.3280492,818737152,1800,1800
1715654488.3293316,818737152,1640,1640
1715654489.3305867,818737152,1378,1378
1715654490.3318357,818737152,1234,1234
1715654491.3330789,818737152,1250,1250
1715654492.3343143,818737152,1522,1522
1715654493.334644,818737152,1723,1723
1715654494.3358593,818737152,1173,1173
1715654495.3370965,818737152,1463,1463
1715654496.33834,818737152,1519,1519
1715654497.3386574,818737152,1515,1515
1715654498.3396964,818737152,1862,1862
1715654499.34099,818737152,2024,2024
1715654500.3422906,818737152,2014,2014
1715654501.3427038,818737152,1781,1781
1715654502.3439972,818737152,1525,1525
1715654503.3453393,818737152,1867,1867
1715654504.3467386,818737152,1499,1499
1715654505.348074,818737152,1509,1509
1715654506.3494728,818737152,1816,1816
1715654507.3507183,818737152,1519,1519
1715654508.3520577,818737152,1924,1924
1715654509.3534775,818737152,1676,1676
1715654510.354843,818737152,1993,1993
1715654511.3562372,818737152,1521,1521
1715654512.3575144,818737152,1948,1948
1715654513.35869,818737152,1930,1930
1715654514.3599362,818737152,1454,1454
1715654515.361293,818737152,2145,2145
1715654516.3626997,818737152,1564,1564
1715654517.364085,818737152,1424,1424
1715654518.36539,818737152,10390928,10390928
1715654519.3666363,818737152,2417,2417
1715654520.3678875,818737152,1583,1583
1715654521.3691258,818737152,10389742,10389742
1715654522.370558,818737152,310,310
1715654523.3720214,818737152,915,915
1715654524.373468,818737152,156,156
1715654525.3749573,818737152,0,0
1715654526.3763764,818737152,0,0
1715654527.3776205,818737152,0,0
1715654528.3790004,818737152,344,344
1715654529.380464,818737152,152,152
1715654530.3817127,818737152,0,0
1715654531.383005,818737152,0,0
1715654532.3844106,818737152,0,0
1715654533.3856573,818737152,344,344
1715654534.386747,818737152,152,152
1715654535.3880618,818737152,0,0
1715654536.389372,818737152,0,0
1715654537.3908086,818737152,0,0
1715654538.3921962,818737152,344,344
1715654539.3934424,818737152,152,152
1715654540.3948045,818737152,0,0
1715654541.3961082,818737152,0,0
1715654542.3966887,818737152,0,0
1715654543.3979526,818737152,344,344
1715654544.398657,818737152,152,152
1715654545.400106,818737152,0,0
1715654546.401724,818737152,0,0
1715654547.4028,818737152,0,0
1715654548.4040968,818737152,344,344
1715654549.4054058,818737152,152,152
1715654550.406621,818737152,20782009,20782009
1715654551.4080112,818737152,660,660
1715654552.4094942,818737152,308,308
1715654553.4107075,818737152,501,501
1715654554.4121482,818737152,155,155
1715654555.4134488,818737152,0,0
1715654556.4146857,818737152,0,0
1715654557.416108,818737152,0,0
1715654558.4174287,818737152,344,344
1715654559.4188142,818737152,152,152
1715654560.420139,818737152,0,0
1715654561.421511,1046589440,20781058,20781058
1715654562.4227893,990810112,942,942
1715654563.4241126,1033535488,1414,1414
1715654564.4254065,987242496,1479,1479
1715654565.426792,1069948928,1201,1201
1715654566.4280884,1075302400,1761,1761
1715654567.4293926,1092964352,1479,1479
1715654568.4308057,1022074880,1605,1605
1715654569.431427,1014489088,1657,1657
1715654570.4321733,935313408,979,979
1715654571.4336116,895352832,865,865
1715654572.4347355,835850240,1225,1225
1715654573.4352994,935395328,1567,1567
1715654574.4365575,834478080,1431,1431
1715654575.4377801,866045952,1018,1018
1715654576.438613,834576384,1484,1484
1715654577.4399624,866013184,1224,1224
1715654578.441184,834297856,1568,1568
1715654579.4424126,865959936,1428,1428
1715654580.4430852,872005632,1441,1441
1715654581.4446168,865693696,1770,1770
1715654582.4460976,872120320,1857,1857
1715654583.4466622,866070528,2247,2247
1715654584.447973,832512000,1430,1430
1715654585.4494212,865792000,1487,1487
1715654586.45083,834207744,1650,1650
1715654587.4516006,865775616,1501,1501
1715654588.4529781,815579136,2230,2230
1715654589.4542441,864317440,1377,1377
1715654590.4546936,876371968,1919,1919
1715654591.4562857,865742848,1232,1232
1715654592.4576192,909791232,1226,1226
1715654593.458819,907034624,1577,1577
1715654594.4601667,891039744,1814,1814
1715654595.4615448,956440576,1292,1292
1715654596.4627721,903741440,807,807
1715654597.4641554,961757184,1234,1234
1715654598.4655674,885604352,1642,1642
1715654599.4667802,902365184,1381,1381
1715654600.4681458,966189056,1501,1501
1715654601.4694438,876507136,1500,1500
1715654602.4707778,886345728,1501,1501
1715654603.4721613,916082688,1805,1805
1715654604.4736297,916217856,1705,1705
1715654605.4748342,865996800,1499,1499
1715654606.476184,815669248,1508,1508
1715654607.477713,865980416,1499,1499
1715654608.4787035,815747072,1915,1915
1715654609.4802477,865927168,2133,2133
1715654610.4817138,852168704,1291,1291
1715654611.4829218,866172928,1505,1505
1715654612.4842598,916242432,2006,2006
1715654613.485562,875282432,1911,1911
1715654614.4867377,866111488,1397,1397
1715654615.4880433,866222080,1785,1785
1715654616.489402,815894528,1235,1235
1715654617.490687,866025472,1785,1785
1715654618.4920495,815697920,1635,1635
1715654619.4934423,866029568,1664,1664
1715654620.4947445,815759360,1511,1511
1715654621.496101,865677312,1226,1226
1715654622.4974215,876171264,1512,1512
1715654623.4988377,915611648,2245,2245
1715654624.5003738,890318848,1438,1438
1715654625.5016587,875962368,3799,3799
1715654626.5027983,815153152,4708,4708
1715654627.5043283,865714176,2889,2889
1715654628.5056624,815386624,1678,1678
1715654629.5068038,865779712,1457,1457
1715654630.508217,836030464,1523,1523
1715654631.509626,866013184,1515,1515
1715654632.5108554,891101184,1520,1520
1715654633.5120409,873345024,1819,1819
1715654634.513512,902098944,1830,1830
1715654635.514779,869916672,10393106,10393106
1715654636.5161915,869916672,10390834,10390834
1715654637.5174696,869916672,0,0
1715654638.5187886,869916672,460,460
1715654639.520136,869916672,156,156
1715654640.5213861,869916672,0,0
1715654641.522679,869916672,357,357
1715654642.524116,869916672,0,0
1715654643.5253851,869916672,1364,1364
1715654644.5267618,869916672,10674,10674
1715654645.528051,869916672,4589,4589
1715654646.529114,869916672,152,152
1715654647.530438,869916672,160,160
1715654648.5318656,869916672,352,352
1715654649.5332565,869916672,155,155
1715654650.5346963,869916672,0,0
1715654651.536117,869916672,0,0
1715654652.5375333,869916672,486,486
1715654653.5388734,869916672,352,352
1715654654.5401237,869916672,87446,87446
1715654655.5414288,869916672,314,314
1715654656.5427637,869916672,0,0
1715654657.5440238,869916672,487,487
1715654658.5453389,869916672,353,353
1715654659.5466406,869916672,627,627
1715654660.5478525,869916672,0,0
1715654661.549269,869916672,474,474
1715654662.550547,869916672,157,157
1715654663.5511837,869916672,350,350
1715654664.5525792,869916672,152,152
1715654665.5538633,869916672,0,0
1715654666.5547965,1213329408,20778938,20778938
1715654667.556257,1063923712,0,0
1715654668.5576751,1001254912,352,352
1715654669.5589476,1022238720,155,155
1715654670.5603275,860770304,0,0
1715654671.5615478,890269696,354,354
1715654672.562919,902737920,771,771
1715654673.5647333,909037568,1634,1634
1715654674.566022,1066733568,1535,1535
1715654675.566726,1153060864,0,0
1715654676.5681975,1230659584,309,309
