Timestamp,MemoryUsage,NetSent,NetRecv
1715654809.6000686,512348160,0,0
1715654810.6014647,520212480,6301,6301
1715654811.6026504,520212480,0,0
1715654812.6040454,520212480,310,310
1715654813.6053967,520212480,351,351
1715654814.6066735,520212480,155,155
1715654815.6079736,520212480,0,0
1715654816.6091576,520212480,0,0
1715654817.6105638,520212480,636,636
1715654818.6119642,520212480,347,347
1715654819.6132605,520212480,155,155
1715654820.614186,520212480,0,0
1715654821.615622,520212480,0,0
1715654822.6169863,520212480,0,0
1715654823.6176543,520212480,448,448
1715654824.6186614,520212480,152,152
1715654825.6199474,520212480,0,0
1715654826.6213732,520212480,0,0
1715654827.6226008,520212480,0,0
1715654828.623828,520212480,344,344
1715654829.6252725,520212480,152,152
1715654830.626498,520212480,20780412,20780412
1715654831.627776,520212480,4660,4660
1715654832.6291664,520212480,1256,1256
1715654833.630438,520212480,1190,1190
1715654834.6318145,520212480,952,952
1715654835.6333873,520212480,1489,1489
1715654836.6346989,520212480,1156,1156
1715654837.636001,520212480,1208,1208
1715654838.6373205,520212480,1411,1411
1715654839.6387348,520212480,1387,1387
1715654840.6400492,520212480,1222,1222
1715654841.6408021,520212480,1222,1222
1715654842.642238,520212480,1388,1388
1715654843.6428168,520212480,1745,1745
1715654844.6441972,520212480,956,956
1715654845.6455526,520212480,1232,1232
1715654846.6467083,520212480,1176,1176
1715654847.648141,520212480,801,801
1715654848.6495035,520212480,1632,1632
1715654849.6507854,520212480,1385,1385
1715654850.6520894,520212480,1233,1233
1715654851.6534758,520212480,1756,1756
1715654852.6546345,520212480,944,944
1715654853.6559753,520212480,1909,1909
1715654854.65722,520212480,1660,1660
1715654855.658523,520212480,1508,1508
1715654856.6597812,520212480,1514,1514
1715654857.661057,520212480,1943,1943
1715654858.662318,520212480,1864,1864
1715654859.662661,520212480,1260,1260
1715654860.6640024,520212480,1505,1505
1715654861.6652887,520212480,1342,1342
1715654862.6666496,520212480,1670,1670
1715654863.6680171,520212480,1735,1735
1715654864.6693215,520212480,1878,1878
1715654865.6706612,520212480,1337,1337
1715654866.6720388,520212480,1849,1849
1715654867.673373,520212480,1508,1508
1715654868.6746123,520212480,20780964,20780964
1715654869.6760478,520212480,1163,1163
1715654870.6765344,520212480,0,0
1715654871.6779373,520212480,310,310
1715654872.6792955,520212480,0,0
1715654873.680521,520212480,505,505
1715654874.6819897,520212480,0,0
1715654875.6828067,520212480,359,359
1715654876.6840513,520212480,0,0
1715654877.6853771,520212480,151,151
1715654878.6866179,520212480,500,500
1715654879.6880615,520212480,0,0
1715654880.689331,520212480,0,0
1715654881.6908312,520212480,354,354
1715654882.692117,520212480,302,302
1715654883.6933408,520212480,502,502
1715654884.6947722,520212480,0,0
1715654885.696059,520212480,0,0
1715654886.6974242,520212480,0,0
1715654887.6987996,520212480,0,0
1715654888.700042,520212480,600,600
1715654889.7012885,520212480,0,0
1715654890.7026906,520212480,0,0
1715654891.7040117,520212480,0,0
1715654892.7054222,520212480,0,0
1715654893.7067707,520212480,496,496
1715654894.708025,520212480,0,0
1715654895.7095244,520212480,0,0
1715654896.7107189,520212480,20783187,20783187
1715654897.7121713,520212480,0,0
1715654898.7134655,520212480,1526,1526
1715654899.714681,520212480,0,0
1715654900.7160716,520212480,309,309
1715654901.7173796,520212480,377,377
1715654902.7187338,520212480,20782350,20782350
1715654903.7200437,520212480,1790,1790
1715654904.721454,520212480,1548,1548
1715654905.7226593,520212480,1772,1772
1715654906.723962,520212480,1491,1491
1715654907.725488,520212480,1896,1896
1715654908.7267952,520212480,1758,1758
1715654909.7280614,520212480,1258,1258
1715654910.729693,520212480,1207,1207
1715654911.7305965,520212480,1338,1338
1715654912.7318463,520212480,951,951
1715654913.733082,520212480,1735,1735
1715654914.7343228,520212480,1226,1226
1715654915.7346249,520212480,1181,1181
1715654916.7358968,520212480,1237,1237
1715654917.737203,520212480,1187,1187
1715654918.7385843,520212480,2009,2009
1715654919.7398472,520212480,1285,1285
1715654920.7411242,520212480,1499,1499
1715654921.7424989,520212480,1765,1765
1715654922.7438931,520212480,1988,1988
1715654923.7452698,520212480,2197,2197
1715654924.7465096,520212480,1511,1511
1715654925.7478762,520212480,1509,1509
1715654926.749246,520212480,1805,1805
1715654927.7507558,520212480,1500,1500
1715654928.7520716,520212480,1965,1965
1715654929.75345,520212480,1500,1500
1715654930.7548132,520212480,1728,1728
1715654931.7562478,520212480,1551,1551
1715654932.7575262,520212480,1452,1452
1715654933.7587705,520212480,1824,1824
1715654934.7601984,520212480,1208,1208
1715654935.7615168,520212480,883,883
1715654936.7627883,520212480,1979,1979
1715654937.7642045,520212480,1239,1239
1715654938.7656462,520212480,1913,1913
1715654939.7668025,520212480,20780951,20780951
1715654940.7680907,520212480,0,0
1715654941.7693279,520212480,458,458
1715654942.7708812,520212480,302,302
1715654943.7722952,520212480,505,505
1715654944.7735524,520212480,0,0
1715654945.7747998,520212480,0,0
1715654946.7762616,520212480,335,335
1715654947.7775085,520212480,0,0
1715654948.7789304,520212480,502,502
1715654949.7802842,520212480,0,0
1715654950.7817087,520212480,0,0
1715654951.7829711,520212480,0,0
1715654952.7844002,520212480,3351,3351
1715654953.7856536,520212480,675,675
1715654954.7868555,520212480,0,0
1715654955.7882743,520212480,87971,87971
1715654956.7897205,520212480,157,157
1715654957.7907808,520212480,159,159
1715654958.7918494,520212480,613,613
1715654959.7930634,520212480,0,0
1715654960.79428,520212480,0,0
1715654961.7947752,520212480,0,0
1715654962.7962098,520212480,0,0
1715654963.7976203,520212480,600,600
1715654964.7987516,520212480,0,0
1715654965.8001575,520212480,0,0
1715654966.8014703,634437632,20781367,20781367
1715654967.8027494,773173248,1214,1214
1715654968.804166,821018624,508,508
1715654969.8053916,806285312,0,0
1715654970.8067744,1024126976,0,0
1715654971.8081028,839827456,352,352
1715654972.809518,660234240,20781155,20781155
1715654973.8106596,660234240,3021,3021
1715654974.8114948,660234240,1778,1778
1715654975.812814,660234240,1929,1929
1715654976.8142626,660234240,1327,1327
1715654977.8147643,660234240,1657,1657
1715654978.8161867,660234240,1738,1738
1715654979.8175821,660234240,1491,1491
1715654980.8187907,660234240,1492,1492
1715654981.8202217,660234240,1496,1496
1715654982.821728,660234240,1488,1488
1715654983.8230407,660234240,2010,2010
1715654984.8243804,660234240,1495,1495
1715654985.825786,660234240,1501,1501
1715654986.826789,660234240,1804,1804
1715654987.8281815,660234240,1503,1503
1715654988.829497,660234240,2055,2055
1715654989.8307788,660234240,1774,1774
1715654990.8322113,660234240,1719,1719
1715654991.833622,660234240,1505,1505
1715654992.834719,660234240,1509,1509
1715654993.8361301,660234240,1801,1801
1715654994.8376672,660234240,1192,1192
1715654995.8386698,660234240,1505,1505
1715654996.839939,660234240,1508,1508
1715654997.8413045,660234240,1508,1508
1715654998.842614,660234240,2065,2065
1715654999.8439214,660234240,951,951
1715655000.8452966,660234240,1242,1242
1715655001.8466089,660234240,1548,1548
1715655002.847851,660234240,1554,1554
1715655003.848524,660234240,1589,1589
1715655004.849842,660234240,1761,1761
1715655005.8509092,660234240,1570,1570
1715655006.8522537,660234240,1513,1513
1715655007.8536556,660234240,1516,1516
1715655008.8547142,660234240,1976,1976
1715655009.8555279,660234240,1765,1765
1715655010.856748,660234240,20778378,20778378
1715655011.8580954,660234240,1476,1476
1715655012.858821,660234240,0,0
1715655013.8600469,660234240,657,657
1715655014.8613946,660234240,0,0
1715655015.8626678,660234240,0,0
1715655016.8640602,660234240,0,0
1715655017.8652773,660234240,0,0
1715655018.8665671,660234240,496,496
1715655019.867166,660234240,216,216
1715655020.8684587,660234240,0,0
1715655021.869746,660234240,0,0
1715655022.8705976,660234240,0,0
1715655023.871968,660234240,600,600
1715655024.8734043,660234240,0,0
1715655025.8746858,660234240,0,0
1715655026.8761115,660234240,0,0
1715655027.8773427,660234240,0,0
1715655028.8777378,660234240,496,496
1715655029.87914,660234240,0,0
1715655030.8805556,660234240,0,0
1715655031.881781,660234240,358,358
1715655032.8830657,660234240,0,0
1715655033.8844614,660234240,502,502
1715655034.8858502,660234240,0,0
1715655035.8872879,660234240,0,0
1715655036.8885202,660234240,0,0
1715655037.889756,660234240,0,0
1715655038.8906004,660234240,20777147,20777147
1715655039.8919263,660234240,889,889
1715655040.893367,660234240,0,0
1715655041.894804,660234240,303,303
1715655042.89616,660234240,0,0
1715655043.8974545,660234240,502,502
1715655044.8987436,953049088,20778208,20778208
1715655045.9001591,880975872,987,987
1715655046.9016187,972701696,1509,1509
1715655047.9027593,810299392,1469,1469
1715655048.904162,808316928,1773,1773
1715655049.905441,989302784,1420,1420
1715655050.9066274,902893568,1184,1184
1715655051.9079423,860680192,1687,1687
1715655052.909232,934301696,1197,1197
1715655053.9107075,918589440,2143,2143
1715655054.9120126,897519616,1200,1200
1715655055.913424,781217792,1174,1174
1715655056.9147186,756342784,1482,1482
1715655057.9162054,767959040,1490,1490
1715655058.917585,812118016,2033,2033
1715655059.9186244,766259200,1486,1486
1715655060.9198456,745181184,1318,1318
1715655061.9211051,777592832,1746,1746
1715655062.922559,777400320,2107,2107
1715655063.923812,796278784,2003,2003
1715655064.9250863,755597312,1491,1491
1715655065.9263482,789352448,1523,1523
1715655066.926695,742973440,1477,1477
1715655067.928004,795353088,1490,1490
1715655068.9293158,757358592,1821,1821
1715655069.9306066,770740224,1657,1657
1715655070.931868,814858240,1483,1483
1715655071.9333124,760606720,1309,1309
1715655072.9346554,754479104,1659,1659
1715655073.9355063,766566400,1816,1816
1715655074.936764,811053056,1661,1661
1715655075.9381526,767815680,1491,1491
1715655076.938643,807153664,1493,1493
1715655077.9399335,753176576,1959,1959
1715655078.9412198,805556224,2001,2001
1715655079.942542,753156096,1492,1492
1715655080.9438114,805662720,1490,1490
1715655081.9447975,856539136,20781144,20781144
1715655082.9453068,856539136,1655,1655
1715655083.9466178,856539136,560,560
1715655084.947836,856539136,0,0
1715655085.9492686,856539136,0,0
1715655086.9506876,856539136,0,0
1715655087.9520707,856539136,0,0
1715655088.9534802,856539136,496,496
1715655089.9545913,856539136,0,0
1715655090.9558842,856539136,0,0
1715655091.9571986,856539136,540,540
1715655092.9586124,856539136,0,0
1715655093.9590466,856539136,502,502
1715655094.960272,856539136,0,0
1715655095.961568,856539136,0,0
1715655096.9629881,856539136,0,0
1715655097.9642951,856539136,0,0
1715655098.965729,856539136,496,496
1715655099.966784,856539136,0,0
1715655100.968028,856539136,0,0
1715655101.969408,856539136,0,0
1715655102.9706953,856539136,0,0
1715655103.9719772,856539136,496,496
1715655104.9734046,856539136,0,0
1715655105.9746118,856539136,0,0
1715655106.9759867,856539136,353,353
1715655107.9774036,856539136,0,0
1715655108.9788089,856539136,502,502
1715655109.9802403,856539136,20777144,20777144
1715655110.9816322,856539136,0,0
1715655111.982794,856539136,153,153
1715655112.9841943,856539136,152,152
1715655113.9854689,856539136,502,502
1715655114.986739,856539136,0,0
1715655115.9880369,856539136,20781050,20781050
1715655116.9894712,856539136,805,805
1715655117.9907532,856539136,789,789
1715655118.9921496,856539136,1760,1760
1715655119.9935043,856539136,1214,1214
1715655120.9947534,856539136,837,837
1715655121.9960847,856539136,1775,1775
1715655122.9973757,856539136,1659,1659
1715655123.99879,856539136,2028,2028
1715655125.0002317,856539136,1458,1458
1715655126.001517,856539136,1469,1469
1715655127.0027134,856539136,1767,1767
1715655128.0031323,856539136,1481,1481
1715655129.0044324,856539136,2030,2030
1715655130.0058317,856539136,1484,1484
1715655131.0068033,856539136,1479,1479
1715655132.0082128,856539136,1476,1476
1715655133.0096483,856539136,1219,1219
1715655134.0108101,856539136,1792,1792
1715655135.012094,856539136,1267,1267
1715655136.0134864,856539136,1224,1224
1715655137.014796,856539136,805,805
1715655138.0162435,856539136,1178,1178
1715655139.0176775,856539136,1578,1578
1715655140.0187554,856539136,1209,1209
1715655141.0201528,856539136,1223,1223
1715655142.021588,856539136,1285,1285
1715655143.0227525,856539136,1178,1178
1715655144.0232875,856539136,1992,1992
1715655145.0246701,856539136,346,346
1715655146.025998,856539136,1564,1564
1715655147.0267546,856539136,809,809
1715655148.028009,856539136,1220,1220
1715655149.0292966,856539136,1634,1634
1715655150.0307672,856539136,1276,1276
1715655151.0321705,856539136,949,949
1715655152.033514,856539136,1600,1600
1715655153.0346286,856539136,20780613,20780613
1715655154.0360904,856539136,409,409
1715655155.0373826,856539136,0,0
1715655156.0388176,856539136,0,0
1715655157.0402083,856539136,0,0
1715655158.0414436,856539136,152,152
1715655159.0428193,856539136,344,344
1715655160.0443091,856539136,0,0
1715655161.045571,856539136,0,0
1715655162.0468173,856539136,0,0
1715655163.0480494,856539136,152,152
1715655164.0492816,856539136,344,344
1715655165.0507684,856539136,0,0
1715655166.052088,856539136,0,0
1715655167.0536528,856539136,355,355
1715655168.0548232,856539136,152,152
1715655169.0560622,856539136,402,402
1715655170.057313,856539136,0,0
1715655171.058777,856539136,0,0
1715655172.060065,856539136,0,0
1715655173.0614605,856539136,152,152
1715655174.0627823,856539136,344,344
1715655175.064033,856539136,0,0
1715655176.065487,856539136,0,0
1715655177.0666878,856539136,0,0
1715655178.0680847,856539136,152,152
1715655179.0693967,856539136,344,344
1715655180.0708232,856539136,20777207,20777207
1715655181.0721767,856539136,0,0
1715655182.0736692,856539136,456,456
1715655183.074689,856539136,508,508
1715655184.0759976,856539136,404,404
1715655185.0774457,856539136,403,403
