Timestamp,MemoryUsage,NetSent,NetRecv
1715654809.4196618,511451136,0,0
1715654810.421132,518922240,14620,14620
1715654811.4223397,518922240,0,0
1715654812.4226727,518922240,310,310
1715654813.4240808,518922240,351,351
1715654814.425344,518922240,155,155
1715654815.4267573,518922240,0,0
1715654816.4281197,518922240,0,0
1715654817.429499,518922240,636,636
1715654818.4307406,518922240,347,347
1715654819.4319654,518922240,155,155
1715654820.433349,518922240,0,0
1715654821.4347498,518922240,0,0
1715654822.4359624,518922240,0,0
1715654823.4373353,518922240,448,448
1715654824.4387674,518922240,152,152
1715654825.4400673,518922240,0,0
1715654826.4414575,518922240,0,0
1715654827.4427917,518922240,0,0
1715654828.4442914,518922240,344,344
1715654829.4458065,518922240,152,152
1715654830.4465444,518922240,273,273
1715654831.4478302,874319872,20784799,20784799
1715654832.449067,812605440,1256,1256
1715654833.450581,1220853760,1190,1190
1715654834.4519472,1019678720,952,952
1715654835.453251,1112444928,1489,1489
1715654836.454569,1051365376,1156,1156
1715654837.4559855,973594624,1208,1208
1715654838.457486,977813504,1411,1411
1715654839.458779,1147891712,1387,1387
1715654840.4601772,982126592,1222,1222
1715654841.4608335,877834240,1222,1222
1715654842.4618087,757673984,353,353
1715654843.4626381,809701376,1904,1904
1715654844.4638302,757547008,1235,1235
1715654845.465192,733323264,953,953
1715654846.4664261,757583872,1231,1231
1715654847.4676702,720093184,1023,1023
1715654848.4690332,824754176,1306,1306
1715654849.470399,902348800,1746,1746
1715654850.4717228,956628992,1230,1230
1715654851.472975,854302720,1519,1519
1715654852.474419,895344640,1302,1302
1715654853.4758165,852729856,1908,1908
1715654854.4767299,901107712,1660,1660
1715654855.4780855,916832256,1505,1505
1715654856.4786825,961400832,1795,1795
1715654857.4799678,962060288,1785,1785
1715654858.4814262,1001435136,2024,2024
1715654859.4827714,946122752,1258,1258
1715654860.4842486,791207936,1504,1504
1715654861.4855793,781651968,1512,1512
1715654862.4867887,912265216,1503,1503
1715654863.4880822,820645888,1902,1902
1715654864.4894013,791293952,1543,1543
1715654865.4907832,1000886272,1672,1672
1715654866.4922798,1123442688,1849,1849
1715654867.4936745,791564288,1508,1508
1715654868.4946036,746778624,20779209,20779209
1715654869.4959896,746778624,2918,2918
1715654870.4974196,746778624,0,0
1715654871.4985876,746778624,310,310
1715654872.5001078,746778624,0,0
1715654873.501368,746778624,350,350
1715654874.5027757,746778624,155,155
1715654875.5040677,746778624,359,359
1715654876.5052693,746778624,0,0
1715654877.5067186,746778624,0,0
1715654878.5080166,746778624,496,496
1715654879.5094454,746778624,155,155
1715654880.5107784,746778624,0,0
1715654881.5115075,746778624,0,0
1715654882.5127645,746778624,354,354
1715654883.5141582,746778624,649,649
1715654884.5154805,746778624,155,155
1715654885.5168796,746778624,0,0
1715654886.5182853,746778624,0,0
1715654887.5185869,746778624,0,0
1715654888.5196517,746778624,448,448
1715654889.5209453,746778624,152,152
1715654890.522481,746778624,0,0
1715654891.5229177,746778624,0,0
1715654892.5241714,746778624,0,0
1715654893.5247087,746778624,344,344
1715654894.5258286,746778624,152,152
1715654895.5271199,746778624,0,0
1715654896.5284388,746778624,20783187,20783187
1715654897.5298557,746778624,0,0
1715654898.5308926,746778624,1371,1371
1715654899.5315099,746778624,155,155
1715654900.5328333,746778624,309,309
1715654901.5342987,746778624,0,0
1715654902.5346565,746778624,20781600,20781600
1715654903.5360096,746778624,2362,2362
1715654904.5373993,746778624,1819,1819
1715654905.5387328,746778624,1496,1496
1715654906.539976,746778624,1492,1492
1715654907.5413597,746778624,1797,1797
1715654908.5425625,746778624,1760,1760
1715654909.5439065,746778624,1170,1170
1715654910.545166,746778624,1483,1483
1715654911.5466263,746778624,1299,1299
1715654912.5480692,746778624,1106,1106
1715654913.5494227,746778624,1580,1580
1715654914.550833,746778624,1379,1379
1715654915.5512643,746778624,1177,1177
1715654916.552591,746778624,1233,1233
1715654917.554003,746778624,1188,1188
1715654918.554706,746778624,1861,1861
1715654919.5555158,746778624,1625,1625
1715654920.5568569,746778624,1501,1501
1715654921.558227,746778624,1452,1452
1715654922.558644,746778624,1937,1937
1715654923.5599868,746778624,1915,1915
1715654924.561321,746778624,1566,1566
1715654925.562713,746778624,1506,1506
1715654926.563994,746778624,1984,1984
1715654927.565234,746778624,1499,1499
1715654928.5664825,746778624,1859,1859
1715654929.5677066,746778624,1600,1600
1715654930.5689204,746778624,1501,1501
1715654931.5701382,746778624,1498,1498
1715654932.5705905,746778624,1504,1504
1715654933.5710895,746778624,1849,1849
1715654934.5723262,746778624,1698,1698
1715654935.5735714,746778624,1018,1018
1715654936.5746152,746778624,1787,1787
1715654937.5758471,746778624,1293,1293
1715654938.577098,746778624,1596,1596
1715654939.5783365,746778624,20781244,20781244
1715654940.578797,746778624,329,329
1715654941.5802267,746778624,101,101
1715654942.581556,746778624,357,357
1715654943.5827878,746778624,652,652
1715654944.5840244,746778624,155,155
1715654945.5852733,746778624,0,0
1715654946.5867972,746778624,0,0
1715654947.5881243,746778624,335,335
1715654948.5894136,746778624,347,347
1715654949.5908363,746778624,155,155
1715654950.5922334,746778624,0,0
1715654951.5935082,746778624,0,0
1715654952.594823,746778624,0,0
1715654953.5962496,746778624,3868,3868
1715654954.59769,746778624,158,158
1715654955.599126,746778624,87971,87971
1715654956.600457,746778624,157,157
1715654957.6017127,746778624,159,159
1715654958.6030357,746778624,459,459
1715654959.604458,746778624,154,154
1715654960.6058633,746778624,0,0
1715654961.6073058,746778624,0,0
1715654962.6087282,746778624,0,0
1715654963.6101584,746778624,448,448
1715654964.6106517,746778624,152,152
1715654965.611903,746778624,0,0
1715654966.613156,746778624,20780333,20780333
1715654967.6146317,746778624,2248,2248
1715654968.61601,746778624,353,353
1715654969.6172657,746778624,155,155
1715654970.6188142,746778624,0,0
1715654971.6199563,746778624,352,352
1715654972.620755,746778624,20779141,20779141
1715654973.6212647,746778624,4346,4346
1715654974.621905,746778624,1721,1721
1715654975.6227407,746778624,1879,1879
1715654976.6241603,746778624,1545,1545
1715654977.6255224,746778624,1490,1490
1715654978.626727,746778624,1898,1898
1715654979.628069,746778624,1798,1798
1715654980.6296225,746778624,1492,1492
1715654981.6306982,746778624,1496,1496
1715654982.6320055,746778624,1766,1766
1715654983.6334374,746778624,1854,1854
1715654984.6347597,746778624,1651,1651
1715654985.6361904,746778624,1501,1501
1715654986.6375968,746778624,1804,1804
1715654987.638683,746778624,1223,1223
1715654988.6400402,746778624,1899,1899
1715654989.6404657,746778624,1355,1355
1715654990.640905,746778624,1988,1988
1715654991.6423135,746778624,1509,1509
1715654992.6426334,746778624,1506,1506
1715654993.6439102,746778624,1924,1924
1715654994.6452,746778624,1654,1654
1715654995.6465871,746778624,1313,1313
1715654996.647181,746778624,1509,1509
1715654997.648496,746778624,1227,1227
1715654998.6498227,746778624,1580,1580
1715654999.6507485,746778624,1547,1547
1715655000.6521077,746778624,1244,1244
1715655001.6534274,746778624,1547,1547
1715655002.6547723,746778624,1551,1551
1715655003.656124,746778624,1607,1607
1715655004.6574044,746778624,2106,2106
1715655005.65864,746778624,1570,1570
1715655006.6594665,746778624,1513,1513
1715655007.6608846,746778624,1516,1516
1715655008.662262,746778624,1820,1820
1715655009.6626685,746778624,1675,1675
1715655010.663415,746778624,10389518,10389518
1715655011.6646197,746778624,10390582,10390582
1715655012.6660688,746778624,0,0
1715655013.6667342,746778624,502,502
1715655014.6670048,746778624,155,155
1715655015.6683404,746778624,0,0
1715655016.6695406,746778624,0,0
1715655017.6709018,746778624,0,0
1715655018.6722057,746778624,344,344
1715655019.673504,746778624,368,368
1715655020.6747196,746778624,0,0
1715655021.6759393,746778624,0,0
1715655022.6771693,746778624,0,0
1715655023.6785924,746778624,448,448
1715655024.679823,746778624,152,152
1715655025.681024,746778624,0,0
1715655026.6822503,746778624,0,0
1715655027.682578,746778624,0,0
1715655028.6838691,746778624,344,344
1715655029.6844237,746778624,152,152
1715655030.6856394,746778624,0,0
1715655031.6867616,746778624,358,358
1715655032.6881151,746778624,0,0
1715655033.689321,746778624,502,502
1715655034.6907053,746778624,0,0
1715655035.6919441,746778624,0,0
1715655036.6933424,746778624,0,0
1715655037.6947215,746778624,0,0
1715655038.6958148,773910528,20776026,20776026
1715655039.6972601,758943744,2010,2010
1715655040.6984737,802652160,0,0
1715655041.6998594,827805696,303,303
1715655042.7011313,949673984,0,0
1715655043.7025952,981610496,502,502
1715655044.7038496,741023744,20776809,20776809
1715655045.7050827,741023744,2076,2076
1715655046.7063317,741023744,1511,1511
1715655047.7066488,741023744,1032,1032
1715655048.7079456,741023744,2356,2356
1715655049.7092054,741023744,1007,1007
1715655050.7104974,741023744,1293,1293
1715655051.7118576,741023744,1461,1461
1715655052.7131157,741023744,1474,1474
1715655053.7144172,741023744,1975,1975
1715655054.715224,741023744,1478,1478
1715655055.7164676,741023744,1479,1479
1715655056.7177343,741023744,1314,1314
1715655057.7187493,741023744,1487,1487
1715655058.720313,741023744,2031,2031
1715655059.721657,741023744,1486,1486
1715655060.722625,741023744,1491,1491
1715655061.7240236,741023744,1578,1578
1715655062.7253268,741023744,1941,1941
1715655063.7266626,741023744,2163,2163
1715655064.7279491,741023744,1491,1491
1715655065.729262,741023744,1522,1522
1715655066.7306268,741023744,1478,1478
1715655067.7318952,741023744,1489,1489
1715655068.733245,741023744,1996,1996
1715655069.7346416,741023744,1486,1486
1715655070.7360435,741023744,1480,1480
1715655071.737402,741023744,1483,1483
1715655072.7386873,741023744,1488,1488
1715655073.7399912,741023744,1987,1987
1715655074.7412992,741023744,1481,1481
1715655075.7426262,741023744,1492,1492
1715655076.7439435,741023744,1493,1493
1715655077.745379,741023744,1964,1964
1715655078.746838,741023744,2001,2001
1715655079.748127,741023744,1491,1491
1715655080.7494113,741023744,1491,1491
1715655081.7506409,741023744,10392828,10392828
1715655082.7518766,741023744,10390145,10390145
1715655083.7532659,741023744,560,560
1715655084.7545564,741023744,0,0
1715655085.7558856,741023744,0,0
1715655086.757263,741023744,0,0
1715655087.7585065,741023744,0,0
1715655088.7598882,741023744,496,496
1715655089.7613037,741023744,0,0
1715655090.7627132,741023744,0,0
1715655091.7639885,741023744,540,540
1715655092.7652178,741023744,0,0
1715655093.7664738,741023744,502,502
1715655094.7678897,741023744,0,0
1715655095.7692041,741023744,0,0
1715655096.7706401,741023744,0,0
1715655097.7718928,741023744,0,0
1715655098.7731202,741023744,496,496
1715655099.7739832,741023744,0,0
1715655100.775389,741023744,0,0
1715655101.7768056,741023744,0,0
1715655102.7782083,741023744,0,0
1715655103.7785864,741023744,496,496
1715655104.780053,741023744,0,0
1715655105.781327,741023744,0,0
1715655106.7827039,741023744,353,353
1715655107.7840858,741023744,0,0
1715655108.7853134,741023744,502,502
1715655109.786731,741023744,20776856,20776856
1715655110.78804,741023744,288,288
1715655111.7893543,741023744,101,101
1715655112.7906783,741023744,204,204
1715655113.792135,741023744,502,502
1715655114.7935379,741023744,0,0
1715655115.7947948,741023744,20781050,20781050
1715655116.7962232,741023744,805,805
1715655117.7976685,741023744,789,789
1715655118.7988129,741023744,1760,1760
1715655119.800347,741023744,1214,1214
1715655120.8015811,741023744,837,837
1715655121.8028097,741023744,1775,1775
1715655122.804222,741023744,1659,1659
1715655123.8055298,741023744,2028,2028
1715655124.8067005,741023744,1458,1458
1715655125.8081408,741023744,1469,1469
1715655126.8095481,741023744,1767,1767
1715655127.81066,741023744,1481,1481
1715655128.8120394,741023744,2030,2030
1715655129.8135557,741023744,1484,1484
1715655130.814896,741023744,1479,1479
1715655131.8162818,741023744,1476,1476
1715655132.8176925,741023744,1219,1219
1715655133.818755,741023744,1634,1634
1715655134.8200178,741023744,1425,1425
1715655135.8214464,741023744,1224,1224
1715655136.8227568,741023744,805,805
1715655137.8241653,741023744,1178,1178
1715655138.8255458,741023744,1578,1578
1715655139.8268127,741023744,1209,1209
1715655140.8280969,741023744,1223,1223
1715655141.829523,741023744,1285,1285
1715655142.8307447,741023744,1178,1178
1715655143.83207,741023744,1992,1992
1715655144.8328295,741023744,346,346
1715655145.8343046,741023744,1564,1564
1715655146.834845,741023744,809,809
1715655147.8361154,741023744,1220,1220
1715655148.8373718,741023744,1476,1476
1715655149.8387938,741023744,1434,1434
1715655150.8400292,741023744,949,949
1715655151.8413324,741023744,1600,1600
1715655152.842752,741023744,20780457,20780457
1715655153.8442256,741023744,565,565
1715655154.8455343,741023744,0,0
1715655155.8467796,741023744,0,0
1715655156.8474653,741023744,0,0
1715655157.8489072,741023744,0,0
1715655158.8502665,741023744,496,496
1715655159.850756,741023744,0,0
1715655160.851986,741023744,0,0
1715655161.853232,741023744,0,0
1715655162.8548374,741023744,0,0
1715655163.856265,741023744,496,496
1715655164.857638,741023744,0,0
1715655165.8586917,741023744,0,0
1715655166.859973,741023744,355,355
1715655167.86122,741023744,0,0
1715655168.8620203,741023744,554,554
1715655169.8626509,741023744,0,0
1715655170.8640532,741023744,0,0
1715655171.8654587,741023744,0,0
1715655172.8666146,741023744,0,0
1715655173.8680437,741023744,496,496
1715655174.8694174,741023744,0,0
1715655175.8705914,741023744,0,0
1715655176.8719406,741023744,0,0
1715655177.873142,741023744,0,0
1715655178.8745792,741023744,496,496
1715655179.8757875,761339904,20776118,20776118
1715655180.8770227,810840064,1089,1089
1715655181.8783386,995479552,303,303
1715655182.8786874,1212116992,508,508
1715655183.8801453,1272258560,557,557
1715655184.8816078,1064759296,0,0
