Timestamp,MemoryUsage,NetSent,NetRecv
1715654809.4798362,511594496,0,0
1715654810.4811382,519327744,9987,9987
1715654811.48234,519327744,0,0
1715654812.482653,519327744,310,310
1715654813.4833372,519327744,351,351
1715654814.4845674,519327744,155,155
1715654815.4859946,519327744,0,0
1715654816.4867954,519327744,0,0
1715654817.4880717,519327744,636,636
1715654818.4894812,519327744,347,347
1715654819.490777,519327744,155,155
1715654820.4922404,519327744,0,0
1715654821.493651,519327744,0,0
1715654822.4950466,519327744,0,0
1715654823.4963672,519327744,448,448
1715654824.497781,519327744,152,152
1715654825.4990382,519327744,0,0
1715654826.5004416,519327744,0,0
1715654827.5011213,519327744,0,0
1715654828.5025043,519327744,344,344
1715654829.5038939,519327744,152,152
1715654830.5051253,519327744,10389696,10389696
1715654831.5064313,519327744,10395376,10395376
1715654832.5078099,519327744,1256,1256
1715654833.509279,519327744,1190,1190
1715654834.510727,519327744,952,952
1715654835.5122766,519327744,1489,1489
1715654836.513688,519327744,1156,1156
1715654837.5146828,519327744,1208,1208
1715654838.5160184,519327744,1411,1411
1715654839.5174263,519327744,1387,1387
1715654840.5187683,519327744,1222,1222
1715654841.5200589,519327744,1222,1222
1715654842.5215414,519327744,1101,1101
1715654843.5227947,519327744,1515,1515
1715654844.524141,519327744,876,876
1715654845.5254579,519327744,1485,1485
1715654846.5268674,519327744,699,699
1715654847.5281813,519327744,1336,1336
1715654848.5295308,519327744,1575,1575
1715654849.53067,519327744,1728,1728
1715654850.5319977,519327744,943,943
1715654851.533297,519327744,1242,1242
1715654852.5346386,519327744,1696,1696
1715654853.5358288,519327744,1794,1794
1715654854.5363407,519327744,1775,1775
1715654855.5377429,519327744,1110,1110
1715654856.538737,519327744,1964,1964
1715654857.5401216,519327744,1616,1616
1715654858.5415437,519327744,2024,2024
1715654859.5428069,519327744,1258,1258
1715654860.5441966,519327744,1504,1504
1715654861.5451953,519327744,1512,1512
1715654862.5465593,519327744,1503,1503
1715654863.5479188,519327744,1902,1902
1715654864.5492508,519327744,1711,1711
1715654865.5506268,519327744,1504,1504
1715654866.5520368,519327744,1849,1849
1715654867.5534494,519327744,1508,1508
1715654868.5546775,519327744,20779704,20779704
1715654869.5559905,519327744,2423,2423
1715654870.5573957,519327744,0,0
1715654871.5587714,519327744,310,310
1715654872.5600204,519327744,0,0
1715654873.560721,519327744,350,350
1715654874.5621064,519327744,155,155
1715654875.5633502,519327744,359,359
1715654876.5647488,519327744,0,0
1715654877.5659919,519327744,99,99
1715654878.567403,519327744,397,397
1715654879.5687106,519327744,155,155
1715654880.570096,519327744,0,0
1715654881.5707712,519327744,0,0
1715654882.5720036,519327744,354,354
1715654883.5734117,519327744,649,649
1715654884.5748565,519327744,155,155
1715654885.576151,519327744,0,0
1715654886.57757,519327744,0,0
1715654887.5786011,519327744,0,0
1715654888.5798378,519327744,448,448
1715654889.5813434,519327744,152,152
1715654890.5826843,519327744,0,0
1715654891.5840735,519327744,0,0
1715654892.5853498,519327744,0,0
1715654893.5866227,519327744,344,344
1715654894.5881991,519327744,152,152
1715654895.5894997,519327744,0,0
1715654896.590748,519327744,20783187,20783187
1715654897.59225,519327744,0,0
1715654898.5936449,519327744,1371,1371
1715654899.594804,519327744,155,155
1715654900.5962036,519327744,309,309
1715654901.5976207,519327744,0,0
1715654902.5987825,731467776,20782071,20782071
1715654903.600158,791076864,2060,2060
1715654904.60155,791138304,1650,1650
1715654905.602723,866988032,1496,1496
1715654906.6041458,864759808,1492,1492
1715654907.6057034,816480256,1797,1797
1715654908.606755,791601152,2039,2039
1715654909.6080136,823189504,1051,1051
1715654910.6092741,791490560,1323,1323
1715654911.610545,823062528,1754,1754
1715654912.611785,791539712,1003,1003
1715654913.6130238,823234560,1579,1579
1715654914.6143074,791658496,1217,1217
1715654915.6146724,835932160,1182,1182
1715654916.6163094,773033984,1401,1401
1715654917.6176066,816967680,1018,1018
1715654918.6185899,791822336,2022,2022
1715654919.6198938,823300096,1272,1272
1715654920.621164,791842816,1668,1668
1715654921.6225054,823144448,1285,1285
1715654922.6239917,791556096,1937,1937
1715654923.6254117,774684672,1915,1915
1715654924.6267507,845664256,1731,1731
1715654925.6280828,924020736,1508,1508
1715654926.629382,997781504,2117,2117
1715654927.6306148,773132288,1501,1501
1715654928.6318407,797974528,1557,1557
1715654929.6331332,888770560,1600,1600
1715654930.6344073,892665856,1501,1501
1715654931.635692,858599424,1498,1498
1715654932.6369772,930435072,1504,1504
1715654933.6381962,823328768,1849,1849
1715654934.6386166,791744512,1698,1698
1715654935.639861,816922624,1185,1185
1715654936.6411574,791769088,1620,1620
1715654937.6423993,817049600,1293,1293
1715654938.6436508,792023040,1596,1596
1715654939.6448781,795078656,20781573,20781573
1715654940.6461413,795078656,0,0
1715654941.6475601,795078656,458,458
1715654942.6490695,795078656,302,302
1715654943.6505225,795078656,350,350
1715654944.6518266,795078656,155,155
1715654945.6531007,795078656,0,0
1715654946.6543486,795078656,0,0
1715654947.6548057,795078656,335,335
1715654948.6562674,795078656,347,347
1715654949.657569,795078656,155,155
1715654950.6589947,795078656,0,0
1715654951.6594229,795078656,0,0
1715654952.6606963,795078656,0,0
1715654953.6622384,795078656,3868,3868
1715654954.6627784,795078656,158,158
1715654955.6641781,795078656,87971,87971
1715654956.6656115,795078656,157,157
1715654957.6667476,795078656,159,159
1715654958.6679826,795078656,459,459
1715654959.6694188,795078656,154,154
1715654960.6709042,795078656,0,0
1715654961.6723232,795078656,0,0
1715654962.6737583,795078656,0,0
1715654963.6746957,795078656,448,448
1715654964.6761591,795078656,152,152
1715654965.6774154,795078656,0,0
1715654966.6787255,795078656,20780813,20780813
1715654967.6799946,795078656,1768,1768
1715654968.6813307,795078656,353,353
1715654969.6826305,795078656,155,155
1715654970.6839283,795078656,0,0
1715654971.6852288,795078656,352,352
1715654972.6864862,795078656,20779525,20779525
1715654973.6877887,795078656,4118,4118
1715654974.689142,795078656,1565,1565
1715654975.690484,795078656,1879,1879
1715654976.6919181,795078656,1845,1845
1715654977.6933374,795078656,1488,1488
1715654978.6947365,795078656,2185,2185
1715654979.6961186,795078656,1491,1491
1715654980.6975439,795078656,1492,1492
1715654981.6987967,795078656,1496,1496
1715654982.7002125,795078656,1488,1488
1715654983.7016907,795078656,2010,2010
1715654984.7026787,795078656,1495,1495
1715654985.7041328,795078656,1501,1501
1715654986.7054782,795078656,1804,1804
1715654987.7067344,795078656,1503,1503
1715654988.7080524,795078656,2055,2055
1715654989.7094223,795078656,1441,1441
1715654990.7107139,795078656,1771,1771
1715654991.712095,795078656,1507,1507
1715654992.713409,795078656,1203,1203
1715654993.7146397,795078656,2080,2080
1715654994.7151666,795078656,1498,1498
1715654995.716484,795078656,1505,1505
1715654996.7179143,795078656,1317,1317
1715654997.7188227,795078656,1505,1505
1715654998.7200701,795078656,1929,1929
1715654999.7213228,795078656,1281,1281
1715655000.722579,795078656,1242,1242
1715655001.723877,795078656,1375,1375
1715655002.7252734,795078656,1364,1364
1715655003.7266278,795078656,1763,1763
1715655004.7273533,795078656,1950,1950
1715655005.7287195,795078656,1570,1570
1715655006.7300713,795078656,1513,1513
1715655007.730644,795078656,1516,1516
1715655008.7320585,795078656,1976,1976
1715655009.7335906,795078656,1519,1519
1715655010.7346342,795078656,10389518,10389518
1715655011.7360413,795078656,10390582,10390582
1715655012.7373037,795078656,0,0
1715655013.7388034,795078656,657,657
1715655014.7402816,795078656,0,0
1715655015.7417057,795078656,0,0
1715655016.7427754,795078656,0,0
1715655017.7440372,795078656,0,0
1715655018.7453463,795078656,496,496
1715655019.7457228,795078656,216,216
1715655020.7468195,795078656,0,0
1715655021.7480574,795078656,0,0
1715655022.7495716,795078656,0,0
1715655023.7508786,795078656,600,600
1715655024.7522974,795078656,0,0
1715655025.7537222,795078656,0,0
1715655026.7549474,795078656,0,0
1715655027.7555988,795078656,0,0
1715655028.7569273,795078656,496,496
1715655029.758348,795078656,0,0
1715655030.7593734,795078656,0,0
1715655031.7607946,795078656,358,358
1715655032.762216,795078656,0,0
1715655033.763507,795078656,502,502
1715655034.7649484,795078656,0,0
1715655035.766189,795078656,0,0
1715655036.7667308,795078656,0,0
1715655037.7680178,795078656,0,0
1715655038.7697957,826404864,20776804,20776804
1715655039.7706418,829243392,1232,1232
1715655040.7719803,993222656,0,0
1715655041.77331,1070022656,303,303
1715655042.7746336,1072254976,0,0
1715655043.775959,1156636672,502,502
1715655044.7772326,841854976,20777407,20777407
1715655045.7779224,841854976,1478,1478
1715655046.778614,841854976,1511,1511
1715655047.7799134,841854976,1194,1194
1715655048.7812004,841854976,2356,2356
1715655049.782484,841854976,845,845
1715655050.783856,841854976,1293,1293
1715655051.7853045,841854976,1461,1461
1715655052.7861996,841854976,1474,1474
1715655053.7868104,841854976,1975,1975
1715655054.788098,841854976,1478,1478
1715655055.789545,841854976,1479,1479
1715655056.7906442,841854976,1482,1482
1715655057.791916,841854976,1319,1319
1715655058.7922895,841854976,2031,2031
1715655059.793604,841854976,1486,1486
1715655060.794688,841854976,1491,1491
1715655061.7961333,841854976,1578,1578
1715655062.7975438,841854976,2047,2047
1715655063.798742,841854976,2057,2057
1715655064.8000596,841854976,1491,1491
1715655065.8014944,841854976,1522,1522
1715655066.8027747,841854976,1478,1478
1715655067.8041167,841854976,1489,1489
1715655068.8054743,841854976,1996,1996
1715655069.8068533,841854976,1486,1486
1715655070.8082995,841854976,1480,1480
1715655071.8096776,841854976,1483,1483
1715655072.8106763,841854976,1488,1488
1715655073.8120854,841854976,1987,1987
1715655074.81343,841854976,1481,1481
1715655075.8148522,841854976,1492,1492
1715655076.816304,841854976,1493,1493
1715655077.8176591,841854976,1964,1964
1715655078.8188107,841854976,2001,2001
1715655079.8200994,841854976,1491,1491
1715655080.8214443,841854976,1491,1491
1715655081.822581,841854976,10393177,10393177
1715655082.8238287,841854976,10389796,10389796
1715655083.8250854,841854976,560,560
1715655084.8267298,841854976,0,0
1715655085.8282137,841854976,0,0
1715655086.829537,841854976,0,0
1715655087.8308418,841854976,0,0
1715655088.8321018,841854976,496,496
1715655089.8335874,841854976,0,0
1715655090.8348095,841854976,0,0
1715655091.8361125,841854976,540,540
1715655092.8374207,841854976,0,0
1715655093.8386047,841854976,502,502
1715655094.839986,841854976,0,0
1715655095.8414073,841854976,0,0
1715655096.8427823,841854976,0,0
1715655097.8441207,841854976,0,0
1715655098.8453665,841854976,496,496
1715655099.8466487,841854976,0,0
1715655100.8480363,841854976,0,0
1715655101.8495097,841854976,0,0
1715655102.8507745,841854976,0,0
1715655103.8521576,841854976,496,496
1715655104.853412,841854976,0,0
1715655105.854889,841854976,0,0
1715655106.856225,841854976,353,353
1715655107.857628,841854976,0,0
1715655108.8587801,841854976,502,502
1715655109.8602326,841854976,20777144,20777144
1715655110.8616543,841854976,0,0
1715655111.8628232,841854976,153,153
1715655112.8640924,841854976,152,152
1715655113.8655157,841854976,502,502
1715655114.8667946,841854976,0,0
1715655115.8681786,841854976,20781050,20781050
1715655116.8696134,841854976,805,805
1715655117.8707752,841854976,789,789
1715655118.8721583,841854976,1760,1760
1715655119.8736117,841854976,1214,1214
1715655120.8750477,841854976,837,837
1715655121.8764198,841854976,1775,1775
1715655122.8769572,841854976,1659,1659
1715655123.8782434,841854976,2028,2028
1715655124.8786423,841854976,1458,1458
1715655125.8802056,841854976,1469,1469
1715655126.8812475,841854976,1767,1767
1715655127.882649,841854976,1481,1481
1715655128.8839364,841854976,2030,2030
1715655129.885352,841854976,1484,1484
1715655130.8868191,841854976,1479,1479
1715655131.8880103,841854976,1476,1476
1715655132.8893623,841854976,1219,1219
1715655133.8907194,841854976,1740,1740
1715655134.8917828,841854976,1319,1319
1715655135.8932478,841854976,1224,1224
1715655136.8946543,841854976,805,805
1715655137.8958902,841854976,1178,1178
1715655138.897253,841854976,1578,1578
1715655139.8986552,841854976,1209,1209
1715655140.9000158,841854976,1223,1223
1715655141.9012551,841854976,1285,1285
1715655142.9028769,841854976,1178,1178
1715655143.904275,841854976,1992,1992
1715655144.9056983,841854976,346,346
1715655145.9067593,841854976,1564,1564
1715655146.9081566,841854976,809,809
1715655147.90956,841854976,1220,1220
1715655148.9107633,841854976,1582,1582
1715655149.912062,841854976,1328,1328
1715655150.9134734,841854976,949,949
1715655151.9148114,841854976,1600,1600
1715655152.916303,841854976,20780457,20780457
1715655153.9176846,841854976,565,565
1715655154.9187906,841854976,0,0
1715655155.9201567,841854976,0,0
1715655156.921404,841854976,0,0
1715655157.9228222,841854976,0,0
1715655158.923482,841854976,496,496
1715655159.9249907,841854976,0,0
1715655160.9264135,841854976,0,0
1715655161.9276655,841854976,0,0
1715655162.9288929,841854976,0,0
1715655163.9304006,841854976,496,496
1715655164.931689,841854976,0,0
1715655165.933077,841854976,0,0
1715655166.9341002,841854976,355,355
1715655167.9353378,841854976,0,0
1715655168.936756,841854976,554,554
1715655169.9381077,841854976,0,0
1715655170.9387565,841854976,0,0
1715655171.9399025,841854976,0,0
1715655172.9411476,841854976,0,0
1715655173.9420664,841854976,496,496
1715655174.9433997,841854976,0,0
1715655175.9441137,841854976,0,0
1715655176.9451385,841854976,0,0
1715655177.9465456,841854976,0,0
1715655178.9478014,841854976,496,496
1715655179.9491172,841854976,20776431,20776431
1715655180.950543,841854976,776,776
1715655181.9519994,841854976,303,303
1715655182.9532974,841854976,508,508
1715655183.9548264,841854976,557,557
1715655184.95614,841854976,0,0
