Timestamp,MemoryUsage,NetSent,NetRecv
1715730012.0573554,512790528,176,176
1715730013.0585902,520261632,10248,10248
1715730014.060114,520261632,0,0
1715730015.0614557,520261632,157,157
1715730016.061961,520261632,660,660
1715730017.063332,520261632,0,0
1715730018.0640056,520261632,0,0
1715730019.065381,520261632,494,494
1715730020.0660877,520261632,0,0
1715730021.0673828,520261632,925,925
1715730022.068626,520261632,0,0
1715730023.0699258,520261632,421,421
1715730024.0711913,520261632,158,158
1715730025.0718722,520261632,0,0
1715730026.0732493,520261632,1132,1132
1715730027.0739584,520261632,0,0
1715730028.0752692,520261632,630,630
1715730029.076028,520261632,0,0
1715730030.0773053,520261632,155,155
1715730031.077999,520261632,501,501
1715730032.0794802,520261632,0,0
1715730033.080875,520261632,596,596
1715730034.0819185,520261632,32095354,32095354
1715730035.0833259,520261632,9470631,9470631
1715730036.0847251,520261632,1550,1550
1715730037.0860384,520261632,1489,1489
1715730038.0874307,520261632,1936,1936
1715730039.088823,520261632,1548,1548
1715730040.0901003,520261632,1504,1504
1715730041.0915906,520261632,2038,2038
1715730042.0929039,520261632,1504,1504
1715730043.0939581,520261632,1528,1528
1715730044.0952945,520261632,1517,1517
1715730045.0966694,520261632,1345,1345
1715730046.0974154,520261632,2821,2821
1715730047.0980387,520261632,2735,2735
1715730048.099342,520261632,1716,1716
1715730049.100766,520261632,1809,1809
1715730050.1020367,520261632,1931,1931
1715730051.1034389,520261632,2083,2083
1715730052.105005,520261632,1516,1516
1715730053.1059237,520261632,10391973,10391973
1715730054.1065233,520261632,10392043,10392043
1715730055.1077795,520261632,1992,1992
1715730056.1090147,520261632,514,514
1715730057.1101544,520261632,0,0
1715730058.11153,520261632,0,0
1715730059.1127825,520261632,0,0
1715730060.1139865,520261632,0,0
1715730061.1152515,520261632,496,496
1715730062.1166427,520261632,0,0
1715730063.1178913,520261632,0,0
1715730064.1182995,520261632,0,0
1715730065.1197698,520261632,0,0
1715730066.1210504,520261632,496,496
1715730067.1219254,520261632,0,0
1715730068.1233146,520261632,360,360
1715730069.124614,520261632,0,0
1715730070.1258764,520261632,152,152
1715730071.1274781,520261632,500,500
1715730072.1288955,520261632,0,0
1715730073.1300764,520261632,355,355
1715730074.1313345,520261632,0,0
1715730075.1327138,520261632,0,0
1715730076.1340694,520261632,651,651
1715730077.1353407,520261632,0,0
1715730078.136742,520261632,0,0
1715730079.1380277,520261632,0,0
1715730080.1394198,520261632,352,352
1715730081.140645,520261632,554,554
1715730082.1420543,520261632,0,0
1715730083.1435785,578199552,31169864,31169864
1715730084.1450367,798662656,2364,2364
1715730085.1460338,728436736,0,0
1715730086.1473043,704507904,561,561
1715730087.148572,766451712,0,0
1715730088.1499066,719650816,1843,1843
1715730089.151242,759443456,7386,7386
1715730090.152542,1020022784,41567225,41567225
1715730091.153933,1031168000,4116,4116
1715730092.1553097,917204992,973,973
1715730093.156659,940470272,1909,1909
1715730094.1579218,917569536,1838,1838
1715730095.1593287,843423744,1811,1811
1715730096.1606762,796487680,1398,1398
1715730097.1620665,821760000,1757,1757
1715730098.163311,761237504,1552,1552
1715730099.164586,805167104,1505,1505
1715730100.1659653,776962048,1938,1938
1715730101.167195,808419328,2269,2269
1715730102.168523,773308416,1513,1513
1715730103.1698549,806936576,1807,1807
1715730104.1714187,771989504,1809,1809
1715730105.1729324,796598272,1511,1511
1715730106.1742563,802983936,2016,2016
1715730107.1755228,800641024,949,949
1715730108.1760547,797007872,1500,1500
1715730109.1774652,774103040,10391700,10391700
1715730110.1779604,774103040,10392145,10392145
1715730111.1792357,774103040,510,510
1715730112.1806228,774103040,0,0
1715730113.1820045,774103040,0,0
1715730114.1831143,774103040,0,0
1715730115.1843846,774103040,0,0
1715730116.1854603,774103040,496,496
1715730117.1866028,774103040,0,0
1715730118.1879086,774103040,0,0
1715730119.1892693,774103040,0,0
1715730120.1899319,774103040,0,0
1715730121.1912153,774103040,496,496
1715730122.1926012,774103040,0,0
1715730123.1937783,774103040,0,0
1715730124.1947758,774103040,0,0
1715730125.1960604,774103040,0,0
1715730126.197354,774103040,496,496
1715730127.198106,774103040,0,0
1715730128.1995075,774103040,0,0
1715730129.20089,774103040,0,0
1715730130.2020752,774103040,0,0
1715730131.2034614,774103040,496,496
1715730132.2048666,774103040,0,0
1715730133.2059715,774103040,356,356
1715730134.2073667,774103040,0,0
1715730135.2085974,774103040,0,0
1715730136.209856,774103040,652,652
1715730137.2112331,774103040,0,0
1715730138.212515,774103040,0,0
1715730139.213826,942891008,31168040,31168040
1715730140.2150757,820809728,303,303
1715730141.2163136,818823168,454,454
1715730142.2177093,944640000,0,0
1715730143.218959,831766528,0,0
1715730144.220463,1011892224,284,284
1715730145.2219052,813215744,299,299
1715730146.2232518,813215744,41559088,41559088
1715730147.2245715,813215744,2595,2595
1715730148.2259183,813215744,1840,1840
1715730149.227284,813215744,1169,1169
1715730150.2285306,813215744,1461,1461
1715730151.2297935,813215744,2036,2036
1715730152.2310505,813215744,1467,1467
1715730153.2322977,813215744,1472,1472
1715730154.2335844,813215744,4969,4969
1715730155.2339404,813215744,91852,91852
1715730156.2353423,813215744,2633,2633
1715730157.2366776,813215744,1979,1979
1715730158.2379627,813215744,949,949
1715730159.2392273,813215744,1767,1767
1715730160.2405245,813215744,1817,1817
1715730161.241995,813215744,1689,1689
1715730162.2433107,813215744,1942,1942
1715730163.244691,813215744,1869,1869
1715730164.2461312,813215744,1509,1509
1715730165.2475371,813215744,1764,1764
1715730166.2490416,813215744,20783218,20783218
1715730167.2500608,813215744,0,0
1715730168.2515209,813215744,153,153
1715730169.2527997,813215744,153,153
1715730170.2539177,813215744,0,0
1715730171.255445,813215744,502,502
1715730172.2565782,813215744,0,0
1715730173.2571855,813215744,0,0
1715730174.2580802,813215744,0,0
1715730175.2593923,813215744,0,0
1715730176.2607875,813215744,496,496
1715730177.261928,813215744,0,0
1715730178.2631972,813215744,0,0
1715730179.2637506,813215744,0,0
1715730180.2649152,813215744,0,0
1715730181.265968,813215744,496,496
1715730182.2674508,813215744,0,0
1715730183.2686853,813215744,0,0
1715730184.269957,813215744,0,0
1715730185.2712758,813215744,0,0
1715730186.2726495,813215744,496,496
1715730187.2741456,813215744,0,0
1715730188.2754242,813215744,0,0
1715730189.2767148,813215744,0,0
1715730190.2779574,813215744,0,0
1715730191.2793558,813215744,496,496
1715730192.2805977,813215744,0,0
1715730193.2818782,813215744,355,355
1715730194.2834702,813215744,0,0
1715730195.2847052,813215744,31171073,31171073
1715730196.2859683,813215744,4149,4149
1715730197.2872062,813215744,0,0
1715730198.2884445,813215744,304,304
1715730199.2890139,813215744,0,0
1715730200.2899542,813215744,354,354
1715730201.2908692,813215744,504,504
1715730202.292224,813215744,31163789,31163789
1715730203.2936225,813215744,10391993,10391993
1715730204.2941575,813215744,869,869
1715730205.2955856,813215744,794,794
1715730206.2971861,813215744,1636,1636
1715730207.2979932,813215744,796,796
1715730208.2993462,813215744,1496,1496
1715730209.300753,813215744,1161,1161
1715730210.3020182,813215744,1485,1485
1715730211.303317,813215744,2027,2027
1715730212.304808,813215744,1417,1417
1715730213.3061285,813215744,1205,1205
1715730214.3075163,813215744,1206,1206
1715730215.3088994,813215744,939,939
1715730216.310105,813215744,1501,1501
1715730217.3114336,813215744,1153,1153
1715730218.3128498,813215744,1913,1913
1715730219.3140912,813215744,1540,1540
1715730220.3152907,813215744,1790,1790
1715730221.316504,813215744,20779772,20779772
1715730222.3179245,813215744,2439,2439
1715730223.3189163,813215744,300,300
1715730224.3196697,813215744,151,151
1715730225.3211942,813215744,153,153
1715730226.32206,813215744,502,502
1715730227.3233516,813215744,0,0
1715730228.3248646,813215744,0,0
1715730229.3255165,813215744,0,0
1715730230.3269305,813215744,0,0
1715730231.328184,813215744,496,496
1715730232.329577,813215744,0,0
1715730233.3302686,813215744,0,0
1715730234.3314948,813215744,0,0
1715730235.3327644,813215744,0,0
1715730236.334032,813215744,496,496
1715730237.3352976,813215744,0,0
1715730238.3366604,813215744,0,0
1715730239.3380783,813215744,0,0
1715730240.339465,813215744,0,0
1715730241.340705,813215744,496,496
1715730242.3420796,813215744,0,0
1715730243.343469,813215744,0,0
1715730244.3446968,813215744,190,190
1715730245.3459792,813215744,0,0
1715730246.347366,813215744,496,496
1715730247.3486426,813215744,0,0
1715730248.3498769,813215744,0,0
1715730249.3511655,813215744,0,0
1715730250.3524592,813215744,31163412,31163412
1715730251.3539014,813215744,2119,2119
1715730252.3552113,813215744,0,0
1715730253.3565483,813215744,503,503
1715730254.3578508,813215744,0,0
1715730255.3592339,813215744,0,0
1715730256.3607402,813215744,651,651
1715730257.3620014,813215744,31173931,31173931
1715730258.363311,813215744,861,861
1715730259.364559,813215744,933,933
1715730260.3658743,813215744,1590,1590
1715730261.3671296,813215744,1041,1041
1715730262.3684103,813215744,1598,1598
1715730263.3697836,813215744,611,611
1715730264.3710132,813215744,1646,1646
1715730265.3723478,813215744,557,557
1715730266.3736198,813215744,844,844
1715730267.3739448,813215744,1634,1634
1715730268.3745246,813215744,0,0
1715730269.3756497,813215744,1932,1932
1715730270.3769324,813215744,0,0
1715730271.3779256,813215744,1642,1642
1715730272.3793724,813215744,1118,1118
1715730273.3806298,813215744,637,637
1715730274.381995,813215744,1568,1568
1715730275.3832786,813215744,173,173
1715730276.3843527,813215744,2605,2605
1715730277.3854415,813215744,0,0
1715730278.38657,813215744,1087,1087
1715730279.3878286,813215744,1289,1289
1715730280.3889492,813215744,486,486
1715730281.390104,813215744,2611,2611
1715730282.3915548,813215744,0,0
1715730283.3928013,813215744,1952,1952
1715730284.3980043,813215744,564,564
1715730285.39927,813215744,940,940
1715730286.4005485,813215744,2277,2277
1715730287.401839,813215744,180,180
1715730288.403119,813215744,2089,2089
1715730289.4045215,813215744,0,0
1715730290.4057715,813215744,793,793
1715730291.4070652,813215744,1380,1380
1715730292.4083354,813215744,179,179
1715730293.4096093,813215744,2040,2040
1715730294.4100525,813215744,0,0
1715730295.4113104,813215744,1806,1806
1715730296.4126105,813215744,1124,1124
1715730297.4138656,813215744,939,939
1715730298.4147918,813215744,1252,1252
1715730299.4161162,813215744,1032,1032
1715730300.417661,813215744,10389558,10389558
1715730301.418079,813215744,20780361,20780361
1715730302.4195035,813215744,279,279
1715730303.420884,813215744,152,152
1715730304.4221976,813215744,153,153
1715730305.4234366,813215744,0,0
1715730306.424074,813215744,502,502
1715730307.4254856,813215744,0,0
1715730308.4260685,813215744,0,0
1715730309.4268596,813215744,0,0
1715730310.4282448,813215744,0,0
1715730311.4294844,813215744,496,496
1715730312.430412,813215744,0,0
1715730313.4316914,813215744,355,355
1715730314.432922,813215744,0,0
1715730315.4342868,813215744,9182,9182
1715730316.435383,813215744,10980,10980
1715730317.4366226,813215744,3747,3747
1715730318.4370425,813215744,3149,3149
1715730319.4379208,813215744,4039,4039
1715730320.4392948,813215744,4108,4108
1715730321.4407077,813215744,569,569
1715730322.4419694,813215744,17149,17149
1715730323.4433694,813215744,0,0
1715730324.444746,813215744,1096,1096
1715730325.446062,813215744,3377,3377
1715730326.4473093,813215744,724,724
1715730327.4485638,813215744,620,620
1715730328.450083,813215744,3928,3928
1715730329.451512,813215744,3111,3111
1715730330.4527943,813215744,31164011,31164011
1715730331.4539871,813215744,2989,2989
1715730332.4552603,813215744,0,0
1715730333.4566817,813215744,882,882
1715730334.4579701,813215744,714,714
1715730335.4592192,813215744,3747,3747
1715730336.4595838,813215744,1705,1705
