Timestamp,MemoryUsage,NetSent,NetRecv
1715735213.0366688,541409280,0,0
1715735214.037961,549011456,12574,12574
1715735215.0382843,549011456,1533,1533
1715735216.0395632,549011456,6184,6184
1715735217.0401537,549011456,541,541
1715735218.041372,549011456,2675,2675
1715735219.0419552,549011456,4015,4015
1715735220.0433054,549011456,4768,4768
1715735221.044523,549011456,2435,2435
1715735222.0458732,549011456,157,157
1715735223.0468574,549011456,0,0
1715735224.0480626,549011456,152,152
1715735225.0494595,549011456,0,0
1715735226.0499213,549011456,449,449
1715735227.051112,549011456,152,152
1715735228.0526092,549011456,0,0
1715735229.053462,549011456,0,0
1715735230.0539079,549011456,0,0
1715735231.0552099,549011456,344,344
1715735232.0563753,549011456,152,152
1715735233.0577645,549011456,0,0
1715735234.0592556,549011456,0,0
1715735235.05959,549011456,31170383,31170383
1715735236.0600915,549011456,10392062,10392062
1715735237.0614169,549011456,1675,1675
1715735238.062045,549011456,1478,1478
1715735239.0633404,549011456,1433,1433
1715735240.064172,549011456,894,894
1715735241.0655386,549011456,1568,1568
1715735242.0667365,549011456,1373,1373
1715735243.0680363,549011456,1499,1499
1715735244.0693352,549011456,1491,1491
1715735245.069981,549011456,1491,1491
1715735246.070362,549011456,1899,1899
1715735247.0716615,549011456,1923,1923
1715735248.0730445,549011456,1714,1714
1715735249.0739942,549011456,1502,1502
1715735250.074675,549011456,1175,1175
1715735251.0758271,549011456,1539,1539
1715735252.0771017,549011456,1668,1668
1715735253.07803,549011456,1451,1451
1715735254.0791967,549011456,1163,1163
1715735255.080603,549011456,20782126,20782126
1715735256.081143,549011456,352,352
1715735257.0821517,549011456,155,155
1715735258.0835257,549011456,0,0
1715735259.0845437,549011456,0,0
1715735260.0858297,549011456,0,0
1715735261.0872066,549011456,344,344
1715735262.0887008,549011456,152,152
1715735263.0900104,549011456,0,0
1715735264.091397,549011456,0,0
1715735265.0926275,549011456,0,0
1715735266.0942,549011456,344,344
1715735267.0947676,549011456,152,152
1715735268.0962958,549011456,0,0
1715735269.0976603,549011456,0,0
1715735270.097931,549011456,0,0
1715735271.0991793,549011456,344,344
1715735272.1004453,549011456,152,152
1715735273.1018202,549011456,0,0
1715735274.1031122,549011456,0,0
1715735275.1043422,549011456,0,0
1715735276.1055748,549011456,344,344
1715735277.106253,549011456,152,152
1715735278.1069634,549011456,0,0
1715735279.1084929,549011456,0,0
1715735280.1098633,549011456,0,0
1715735281.1110837,549011456,344,344
1715735282.112311,549011456,31168681,31168681
1715735283.1133785,549011456,1916,1916
1715735284.1139498,549011456,0,0
1715735285.1153088,549011456,312,312
1715735286.1165783,549011456,350,350
1715735287.1178923,549011456,154,154
1715735288.1191394,549011456,0,0
1715735289.1205254,579170304,31168321,31168321
1715735290.1219583,611590144,10395057,10395057
1715735291.1233895,611590144,1815,1815
1715735292.124745,611590144,1626,1626
1715735293.1260495,611590144,1473,1473
1715735294.127515,611590144,1470,1470
1715735295.1290865,611590144,1191,1191
1715735296.130166,611590144,1379,1379
1715735297.1314793,611590144,2048,2048
1715735298.1327326,611590144,1534,1534
1715735299.1340554,611590144,1479,1479
1715735300.135328,611590144,1585,1585
1715735301.1360478,611590144,1379,1379
1715735302.137485,611590144,1898,1898
1715735303.138835,611590144,662,662
1715735304.1401498,611590144,1759,1759
1715735305.141479,611590144,1433,1433
1715735306.1419747,611590144,1611,1611
1715735307.143323,611590144,1164,1164
1715735308.1446247,611590144,1482,1482
1715735309.1458902,611590144,20781956,20781956
1715735310.1473098,611590144,0,0
1715735311.1485527,611590144,405,405
1715735312.150019,611590144,155,155
1715735313.151424,611590144,0,0
1715735314.1529539,611590144,0,0
1715735315.1539745,611590144,0,0
1715735316.1552112,611590144,344,344
1715735317.1567156,611590144,91164,91164
1715735318.1580892,611590144,0,0
1715735319.159467,611590144,0,0
1715735320.1607087,611590144,158,158
1715735321.1620653,611590144,352,352
1715735322.1634092,611590144,152,152
1715735323.1647968,611590144,0,0
1715735324.1659179,611590144,0,0
1715735325.1671536,611590144,0,0
1715735326.168542,611590144,344,344
1715735327.1699429,611590144,152,152
1715735328.1712322,611590144,0,0
1715735329.172245,611590144,0,0
1715735330.1734242,611590144,0,0
1715735331.1739497,611590144,344,344
1715735332.175317,611590144,152,152
1715735333.1759043,611590144,0,0
1715735334.177142,611590144,0,0
1715735335.1779907,611590144,0,0
1715735336.179279,611590144,344,344
1715735337.1801627,611590144,31170787,31170787
1715735338.1815145,611590144,645,645
1715735339.182423,611590144,0,0
1715735340.1830418,611590144,309,309
1715735341.1842856,611590144,350,350
1715735342.1856415,611590144,155,155
1715735343.1859548,611590144,1012,1012
1715735344.187378,736350208,41558967,41558967
1715735345.188761,850194432,1792,1792
1715735346.1900396,951033856,1878,1878
1715735347.1913826,949051392,1638,1638
1715735348.1926842,965050368,1498,1498
1715735349.194071,944508928,1427,1427
1715735350.1952045,938565632,1488,1488
1715735351.1965764,911998976,2003,2003
1715735352.197883,914354176,1657,1657
1715735353.199331,1230286848,1488,1488
1715735354.2006469,1209176064,1509,1509
1715735355.2020595,903974912,1499,1499
1715735356.2034612,877268992,967,967
1715735357.2049048,1021161472,1817,1817
1715735358.2060823,905199616,1221,1221
1715735359.2066953,990789632,1784,1784
1715735360.2081254,1005113344,1502,1502
1715735361.2095115,987688960,1893,1893
1715735362.2100134,779886592,1366,1366
1715735363.2112565,790634496,20775217,20775217
1715735364.2127573,790634496,764,764
1715735365.2140925,790634496,153,153
1715735366.2154882,790634496,350,350
1715735367.216919,790634496,155,155
1715735368.2180326,790634496,0,0
1715735369.2193308,790634496,0,0
1715735370.2207367,790634496,0,0
1715735371.222061,790634496,344,344
1715735372.223428,790634496,152,152
1715735373.2240007,790634496,0,0
1715735374.2254026,790634496,0,0
1715735375.2260025,790634496,0,0
1715735376.2267962,790634496,448,448
1715735377.2282016,790634496,152,152
1715735378.2294586,790634496,0,0
1715735379.2299461,790634496,0,0
1715735380.2313402,790634496,0,0
1715735381.2327325,790634496,344,344
1715735382.2340493,790634496,152,152
1715735383.2353024,790634496,0,0
1715735384.2367132,790634496,0,0
1715735385.238062,790634496,0,0
1715735386.2394514,790634496,344,344
1715735387.2408452,790634496,152,152
1715735388.2419639,790634496,0,0
1715735389.243462,790634496,0,0
1715735390.2446797,807411712,31164938,31164938
1715735391.2461052,995127296,2909,2909
1715735392.2473905,818098176,155,155
1715735393.248791,1166602240,309,309
1715735394.250024,849977344,0,0
1715735395.2514,1057288192,0,0
1715735396.252682,907001856,350,350
1715735397.2540698,783929344,41559502,41559502
1715735398.2552397,783929344,2268,2268
1715735399.2565615,783929344,1481,1481
1715735400.2572038,783929344,1473,1473
1715735401.2581007,783929344,1828,1828
1715735402.2595272,783929344,1214,1214
1715735403.2609568,783929344,1471,1471
1715735404.2621422,783929344,1465,1465
1715735405.2635067,783929344,845,845
1715735406.2649045,783929344,1883,1883
1715735407.2660487,783929344,2064,2064
1715735408.2674427,783929344,1536,1536
1715735409.2687337,783929344,338,338
1715735410.2701292,783929344,1950,1950
1715735411.2714121,783929344,1886,1886
1715735412.2726586,783929344,1644,1644
1715735413.274082,783929344,1492,1492
1715735414.2755308,783929344,1491,1491
1715735415.2768047,783929344,910,910
1715735416.2780826,783929344,10391441,10391441
1715735417.2793078,783929344,10392459,10392459
1715735418.2804565,783929344,0,0
1715735419.281866,783929344,304,304
1715735420.2832468,783929344,0,0
1715735421.2844827,783929344,347,347
1715735422.2860231,783929344,501,501
1715735423.2875588,783929344,778,778
1715735424.28892,783929344,0,0
1715735425.2899747,783929344,0,0
1715735426.2912147,783929344,344,344
1715735427.2924938,783929344,152,152
1715735428.2939029,783929344,0,0
1715735429.295309,783929344,0,0
1715735430.2965517,783929344,0,0
1715735431.2978206,783929344,344,344
1715735432.2991128,783929344,152,152
1715735433.300351,783929344,0,0
1715735434.3017936,783929344,0,0
1715735435.3030543,783929344,0,0
1715735436.3044503,783929344,344,344
1715735437.3058727,783929344,152,152
1715735438.3072834,783929344,0,0
1715735439.3085277,783929344,0,0
1715735440.3098285,783929344,0,0
1715735441.311111,783929344,344,344
1715735442.3118627,783929344,152,152
1715735443.3131332,783929344,0,0
1715735444.3135512,783929344,0,0
1715735445.3140657,1096126464,31169523,31169523
1715735446.3153858,841932800,514,514
1715735447.316663,932425728,155,155
1715735448.318055,928108544,0,0
1715735449.3193607,840232960,0,0
1715735450.3206408,865542144,0,0
1715735451.321843,790261760,1730,1730
1715735452.323173,790261760,41555110,41555110
1715735453.32447,790261760,1172,1172
1715735454.325904,790261760,1460,1460
1715735455.3272336,790261760,1447,1447
1715735456.3287692,790261760,1441,1441
1715735457.3301466,790261760,1609,1609
1715735458.331638,790261760,1451,1451
1715735459.3329523,790261760,1448,1448
1715735460.3341198,790261760,1464,1464
1715735461.335453,790261760,1867,1867
1715735462.337005,790261760,1213,1213
1715735463.3381078,790261760,1469,1469
1715735464.3395946,790261760,1447,1447
1715735465.340353,790261760,1880,1880
1715735466.341597,790261760,1295,1295
1715735467.342748,790261760,933,933
1715735468.343922,790261760,1150,1150
1715735469.3453465,790261760,1452,1452
1715735470.3459046,790261760,20778204,20778204
1715735471.346379,790261760,918,918
1715735472.3476193,790261760,156,156
1715735473.34839,790261760,152,152
1715735474.3496642,790261760,0,0
1715735475.3500679,790261760,0,0
1715735476.3509803,790261760,345,345
1715735477.352102,790261760,152,152
1715735478.3533337,790261760,0,0
1715735479.354128,790261760,0,0
1715735480.3554373,790261760,0,0
1715735481.356862,790261760,344,344
1715735482.3580518,790261760,152,152
1715735483.3593118,790261760,0,0
1715735484.3607314,790261760,0,0
1715735485.3620443,790261760,0,0
1715735486.3634222,790261760,344,344
1715735487.3647094,790261760,152,152
1715735488.3661065,790261760,0,0
1715735489.3673823,790261760,0,0
1715735490.3687344,790261760,0,0
1715735491.3700318,790261760,344,344
1715735492.3713012,790261760,152,152
1715735493.372682,790261760,0,0
1715735494.374066,790261760,0,0
1715735495.3754864,790261760,0,0
1715735496.3767557,790261760,344,344
1715735497.3780854,790261760,152,152
1715735498.3793135,790261760,31165024,31165024
1715735499.3806007,790261760,2903,2903
1715735500.3819964,790261760,0,0
1715735501.3833508,790261760,353,353
1715735502.384663,790261760,156,156
1715735503.3859277,790261760,0,0
1715735504.386799,790261760,0,0
