Timestamp,MemoryUsage,NetSent,NetRecv
1715729257.6422124,512524288,0,0
1715729258.643748,519864320,6314,6314
1715729259.6451528,519864320,2670,2670
1715729260.645958,519864320,4789,4789
1715729261.6471925,519864320,4037,4037
1715729262.6478024,519864320,3320,3320
1715729263.648633,519864320,2258,2258
1715729264.6497955,519864320,1282,1282
1715729265.651048,519864320,1875,1875
1715729266.6522553,519864320,156,156
1715729267.6536074,519864320,0,0
1715729268.6542525,519864320,0,0
1715729269.6557393,519864320,5318,5318
1715729270.6569612,519864320,15070,15070
1715729271.6579404,519864320,3352,3352
1715729272.6593168,519864320,2629,2629
1715729273.6605394,519864320,2701,2701
1715729274.6619847,519864320,1943,1943
1715729275.6632633,519864320,3001,3001
1715729276.6644552,519864320,156,156
1715729277.6658826,519864320,5414,5414
1715729278.66709,519864320,0,0
1715729279.668316,519864320,2783,2783
1715729280.6690452,519864320,31176607,31176607
1715729281.670058,519864320,14180,14180
1715729282.6712894,519864320,1611,1611
1715729283.6781127,519864320,2894,2894
1715729284.679014,519864320,4673,4673
1715729285.6800585,519864320,5661,5661
1715729286.6806674,519864320,3002,3002
1715729287.6820097,519864320,20796,20796
1715729288.6832998,519864320,4203,4203
1715729289.6846101,519864320,2794,2794
1715729290.685865,519864320,4316,4316
1715729291.6874359,519864320,2348,2348
1715729292.688673,519864320,1893,1893
1715729293.6899505,519864320,4319,4319
1715729294.691215,519864320,2609,2609
1715729295.6924362,519864320,5646,5646
1715729296.693109,519864320,4357,4357
1715729297.6939127,519864320,4320,4320
1715729298.6952713,519864320,2985,2985
1715729299.696602,519864320,2034,2034
1715729300.6979651,519864320,2042,2042
1715729301.6992319,519864320,157,157
1715729302.6999836,519864320,4927,4927
1715729303.7014108,519864320,5428,5428
1715729304.70198,519864320,6379,6379
1715729305.703312,519864320,6804,6804
1715729306.7047496,519864320,5368,5368
1715729307.7060692,519864320,5605,5605
1715729308.7073758,519864320,2432,2432
1715729309.7087624,519864320,2740,2740
1715729310.7099237,519864320,359,359
1715729311.711197,519864320,1880,1880
1715729312.7124918,519864320,589,589
1715729313.7138247,519864320,335,335
1715729314.715105,519864320,1538,1538
1715729315.716422,519864320,970,970
1715729316.7176368,519864320,2735,2735
1715729317.718247,519864320,6622,6622
1715729318.71949,519864320,5078,5078
1715729319.7221494,519864320,1910,1910
1715729320.7234228,519864320,856,856
1715729321.7247834,519864320,8295,8295
1715729322.725965,519864320,10390552,10390552
1715729323.7273872,519864320,20784789,20784789
1715729324.7288563,519864320,675,675
1715729325.7300973,519864320,360,360
1715729326.7313776,519864320,156,156
1715729327.7326827,519864320,0,0
1715729328.7333632,519864320,0,0
1715729329.7344506,519864320,0,0
1715729330.735837,519864320,1215,1215
1715729331.7372272,519864320,682,682
1715729332.7380939,519864320,641,641
1715729333.7394826,519864320,152,152
1715729334.7405014,519864320,0,0
1715729335.741897,519864320,345,345
1715729336.742958,519864320,155,155
1715729337.7434573,519864320,0,0
1715729338.744676,519864320,0,0
1715729339.7460637,519864320,0,0
1715729340.7474222,519864320,344,344
1715729341.748704,519864320,152,152
1715729342.750079,519864320,0,0
1715729343.751433,519864320,0,0
1715729344.7528396,519864320,0,0
1715729345.7539315,519864320,344,344
1715729346.7552848,519864320,152,152
1715729347.7566466,519864320,0,0
1715729348.7580483,519864320,0,0
1715729349.7593267,519864320,0,0
1715729350.7606428,519864320,344,344
1715729351.7620578,519864320,152,152
1715729352.7634017,519864320,31170053,31170053
1715729353.7646348,519864320,610,610
1715729354.765868,519864320,0,0
1715729355.767343,519864320,652,652
1715729356.768569,519864320,155,155
1715729357.7699366,519864320,0,0
1715729358.7712526,519864320,0,0
1715729359.772542,519864320,31173741,31173741
1715729360.7738535,519864320,515,515
1715729361.7751155,519864320,1157,1157
1715729362.7764237,519864320,1280,1280
1715729363.7776804,519864320,194,194
1715729364.7779262,519864320,2031,2031
1715729365.7791812,519864320,352,352
1715729366.7804606,519864320,1600,1600
1715729367.781741,519864320,568,568
1715729368.7830067,519864320,780,780
1715729369.7842736,519864320,985,985
1715729370.785568,519864320,1088,1088
1715729371.7859464,519864320,1057,1057
1715729372.7871835,519864320,556,556
1715729373.7884433,519864320,754,754
1715729374.789793,519864320,1287,1287
1715729375.7911365,519864320,1185,1185
1715729376.7924209,519864320,1629,1629
1715729377.7937818,519864320,781,781
1715729378.7950208,519864320,1189,1189
1715729379.7964213,519864320,476,476
1715729380.7977433,519864320,2204,2204
1715729381.7990284,519864320,1498,1498
1715729382.800297,519864320,805,805
1715729383.8015487,519864320,1738,1738
1715729384.8019335,519864320,196,196
1715729385.8031747,519864320,1834,1834
1715729386.8045397,519864320,720,720
1715729387.805779,519864320,531,531
1715729388.8071408,519864320,1281,1281
1715729389.8084238,519864320,501,501
1715729390.8137872,519864320,2047,2047
1715729391.8151207,519864320,155,155
1715729392.81639,519864320,2280,2280
1715729393.8176687,519864320,0,0
1715729394.8180804,519864320,1327,1327
1715729395.8194182,519864320,655,655
1715729396.8206408,519864320,1333,1333
1715729397.821919,519864320,1129,1129
1715729398.823183,519864320,0,0
1715729399.8244624,519864320,2612,2612
1715729400.8258529,519864320,356,356
1715729401.827158,519864320,2339,2339
1715729402.8283837,519864320,31171406,31171406
1715729403.8299644,519864320,667,667
1715729404.8311894,519864320,0,0
1715729405.8317947,519864320,651,651
1715729406.8332536,519864320,156,156
1715729407.8342397,519864320,0,0
1715729408.8356462,519864320,0,0
1715729409.8368897,519864320,0,0
1715729410.8380647,519864320,344,344
1715729411.839305,519864320,152,152
1715729412.8405304,519864320,355,355
1715729413.8419948,519864320,0,0
1715729414.8434083,519864320,0,0
1715729415.844685,519864320,496,496
1715729416.8459346,519864320,155,155
1715729417.847372,519864320,0,0
1715729418.8489077,519864320,0,0
1715729419.8498974,519864320,0,0
1715729420.8508482,519864320,696,696
1715729421.852273,519864320,155,155
1715729422.8536336,519864320,0,0
1715729423.8539011,519864320,0,0
1715729424.8552446,519864320,335,335
1715729425.856602,519864320,347,347
1715729426.8574736,519864320,155,155
1715729427.8580797,519864320,0,0
1715729428.8593566,519864320,0,0
1715729429.8607383,519864320,0,0
1715729430.861912,519864320,344,344
1715729431.8631423,519864320,31166445,31166445
1715729432.864488,519864320,1635,1635
1715729433.8657575,519864320,0,0
1715729434.8671074,519864320,151,151
1715729435.868334,519864320,498,498
1715729436.8696337,519864320,155,155
1715729437.8699908,519864320,0,0
1715729438.8713024,519864320,31167435,31167435
1715729439.8725834,519864320,0,0
1715729440.8738284,519864320,1342,1342
1715729441.8752518,519864320,2090,2090
1715729442.8765604,519864320,467,467
1715729443.877892,519864320,2038,2038
1715729444.879153,519864320,0,0
1715729445.8804498,519864320,1667,1667
1715729446.881815,519864320,884,884
1715729447.8830495,519864320,644,644
1715729448.8843086,519864320,1556,1556
1715729449.88557,519864320,0,0
1715729450.8860326,519864320,2000,2000
1715729451.8873103,519864320,715,715
1715729452.8885636,519864320,1657,1657
1715729453.8899975,519864320,560,560
1715729454.8913894,519864320,767,767
1715729455.8926506,519864320,1865,1865
1715729456.8939753,519864320,916,916
1715729457.8953426,519864320,0,0
1715729458.8966203,519864320,2231,2231
1715729459.8980224,519864320,0,0
1715729460.8993638,519864320,1538,1538
1715729461.9006574,519864320,1535,1535
1715729462.9019942,519864320,0,0
1715729463.9034078,519864320,2242,2242
1715729464.9047832,519864320,0,0
1715729465.9059348,519864320,1495,1495
1715729466.907314,519864320,1599,1599
1715729467.9085846,519864320,2564,2564
1715729468.9099476,519864320,1498,1498
1715729469.910542,519864320,0,0
1715729470.9118118,519864320,2362,2362
1715729471.9122982,519864320,156,156
1715729472.9135575,519864320,1189,1189
1715729473.9139755,519864320,1289,1289
1715729474.91535,519864320,0,0
1715729475.9166226,519864320,2603,2603
1715729476.9170296,519864320,156,156
1715729477.9179544,519864320,1691,1691
1715729478.919023,519864320,567,567
1715729479.92031,519864320,644,644
1715729480.9216635,519864320,2044,2044
1715729481.9219275,519864320,20779661,20779661
1715729482.9231975,519864320,10392080,10392080
1715729483.9245648,519864320,0,0
1715729484.9259455,519864320,152,152
1715729485.9272118,519864320,505,505
1715729486.9284728,519864320,155,155
1715729487.9299643,519864320,0,0
1715729488.9313154,519864320,0,0
1715729489.932683,519864320,0,0
1715729490.9339688,519864320,344,344
1715729491.9352493,519864320,152,152
1715729492.9366558,519864320,0,0
1715729493.9379025,519864320,0,0
1715729494.939301,519864320,0,0
1715729495.9407194,519864320,448,448
1715729496.941909,519864320,152,152
1715729497.9432628,519864320,0,0
1715729498.9444907,519864320,0,0
1715729499.945737,519864320,0,0
1715729500.947134,519864320,702,702
1715729501.948688,519864320,155,155
1715729502.9499097,519864320,352,352
1715729503.9514105,519864320,302,302
1715729504.9527664,519864320,0,0
1715729505.9541643,519864320,496,496
1715729506.9556105,519864320,155,155
1715729507.9571435,519864320,0,0
1715729508.9584224,519864320,0,0
1715729509.9593856,519864320,0,0
1715729510.9601824,519864320,344,344
1715729511.9614391,519864320,31167896,31167896
1715729512.9623294,519864320,4198,4198
1715729513.9635727,519864320,0,0
1715729514.9645932,519864320,303,303
1715729515.9659271,519864320,347,347
1715729516.9673152,519864320,155,155
1715729517.9686196,519864320,0,0
1715729518.9698782,519864320,31170475,31170475
1715729519.9711695,519864320,2081,2081
1715729520.97223,519864320,631,631
1715729521.9735436,519864320,2285,2285
1715729522.975509,519864320,0,0
1715729523.9760463,519864320,1476,1476
1715729524.9773614,519864320,733,733
1715729525.977972,519864320,1328,1328
1715729526.9792404,519864320,1448,1448
1715729527.9799614,519864320,169,169
1715729528.9814231,519864320,1321,1321
1715729529.981959,519864320,905,905
1715729530.98321,519864320,1105,1105
1715729531.984467,519864320,1492,1492
1715729532.9858582,519864320,949,949
1715729533.9862983,519864320,172,172
1715729534.9875274,519864320,2069,2069
1715729535.9889786,519864320,507,507
1715729536.9899287,519864320,1733,1733
1715729537.9913313,519864320,570,570
1715729538.9919007,519864320,938,938
1715729539.9924386,519864320,2142,2142
1715729540.9937277,519864320,1127,1127
1715729541.9950256,519864320,919,919
1715729542.9963944,519864320,567,567
1715729543.9976547,519864320,1236,1236
1715729544.9979556,519864320,734,734
1715729545.998372,519864320,508,508
1715729546.9996886,519864320,2293,2293
1715729548.0009897,519864320,0,0
1715729549.0019708,519864320,1224,1224
1715729550.003271,519864320,1029,1029
1715729551.0045576,519864320,730,730
1715729552.0058403,519864320,92375,92375
1715729553.0071259,519864320,727,727
1715729554.0083551,519864320,1530,1530
1715729555.0096726,519864320,741,741
1715729556.0100799,519864320,1309,1309
1715729557.0113618,519864320,1518,1518
1715729558.0127397,519864320,0,0
1715729559.0139754,519864320,1700,1700
1715729560.0154552,519864320,569,569
1715729561.016719,519864320,1058,1058
1715729562.0181043,519864320,10391683,10391683
1715729563.0193257,519864320,10391155,10391155
1715729564.0205712,519864320,10389360,10389360
1715729565.02201,519864320,0,0
1715729566.023231,519864320,663,663
1715729567.0244727,519864320,0,0
1715729568.0256712,519864320,0,0
1715729569.0268223,519864320,216,216
1715729570.0273736,519864320,0,0
1715729571.0287037,519864320,496,496
1715729572.0301993,519864320,0,0
1715729573.0315251,519864320,0,0
1715729574.0326927,519864320,0,0
1715729575.033959,519864320,0,0
1715729576.0353296,519864320,496,496
1715729577.0367181,519864320,0,0
1715729578.0380669,519864320,0,0
1715729579.0388825,519864320,0,0
1715729580.0402458,519864320,0,0
1715729581.0416067,519864320,496,496
1715729582.0421007,519864320,0,0
1715729583.0434537,519864320,0,0
1715729584.044873,519864320,0,0
1715729585.0460262,519864320,0,0
1715729586.0473914,519864320,496,496
1715729587.0487492,519864320,0,0
1715729588.0501394,519864320,0,0
1715729589.0513897,519864320,0,0
1715729590.0519743,519864320,0,0
1715729591.053314,519864320,496,496
1715729592.0539496,519864320,0,0
1715729593.0552273,596942848,31167651,31167651
1715729594.0566068,880406528,1740,1740
1715729595.0578933,771108864,0,0
1715729596.0593884,1060515840,657,657
1715729597.0604706,846340096,0,0
1715729598.061422,863223808,0,0
1715729599.0621758,737198080,1287,1287
1715729600.0634935,737198080,41559039,41559039
1715729601.0640888,737198080,2339,2339
1715729602.0645406,737198080,1446,1446
1715729603.0658514,737198080,963,963
1715729604.0666356,737198080,1237,1237
1715729605.0678766,737198080,1514,1514
1715729606.06844,737198080,2073,2073
1715729607.069103,737198080,1509,1509
1715729608.0699308,737198080,1504,1504
1715729609.071105,737198080,1506,1506
1715729610.0723822,737198080,1500,1500
1715729611.0728855,737198080,1786,1786
1715729612.0740788,737198080,1506,1506
1715729613.0755453,737198080,1498,1498
1715729614.0769238,737198080,1489,1489
1715729615.0780077,737198080,1992,1992
1715729616.0794003,737198080,2070,2070
1715729617.0808241,737198080,1505,1505
1715729618.082063,737198080,1444,1444
1715729619.0832796,737198080,20780903,20780903
1715729620.0845594,737198080,1022,1022
1715729621.0859594,737198080,999,999
1715729622.0871778,737198080,0,0
1715729623.0884705,737198080,352,352
1715729624.0899045,737198080,0,0
1715729625.0911534,737198080,100,100
1715729626.0924242,737198080,552,552
1715729627.0936487,737198080,0,0
1715729628.0940993,737198080,0,0
1715729629.0953655,737198080,0,0
1715729630.0966673,737198080,0,0
1715729631.098065,737198080,496,496
1715729632.0992856,737198080,0,0
1715729633.1005533,737198080,0,0
1715729634.1019273,737198080,0,0
1715729635.103345,737198080,0,0
1715729636.103914,737198080,496,496
1715729637.1051438,737198080,0,0
1715729638.1060362,737198080,0,0
1715729639.1072586,737198080,0,0
1715729640.1087043,737198080,0,0
1715729641.1100833,737198080,496,496
1715729642.111455,737198080,0,0
1715729643.112685,737198080,0,0
1715729644.1140563,737198080,0,0
1715729645.114528,737198080,0,0
1715729646.1158135,737198080,496,496
1715729647.1172254,737198080,0,0
1715729648.117976,737198080,31166132,31166132
1715729649.1192944,737198080,3260,3260
1715729650.1205459,737198080,0,0
1715729651.1218557,737198080,506,506
1715729652.1231577,737198080,0,0
1715729653.124529,737198080,353,353
1715729654.125909,737198080,414,414
