Timestamp,MemoryUsage,NetSent,NetRecv
1715730012.1683912,512102400,52,52
1715730013.1696343,519704576,5653,5653
1715730014.1700442,519704576,0,0
1715730015.1714432,519704576,157,157
1715730016.1726737,519704576,660,660
1715730017.1742477,519704576,0,0
1715730018.1754868,519704576,0,0
1715730019.1767168,519704576,494,494
1715730020.1780703,519704576,0,0
1715730021.1783555,519704576,925,925
1715730022.1795828,519704576,0,0
1715730023.1809697,519704576,421,421
1715730024.182046,519704576,158,158
1715730025.183272,519704576,0,0
1715730026.1847134,519704576,1132,1132
1715730027.185999,519704576,0,0
1715730028.187253,519704576,630,630
1715730029.1880805,519704576,0,0
1715730030.1885839,519704576,155,155
1715730031.1896753,519704576,501,501
1715730032.1909854,519704576,0,0
1715730033.1922264,519704576,596,596
1715730034.1934369,519704576,41564013,41564013
1715730035.1942065,519704576,2339,2339
1715730036.1954916,519704576,1371,1371
1715730037.1968725,519704576,1301,1301
1715730038.1979964,519704576,1936,1936
1715730039.1993926,519704576,1548,1548
1715730040.200877,519704576,1624,1624
1715730041.2020664,519704576,2196,2196
1715730042.2035024,519704576,1504,1504
1715730043.2048428,519704576,1250,1250
1715730044.2059634,519704576,1517,1517
1715730045.2072227,519704576,1345,1345
1715730046.2085338,519704576,2821,2821
1715730047.2099452,519704576,2894,2894
1715730048.2113652,519704576,1557,1557
1715730049.2129433,519704576,1809,1809
1715730050.2140179,519704576,1931,1931
1715730051.215229,519704576,2083,2083
1715730052.2161,519704576,1516,1516
1715730053.217341,519704576,10392274,10392274
1715730054.217926,519704576,10392298,10392298
1715730055.2193012,519704576,1436,1436
1715730056.220715,519704576,514,514
1715730057.2220602,519704576,0,0
1715730058.2235641,519704576,0,0
1715730059.2248304,519704576,0,0
1715730060.2259188,519704576,0,0
1715730061.2274883,519704576,496,496
1715730062.2287562,519704576,0,0
1715730063.2300506,519704576,0,0
1715730064.2311149,519704576,0,0
1715730065.231782,519704576,0,0
1715730066.2333493,519704576,496,496
1715730067.2347214,519704576,0,0
1715730068.2363837,519704576,360,360
1715730069.2378333,519704576,0,0
1715730070.2391863,519704576,152,152
1715730071.2404382,519704576,500,500
1715730072.2418177,519704576,0,0
1715730073.2426524,519704576,355,355
1715730074.2440073,519704576,0,0
1715730075.2447603,519704576,99,99
1715730076.2460337,519704576,552,552
1715730077.247409,519704576,0,0
1715730078.2486346,519704576,0,0
1715730079.2501428,519704576,0,0
1715730080.2505724,519704576,352,352
1715730081.2519665,519704576,554,554
1715730082.2531989,519704576,0,0
1715730083.2539794,519704576,31170825,31170825
1715730084.255252,519704576,1403,1403
1715730085.2557273,519704576,0,0
1715730086.2571442,519704576,561,561
1715730087.2580473,519704576,0,0
1715730088.259319,519704576,2138,2138
1715730089.2606268,519704576,8195,8195
1715730090.2621953,519704576,41567286,41567286
1715730091.2635694,519704576,3296,3296
1715730092.2649498,519704576,1427,1427
1715730093.2660148,519704576,1965,1965
1715730094.2672985,519704576,1261,1261
1715730095.2685328,519704576,1702,1702
1715730096.269894,519704576,1696,1696
1715730097.271138,519704576,1925,1925
1715730098.2724206,519704576,1508,1508
1715730099.273714,519704576,1438,1438
1715730100.2747214,519704576,1720,1720
1715730101.2759426,519704576,1963,1963
1715730102.27725,519704576,1513,1513
1715730103.277971,519704576,1807,1807
1715730104.2792258,519704576,2001,2001
1715730105.2797325,519704576,1506,1506
1715730106.280219,519704576,2018,2018
1715730107.281576,519704576,1508,1508
1715730108.2821295,519704576,1038,1038
1715730109.2833593,519704576,10392065,10392065
1715730110.2847428,519704576,10391494,10391494
1715730111.285929,519704576,510,510
1715730112.2869506,519704576,0,0
1715730113.2882056,519704576,0,0
1715730114.2884934,519704576,0,0
1715730115.2899914,519704576,0,0
1715730116.2913828,519704576,496,496
1715730117.2926364,519704576,0,0
1715730118.2940083,519704576,0,0
1715730119.2952847,519704576,0,0
1715730120.2965157,519704576,0,0
1715730121.298073,519704576,496,496
1715730122.2995572,519704576,0,0
1715730123.300638,519704576,0,0
1715730124.3019092,519704576,0,0
1715730125.3032985,519704576,0,0
1715730126.304682,519704576,496,496
1715730127.3059366,519704576,0,0
1715730128.3073337,519704576,0,0
1715730129.308576,519704576,0,0
1715730130.3098385,519704576,0,0
1715730131.3112884,519704576,496,496
1715730132.3125474,519704576,0,0
1715730133.3130066,519704576,356,356
1715730134.314115,519704576,0,0
1715730135.315537,519704576,152,152
1715730136.3163838,519704576,500,500
1715730137.3166199,519704576,0,0
1715730138.3178837,519704576,0,0
1715730139.3192973,519704576,31168040,31168040
1715730140.32058,519704576,303,303
1715730141.3211734,519704576,454,454
1715730142.3221438,519704576,0,0
1715730143.3234174,519704576,0,0
1715730144.3241398,519704576,284,284
1715730145.3254328,519704576,351,351
1715730146.325977,620470272,41559698,41559698
1715730147.327242,725024768,2736,2736
1715730148.3285422,776081408,1316,1316
1715730149.3295443,775450624,1193,1193
1715730150.3300729,746848256,1158,1158
1715730151.3313859,892919808,2036,2036
1715730152.3327224,872235008,1774,1774
1715730153.3341513,890564608,1471,1471
1715730154.3348293,847089664,5163,5163
1715730155.3361936,1020174336,91541,91541
1715730156.3375702,1094385664,2635,2635
1715730157.3379564,893341696,1980,1980
1715730158.3393366,856551424,1544,1544
1715730159.3406172,725684224,980,980
1715730160.341952,750841856,1817,1817
1715730161.3434222,717185024,1861,1861
1715730162.3446453,750821376,1945,1945
1715730163.3461456,782032896,1694,1694
1715730164.3474202,723558400,1509,1509
1715730165.3486652,756838400,10391456,10391456
1715730166.3500667,793210880,10393526,10393526
1715730167.3514688,793210880,0,0
1715730168.352708,793210880,306,306
1715730169.3539598,793210880,0,0
1715730170.355371,793210880,0,0
1715730171.3565984,793210880,502,502
1715730172.3580158,793210880,0,0
1715730173.3592827,793210880,0,0
1715730174.3603623,793210880,0,0
1715730175.3614533,793210880,0,0
1715730176.3619914,793210880,496,496
1715730177.3633766,793210880,0,0
1715730178.3642137,793210880,0,0
1715730179.365601,793210880,0,0
1715730180.3660934,793210880,0,0
1715730181.367329,793210880,496,496
1715730182.3678954,793210880,0,0
1715730183.3691344,793210880,0,0
1715730184.3699327,793210880,0,0
1715730185.3713264,793210880,0,0
1715730186.372706,793210880,496,496
1715730187.3739133,793210880,0,0
1715730188.3750367,793210880,0,0
1715730189.376512,793210880,0,0
1715730190.3777702,793210880,0,0
1715730191.379188,793210880,496,496
1715730192.380578,793210880,0,0
1715730193.3819761,793210880,355,355
1715730194.3835175,793210880,0,0
1715730195.384765,793210880,31172510,31172510
1715730196.3859656,793210880,2712,2712
1715730197.387224,793210880,0,0
1715730198.388491,793210880,304,304
1715730199.3899128,793210880,0,0
1715730200.391217,793210880,354,354
1715730201.3924923,793210880,504,504
1715730202.3927665,793210880,31164960,31164960
1715730203.3941011,793210880,10390822,10390822
1715730204.3955584,793210880,869,869
1715730205.3969388,793210880,794,794
1715730206.3981185,793210880,1636,1636
1715730207.3994257,793210880,796,796
1715730208.4008632,793210880,1496,1496
1715730209.4020615,793210880,1161,1161
1715730210.4033506,793210880,1485,1485
1715730211.4047236,793210880,2027,2027
1715730212.4061952,793210880,1417,1417
1715730213.4075866,793210880,1205,1205
1715730214.4090538,793210880,1206,1206
1715730215.4100938,793210880,939,939
1715730216.4112666,793210880,1501,1501
1715730217.4125714,793210880,1153,1153
1715730218.4139106,793210880,1913,1913
1715730219.415229,793210880,1540,1540
1715730220.4165332,793210880,1790,1790
1715730221.4177864,793210880,20780691,20780691
1715730222.4192355,793210880,1520,1520
1715730223.4205337,793210880,300,300
1715730224.4219449,793210880,151,151
1715730225.422628,793210880,153,153
1715730226.4239562,793210880,502,502
1715730227.4252381,793210880,0,0
1715730228.4259129,793210880,0,0
1715730229.4272332,793210880,0,0
1715730230.428568,793210880,0,0
1715730231.4298153,793210880,496,496
1715730232.4311507,793210880,0,0
1715730233.4324214,793210880,0,0
1715730234.433816,793210880,0,0
1715730235.4352155,793210880,0,0
1715730236.4366322,793210880,496,496
1715730237.437876,793210880,0,0
1715730238.4390998,793210880,0,0
1715730239.4403703,793210880,0,0
1715730240.4419646,793210880,0,0
1715730241.442833,793210880,496,496
1715730242.4442184,793210880,0,0
1715730243.4445426,793210880,0,0
1715730244.4459646,793210880,190,190
1715730245.4471698,793210880,0,0
1715730246.4485085,793210880,496,496
1715730247.4499116,793210880,0,0
1715730248.4511518,793210880,0,0
1715730249.4525962,793210880,0,0
1715730250.4538336,819949568,31163985,31163985
1715730251.4551196,953925632,1546,1546
1715730252.4563508,813535232,0,0
1715730253.4577723,1220468736,503,503
1715730254.4591498,844668928,0,0
1715730255.4606102,1007874048,303,303
1715730256.4621058,814592000,699,699
1715730257.4634018,1040175104,31174389,31174389
1715730258.4646783,872271872,52,52
1715730259.465967,859516928,1218,1218
1715730260.4672635,1070895104,1458,1458
1715730261.4685888,841236480,1167,1167
1715730262.469864,924921856,1653,1653
1715730263.4714053,847278080,277,277
1715730264.472627,859860992,1646,1646
1715730265.4740703,944119808,713,713
1715730266.4753819,840945664,688,688
1715730267.4780552,897818624,1634,1634
1715730268.4842944,872329216,0,0
1715730269.4856627,923086848,1932,1932
1715730270.485976,822239232,153,153
1715730271.487201,840654848,1489,1489
1715730272.488586,1132601344,1118,1118
1715730273.4898899,841187328,918,918
1715730274.491287,1108840448,1287,1287
1715730275.4925637,846958592,326,326
1715730276.493828,840638464,2452,2452
1715730277.4951093,913178624,0,0
1715730278.4963734,841048064,1087,1087
1715730279.4978063,1262313472,1289,1289
1715730280.4991868,859832320,1229,1229
1715730281.5004869,1026818048,1868,1868
1715730282.5018973,847327232,0,0
1715730283.5032756,915062784,2238,2238
1715730284.5046635,925093888,278,278
1715730285.505652,851656704,1093,1093
1715730286.5060973,1286578176,2124,2124
1715730287.507357,922738688,541,541
1715730288.5087228,872517632,1728,1728
1715730289.5099838,1014030336,0,0
1715730290.5111895,840851456,1231,1231
1715730291.5124886,991952896,942,942
1715730292.5137212,840990720,346,346
1715730293.5151227,1130143744,1873,1873
1715730294.5164273,847507456,0,0
1715730295.5177073,973598720,2245,2245
1715730296.5189996,916119552,685,685
1715730297.521525,859643904,939,939
1715730298.5220692,1223479296,1520,1520
1715730299.523557,847503360,764,764
1715730300.5247905,858488832,20778774,20778774
1715730301.5259635,858488832,10391424,10391424
1715730302.5267234,858488832,0,0
1715730303.5280964,858488832,152,152
1715730304.5293646,858488832,153,153
1715730305.5299237,858488832,153,153
1715730306.5312262,858488832,349,349
1715730307.5317256,858488832,0,0
1715730308.53301,858488832,0,0
1715730309.5341668,858488832,0,0
1715730310.5354416,858488832,344,344
1715730311.5368392,858488832,152,152
1715730312.5379374,858488832,0,0
1715730313.5393064,858488832,355,355
1715730314.540737,858488832,0,0
1715730315.5419183,858488832,12217,12217
1715730316.543205,858488832,7945,7945
1715730317.544641,858488832,4021,4021
1715730318.545917,858488832,2982,2982
1715730319.5473306,858488832,4564,4564
1715730320.5487137,858488832,3888,3888
1715730321.54996,858488832,5364,5364
1715730322.5502853,858488832,11942,11942
1715730323.5515554,858488832,387,387
1715730324.552802,858488832,1002,1002
1715730325.5541294,858488832,3492,3492
1715730326.555514,858488832,316,316
1715730327.5567944,858488832,620,620
1715730328.5579245,858488832,4676,4676
1715730329.559207,858488832,2721,2721
1715730330.5604389,858488832,31164694,31164694
1715730331.56126,858488832,1948,1948
1715730332.5622187,858488832,0,0
1715730333.5654302,858488832,882,882
1715730334.5660286,858488832,714,714
1715730335.567478,858488832,4743,4743
1715730336.568903,858488832,709,709
