Timestamp,MemoryUsage,NetSent,NetRecv
1715730011.8216772,512270336,0,0
1715730012.8227656,519610368,22889,22889
1715730013.8239527,519610368,525,525
1715730014.8253047,519610368,157,157
1715730015.8258948,519610368,504,504
1715730016.8271146,519610368,156,156
1715730017.828399,519610368,0,0
1715730018.8296096,519610368,494,494
1715730019.8299668,519610368,0,0
1715730020.831368,519610368,667,667
1715730021.8326313,519610368,258,258
1715730022.8337843,519610368,0,0
1715730023.8348405,519610368,579,579
1715730024.8361733,519610368,0,0
1715730025.8375185,519610368,980,980
1715730026.8379683,519610368,152,152
1715730027.839348,519610368,472,472
1715730028.8401976,519610368,158,158
1715730029.8416126,519610368,0,0
1715730030.842042,519610368,504,504
1715730031.8434284,519610368,152,152
1715730032.8448215,519610368,0,0
1715730033.8459537,519610368,31173612,31173612
1715730034.8473585,519610368,10392969,10392969
1715730035.8487184,519610368,1394,1394
1715730036.8499286,519610368,1645,1645
1715730037.85119,519610368,1778,1778
1715730038.8522806,519610368,1706,1706
1715730039.853604,519610368,942,942
1715730040.8539937,519610368,2163,2163
1715730041.854976,519610368,1495,1495
1715730042.8563602,519610368,1808,1808
1715730043.8575923,519610368,1515,1515
1715730044.8580344,519610368,1513,1513
1715730045.8593526,519610368,2362,2362
1715730046.8605838,519610368,2888,2888
1715730047.861881,519610368,2022,2022
1715730048.8625467,519610368,1240,1240
1715730049.863868,519610368,2219,2219
1715730050.865184,519610368,1362,1362
1715730051.8659668,519610368,1952,1952
1715730052.867135,519610368,10391439,10391439
1715730053.868432,519610368,1739,1739
1715730054.8696485,519610368,10393396,10393396
1715730055.8702335,519610368,358,358
1715730056.871429,519610368,156,156
1715730057.8725994,519610368,0,0
1715730058.8737488,519610368,0,0
1715730059.8740063,519610368,0,0
1715730060.875259,519610368,344,344
1715730061.8764756,519610368,152,152
1715730062.877931,519610368,0,0
1715730063.8790402,519610368,0,0
1715730064.8802438,519610368,0,0
1715730065.8816257,519610368,344,344
1715730066.8821568,519610368,152,152
1715730067.8834875,519610368,360,360
1715730068.8838286,519610368,0,0
1715730069.88453,519610368,152,152
1715730070.8859608,519610368,345,345
1715730071.8871968,519610368,155,155
1715730072.8886833,519610368,355,355
1715730073.8900194,519610368,0,0
1715730074.8913968,519610368,0,0
1715730075.8926198,519610368,496,496
1715730076.894122,519610368,155,155
1715730077.8953638,519610368,0,0
1715730078.8966534,519610368,0,0
1715730079.8978488,519610368,0,0
1715730080.8985977,519610368,751,751
1715730081.8993168,519610368,155,155
1715730082.900441,519610368,449,449
1715730083.9017377,519610368,31171779,31171779
1715730084.9029708,519610368,0,0
1715730085.9042394,519610368,406,406
1715730086.9056478,519610368,155,155
1715730087.9069066,519610368,0,0
1715730088.9083097,519610368,7743,7743
1715730089.9096017,519610368,41563989,41563989
1715730090.9099038,519610368,8046,8046
1715730091.9111848,519610368,1329,1329
1715730092.912548,519610368,2185,2185
1715730093.913918,519610368,1531,1531
1715730094.915073,519610368,1762,1762
1715730095.916414,519610368,1568,1568
1715730096.9178016,519610368,1645,1645
1715730097.9192088,519610368,1818,1818
1715730098.9207127,519610368,1507,1507
1715730099.9219496,519610368,1933,1933
1715730100.9233437,519610368,2117,2117
1715730101.9246814,519610368,1387,1387
1715730102.926089,519610368,1758,1758
1715730103.9273229,519610368,1715,1715
1715730104.9285872,519610368,1563,1563
1715730105.9298418,519610368,1864,1864
1715730106.9308174,519610368,1492,1492
1715730107.9322288,519610368,1500,1500
1715730108.9334946,519610368,10391180,10391180
1715730109.9344583,519610368,10392838,10392838
1715730110.9356914,519610368,354,354
1715730111.9368804,519610368,156,156
1715730112.9379969,519610368,0,0
1715730113.9394102,519610368,0,0
1715730114.9406114,519610368,0,0
1715730115.9419584,519610368,344,344
1715730116.943159,519610368,152,152
1715730117.9444923,519610368,0,0
1715730118.9459155,519610368,0,0
1715730119.9471383,519610368,0,0
1715730120.947514,519610368,344,344
1715730121.9480026,519610368,152,152
1715730122.9493709,519610368,0,0
1715730123.9500797,519610368,0,0
1715730124.9513023,519610368,0,0
1715730125.9526513,519610368,344,344
1715730126.9539232,519610368,152,152
1715730127.9551394,519610368,0,0
1715730128.9564095,519610368,0,0
1715730129.9576778,519610368,0,0
1715730130.9590697,519610368,344,344
1715730131.9604568,519610368,152,152
1715730132.9609654,519610368,356,356
1715730133.9620347,519610368,0,0
1715730134.9632618,519610368,0,0
1715730135.9645183,519610368,497,497
1715730136.965918,519610368,155,155
1715730137.9672387,519610368,0,0
1715730138.968456,597413888,31167169,31167169
1715730139.9698021,974962688,871,871
1715730140.9710093,681771008,456,456
1715730141.9723365,872402944,301,301
1715730142.973553,768708608,0,0
1715730143.9739714,740253696,0,0
1715730144.9749737,916377600,284,284
1715730145.9764357,783245312,31166702,31166702
1715730146.977512,790433792,10395107,10395107
1715730147.9780111,825237504,1542,1542
1715730148.9793231,793812992,1477,1477
1715730149.9808662,825454592,1462,1462
1715730150.9820187,787451904,1875,1875
1715730151.983344,825176064,1627,1627
1715730152.984628,787173376,1192,1192
1715730153.9859812,825032704,4518,4518
1715730154.9872186,941555712,92746,92746
1715730155.9885182,950870016,1915,1915
1715730156.9898334,1000558592,2085,2085
1715730157.991217,911159296,1395,1395
1715730158.9925847,978526208,1769,1769
1715730159.9939353,1005658112,1509,1509
1715730160.9952545,1021419520,2005,2005
1715730161.9966445,1116803072,2098,2098
1715730162.9979696,1196089344,1566,1566
1715730163.9993637,1137360896,1812,1812
1715730165.0007498,757350400,1512,1512
1715730166.001923,818053120,20782983,20782983
1715730167.0031924,818053120,487,487
1715730168.0045464,818053120,101,101
1715730169.0057929,818053120,205,205
1715730170.0071535,818053120,0,0
1715730171.0084128,818053120,347,347
1715730172.0093157,818053120,155,155
1715730173.0099878,818053120,0,0
1715730174.0113645,818053120,0,0
1715730175.0127542,818053120,0,0
1715730176.013919,818053120,344,344
1715730177.0152063,818053120,152,152
1715730178.0165114,818053120,0,0
1715730179.0173583,818053120,0,0
1715730180.0180454,818053120,0,0
1715730181.0192268,818053120,344,344
1715730182.0196564,818053120,152,152
1715730183.0208323,818053120,0,0
1715730184.0220296,818053120,0,0
1715730185.0229163,818053120,0,0
1715730186.0242326,818053120,344,344
1715730187.0254445,818053120,152,152
1715730188.0259535,818053120,0,0
1715730189.0273724,818053120,0,0
1715730190.0283406,818053120,0,0
1715730191.0295832,818053120,496,496
1715730192.030802,818053120,0,0
1715730193.0321674,818053120,355,355
1715730194.0335634,818053120,0,0
1715730195.0338829,818053120,265,265
1715730196.0346477,818053120,31174957,31174957
1715730197.0360224,818053120,0,0
1715730198.0372505,818053120,304,304
1715730199.038079,818053120,0,0
1715730200.039376,818053120,0,0
1715730201.0408967,818053120,858,858
1715730202.0421584,818053120,1343,1343
1715730203.043623,842432512,41554439,41554439
1715730204.0449193,842432512,869,869
1715730205.0460699,842432512,794,794
1715730206.0474384,842432512,1636,1636
1715730207.0488446,842432512,796,796
1715730208.0501153,842432512,1496,1496
1715730209.0507915,842432512,1161,1161
1715730210.052129,842432512,1485,1485
1715730211.0536234,842432512,2027,2027
1715730212.054065,842432512,1417,1417
1715730213.0554361,842432512,1205,1205
1715730214.0568671,842432512,1206,1206
1715730215.058087,842432512,887,887
1715730216.059386,842432512,1211,1211
1715730217.060741,842432512,1495,1495
1715730218.0621026,842432512,1428,1428
1715730219.0634186,842432512,1750,1750
1715730220.0646296,842432512,1480,1480
1715730221.0658834,842432512,2528,2528
1715730222.0671499,842432512,20780268,20780268
1715730223.0685456,842432512,300,300
1715730224.0699863,842432512,151,151
1715730225.071409,842432512,0,0
1715730226.0719342,842432512,655,655
1715730227.0727887,842432512,0,0
1715730228.0740337,842432512,0,0
1715730229.0752628,842432512,0,0
1715730230.0764973,842432512,0,0
1715730231.0773368,842432512,496,496
1715730232.0786097,842432512,0,0
1715730233.0799177,842432512,0,0
1715730234.0812893,842432512,0,0
1715730235.0820305,842432512,0,0
1715730236.0833323,842432512,496,496
1715730237.0847054,842432512,0,0
1715730238.0860395,842432512,0,0
1715730239.0872822,842432512,0,0
1715730240.0883622,842432512,0,0
1715730241.089486,842432512,496,496
1715730242.0904503,842432512,0,0
1715730243.0918856,842432512,0,0
1715730244.092806,842432512,0,0
1715730245.0940852,842432512,190,190
1715730246.095364,842432512,496,496
1715730247.096636,842432512,0,0
1715730248.097972,842432512,0,0
1715730249.0993676,842432512,0,0
1715730250.1005795,842432512,237,237
1715730251.1018963,842432512,31165294,31165294
1715730252.1032708,842432512,0,0
1715730253.1038048,842432512,503,503
1715730254.1050935,842432512,0,0
1715730255.1059551,842432512,0,0
1715730256.1064076,842432512,651,651
1715730257.1076932,852000768,31170959,31170959
1715730258.109181,1024876544,3833,3833
1715730259.1099608,910696448,180,180
1715730260.1113775,1017962496,2343,2343
1715730261.1126409,950865920,687,687
1715730262.1139,904163328,1952,1952
1715730263.11528,1124630528,611,611
1715730264.1166646,910417920,649,649
1715730265.1197226,1130975232,1554,1554
1715730266.121005,904105984,510,510
1715730267.122075,971218944,1968,1968
1715730268.123406,1020133376,0,0
1715730269.1246364,977371136,1932,1932
1715730270.125905,1014046720,0,0
1715730271.127323,904388608,1033,1033
1715730272.128654,979656704,1727,1727
1715730273.1300025,910471168,0,0
1715730274.1312425,1111887872,2205,2205
1715730275.132544,910221312,0,0
1715730276.1337957,903954432,2214,2214
1715730277.1351128,1298157568,564,564
1715730278.1363628,854011904,176,176
1715730279.137813,1147207680,2200,2200
1715730280.1391966,904105984,0,0
1715730281.1404192,904105984,2818,2818
1715730282.141684,979623936,279,279
1715730283.141913,910577664,1511,1511
1715730284.1431365,1108570112,1005,1005
1715730285.1443639,879030272,484,484
1715730286.1457434,1037398016,2681,2681
1715730287.1470168,979632128,52,52
1715730288.1484447,910295040,1993,1993
1715730289.1499152,1044533248,276,276
1715730290.1512008,897921024,100,100
1715730291.1524947,1099059200,2073,2073
1715730292.1538105,853913600,0,0
1715730293.1550856,910364672,2219,2219
1715730294.1564248,994332672,0,0
1715730295.157639,904232960,1364,1364
1715730296.1584334,904232960,1566,1566
1715730297.1591065,940101632,768,768
1715730298.1603863,910319616,906,906
1715730299.1616647,1040449536,963,963
1715730300.1626158,985907200,1743,1743
1715730301.163854,863944704,31167780,31167780
1715730302.1651733,863944704,1261,1261
1715730303.1659322,863944704,0,0
1715730304.167266,863944704,305,305
1715730305.168627,863944704,0,0
1715730306.1698556,863944704,502,502
1715730307.1712248,863944704,0,0
1715730308.172478,863944704,0,0
1715730309.1729486,863944704,0,0
1715730310.1739087,863944704,0,0
1715730311.1753366,863944704,496,496
1715730312.1766086,863944704,0,0
1715730313.1769605,863944704,355,355
1715730314.1779768,863944704,0,0
1715730315.1792526,863944704,5600,5600
1715730316.1802483,863944704,12986,12986
1715730317.1806717,863944704,3764,3764
1715730318.182104,863944704,4437,4437
1715730319.183345,863944704,2371,2371
1715730320.1847222,863944704,6047,6047
1715730321.185918,863944704,569,569
1715730322.187159,863944704,16178,16178
1715730323.1886141,863944704,971,971
1715730324.1901488,863944704,939,939
1715730325.191564,863944704,3210,3210
1715730326.1930242,863944704,1048,1048
1715730327.194059,863944704,453,453
1715730328.195319,863944704,2413,2413
1715730329.196446,863944704,4741,4741
1715730330.1979713,863944704,886,886
1715730331.1992958,863944704,31166166,31166166
1715730332.20059,863944704,0,0
1715730333.2019792,863944704,882,882
1715730334.2032614,863944704,714,714
1715730335.204548,863944704,1545,1545
1715730336.205923,863944704,3907,3907
