Timestamp,MemoryUsage,NetSent,NetRecv
1715732994.1269255,511922176,0,0
1715732995.1282084,519393280,11990,11990
1715732996.1295815,519393280,356,356
1715732997.1302133,519393280,156,156
1715732998.1315854,519393280,0,0
1715732999.1331015,519393280,0,0
1715733000.1340578,519393280,0,0
1715733001.1353023,519393280,344,344
1715733002.1364896,519393280,152,152
1715733003.1376429,519393280,0,0
1715733004.1380868,519393280,0,0
1715733005.1388638,519393280,0,0
1715733006.1402793,519393280,344,344
1715733007.1415627,519393280,152,152
1715733008.142051,519393280,0,0
1715733009.142875,519393280,0,0
1715733010.1442673,519393280,0,0
1715733011.1455421,519393280,344,344
1715733012.1469896,519393280,152,152
1715733013.1483548,519393280,0,0
1715733014.1491256,519393280,0,0
1715733015.1499257,519393280,31174854,31174854
1715733016.151309,519393280,653,653
1715733017.1525717,519393280,355,355
1715733018.1540003,519393280,1589,1589
1715733019.1552987,519393280,0,0
1715733020.1565583,519393280,1554,1554
1715733021.1579413,519393280,1024,1024
1715733022.1585467,519393280,345,345
1715733023.159948,519393280,2149,2149
1715733024.1612542,519393280,287,287
1715733025.1619241,519393280,2045,2045
1715733026.1629255,519393280,631,631
1715733027.1642506,519393280,518,518
1715733028.1656666,519393280,828,828
1715733029.1659677,519393280,196,196
1715733030.1663294,519393280,1511,1511
1715733031.1668937,519393280,301,301
1715733032.16815,519393280,1098,1098
1715733033.1695135,519393280,1284,1284
1715733034.1699603,519393280,194,194
1715733035.1712632,519393280,1481,1481
1715733036.172546,519393280,915,915
1715733037.1738105,519393280,1225,1225
1715733038.1751099,519393280,1001,1001
1715733039.176372,519393280,0,0
1715733040.1777642,519393280,2446,2446
1715733041.179163,519393280,790,790
1715733042.1807716,519393280,346,346
1715733043.1820624,519393280,1892,1892
1715733044.1830845,519393280,304,304
1715733045.1837747,519393280,2754,2754
1715733046.1851532,519393280,874,874
1715733047.185941,519393280,1289,1289
1715733048.1872482,519393280,522,522
1715733049.1875753,519393280,194,194
1715733050.1889067,519393280,1786,1786
1715733051.1900136,519393280,456,456
1715733052.1912732,519393280,1519,1519
1715733053.192573,519393280,734,734
1715733054.1937191,519393280,777,777
1715733055.1950674,519393280,1484,1484
1715733056.1982396,519393280,1332,1332
1715733057.1995177,519393280,912,912
1715733058.2008462,519393280,759,759
1715733059.201985,519393280,10389208,10389208
1715733060.2033737,519393280,20784407,20784407
1715733061.2048516,519393280,949,949
1715733062.205965,519393280,0,0
1715733063.2074277,519393280,151,151
1715733064.2078102,519393280,0,0
1715733065.2092395,519393280,0,0
1715733066.2100518,519393280,497,497
1715733067.2112916,519393280,0,0
1715733068.2127025,519393280,0,0
1715733069.2139463,519393280,0,0
1715733070.215365,519393280,0,0
1715733071.216599,519393280,444,444
1715733072.2180321,519393280,52,52
1715733073.2194417,519393280,0,0
1715733074.2207232,519393280,356,356
1715733075.2219646,519393280,0,0
1715733076.2234094,519393280,502,502
1715733077.2247975,519393280,0,0
1715733078.2259877,519393280,0,0
1715733079.2272289,519393280,0,0
1715733080.2283795,519393280,0,0
1715733081.229949,519393280,496,496
1715733082.2313697,519393280,0,0
1715733083.2326078,519393280,353,353
1715733084.2340357,519393280,0,0
1715733085.235323,519393280,151,151
1715733086.2367172,519393280,500,500
1715733087.2379298,519393280,0,0
1715733088.239325,519393280,0,0
1715733089.2406182,519393280,31171311,31171311
1715733090.2419095,519393280,0,0
1715733091.2430112,519393280,507,507
1715733092.2435424,519393280,0,0
1715733093.244962,519393280,0,0
1715733094.246009,519393280,403,403
1715733095.2472072,519393280,41559300,41559300
1715733096.248249,519393280,1775,1775
1715733097.249715,519393280,1314,1314
1715733098.2511053,519393280,1485,1485
1715733099.2525234,519393280,1480,1480
1715733100.2536676,519393280,1640,1640
1715733101.2540004,519393280,1681,1681
1715733102.255274,519393280,1532,1532
1715733103.2566574,519393280,1498,1498
1715733104.258031,519393280,1810,1810
1715733105.2595003,519393280,1513,1513
1715733106.260904,519393280,2060,2060
1715733107.261955,519393280,1511,1511
1715733108.263334,519393280,943,943
1715733109.2646127,519393280,919,919
1715733110.2659328,519393280,1272,1272
1715733111.2672024,519393280,2087,2087
1715733112.2684686,519393280,1213,1213
1715733113.2691486,519393280,10388952,10388952
1715733114.269907,519393280,10391435,10391435
1715733115.2713058,519393280,989,989
1715733116.2725527,519393280,515,515
1715733117.2737932,519393280,0,0
1715733118.2751765,519393280,0,0
1715733119.2765498,519393280,0,0
1715733120.2778153,519393280,0,0
1715733121.2790506,519393280,496,496
1715733122.280439,519393280,0,0
1715733123.281731,519393280,0,0
1715733124.2827494,519393280,0,0
1715733125.2839856,519393280,0,0
1715733126.2851658,519393280,496,496
1715733127.2866383,519393280,0,0
1715733128.2879226,519393280,0,0
1715733129.2891655,519393280,0,0
1715733130.2899551,519393280,0,0
1715733131.2912338,519393280,496,496
1715733132.2926111,519393280,0,0
1715733133.2931726,519393280,0,0
1715733134.2946372,519393280,355,355
1715733135.2959435,519393280,0,0
1715733136.2972066,519393280,502,502
1715733137.2981956,519393280,0,0
1715733138.2995107,519393280,0,0
1715733139.300881,519393280,0,0
1715733140.3019962,519393280,0,0
1715733141.3034432,519393280,496,496
1715733142.3048506,519393280,0,0
1715733143.3060606,519393280,31170312,31170312
1715733144.307461,519393280,939,939
1715733145.3087473,519393280,0,0
1715733146.310051,519393280,657,657
1715733147.310796,519393280,0,0
1715733148.3120923,519393280,0,0
1715733149.3133163,519393280,31168706,31168706
1715733150.3140285,519393280,10392421,10392421
1715733151.3145049,519393280,1199,1199
1715733152.3149056,519393280,1468,1468
1715733153.3158891,519393280,1472,1472
1715733154.3171816,519393280,1412,1412
1715733155.3179445,519393280,1398,1398
1715733156.3191586,519393280,1921,1921
1715733157.3204343,519393280,1482,1482
1715733158.321724,519393280,1488,1488
1715733159.3229845,519393280,1291,1291
1715733160.3242319,519393280,1620,1620
1715733161.3254974,519393280,2072,2072
1715733162.3259592,519393280,1499,1499
1715733163.3271933,519393280,930,930
1715733164.3284452,519393280,1486,1486
1715733165.3297746,519393280,1065,1065
1715733166.3310742,519393280,1865,1865
1715733167.3324847,519393280,1509,1509
1715733168.3337023,519393280,10390359,10390359
1715733169.3349426,519393280,1088,1088
1715733170.3362648,519393280,10392236,10392236
1715733171.3365178,519393280,514,514
1715733172.337743,519393280,0,0
1715733173.3385062,519393280,0,0
1715733174.3397589,519393280,0,0
1715733175.3410532,519393280,0,0
1715733176.342074,519393280,91625,91625
1715733177.3428032,519393280,0,0
1715733178.344272,519393280,0,0
1715733179.3455665,519393280,0,0
1715733180.3460789,519393280,158,158
1715733181.3472679,519393280,504,504
1715733182.3481884,519393280,0,0
1715733183.3493052,519393280,0,0
1715733184.349921,519393280,0,0
1715733185.3512862,519393280,0,0
1715733186.3526356,519393280,496,496
1715733187.3540406,519393280,0,0
1715733188.3554204,519393280,0,0
1715733189.356805,519393280,0,0
1715733190.3581057,519393280,0,0
1715733191.3593428,519393280,600,600
1715733192.3607497,519393280,0,0
1715733193.361965,519393280,0,0
1715733194.3626642,519393280,355,355
1715733195.3640013,519393280,0,0
1715733196.3649662,519393280,502,502
1715733197.36609,519393280,0,0
1715733198.366885,519393280,313,313
1715733199.3682468,519393280,31170977,31170977
1715733200.369798,519393280,0,0
1715733201.371066,519393280,456,456
1715733202.3739963,519393280,0,0
1715733203.3753138,519393280,303,303
1715733204.3767736,519393280,2432,2432
1715733205.3780468,519393280,41560775,41560775
1715733206.3794844,519393280,2023,2023
1715733207.380896,519393280,1158,1158
1715733208.3820748,519393280,911,911
1715733209.3835459,519393280,1460,1460
1715733210.3848543,519393280,1451,1451
1715733211.3861103,519393280,1850,1850
1715733212.3874278,519393280,1444,1444
1715733213.3887398,519393280,1500,1500
1715733214.3900318,519393280,1496,1496
1715733215.3914993,519393280,1495,1495
1715733216.3929493,519393280,2046,2046
1715733217.394117,519393280,1502,1502
1715733218.3954062,519393280,1447,1447
1715733219.3967853,519393280,1462,1462
1715733220.3980281,519393280,1169,1169
1715733221.3989718,519393280,2153,2153
1715733222.4004192,519393280,1781,1781
1715733223.401772,519393280,1777,1777
1715733224.4022994,519393280,20780980,20780980
1715733225.403599,519393280,0,0
1715733226.4049335,519393280,512,512
1715733227.4059813,519393280,0,0
1715733228.4072149,519393280,0,0
1715733229.4085999,519393280,0,0
1715733230.4100819,519393280,0,0
1715733231.411409,519393280,496,496
1715733232.412691,519393280,0,0
1715733233.4141269,519393280,0,0
1715733234.4155226,519393280,0,0
1715733235.4169042,519393280,0,0
1715733236.4178762,519393280,496,496
1715733237.4191582,519393280,0,0
1715733238.4196289,519393280,0,0
1715733239.4208739,519393280,0,0
1715733240.4221525,519393280,0,0
1715733241.4234366,519393280,532,532
1715733242.424849,519393280,0,0
1715733243.4259257,519393280,0,0
1715733244.4273636,519393280,0,0
1715733245.4286673,519393280,0,0
1715733246.429919,519393280,496,496
1715733247.431155,519393280,0,0
1715733248.4324784,519393280,0,0
1715733249.4336743,519393280,0,0
1715733250.4340775,519393280,0,0
1715733251.4353423,519393280,496,496
1715733252.4365847,519393280,31167253,31167253
1715733253.4379997,519393280,1399,1399
1715733254.4392946,519393280,308,308
1715733255.4407275,519393280,152,152
1715733256.4421628,519393280,505,505
1715733257.443449,519393280,0,0
1715733258.444757,519393280,0,0
1715733259.4473352,592203776,31169358,31169358
1715733260.4487774,816164864,1951,1951
1715733261.4500475,800878592,1038,1038
1715733262.4513416,687194112,1083,1083
1715733263.452694,913776640,307,307
1715733264.4542313,721440768,926,926
1715733265.4556084,1024823296,1291,1291
1715733266.4569178,741994496,1312,1312
1715733267.4582012,881045504,1461,1461
1715733268.4595191,883785728,757,757
1715733269.4607606,792195072,900,900
1715733270.4620917,752029696,1323,1323
1715733271.463488,739315712,457,457
1715733272.464743,711745536,2106,2106
1715733273.4659812,956223488,0,0
1715733274.4672034,748859392,1080,1080
1715733275.4685907,977199104,876,876
1715733276.4699383,802455552,678,678
1715733277.4711916,720707584,2121,2121
1715733278.47248,808464384,0,0
1715733279.4738026,754733056,1096,1096
1715733280.4750693,1039527936,1021,1021
1715733281.4764426,754421760,864,864
1715733282.4778514,821600256,1918,1918
1715733283.4791183,812695552,0,0
1715733284.4803798,756105216,2169,2169
1715733285.4816525,769048576,564,564
1715733286.481968,801869824,1293,1293
1715733287.483272,720281600,935,935
1715733288.4845357,793505792,734,734
1715733289.4858074,753889280,1330,1330
1715733290.487116,753631232,739,739
1715733291.4883945,849424384,1474,1474
1715733292.4896283,778903552,752,752
1715733293.489986,980598784,1306,1306
1715733294.491287,778932224,770,770
1715733295.4925559,701992960,903,903
1715733296.4938736,805707776,1886,1886
1715733297.494517,756768768,0,0
1715733298.4957983,756768768,1603,1603
1715733299.4970872,975605760,585,585
1715733300.4979148,701952000,635,635
1715733301.499344,1012154368,10391184,10391184
1715733302.50072,1018306560,2186,2186
1715733303.5019634,687689728,20779546,20779546
1715733304.5032756,687689728,268,268
1715733305.504682,687689728,557,557
1715733306.5059438,687689728,615,615
1715733307.507317,687689728,0,0
1715733308.508493,687689728,0,0
1715733309.509753,687689728,0,0
1715733310.5111098,687689728,0,0
1715733311.5118785,687689728,496,496
1715733312.5126405,687689728,0,0
1715733313.5140657,687689728,0,0
1715733314.5153637,687689728,353,353
1715733315.516654,687689728,0,0
1715733316.517582,687689728,502,502
1715733317.5188675,687689728,0,0
1715733318.5204613,687689728,0,0
1715733319.5211306,687689728,0,0
1715733320.5220714,687689728,0,0
1715733321.5234425,687689728,496,496
1715733322.5242503,687689728,0,0
1715733323.525511,687689728,351,351
1715733324.52621,687689728,0,0
1715733325.5275843,687689728,152,152
1715733326.527869,687689728,500,500
1715733327.5292964,687689728,0,0
1715733328.530265,687689728,0,0
1715733329.5316496,687689728,0,0
1715733330.5329669,687689728,0,0
1715733331.5344193,687689728,496,496
1715733332.5356376,687689728,31162110,31162110
1715733333.5361543,687689728,2937,2937
1715733334.5375516,687689728,0,0
1715733335.5381842,687689728,497,497
1715733336.539475,687689728,308,308
1715733337.5407188,687689728,0,0
1715733338.5420706,687689728,0,0
