Timestamp,MemoryUsage,NetSent,NetRecv
1715732994.0065496,512266240,0,0
1715732995.0078487,520261632,18341,18341
1715732996.009229,520261632,356,356
1715732997.0101702,520261632,156,156
1715732998.0114312,520261632,0,0
1715732999.0127826,520261632,0,0
1715733000.0140784,520261632,0,0
1715733001.0154116,520261632,344,344
1715733002.0167248,520261632,152,152
1715733003.0180416,520261632,0,0
1715733004.019282,520261632,0,0
1715733005.0206892,520261632,0,0
1715733006.0220516,520261632,344,344
1715733007.0233111,520261632,152,152
1715733008.0244458,520261632,0,0
1715733009.025551,520261632,0,0
1715733010.0261335,520261632,0,0
1715733011.0275211,520261632,344,344
1715733012.0287101,520261632,152,152
1715733013.0299904,520261632,0,0
1715733014.031405,520261632,0,0
1715733015.032613,623427584,31174324,31174324
1715733016.03393,698261504,1183,1183
1715733017.03523,748535808,155,155
1715733018.0364895,870752256,1789,1789
1715733019.037799,830885888,0,0
1715733020.0383508,755572736,823,823
1715733021.0397396,1050087424,1755,1755
1715733022.041091,787210240,155,155
1715733023.0419612,787210240,2339,2339
1715733024.0433526,960466944,287,287
1715733025.044568,755625984,1488,1488
1715733026.0459976,874926080,1188,1188
1715733027.0468163,787169280,518,518
1715733028.048054,787173376,828,828
1715733029.049329,977838080,196,196
1715733030.0500295,755691520,922,922
1715733031.0514598,1241767936,890,890
1715733032.0527768,787062784,1098,1098
1715733033.0539591,780697600,1284,1284
1715733034.0552351,782979072,0,0
1715733035.0566242,774340608,1675,1675
1715733036.0579557,908644352,915,915
1715733037.05918,786944000,517,517
1715733038.0605233,1133465600,1709,1709
1715733039.061824,837226496,0,0
1715733040.0628912,843681792,2168,2168
1715733041.0642836,910184448,1068,1068
1715733042.06551,786903040,346,346
1715733043.065995,831557632,1892,1892
1715733044.0672803,774606848,304,304
1715733045.0685349,755478528,2702,2702
1715733046.070057,915046400,770,770
1715733047.0713403,787243008,514,514
1715733048.0728116,1179840512,1453,1453
1715733049.0741613,755486720,194,194
1715733050.0754132,1197809664,1786,1786
1715733051.0767713,787128320,301,301
1715733052.0781028,903110656,1674,1674
1715733053.0794678,787271680,734,734
1715733054.0807338,755814400,777,777
1715733055.0819454,873070592,922,922
1715733056.0832007,787066880,1738,1738
1715733057.0844986,1162342400,332,332
1715733058.0858853,753741824,1302,1302
1715733059.08724,784158720,1035,1035
1715733060.0884597,794607616,31171928,31171928
1715733061.0895326,794607616,1638,1638
1715733062.0900738,794607616,156,156
1715733063.0913098,794607616,151,151
1715733064.0925808,794607616,0,0
1715733065.0938425,794607616,0,0
1715733066.0951555,794607616,345,345
1715733067.0966558,794607616,152,152
1715733068.0978768,794607616,0,0
1715733069.0991688,794607616,0,0
1715733070.1004314,794607616,0,0
1715733071.1019454,794607616,344,344
1715733072.103226,794607616,152,152
1715733073.104591,794607616,0,0
1715733074.105238,794607616,356,356
1715733075.1060455,794607616,0,0
1715733076.1073327,794607616,347,347
1715733077.1087413,794607616,155,155
1715733078.1099138,794607616,0,0
1715733079.111354,794607616,0,0
1715733080.1122563,794607616,0,0
1715733081.1136503,794607616,344,344
1715733082.1146705,794607616,152,152
1715733083.1160119,794607616,353,353
1715733084.1171026,794607616,0,0
1715733085.1180854,794607616,151,151
1715733086.1192195,794607616,345,345
1715733087.120619,794607616,155,155
1715733088.121732,794607616,0,0
1715733089.1229775,1262911488,31171011,31171011
1715733090.1243517,838541312,300,300
1715733091.1256387,903294976,352,352
1715733092.1261516,844472320,155,155
1715733093.1274493,857333760,0,0
1715733094.1288753,833253376,403,403
1715733095.1300626,1021026304,41558467,41558467
1715733096.1313899,1198575616,2284,2284
1715733097.132841,1189163008,1638,1638
1715733098.1340103,1233174528,1485,1485
1715733099.1354814,1308286976,1480,1480
1715733100.1367705,1244434432,1588,1588
1715733101.1381178,1125552128,1577,1577
1715733102.1394238,1122082816,1688,1688
1715733103.1408832,862023680,1498,1498
1715733104.1420834,860295168,1810,1810
1715733105.1435122,912216064,1513,1513
1715733106.1447926,963026944,1904,1904
1715733107.1460938,893530112,1098,1098
1715733108.1474783,836485120,1512,1512
1715733109.1489255,1071628288,919,919
1715733110.1499732,1054687232,1272,1272
1715733111.151226,1012871168,1642,1642
1715733112.1524649,911122432,1658,1658
1715733113.1537359,811782144,10388900,10388900
1715733114.154965,811782144,10391173,10391173
1715733115.1561904,811782144,1303,1303
1715733116.1575644,811782144,359,359
1715733117.158191,811782144,156,156
1715733118.1595867,811782144,0,0
1715733119.1609614,811782144,0,0
1715733120.1619391,811782144,0,0
1715733121.1633124,811782144,344,344
1715733122.1645718,811782144,152,152
1715733123.1660044,811782144,0,0
1715733124.1672366,811782144,0,0
1715733125.168227,811782144,0,0
1715733126.1695879,811782144,344,344
1715733127.1702456,811782144,152,152
1715733128.171271,811782144,0,0
1715733129.1726973,811782144,0,0
1715733130.1740024,811782144,0,0
1715733131.1753216,811782144,344,344
1715733132.1765795,811782144,152,152
1715733133.178198,811782144,0,0
1715733134.1794913,811782144,355,355
1715733135.1807764,811782144,0,0
1715733136.181934,811782144,347,347
1715733137.1828165,811782144,155,155
1715733138.1835415,811782144,0,0
1715733139.1849258,811782144,0,0
1715733140.1860816,811782144,0,0
1715733141.1869748,811782144,496,496
1715733142.1885235,811782144,0,0
1715733143.1897852,888815616,31170031,31170031
1715733144.1901965,922222592,1220,1220
1715733145.1915548,898064384,0,0
1715733146.1929455,859258880,657,657
1715733147.1940491,1009197056,0,0
1715733148.1954782,834342912,0,0
1715733149.1981654,859377664,10391426,10391426
1715733150.199481,846893056,31169538,31169538
1715733151.200616,871927808,1199,1199
1715733152.2017064,846827520,1468,1468
1715733153.203145,871997440,1358,1358
1715733154.2044876,840683520,1022,1022
1715733155.2058408,871981056,1847,1847
1715733156.2072332,840404992,1971,1971
1715733157.2085865,871837696,1650,1650
1715733158.2096238,840523776,1488,1488
1715733159.210832,872083456,1291,1291
1715733160.212012,840765440,1487,1487
1715733161.2137175,872247296,1997,1997
1715733162.2143152,840667136,1142,1142
1715733163.2157462,865685504,1147,1147
1715733164.2170522,840400896,1484,1484
1715733165.2181451,872091648,1238,1238
1715733166.2194695,840388608,1865,1865
1715733167.220738,871821312,1686,1686
1715733168.2220185,832036864,10390183,10390183
1715733169.2228973,832036864,772,772
1715733170.2241316,832036864,10392728,10392728
1715733171.2253923,832036864,514,514
1715733172.226152,832036864,0,0
1715733173.226645,832036864,0,0
1715733174.2282252,832036864,0,0
1715733175.2294765,832036864,0,0
1715733176.2300844,832036864,600,600
1715733177.2313569,832036864,91025,91025
1715733178.2320976,832036864,0,0
1715733179.2327,832036864,0,0
1715733180.2339134,832036864,158,158
1715733181.2353354,832036864,504,504
1715733182.236757,832036864,0,0
1715733183.238028,832036864,0,0
1715733184.2387023,832036864,0,0
1715733185.2400653,832036864,0,0
1715733186.2414868,832036864,496,496
1715733187.241951,832036864,0,0
1715733188.2433307,832036864,0,0
1715733189.2447045,832036864,0,0
1715733190.2459292,832036864,0,0
1715733191.24735,832036864,600,600
1715733192.2486742,832036864,0,0
1715733193.2500045,832036864,0,0
1715733194.251255,832036864,355,355
1715733195.2526467,832036864,0,0
1715733196.2539604,832036864,502,502
1715733197.25522,832036864,0,0
1715733198.2566345,832036864,0,0
1715733199.257895,832036864,31171238,31171238
1715733200.2592924,832036864,52,52
1715733201.260565,832036864,456,456
1715733202.2617497,832036864,0,0
1715733203.263029,832036864,303,303
1715733204.264455,832036864,2432,2432
1715733205.2658448,832036864,41560405,41560405
1715733206.2673001,832036864,1246,1246
1715733207.2680573,832036864,1655,1655
1715733208.26936,832036864,1509,1509
1715733209.2700343,832036864,1460,1460
1715733210.2714448,832036864,1230,1230
1715733211.2726982,832036864,1775,1775
1715733212.2741327,832036864,1792,1792
1715733213.2755282,832036864,1500,1500
1715733214.2768576,832036864,1496,1496
1715733215.2781596,832036864,1495,1495
1715733216.2795427,832036864,2046,2046
1715733217.280829,832036864,1502,1502
1715733218.2820823,832036864,1447,1447
1715733219.2833824,832036864,1462,1462
1715733220.284883,832036864,1169,1169
1715733221.2862008,832036864,1867,1867
1715733222.2876372,832036864,1789,1789
1715733223.288946,832036864,1234,1234
1715733224.2901082,832036864,20781801,20781801
1715733225.2914937,832036864,0,0
1715733226.2929277,832036864,512,512
1715733227.2939222,832036864,0,0
1715733228.2954118,832036864,0,0
1715733229.2968268,832036864,0,0
1715733230.298113,832036864,0,0
1715733231.2993498,832036864,496,496
1715733232.30078,832036864,0,0
1715733233.3020823,832036864,0,0
1715733234.303452,832036864,0,0
1715733235.3047018,832036864,0,0
1715733236.3061028,832036864,496,496
1715733237.3073494,832036864,0,0
1715733238.308763,832036864,0,0
1715733239.3100793,832036864,0,0
1715733240.3109767,832036864,0,0
1715733241.312232,832036864,532,532
1715733242.3134427,832036864,0,0
1715733243.314851,832036864,0,0
1715733244.3162782,832036864,0,0
1715733245.3176584,832036864,0,0
1715733246.3179753,832036864,496,496
1715733247.319446,832036864,0,0
1715733248.320728,832036864,0,0
1715733249.3219385,832036864,0,0
1715733250.323166,832036864,0,0
1715733251.3245745,832036864,496,496
1715733252.3258283,832036864,31167253,31167253
1715733253.32716,832036864,1399,1399
1715733254.3284574,832036864,308,308
1715733255.32976,832036864,152,152
1715733256.3310099,832036864,505,505
1715733257.3316824,832036864,0,0
1715733258.3330388,832036864,0,0
1715733259.333945,832036864,31169029,31169029
1715733260.3352966,832036864,2280,2280
1715733261.336801,832036864,680,680
1715733262.3379865,832036864,1441,1441
1715733263.339291,832036864,307,307
1715733264.3404603,832036864,926,926
1715733265.3418968,832036864,1291,1291
1715733266.3432052,832036864,1312,1312
1715733267.344491,832036864,899,899
1715733268.345918,832036864,1319,1319
1715733269.3472,832036864,900,900
1715733270.3545942,832036864,1323,1323
1715733271.3560236,832036864,457,457
1715733272.3572989,832036864,1825,1825
1715733273.3585556,832036864,281,281
1715733274.3595917,832036864,802,802
1715733275.360461,832036864,1154,1154
1715733276.3618107,832036864,678,678
1715733277.3628256,832036864,2121,2121
1715733278.3642063,832036864,0,0
1715733279.36543,832036864,1096,1096
1715733280.366106,832036864,1021,1021
1715733281.3675277,832036864,864,864
1715733282.368811,832036864,1918,1918
1715733283.369997,832036864,0,0
1715733284.3712194,832036864,1585,1585
1715733285.3724556,832036864,1148,1148
1715733286.3737223,832036864,1293,1293
1715733287.3750691,832036864,935,935
1715733288.3764515,832036864,734,734
1715733289.3777137,832036864,1330,1330
1715733290.3791213,832036864,739,739
1715733291.380351,832036864,1474,1474
1715733292.3817222,832036864,752,752
1715733293.38309,832036864,1306,1306
1715733294.3843327,832036864,770,770
1715733295.3857152,832036864,733,733
1715733296.387076,832036864,2056,2056
1715733297.3883257,832036864,0,0
1715733298.389568,832036864,1603,1603
1715733299.390004,832036864,585,585
1715733300.3913047,832036864,347,347
1715733301.3926048,832036864,10390896,10390896
1715733302.3939629,832036864,2552,2552
1715733303.3951604,832036864,20779096,20779096
1715733304.3959124,832036864,712,712
1715733305.3971276,832036864,622,622
1715733306.3982108,832036864,766,766
1715733307.398875,832036864,0,0
1715733308.4001322,832036864,0,0
1715733309.4014459,832036864,0,0
1715733310.401722,832036864,0,0
1715733311.403103,832036864,496,496
1715733312.4043088,832036864,0,0
1715733313.4048338,832036864,0,0
1715733314.4060044,832036864,353,353
1715733315.4072301,832036864,0,0
1715733316.4084337,832036864,502,502
1715733317.4095442,832036864,0,0
1715733318.4107366,832036864,0,0
1715733319.4119327,832036864,0,0
1715733320.4130273,832036864,0,0
1715733321.4139526,832036864,496,496
1715733322.415193,832036864,0,0
1715733323.4167058,832036864,351,351
1715733324.4180436,832036864,0,0
1715733325.4188726,832036864,152,152
1715733326.4203854,832036864,500,500
1715733327.4217691,832036864,0,0
1715733328.4229593,832036864,0,0
1715733329.4235935,832036864,0,0
1715733330.424886,832036864,0,0
1715733331.4259212,832036864,496,496
1715733332.4269085,832036864,257,257
1715733333.4279265,1062051840,31164790,31164790
1715733334.4292753,832016384,0,0
1715733335.4299202,1000718336,303,303
1715733336.431139,958111744,502,502
1715733337.4323676,1003880448,0,0
1715733338.4336133,832430080,0,0
