Timestamp,MemoryUsage,NetSent,NetRecv
1715735213.2774796,540905472,0,0
1715735214.2780979,548638720,3985,3985
1715735215.279468,548638720,2315,2315
1715735216.2806797,548638720,4816,4816
1715735217.28142,548638720,541,541
1715735218.2820408,548638720,4028,4028
1715735219.2832983,548638720,2662,2662
1715735220.2846932,548638720,5893,5893
1715735221.2859437,548638720,1310,1310
1715735222.286501,548638720,157,157
1715735223.2878885,548638720,152,152
1715735224.2891786,548638720,0,0
1715735225.2900567,548638720,0,0
1715735226.2914307,548638720,449,449
1715735227.2928135,548638720,152,152
1715735228.2940764,548638720,0,0
1715735229.2956188,548638720,0,0
1715735230.296868,548638720,0,0
1715735231.2980602,548638720,344,344
1715735232.2992995,548638720,152,152
1715735233.300683,548638720,0,0
1715735234.3020842,548638720,0,0
1715735235.3032455,548638720,41560014,41560014
1715735236.3044782,548638720,2799,2799
1715735237.3058193,548638720,1307,1307
1715735238.3072436,548638720,1478,1478
1715735239.3085117,548638720,1433,1433
1715735240.3099363,548638720,894,894
1715735241.3103902,548638720,1568,1568
1715735242.3118176,548638720,1373,1373
1715735243.3132334,548638720,1499,1499
1715735244.3140836,548638720,1491,1491
1715735245.315471,548638720,1491,1491
1715735246.3169584,548638720,1899,1899
1715735247.3180516,548638720,2081,2081
1715735248.319419,548638720,1556,1556
1715735249.3209171,548638720,1502,1502
1715735250.32209,548638720,1456,1456
1715735251.3228457,548638720,1821,1821
1715735252.324162,548638720,1669,1669
1715735253.3254673,548638720,1443,1443
1715735254.3258948,548638720,10390684,10390684
1715735255.326876,548638720,10392049,10392049
1715735256.3280973,548638720,352,352
1715735257.3293693,548638720,155,155
1715735258.3301327,548638720,0,0
1715735259.3315573,548638720,0,0
1715735260.3328388,548638720,0,0
1715735261.3339536,548638720,344,344
1715735262.3349476,548638720,152,152
1715735263.3363853,548638720,0,0
1715735264.3369427,548638720,0,0
1715735265.338056,548638720,0,0
1715735266.3394425,548638720,344,344
1715735267.3406641,548638720,152,152
1715735268.341936,548638720,0,0
1715735269.3433027,548638720,0,0
1715735270.3447206,548638720,0,0
1715735271.3461056,548638720,344,344
1715735272.3473942,548638720,152,152
1715735273.3486016,548638720,0,0
1715735274.3499863,548638720,0,0
1715735275.3513882,548638720,0,0
1715735276.3527176,548638720,344,344
1715735277.3540492,548638720,152,152
1715735278.3552806,548638720,0,0
1715735279.3565705,548638720,0,0
1715735280.3579917,548638720,0,0
1715735281.3593707,548638720,344,344
1715735282.360671,604270592,31170439,31170439
1715735283.362088,724987904,158,158
1715735284.3633013,784543744,0,0
1715735285.3646164,843390976,312,312
1715735286.365879,721817600,350,350
1715735287.3671734,1200930816,154,154
1715735288.3684611,722059264,0,0
1715735289.3697157,742125568,31170458,31170458
1715735290.3707435,755900416,10393084,10393084
1715735291.3720498,808542208,1814,1814
1715735292.3733115,745902080,1629,1629
1715735293.374012,789880832,1469,1469
1715735294.375279,768921600,1308,1308
1715735295.3772826,789311488,1631,1631
1715735296.3779564,753410048,1646,1646
1715735297.3792853,789712896,2119,2119
1715735298.3806903,784666624,1315,1315
1715735299.3821182,796024832,1478,1478
1715735300.3830414,898408448,1079,1079
1715735301.3836951,941723648,2074,2074
1715735302.3849554,846168064,1477,1477
1715735303.3859994,1194299392,1209,1209
1715735304.387401,880812032,1444,1444
1715735305.3887546,918409216,1488,1488
1715735306.3901289,901783552,1939,1939
1715735307.3913722,768892928,973,973
1715735308.392728,840892416,1560,1560
1715735309.3940926,792686592,20781128,20781128
1715735310.3950698,792686592,0,0
1715735311.3961556,792686592,560,560
1715735312.3975356,792686592,0,0
1715735313.3979006,792686592,0,0
1715735314.398551,792686592,0,0
1715735315.3999636,792686592,0,0
1715735316.4014406,792686592,496,496
1715735317.4020953,792686592,91012,91012
1715735318.4030733,792686592,0,0
1715735319.4044666,792686592,158,158
1715735320.4058738,792686592,0,0
1715735321.4071512,792686592,504,504
1715735322.4075482,792686592,0,0
1715735323.4089558,792686592,0,0
1715735324.409948,792686592,0,0
1715735325.411326,792686592,0,0
1715735326.4127686,792686592,496,496
1715735327.4139302,792686592,0,0
1715735328.4153075,792686592,0,0
1715735329.4165993,792686592,0,0
1715735330.418043,792686592,0,0
1715735331.419258,792686592,496,496
1715735332.4206617,792686592,0,0
1715735333.4220579,792686592,0,0
1715735334.4233372,792686592,0,0
1715735335.4246063,792686592,0,0
1715735336.4258308,792686592,807,807
1715735337.4271603,894504960,31170969,31170969
1715735338.4284184,837799936,0,0
1715735339.428936,812785664,156,156
1715735340.4299803,915275776,153,153
1715735341.4305973,871505920,505,505
1715735342.4315188,1019236352,0,0
1715735343.4324527,815677440,31167814,31167814
1715735344.4339008,815677440,10392449,10392449
1715735345.435293,815677440,1508,1508
1715735346.436732,815677440,2034,2034
1715735347.4380226,815677440,1482,1482
1715735348.4393954,815677440,1498,1498
1715735349.4407604,815677440,1427,1427
1715735350.4420743,815677440,1488,1488
1715735351.4425876,815677440,2159,2159
1715735352.4430268,815677440,1501,1501
1715735353.4437156,815677440,1488,1488
1715735354.4451225,815677440,1509,1509
1715735355.4459817,815677440,1499,1499
1715735356.4472306,815677440,1556,1556
1715735357.4487057,815677440,1505,1505
1715735358.4499774,815677440,1506,1506
1715735359.4514053,815677440,1497,1497
1715735360.4528096,815677440,1506,1506
1715735361.4539776,815677440,2045,2045
1715735362.4551778,815677440,20775573,20775573
1715735363.456549,815677440,579,579
1715735364.4570458,815677440,764,764
1715735365.4578938,815677440,153,153
1715735366.459438,815677440,505,505
1715735367.4607804,815677440,0,0
1715735368.4620428,815677440,0,0
1715735369.4633708,815677440,0,0
1715735370.4646182,815677440,0,0
1715735371.4660645,815677440,496,496
1715735372.4674778,815677440,0,0
1715735373.4687774,815677440,0,0
1715735374.4701016,815677440,0,0
1715735375.4713569,815677440,0,0
1715735376.4726024,815677440,600,600
1715735377.4741995,815677440,0,0
1715735378.4756439,815677440,0,0
1715735379.477064,815677440,0,0
1715735380.477945,815677440,0,0
1715735381.4793751,815677440,496,496
1715735382.4807098,815677440,0,0
1715735383.481993,815677440,0,0
1715735384.4833748,815677440,0,0
1715735385.484625,815677440,0,0
1715735386.4861264,815677440,496,496
1715735387.4875154,815677440,0,0
1715735388.4880853,815677440,0,0
1715735389.489356,815677440,0,0
1715735390.4899383,815677440,31165263,31165263
1715735391.4913526,815677440,2739,2739
1715735392.492696,815677440,0,0
1715735393.4940195,815677440,309,309
1715735394.4952927,815677440,0,0
1715735395.5000837,815677440,0,0
1715735396.5015855,815677440,905,905
1715735397.5019865,815677440,41560473,41560473
1715735398.5033317,815677440,1497,1497
1715735399.5047138,815677440,1476,1476
1715735400.5059874,815677440,1470,1470
1715735401.5073073,815677440,1237,1237
1715735402.5085855,815677440,1225,1225
1715735403.5098588,815677440,1468,1468
1715735404.5111582,815677440,1465,1465
1715735405.5124512,815677440,847,847
1715735406.5137737,815677440,2041,2041
1715735407.5151005,815677440,1917,1917
1715735408.5164263,815677440,1359,1359
1715735409.5178638,815677440,975,975
1715735410.5191917,815677440,1481,1481
1715735411.5204973,815677440,2052,2052
1715735412.5217514,815677440,1480,1480
1715735413.5231266,815677440,1322,1322
1715735414.5244524,815677440,1491,1491
1715735415.5259237,815677440,1471,1471
1715735416.5271273,815677440,20782087,20782087
1715735417.5284085,815677440,1252,1252
1715735418.5298085,815677440,0,0
1715735419.5310285,815677440,304,304
1715735420.5325854,815677440,0,0
1715735421.5340493,815677440,502,502
1715735422.5354779,815677440,346,346
1715735423.5364823,815677440,778,778
1715735424.537947,815677440,0,0
1715735425.5393753,815677440,0,0
1715735426.5406113,815677440,496,496
1715735427.54147,815677440,0,0
1715735428.5427039,815677440,0,0
1715735429.5432572,815677440,0,0
1715735430.5437312,815677440,0,0
1715735431.545108,815677440,496,496
1715735432.545901,815677440,0,0
1715735433.546621,815677440,0,0
1715735434.5479975,815677440,0,0
1715735435.5493023,815677440,192,192
1715735436.5499308,815677440,304,304
1715735437.551324,815677440,0,0
1715735438.5521843,815677440,0,0
1715735439.5534453,815677440,0,0
1715735440.5539038,815677440,192,192
1715735441.5551734,815677440,304,304
1715735442.5558763,815677440,0,0
1715735443.557093,815677440,0,0
1715735444.5579512,815677440,31165119,31165119
1715735445.559238,815677440,4760,4760
1715735446.560491,815677440,313,313
1715735447.5617836,815677440,0,0
1715735448.563046,815677440,0,0
1715735449.564326,815677440,0,0
1715735450.5656347,815677440,296,296
1715735451.5658863,815677440,31164982,31164982
1715735452.567318,815677440,10391562,10391562
1715735453.5679426,815677440,1172,1172
1715735454.569223,815677440,1460,1460
1715735455.5700903,815677440,1864,1864
1715735456.5715008,815677440,1348,1348
1715735457.5729086,815677440,1453,1453
1715735458.5740457,815677440,1451,1451
1715735459.5754673,815677440,1451,1451
1715735460.5768144,815677440,1613,1613
1715735461.5779696,815677440,1878,1878
1715735462.5792663,815677440,1058,1058
1715735463.5805998,815677440,1293,1293
1715735464.5815182,815677440,1447,1447
1715735465.5821583,815677440,2183,2183
1715735466.5832677,815677440,1148,1148
1715735467.5846035,815677440,777,777
1715735468.5860004,815677440,1150,1150
1715735469.5873594,815677440,1452,1452
1715735470.588788,815677440,20778969,20778969
1715735471.5899496,815677440,309,309
1715735472.5913515,815677440,0,0
1715735473.592741,815677440,152,152
1715735474.5939317,815677440,0,0
1715735475.595113,815677440,193,193
1715735476.5964668,815677440,304,304
1715735477.5978816,815677440,0,0
1715735478.5992656,815677440,0,0
1715735479.6006796,815677440,0,0
1715735480.6019125,815677440,192,192
1715735481.6032794,815677440,304,304
1715735482.6046977,815677440,0,0
1715735483.606153,815677440,0,0
1715735484.607454,815677440,0,0
1715735485.6087067,815677440,192,192
1715735486.610198,815677440,304,304
1715735487.6115706,815677440,0,0
1715735488.6129684,815677440,0,0
1715735489.6139338,815677440,0,0
1715735490.6153867,815677440,192,192
1715735491.6166842,815677440,304,304
1715735492.6180787,815677440,0,0
1715735493.619476,815677440,0,0
1715735494.620853,815677440,0,0
1715735495.6219602,815677440,192,192
1715735496.6227586,815677440,304,304
1715735497.6239634,815677440,0,0
1715735498.6251743,815677440,31166662,31166662
1715735499.6261237,815677440,1265,1265
1715735500.6274457,815677440,200,200
1715735501.6287107,815677440,309,309
1715735502.6299338,815677440,0,0
1715735503.6311831,815677440,0,0
1715735504.6325073,815677440,377,377
