Timestamp,MemoryUsage,NetSent,NetRecv
1715732993.79009,512131072,0,0
1715732994.7913282,520126464,32217,32217
1715732995.7927823,520126464,356,356
1715732996.7940984,520126464,156,156
1715732997.7955046,520126464,0,0
1715732998.7965727,520126464,0,0
1715732999.7979712,520126464,0,0
1715733000.79937,520126464,344,344
1715733001.8007107,520126464,152,152
1715733002.801902,520126464,0,0
1715733003.8031607,520126464,0,0
1715733004.804374,520126464,0,0
1715733005.8051965,520126464,344,344
1715733006.8060524,520126464,152,152
1715733007.807323,520126464,0,0
1715733008.8086913,520126464,0,0
1715733009.8098886,520126464,0,0
1715733010.8112826,520126464,344,344
1715733011.8126369,520126464,152,152
1715733012.8140259,520126464,0,0
1715733013.8152509,520126464,0,0
1715733014.8164692,520126464,31172513,31172513
1715733015.825139,520126464,2994,2994
1715733016.825982,520126464,155,155
1715733017.827209,520126464,1205,1205
1715733018.828492,520126464,584,584
1715733019.829851,520126464,195,195
1715733020.8311083,520126464,2383,2383
1715733021.8324459,520126464,155,155
1715733022.833674,520126464,2339,2339
1715733023.8339527,520126464,0,0
1715733024.8352726,520126464,747,747
1715733025.836746,520126464,2216,2216
1715733026.837969,520126464,350,350
1715733027.8500896,520126464,333,333
1715733028.8513722,520126464,663,663
1715733029.8526514,520126464,1118,1118
1715733030.853934,520126464,890,890
1715733031.8552768,520126464,345,345
1715733032.8566108,520126464,2037,2037
1715733033.857878,520126464,0,0
1715733034.8590813,520126464,1117,1117
1715733035.8603706,520126464,1473,1473
1715733036.8616855,520126464,345,345
1715733037.8629758,520126464,1881,1881
1715733038.8642018,520126464,0,0
1715733039.8655787,520126464,1884,1884
1715733040.8661706,520126464,1352,1352
1715733041.8675034,520126464,346,346
1715733042.868853,520126464,1892,1892
1715733043.8699796,520126464,304,304
1715733044.871181,520126464,2264,2264
1715733045.8724968,520126464,1208,1208
1715733046.8738384,520126464,350,350
1715733047.875069,520126464,1617,1617
1715733048.8764522,520126464,0,0
1715733049.8776813,520126464,1632,1632
1715733050.8779728,520126464,649,649
1715733051.8792388,520126464,1112,1112
1715733052.8805513,520126464,1296,1296
1715733053.8813891,520126464,777,777
1715733054.8819313,520126464,359,359
1715733055.8831804,520126464,1669,1669
1715733056.884488,520126464,964,964
1715733057.8858168,520126464,1302,1302
1715733058.8871186,520126464,500,500
1715733059.888321,520126464,31170710,31170710
1715733060.8897207,520126464,3391,3391
1715733061.8909478,520126464,156,156
1715733062.8918464,520126464,151,151
1715733063.8931563,520126464,0,0
1715733064.894482,520126464,0,0
1715733065.8958633,520126464,345,345
1715733066.8970475,520126464,152,152
1715733067.8982515,520126464,0,0
1715733068.8994465,520126464,0,0
1715733069.9004006,520126464,0,0
1715733070.901474,520126464,344,344
1715733071.902269,520126464,152,152
1715733072.9034586,520126464,0,0
1715733073.9048376,520126464,356,356
1715733074.9059663,520126464,0,0
1715733075.9074264,520126464,347,347
1715733076.9086351,520126464,155,155
1715733077.909718,520126464,0,0
1715733078.9111855,520126464,0,0
1715733079.9122503,520126464,0,0
1715733080.9135642,520126464,344,344
1715733081.914071,520126464,152,152
1715733082.9154525,520126464,353,353
1715733083.916738,520126464,0,0
1715733084.918129,520126464,0,0
1715733085.9190562,520126464,496,496
1715733086.9202852,520126464,155,155
1715733087.921028,520126464,0,0
1715733088.9219425,520126464,31170270,31170270
1715733089.9232442,520126464,1041,1041
1715733090.9245324,520126464,352,352
1715733091.925833,520126464,155,155
1715733092.9271116,520126464,0,0
1715733093.9283016,520126464,403,403
1715733094.9295182,520126464,41556352,41556352
1715733095.9299207,520126464,3817,3817
1715733096.9306512,520126464,1639,1639
1715733097.9319963,520126464,1485,1485
1715733098.9332485,520126464,1782,1782
1715733099.9340408,520126464,1474,1474
1715733100.9353466,520126464,1685,1685
1715733101.9366703,520126464,1369,1369
1715733102.9380941,520126464,1769,1769
1715733103.9394746,520126464,1576,1576
1715733104.9407701,520126464,1513,1513
1715733105.9419668,520126464,1908,1908
1715733106.94327,520126464,1327,1327
1715733107.9446597,520126464,1393,1393
1715733108.9460063,520126464,1198,1198
1715733109.947407,520126464,966,966
1715733110.948747,520126464,1942,1942
1715733111.9499795,520126464,1662,1662
1715733112.9512923,520126464,10388505,10388505
1715733113.9526763,520126464,1428,1428
1715733114.9539464,520126464,10391619,10391619
1715733115.9553661,520126464,359,359
1715733116.9566727,520126464,156,156
1715733117.957413,520126464,0,0
1715733118.9584665,520126464,0,0
1715733119.959528,520126464,0,0
1715733120.9607995,520126464,344,344
1715733121.9620628,520126464,152,152
1715733122.9627826,520126464,0,0
1715733123.96409,520126464,0,0
1715733124.965445,520126464,0,0
1715733125.966056,520126464,344,344
1715733126.9672697,520126464,152,152
1715733127.9686477,520126464,0,0
1715733128.9693465,520126464,0,0
1715733129.9700446,520126464,0,0
1715733130.9714267,520126464,344,344
1715733131.9726732,520126464,152,152
1715733132.9739192,520126464,0,0
1715733133.975136,520126464,355,355
1715733134.9765387,520126464,0,0
1715733135.977562,520126464,347,347
1715733136.978082,520126464,155,155
1715733137.979307,520126464,0,0
1715733138.9800637,520126464,0,0
1715733139.9812603,520126464,0,0
1715733140.982004,520126464,344,344
1715733141.983202,520126464,152,152
1715733142.984403,520126464,31169301,31169301
1715733143.985723,520126464,1950,1950
1715733144.9869373,520126464,0,0
1715733145.991572,520126464,502,502
1715733146.9928126,520126464,155,155
1715733147.9939225,520126464,0,0
1715733148.9951308,520126464,1131,1131
1715733149.995708,520126464,41559833,41559833
1715733150.9971008,520126464,476,476
1715733151.9979227,520126464,1630,1630
1715733152.9991827,520126464,1469,1469
1715733154.0006726,520126464,1312,1312
1715733155.0021114,520126464,1889,1889
1715733156.0031238,520126464,1933,1933
1715733157.0044851,520126464,1638,1638
1715733158.005852,520126464,1486,1486
1715733159.0072424,520126464,1288,1288
1715733160.0082946,520126464,1218,1218
1715733161.009525,520126464,1802,1802
1715733162.0099778,520126464,1430,1430
1715733163.0111103,520126464,1496,1496
1715733164.0124297,520126464,1484,1484
1715733165.0137885,520126464,1238,1238
1715733166.0150456,520126464,1709,1709
1715733167.0160773,520126464,1668,1668
1715733168.0174134,520126464,10390199,10390199
1715733169.0180013,520126464,751,751
1715733170.0192568,520126464,10392907,10392907
1715733171.0205774,520126464,358,358
1715733172.0209162,520126464,156,156
1715733173.0220833,520126464,0,0
1715733174.0234299,520126464,0,0
1715733175.0247755,520126464,0,0
1715733176.0260534,520126464,448,448
1715733177.02743,520126464,91177,91177
1715733178.0287728,520126464,0,0
1715733179.029904,520126464,0,0
1715733180.0303705,520126464,158,158
1715733181.0316265,520126464,352,352
1715733182.0329552,520126464,152,152
1715733183.0342798,520126464,0,0
1715733184.0355866,520126464,0,0
1715733185.0368257,520126464,0,0
1715733186.0379028,520126464,344,344
1715733187.038385,520126464,152,152
1715733188.0390842,520126464,0,0
1715733189.0402987,520126464,0,0
1715733190.0416834,520126464,0,0
1715733191.042972,520126464,448,448
1715733192.0442333,520126464,152,152
1715733193.0455067,520126464,0,0
1715733194.0460284,520126464,355,355
1715733195.0472217,520126464,0,0
1715733196.0480404,520126464,347,347
1715733197.049283,520126464,155,155
1715733198.0505016,520126464,0,0
1715733199.051752,520126464,31170443,31170443
1715733200.0529764,520126464,847,847
1715733201.0539196,520126464,301,301
1715733202.05459,520126464,155,155
1715733203.0556948,520126464,303,303
1715733204.0567284,520126464,2000,2000
1715733205.0579212,613343232,41559138,41559138
1715733206.0591125,795897856,2624,2624
1715733207.0603192,789688320,1976,1976
1715733208.0615082,777011200,991,991
1715733209.0618982,789618688,1212,1212
1715733210.0632286,884805632,1180,1180
1715733211.0645354,841060352,1799,1799
1715733212.0658317,911327232,1492,1492
1715733213.0671241,924057600,2038,2038
1715733214.0683494,972550144,1498,1498
1715733215.069643,908759040,1495,1495
1715733216.0699291,939167744,1890,1890
1715733217.0710258,880476160,1600,1600
1715733218.0723157,817442816,1270,1270
1715733219.0736666,972611584,1684,1684
1715733220.073997,924286976,1412,1412
1715733221.0753586,961400832,1751,1751
1715733222.0770354,940830720,1661,1661
1715733223.0781386,966283264,1626,1626
1715733224.0793278,826314752,20781975,20781975
1715733225.0806549,826314752,0,0
1715733226.081882,826314752,357,357
1715733227.0831754,826314752,155,155
1715733228.0839798,826314752,0,0
1715733229.0846798,826314752,0,0
1715733230.0860448,826314752,0,0
1715733231.0873625,826314752,344,344
1715733232.0887268,826314752,152,152
1715733233.0899117,826314752,0,0
1715733234.0913231,826314752,0,0
1715733235.092643,826314752,0,0
1715733236.09403,826314752,344,344
1715733237.095265,826314752,152,152
1715733238.0964699,826314752,0,0
1715733239.097844,826314752,0,0
1715733240.0985484,826314752,0,0
1715733241.099241,826314752,380,380
1715733242.1007714,826314752,152,152
1715733243.102046,826314752,0,0
1715733244.103324,826314752,0,0
1715733245.1045506,826314752,0,0
1715733246.1058493,826314752,344,344
1715733247.1072023,826314752,152,152
1715733248.1085234,826314752,0,0
1715733249.1097941,826314752,0,0
1715733250.1111925,826314752,0,0
1715733251.1124003,826314752,344,344
1715733252.1136029,826314752,31166886,31166886
1715733253.1139169,826314752,1918,1918
1715733254.1151593,826314752,308,308
1715733255.1164193,826314752,152,152
1715733256.1176589,826314752,350,350
1715733257.1179917,826314752,155,155
1715733258.1193655,826314752,0,0
1715733259.1207147,826314752,21108387,21108387
1715733260.1220193,1092530176,10062922,10062922
1715733261.123242,901500928,356,356
1715733262.1244788,851070976,1168,1168
1715733263.125747,1170124800,904,904
1715733264.1272032,851492864,760,760
1715733265.1284885,851570688,1457,1457
1715733266.1297164,984788992,1156,1156
1715733267.13093,851546112,1055,1055
1715733268.1321912,1169715200,1319,1319
1715733269.133429,851222528,169,169
1715733270.1339955,1276137472,2054,2054
1715733271.135234,901738496,302,302
1715733272.1364167,851427328,1172,1172
1715733273.137742,1068892160,1089,1089
1715733274.1390467,851451904,172,172
1715733275.1403968,1150418944,1784,1784
1715733276.1416636,851116032,352,352
1715733277.1418707,851116032,1882,1882
1715733278.1431162,991358976,565,565
1715733279.14433,851296256,932,932
1715733280.1457546,1242390528,1185,1185
1715733281.1470122,851259392,709,709
1715733282.1483788,949563392,2073,2073
1715733283.1496243,851398656,0,0
1715733284.1499422,851447808,1241,1241
1715733285.151384,1002426368,1492,1492
1715733286.1527088,851361792,575,575
1715733287.1541,1086279680,1485,1485
1715733288.1554663,851197952,733,733
1715733289.156779,985882624,1499,1499
1715733290.1580067,851656704,739,739
1715733291.1592364,851349504,1142,1142
1715733292.16053,916398080,916,916
1715733293.1618357,851283968,907,907
1715733294.1630619,1027514368,1056,1056
1715733295.1644037,901410816,449,449
1715733296.1656501,850948096,2184,2184
1715733297.1659331,968450048,437,437
1715733298.1672633,851120128,1425,1425
1715733299.1683717,1001390080,763,763
1715733300.1695478,863772672,0,0
1715733301.170137,909942784,2871,2871
1715733302.1711562,880476160,10390359,10390359
1715733303.172369,851861504,10388684,10388684
1715733304.1736228,851861504,10391689,10391689
1715733305.1740763,851861504,622,622
1715733306.1753016,851861504,610,610
1715733307.1765265,851861504,156,156
1715733308.1778982,851861504,0,0
1715733309.1792312,851861504,0,0
1715733310.180498,851861504,0,0
1715733311.1817644,851861504,344,344
1715733312.1829937,851861504,152,152
1715733313.1843505,851861504,0,0
1715733314.1855578,851861504,353,353
1715733315.185912,851861504,0,0
1715733316.1873271,851861504,347,347
1715733317.188661,851861504,155,155
1715733318.1901455,851861504,0,0
1715733319.1914392,851861504,0,0
1715733320.192801,851861504,0,0
1715733321.19392,851861504,344,344
1715733322.1953135,851861504,152,152
1715733323.196572,851861504,351,351
1715733324.19781,851861504,0,0
1715733325.1990683,851861504,152,152
1715733326.2004054,851861504,345,345
1715733327.201621,851861504,155,155
1715733328.2026713,851861504,0,0
1715733329.2039964,851861504,0,0
1715733330.2054052,851861504,0,0
1715733331.2058976,851861504,496,496
1715733332.2072556,851861504,0,0
1715733333.2085443,851861504,31165047,31165047
1715733334.2099674,851861504,0,0
1715733335.2111943,851861504,303,303
1715733336.212548,851861504,502,502
1715733337.213777,851861504,0,0
1715733338.2151334,851861504,0,0
