Timestamp,MemoryUsage,NetSent,NetRecv
1715734623.4159057,541478912,0,0
1715734624.417136,548950016,27950,27950
1715734625.4184844,549081088,0,0
1715734626.419894,549081088,1349,1349
1715734627.4203806,549081088,2460,2460
1715734628.421788,549081088,772,772
1715734629.4231567,549081088,2686,2686
1715734630.4245267,549081088,1725,1725
1715734631.4252954,549081088,7049,7049
1715734632.4260092,549081088,1742,1742
1715734633.4272869,549081088,3569,3569
1715734634.428563,549081088,491,491
1715734635.4299963,549081088,0,0
1715734636.4310746,549081088,568,568
1715734637.4324362,549081088,547,547
1715734638.433303,549081088,5907,5907
1715734639.433925,549081088,3592,3592
1715734640.4351988,549081088,919,919
1715734641.4361064,549081088,517,517
1715734642.437497,549081088,0,0
1715734643.4379714,549081088,371,371
1715734644.4392164,549081088,516,516
1715734645.4404852,549081088,0,0
1715734646.4419038,549081088,51952368,51952368
1715734647.4427948,549081088,787,787
1715734648.4442112,549081088,963,963
1715734649.4456244,549081088,767,767
1715734650.447,549081088,752,752
1715734651.4483013,549081088,1361,1361
1715734652.4496787,549081088,1055,1055
1715734653.450506,549081088,1052,1052
1715734654.4517944,549081088,997,997
1715734655.4530911,549081088,1629,1629
1715734656.4539256,549081088,1586,1586
1715734657.4553096,549081088,1365,1365
1715734658.456624,549081088,766,766
1715734659.4582143,549081088,10393254,10393254
1715734660.4594915,549081088,0,0
1715734661.4607594,549081088,863,863
1715734662.4619102,549081088,0,0
1715734663.4632952,549081088,152,152
1715734664.4638925,549081088,351,351
1715734665.4651065,549081088,0,0
1715734666.4659042,549081088,504,504
1715734667.467398,549081088,0,0
1715734668.4686885,549081088,0,0
1715734669.4699903,549081088,0,0
1715734670.4712715,549081088,0,0
1715734671.4725122,549081088,600,600
1715734672.4739482,549081088,0,0
1715734673.4753692,549081088,0,0
1715734674.4768019,549081088,0,0
1715734675.4779282,549081088,0,0
1715734676.4793391,549081088,496,496
1715734677.4806328,549081088,0,0
1715734678.4820101,549081088,0,0
1715734679.4830723,549081088,0,0
1715734680.4845352,549081088,0,0
1715734681.4860408,549081088,496,496
1715734682.4863842,549081088,286,286
1715734683.4876263,549081088,0,0
1715734684.4890058,549081088,0,0
1715734685.4902997,549081088,151,151
1715734686.4912875,549081088,500,500
1715734687.4925613,549081088,31169646,31169646
1715734688.493852,549081088,298,298
1715734689.4951334,549081088,101,101
1715734690.4965143,549081088,204,204
1715734691.4978392,549081088,502,502
1715734692.499226,549081088,377,377
1715734693.5004797,549081088,31168151,31168151
1715734694.5010273,549081088,10393507,10393507
1715734695.5019898,549081088,1896,1896
1715734696.503319,549081088,2013,2013
1715734697.504618,549081088,1453,1453
1715734698.5055113,549081088,1447,1447
1715734699.5060585,549081088,1462,1462
1715734700.5075378,549081088,918,918
1715734701.5089622,549081088,1797,1797
1715734702.5100932,549081088,338,338
1715734703.5114806,549081088,489,489
1715734704.51287,549081088,495,495
1715734705.5139396,549081088,695,695
1715734706.5153432,549081088,2707,2707
1715734707.5168917,549081088,93610,93610
1715734708.5179822,549081088,354,354
1715734709.5193608,549081088,510,510
1715734710.5206566,549081088,856,856
1715734711.5220006,549081088,1801,1801
1715734712.523339,549081088,356,356
1715734713.5246065,549081088,20778110,20778110
1715734714.5257847,549081088,0,0
1715734715.5272772,549081088,0,0
1715734716.5285847,549081088,499,499
1715734717.5300047,549081088,1490,1490
1715734718.531377,549081088,0,0
1715734719.5326653,549081088,303,303
1715734720.5332785,549081088,0,0
1715734721.5340133,549081088,857,857
1715734722.535292,549081088,0,0
1715734723.536787,549081088,99,99
1715734724.538013,549081088,407,407
1715734725.5392714,549081088,1086,1086
1715734726.5406764,549081088,459,459
1715734727.5414207,549081088,0,0
1715734728.542826,549081088,151,151
1715734729.5440643,549081088,0,0
1715734730.5455432,549081088,0,0
1715734731.5459797,549081088,497,497
1715734732.547366,549081088,0,0
1715734733.5486422,549081088,0,0
1715734734.5499759,549081088,0,0
1715734735.5509517,549081088,192,192
1715734736.5523677,549081088,659,659
1715734737.5527139,549081088,3094,3094
1715734738.554089,549081088,0,0
1715734739.5552366,549081088,152,152
1715734740.55659,549081088,0,0
1715734741.5578876,549081088,31166046,31166046
1715734742.5583994,549081088,1552,1552
1715734743.5597131,549081088,0,0
1715734744.5611098,549081088,151,151
1715734745.5621014,549081088,345,345
1715734746.563424,549081088,308,308
1715734747.5648012,549081088,0,0
1715734748.5659196,549081088,31169472,31169472
1715734749.5673022,549081088,1815,1815
1715734750.5684414,549081088,196,196
1715734751.5697973,549081088,2046,2046
1715734752.571079,549081088,564,564
1715734753.5723603,549081088,517,517
1715734754.5731058,549081088,623,623
1715734755.5739305,549081088,505,505
1715734756.5752263,549081088,2234,2234
1715734757.5765488,549081088,196,196
1715734758.5778477,549081088,1313,1313
1715734759.5787435,549081088,726,726
1715734760.5795429,549081088,499,499
1715734761.5808144,549081088,1175,1175
1715734762.5819657,549081088,767,767
1715734763.583389,549081088,1311,1311
1715734764.5846646,549081088,0,0
1715734765.584973,549081088,2575,2575
1715734766.585961,549081088,361,361
1715734767.587307,549081088,782,782
1715734768.588688,549081088,1512,1512
1715734769.5899816,549081088,168,168
1715734770.5913672,549081088,1435,1435
1715734771.59273,549081088,1042,1042
1715734772.594091,549081088,724,724
1715734773.5948672,549081088,804,804
1715734774.5962553,549081088,172,172
1715734775.5975761,549081088,1530,1530
1715734776.5982475,549081088,1127,1127
1715734777.5995116,549081088,1023,1023
1715734778.6009183,549081088,1513,1513
1715734779.6019752,549081088,277,277
1715734780.6032448,549081088,1108,1108
1715734781.604566,549081088,1682,1682
1715734782.6058936,549081088,167,167
1715734783.6071365,549081088,497,497
1715734784.608535,549081088,673,673
1715734785.6092205,549081088,1183,1183
1715734786.609963,549081088,1626,1626
1715734787.6113274,549081088,173,173
1715734788.6125696,549081088,2060,2060
1715734789.613874,549081088,0,0
1715734790.615125,549081088,169,169
1715734791.6165168,549081088,1147,1147
1715734792.6179852,549081088,603,603
1715734793.6192725,549081088,1670,1670
1715734794.6205912,549081088,20778436,20778436
1715734795.6219869,549081088,10392508,10392508
1715734796.622831,549081088,1200,1200
1715734797.6242802,549081088,0,0
1715734798.6255715,549081088,152,152
1715734799.626067,549081088,0,0
1715734800.6267698,549081088,0,0
1715734801.6282089,549081088,500,500
1715734802.6295736,549081088,0,0
1715734803.6299646,549081088,0,0
1715734804.6312919,549081088,0,0
1715734805.632564,549081088,192,192
1715734806.6338282,549081088,304,304
1715734807.6347475,549081088,0,0
1715734808.6360605,549081088,0,0
1715734809.6374238,549081088,0,0
1715734810.637991,549081088,0,0
1715734811.6392663,549081088,496,496
1715734812.640679,549081088,0,0
1715734813.6419623,549081088,0,0
1715734814.6432061,549081088,0,0
1715734815.6438043,549081088,0,0
1715734816.6451557,549081088,496,496
1715734817.6465397,549081088,0,0
1715734818.6470513,549081088,0,0
1715734819.64797,549081088,0,0
1715734820.6493473,549081088,192,192
1715734821.6499243,549081088,304,304
1715734822.6513116,549081088,0,0
1715734823.6525922,549081088,0,0
1715734824.653508,549081088,31167200,31167200
1715734825.6539583,549081088,1444,1444
1715734826.6552043,549081088,308,308
1715734827.6564906,549081088,0,0
1715734828.6577432,549081088,0,0
1715734829.659008,549081088,0,0
1715734830.6600235,549081088,192,192
1715734831.6613808,549081088,51948745,51948745
1715734832.6620104,549081088,1388,1388
1715734833.6631553,549081088,1753,1753
1715734834.664465,549081088,1748,1748
1715734835.6657438,549081088,1404,1404
1715734836.6671202,549081088,1692,1692
1715734837.6683788,549081088,935,935
1715734838.6688282,549081088,1879,1879
1715734839.6699104,549081088,940,940
1715734840.671235,549081088,525,525
1715734841.6718452,549081088,1532,1532
1715734842.6731164,549081088,750,750
1715734843.6744683,549081088,748,748
1715734844.6757443,549081088,10391746,10391746
1715734845.6770487,549081088,353,353
1715734846.6779299,549081088,155,155
1715734847.6793203,549081088,0,0
1715734848.6801982,549081088,0,0
1715734849.6816313,549081088,0,0
1715734850.6821053,549081088,152,152
1715734851.6835191,549081088,344,344
1715734852.684766,549081088,0,0
1715734853.6860368,549081088,0,0
1715734854.6873167,549081088,0,0
1715734855.6886055,549081088,344,344
1715734856.6900537,549081088,152,152
1715734857.6911635,549081088,0,0
1715734858.69271,549081088,0,0
1715734859.6940136,549081088,0,0
1715734860.695269,549081088,344,344
1715734861.6964817,549081088,152,152
1715734862.6979482,549081088,0,0
1715734863.699224,549081088,0,0
1715734864.7002466,549081088,0,0
1715734865.7016442,549081088,448,448
1715734866.7019238,549081088,152,152
1715734867.7033608,549081088,0,0
1715734868.7047873,549081088,0,0
1715734869.7060435,549081088,0,0
1715734870.707281,549081088,448,448
1715734871.7085001,549081088,418,418
1715734872.7098117,549081088,31166631,31166631
1715734873.7111344,549081088,289,289
1715734874.7124093,549081088,0,0
1715734875.7139223,549081088,651,651
1715734876.7151644,549081088,155,155
1715734877.7165337,549081088,0,0
1715734878.7177777,549081088,31163334,31163334
1715734879.7190967,549081088,4256,4256
1715734880.7204142,549081088,353,353
1715734881.7216458,549081088,651,651
1715734882.7219603,549081088,660,660
1715734883.7232008,549081088,901,901
1715734884.7243335,549081088,1782,1782
1715734885.7300808,549081088,357,357
1715734886.7314487,549081088,1272,1272
1715734887.7327993,549081088,1122,1122
1715734888.7339878,549081088,170,170
1715734889.735271,549081088,2014,2014
1715734890.7366743,549081088,352,352
1715734891.737925,549081088,1262,1262
1715734892.7392292,549081088,1122,1122
1715734893.7404966,549081088,170,170
1715734894.7416852,549081088,1976,1976
1715734895.7430053,549081088,402,402
1715734896.7442856,549081088,889,889
1715734897.745618,549081088,1397,1397
1715734898.7461166,549081088,0,0
1715734899.7475185,549081088,1833,1833
1715734900.7488005,549081088,635,635
1715734901.7499475,549081088,663,663
1715734902.7512069,549081088,1521,1521
1715734903.7524915,549081088,464,464
1715734904.7538228,549081088,907,907
1715734905.7551825,549081088,527,527
1715734906.7558482,549081088,1359,1359
1715734907.7570937,549081088,1184,1184
1715734908.7581751,549081088,454,454
1715734909.7594209,549081088,1482,1482
1715734910.7607448,549081088,932,932
1715734911.7619374,549081088,1303,1303
1715734912.7625942,549081088,1298,1298
1715734913.7639334,549081088,0,0
1715734914.7652326,549081088,2230,2230
1715734915.7659829,549081088,304,304
1715734916.766716,549081088,920,920
1715734917.7681384,549081088,913,913
1715734918.76946,549081088,568,568
1715734919.7699564,549081088,1661,1661
1715734920.7714183,549081088,865,865
1715734921.7726586,549081088,500,500
1715734922.774039,549081088,506,506
1715734923.7761128,549081088,677,677
1715734924.7773862,549081088,1098,1098
1715734925.7781382,549081088,31173657,31173657
1715734926.7793856,549081088,156,156
1715734927.7806685,549081088,151,151
1715734928.782063,549081088,0,0
1715734929.782936,549081088,152,152
1715734930.784337,549081088,346,346
1715734931.785797,549081088,152,152
1715734932.7865644,549081088,0,0
1715734933.7880213,549081088,0,0
1715734934.7894056,549081088,0,0
1715734935.7900922,549081088,344,344
1715734936.791369,549081088,152,152
1715734937.7928147,549081088,0,0
1715734938.793975,549081088,0,0
1715734939.7953765,549081088,0,0
1715734940.796623,549081088,344,344
1715734941.7980711,549081088,152,152
1715734942.7994883,549081088,0,0
1715734943.800068,549081088,0,0
1715734944.8013089,549081088,0,0
1715734945.8021295,549081088,448,448
1715734946.803424,549081088,152,152
1715734947.8048615,549081088,0,0
1715734948.8059428,549081088,0,0
1715734949.8073459,549081088,0,0
1715734950.8086324,549081088,344,344
1715734951.8099225,549081088,152,152
1715734952.8112857,549081088,0,0
1715734953.812956,549081088,0,0
1715734954.813958,610840576,31167774,31167774
1715734955.8152344,694870016,515,515
1715734956.8164594,735629312,155,155
1715734957.8178654,898129920,0,0
1715734958.8192017,741007360,449,449
1715734959.820627,966230016,0,0
1715734960.822094,678641664,1072,1072
