Timestamp,MemoryUsage,NetSent,NetRecv
1715734623.8129754,541593600,0,0
1715734624.8141367,548933632,19412,19412
1715734625.815504,548933632,1193,1193
1715734626.8167858,548933632,156,156
1715734627.8181372,548933632,2460,2460
1715734628.819498,548933632,772,772
1715734629.8205686,548933632,3025,3025
1715734630.8220122,548933632,8227,8227
1715734631.8233094,548933632,1067,1067
1715734632.8246074,548933632,3019,3019
1715734633.8258579,548933632,1433,1433
1715734634.8272367,548933632,491,491
1715734635.8285577,548933632,411,411
1715734636.8298376,548933632,157,157
1715734637.8310888,548933632,547,547
1715734638.8324223,548933632,7878,7878
1715734639.8337612,548933632,2200,2200
1715734640.8351254,548933632,700,700
1715734641.836474,548933632,157,157
1715734642.8375108,548933632,0,0
1715734643.8387802,548933632,529,529
1715734644.8401883,548933632,358,358
1715734645.8413968,548933632,31169236,31169236
1715734646.842042,548933632,20783132,20783132
1715734647.8434224,548933632,1284,1284
1715734648.8447266,548933632,772,772
1715734649.8459911,548933632,651,651
1715734650.8473709,548933632,1297,1297
1715734651.8481326,548933632,1187,1187
1715734652.8494182,548933632,1081,1081
1715734653.8504848,548933632,650,650
1715734654.8518221,548933632,1398,1398
1715734655.85301,548933632,1698,1698
1715734656.8544052,548933632,1521,1521
1715734657.8556519,548933632,962,962
1715734658.856868,548933632,10392046,10392046
1715734659.8580391,548933632,1787,1787
1715734660.8593814,548933632,351,351
1715734661.860165,548933632,512,512
1715734662.8615513,548933632,0,0
1715734663.8619297,548933632,152,152
1715734664.8633368,548933632,351,351
1715734665.8646097,548933632,349,349
1715734666.86607,548933632,155,155
1715734667.8674908,548933632,0,0
1715734668.8687437,548933632,0,0
1715734669.8700452,548933632,0,0
1715734670.8712869,548933632,448,448
1715734671.8728757,548933632,152,152
1715734672.8741915,548933632,0,0
1715734673.8754737,548933632,0,0
1715734674.876731,548933632,0,0
1715734675.8781273,548933632,344,344
1715734676.8795218,548933632,152,152
1715734677.88088,548933632,0,0
1715734678.8819273,548933632,0,0
1715734679.883208,548933632,0,0
1715734680.88456,548933632,344,344
1715734681.8859198,548933632,152,152
1715734682.887173,548933632,286,286
1715734683.8885715,548933632,0,0
1715734684.8899791,548933632,151,151
1715734685.891371,548933632,345,345
1715734686.8926184,548933632,592,592
1715734687.8939724,548933632,31169507,31169507
1715734688.8952076,548933632,0,0
1715734689.896481,548933632,305,305
1715734690.897738,549064704,347,347
1715734691.898975,549064704,155,155
1715734692.900324,549064704,377,377
1715734693.9015996,549064704,41560038,41560038
1715734694.9019096,549064704,2383,2383
1715734695.903186,549064704,1659,1659
1715734696.9046345,549064704,1658,1658
1715734697.9058878,549064704,1451,1451
1715734698.9071417,549064704,1451,1451
1715734699.9083636,549064704,1458,1458
1715734700.9096227,549064704,1268,1268
1715734701.909953,549064704,1449,1449
1715734702.9112916,549064704,167,167
1715734703.9125624,549064704,641,641
1715734704.9138947,549064704,697,697
1715734705.9153423,549064704,1034,1034
1715734706.9167557,549064704,3003,3003
1715734707.918007,549064704,92621,92621
1715734708.9194007,549064704,507,507
1715734709.920654,549064704,357,357
1715734710.9220045,549064704,2142,2142
1715734711.9233906,549064704,515,515
1715734712.924609,549064704,20778466,20778466
1715734713.925871,549064704,0,0
1715734714.9271066,549064704,0,0
1715734715.9283605,549064704,347,347
1715734716.9296198,549064704,1312,1312
1715734717.930858,549064704,330,330
1715734718.9320598,549064704,99,99
1715734719.9332888,549064704,204,204
1715734720.9341655,549064704,346,346
1715734721.93557,549064704,511,511
1715734722.9367812,549064704,0,0
1715734723.9379137,549064704,151,151
1715734724.9392211,549064704,989,989
1715734725.9405878,549064704,756,756
1715734726.941943,549064704,155,155
1715734727.9428816,549064704,151,151
1715734728.9432116,549064704,0,0
1715734729.9445422,549064704,0,0
1715734730.9459162,549064704,345,345
1715734731.9467,549064704,152,152
1715734732.9479547,549064704,0,0
1715734733.9493425,549064704,0,0
1715734734.9499645,549064704,0,0
1715734735.9512463,549064704,344,344
1715734736.952551,549064704,3601,3601
1715734737.9538927,549064704,0,0
1715734738.955152,549064704,100,100
1715734739.956538,549064704,52,52
1715734740.957749,549064704,614,614
1715734741.9590526,549064704,31166211,31166211
1715734742.9604201,549064704,773,773
1715734743.9616747,549064704,0,0
1715734744.96198,549064704,151,151
1715734745.963194,549064704,498,498
1715734746.964268,549064704,155,155
1715734747.9654765,549064704,1290,1290
1715734748.9659932,549064704,31169839,31169839
1715734749.9672801,549064704,158,158
1715734750.9685125,549064704,2086,2086
1715734751.9699945,549064704,720,720
1715734752.971341,549064704,191,191
1715734753.9726453,549064704,949,949
1715734754.973986,549064704,0,0
1715734755.975366,549064704,1853,1853
1715734756.9766607,549064704,886,886
1715734757.977944,549064704,947,947
1715734758.978781,549064704,726,726
1715734759.9800866,549064704,562,562
1715734760.9813464,549064704,1354,1354
1715734761.9819498,549064704,320,320
1715734762.9823768,549064704,767,767
1715734763.9837492,549064704,1311,1311
1715734764.9850235,549064704,472,472
1715734765.986011,549064704,2308,2308
1715734766.9873016,549064704,156,156
1715734767.9885793,549064704,1732,1732
1715734768.9899294,549064704,562,562
1715734769.991247,549064704,734,734
1715734770.991799,549064704,1193,1193
1715734771.992249,549064704,718,718
1715734772.9935458,549064704,1351,1351
1715734773.9940174,549064704,177,177
1715734774.995258,549064704,1227,1227
1715734775.996652,549064704,1273,1273
1715734776.998056,549064704,898,898
1715734777.9992993,549064704,1510,1510
1715734779.000728,549064704,734,734
1715734780.0019536,549064704,909,909
1715734781.0032327,549064704,352,352
1715734782.004489,549064704,1529,1529
1715734783.00575,549064704,348,348
1715734784.0070436,549064704,989,989
1715734785.0083416,549064704,0,0
1715734786.0096402,549064704,2092,2092
1715734787.0100152,549064704,717,717
1715734788.0112386,549064704,918,918
1715734789.0126538,549064704,1315,1315
1715734790.0139692,549064704,0,0
1715734791.0152094,549064704,1161,1161
1715734792.0165043,549064704,758,758
1715734793.0177917,549064704,167,167
1715734794.019187,549064704,1788,1788
1715734795.0204098,549064704,20779342,20779342
1715734796.0216885,549064704,10392361,10392361
1715734797.0230482,549064704,156,156
1715734798.0243442,549064704,152,152
1715734799.025755,549064704,0,0
1715734800.0269997,549064704,0,0
1715734801.0283937,549064704,348,348
1715734802.0296278,549064704,152,152
1715734803.02992,549064704,0,0
1715734804.0313826,549064704,0,0
1715734805.032668,549064704,0,0
1715734806.0340962,549064704,344,344
1715734807.03536,549064704,152,152
1715734808.0369484,549064704,0,0
1715734809.0380497,549064704,0,0
1715734810.0391262,549064704,0,0
1715734811.0404024,549064704,344,344
1715734812.0418425,549064704,152,152
1715734813.0429087,549064704,0,0
1715734814.0441926,549064704,0,0
1715734815.0454988,549064704,0,0
1715734816.0460327,549064704,344,344
1715734817.0474284,549064704,152,152
1715734818.0487716,549064704,0,0
1715734819.049987,549064704,0,0
1715734820.0513644,549064704,0,0
1715734821.0526211,549064704,344,344
1715734822.0540476,549064704,152,152
1715734823.0554757,549064704,0,0
1715734824.0561702,549064704,31165026,31165026
1715734825.0574906,549064704,3420,3420
1715734826.0580728,549064704,351,351
1715734827.0593648,549064704,155,155
1715734828.0606444,549064704,0,0
1715734829.0620358,549064704,0,0
1715734830.063445,549064704,0,0
1715734831.0646703,549064704,20778653,20778653
1715734832.065939,549064704,31171672,31171672
1715734833.0673532,549064704,169,169
1715734834.0687897,549064704,2068,2068
1715734835.070089,549064704,1715,1715
1715734836.0714757,549064704,1737,1737
1715734837.0718699,549064704,1080,1080
1715734838.0731742,549064704,1832,1832
1715734839.073889,549064704,989,989
1715734840.0751793,549064704,761,761
1715734841.0764306,549064704,705,705
1715734842.0770154,549064704,1352,1352
1715734843.0779026,549064704,1498,1498
1715734844.0787005,549064704,10390938,10390938
1715734845.0800967,549064704,808,808
1715734846.0814195,549064704,353,353
1715734847.0819623,549064704,155,155
1715734848.083478,549064704,0,0
1715734849.0846093,549064704,0,0
1715734850.0860069,549064704,0,0
1715734851.08738,549064704,152,152
1715734852.0885785,549064704,344,344
1715734853.089942,549064704,0,0
1715734854.0913057,549064704,0,0
1715734855.092815,549064704,0,0
1715734856.093968,549064704,344,344
1715734857.0951955,549064704,152,152
1715734858.0964024,549064704,0,0
1715734859.097795,549064704,0,0
1715734860.0992444,549064704,0,0
1715734861.1004713,549064704,344,344
1715734862.1019588,549064704,152,152
1715734863.1033237,549064704,0,0
1715734864.1045752,549064704,0,0
1715734865.1059933,549064704,0,0
1715734866.1063573,549064704,448,448
1715734867.1077743,549064704,152,152
1715734868.1090503,549064704,0,0
1715734869.110341,549064704,0,0
1715734870.1115932,549064704,0,0
1715734871.1130307,549064704,448,448
1715734872.113976,549064704,31165089,31165089
1715734873.1153529,549064704,2249,2249
1715734874.11662,549064704,0,0
1715734875.1180482,549064704,304,304
1715734876.1193523,549064704,347,347
1715734877.1206374,549064704,155,155
1715734878.1220393,549064704,0,0
1715734879.1232944,549064704,31166718,31166718
1715734880.1245725,549064704,872,872
1715734881.125851,549064704,353,353
1715734882.1272173,549064704,1017,1017
1715734883.1284907,549064704,294,294
1715734884.1297584,549064704,1736,1736
1715734885.1311104,549064704,947,947
1715734886.1325722,549064704,357,357
1715734887.1338894,549064704,2394,2394
1715734888.1352773,549064704,0,0
1715734889.1365151,549064704,1620,1620
1715734890.1379077,549064704,564,564
1715734891.1392002,549064704,524,524
1715734892.1404688,549064704,1372,1372
1715734893.1417542,549064704,840,840
1715734894.1430156,549064704,850,850
1715734895.1443026,549064704,1296,1296
1715734896.1455834,549064704,402,402
1715734897.1459532,549064704,1220,1220
1715734898.1472466,549064704,1066,1066
1715734899.14864,549064704,173,173
1715734900.1500382,549064704,1660,1660
1715734901.151085,549064704,966,966
1715734902.152405,549064704,503,503
1715734903.1537857,549064704,1350,1350
1715734904.1550565,549064704,1036,1036
1715734905.1563306,549064704,335,335
1715734906.1575794,549064704,1161,1161
1715734907.157984,549064704,895,895
1715734908.159295,549064704,1291,1291
1715734909.1598976,549064704,177,177
1715734910.1612477,549064704,2059,2059
1715734911.1619725,549064704,531,531
1715734912.1632533,549064704,1687,1687
1715734913.1645527,549064704,738,738
1715734914.165958,549064704,654,654
1715734915.1673658,549064704,1576,1576
1715734916.1687813,549064704,304,304
1715734917.169925,549064704,1265,1265
1715734918.1712072,549064704,568,568
1715734919.1724718,549064704,1451,1451
1715734920.1738534,549064704,1343,1343
1715734921.1751328,549064704,300,300
1715734922.176369,549064704,665,665
1715734923.1776876,549064704,1018,1018
1715734924.1790035,549064704,178,178
1715734925.1799033,549064704,1424,1424
1715734926.1808822,549064704,31173153,31173153
1715734927.1819766,549064704,156,156
1715734928.183336,549064704,151,151
1715734929.184759,549064704,0,0
1715734930.1860173,549064704,152,152
1715734931.1873586,549064704,346,346
1715734932.1885822,549064704,152,152
1715734933.1899605,549064704,0,0
1715734934.1913137,549064704,0,0
1715734935.1925724,549064704,0,0
1715734936.193824,549064704,344,344
1715734937.1953204,549064704,152,152
1715734938.196651,549064704,0,0
1715734939.1978805,549064704,0,0
1715734940.199104,549064704,0,0
1715734941.2005143,549064704,344,344
1715734942.2017393,549064704,152,152
1715734943.202984,549064704,0,0
1715734944.2042198,549064704,0,0
1715734945.2055478,549064704,0,0
1715734946.2060964,549064704,448,448
1715734947.2074828,549064704,152,152
1715734948.2088685,549064704,0,0
1715734949.210134,549064704,0,0
1715734950.2113695,549064704,0,0
1715734951.2125926,549064704,344,344
1715734952.214039,549064704,152,152
1715734953.2154293,549064704,0,0
1715734954.2166505,549064704,31164759,31164759
1715734955.218021,549064704,3174,3174
1715734956.2193902,549064704,356,356
1715734957.220684,549064704,155,155
1715734958.2219388,549064704,449,449
1715734959.2231765,549064704,0,0
1715734960.224454,549064704,0,0
