Timestamp,MemoryUsage,NetSent,NetRecv
1715734623.9464428,541253632,0,0
1715734624.9476767,548724736,14161,14161
1715734625.9490757,548724736,1193,1193
1715734626.9499388,548724736,1479,1479
1715734627.9511466,548724736,1137,1137
1715734628.9525268,548724736,772,772
1715734629.9540393,548724736,3025,3025
1715734630.9553797,548724736,8279,8279
1715734631.956706,548724736,1015,1015
1715734632.9580796,548724736,4116,4116
1715734633.959483,548724736,336,336
1715734634.9607232,548724736,491,491
1715734635.9620328,548724736,411,411
1715734636.962624,548724736,157,157
1715734637.9631968,548724736,1728,1728
1715734638.9643016,548724736,7289,7289
1715734639.9654784,548724736,1608,1608
1715734640.9659255,548724736,700,700
1715734641.9668434,548724736,157,157
1715734642.9681966,548724736,0,0
1715734643.9695368,548724736,529,529
1715734644.9700992,548724736,358,358
1715734645.9713447,548724736,31170011,31170011
1715734646.9725254,548724736,20782550,20782550
1715734647.9739525,548724736,1369,1369
1715734648.9751503,548724736,677,677
1715734649.9764977,548724736,838,838
1715734650.9770346,548724736,1211,1211
1715734651.978047,548724736,903,903
1715734652.979371,548724736,1360,1360
1715734653.9799907,548724736,371,371
1715734654.9813855,548724736,1398,1398
1715734655.982053,548724736,1698,1698
1715734656.983356,548724736,1521,1521
1715734657.984652,548724736,962,962
1715734658.9853284,548724736,10392946,10392946
1715734659.9860687,548724736,887,887
1715734660.9873364,548724736,707,707
1715734661.9885626,548724736,156,156
1715734662.9899743,548724736,0,0
1715734663.991337,548724736,152,152
1715734664.9921396,548724736,351,351
1715734665.993574,548724736,349,349
1715734666.994132,548724736,155,155
1715734667.9956887,548724736,0,0
1715734668.9971738,548724736,0,0
1715734669.9980822,548724736,0,0
1715734670.9991105,548724736,448,448
1715734671.9999216,548724736,152,152
1715734673.001415,548724736,0,0
1715734674.0019941,548724736,0,0
1715734675.003349,548724736,0,0
1715734676.0045795,548724736,344,344
1715734677.0058942,548724736,152,152
1715734678.0065684,548724736,0,0
1715734679.0080595,548724736,0,0
1715734680.0082707,548724736,0,0
1715734681.009676,548724736,344,344
1715734682.009957,548724736,152,152
1715734683.0112438,548724736,286,286
1715734684.0124834,548724736,0,0
1715734685.0138466,548724736,151,151
1715734686.0151207,548724736,345,345
1715734687.016354,548724736,31166284,31166284
1715734688.0176868,548724736,3815,3815
1715734689.0189824,548724736,0,0
1715734690.0202274,548724736,305,305
1715734691.0214748,548724736,347,347
1715734692.0219731,548724736,155,155
1715734693.0232768,548724736,377,377
1715734694.024531,610824192,41560976,41560976
1715734695.0257947,610824192,2018,2018
1715734696.0271964,610824192,1585,1585
1715734697.0284505,610824192,1886,1886
1715734698.0297422,610824192,1117,1117
1715734699.0303018,610824192,1460,1460
1715734700.0316412,610824192,1056,1056
1715734701.032986,610824192,1268,1268
1715734702.0339425,610824192,1449,1449
1715734703.0351963,610824192,341,341
1715734704.0365438,610824192,646,646
1715734705.037865,610824192,518,518
1715734706.0392275,610824192,1323,1323
1715734707.0405064,610824192,2900,2900
1715734708.0418315,610824192,92435,92435
1715734709.0430663,610824192,507,507
1715734710.0443382,610824192,357,357
1715734711.0456784,610824192,2142,2142
1715734712.0470438,610824192,515,515
1715734713.0482852,610824192,20778466,20778466
1715734714.0496428,610824192,0,0
1715734715.050005,610824192,0,0
1715734716.0513928,610824192,347,347
1715734717.0526276,610824192,1642,1642
1715734718.053857,610824192,0,0
1715734719.0551803,610824192,151,151
1715734720.0565238,610824192,152,152
1715734721.0577724,610824192,346,346
1715734722.0592108,610824192,511,511
1715734723.0605989,610824192,0,0
1715734724.061832,610824192,151,151
1715734725.0630605,610824192,1041,1041
1715734726.0639186,610824192,704,704
1715734727.0654025,610824192,155,155
1715734728.0658948,610824192,151,151
1715734729.0671942,610824192,0,0
1715734730.0683792,610824192,0,0
1715734731.069753,610824192,345,345
1715734732.0709453,610824192,152,152
1715734733.0712304,610824192,0,0
1715734734.0724967,610824192,0,0
1715734735.0739152,610824192,0,0
1715734736.0753562,610824192,344,344
1715734737.0766811,610824192,3601,3601
1715734738.0779161,610824192,0,0
1715734739.0794432,610824192,152,152
1715734740.0807433,610824192,0,0
1715734741.087937,642412544,31164796,31164796
1715734742.089286,904437760,2029,2029
1715734743.0899622,800079872,773,773
1715734744.0912013,934481920,0,0
1715734745.0926504,773230592,151,151
1715734746.093863,773099520,498,498
1715734747.0951488,1022402560,155,155
1715734748.0963876,749535232,9658457,9658457
1715734749.0976658,749535232,21512830,21512830
1715734750.0980592,749535232,0,0
1715734751.0993474,749535232,2086,2086
1715734752.1006112,749535232,720,720
1715734753.101919,749535232,191,191
1715734754.1033306,749535232,949,949
1715734755.1047063,749535232,0,0
1715734756.1060107,749535232,1853,1853
1715734757.1073034,749535232,886,886
1715734758.1085875,749535232,947,947
1715734759.109868,749535232,1288,1288
1715734760.1106524,749535232,0,0
1715734761.1119485,749535232,1354,1354
1715734762.113202,749535232,320,320
1715734763.1140213,749535232,1240,1240
1715734764.1153023,749535232,838,838
1715734765.1165416,749535232,1031,1031
1715734766.1179187,749535232,1749,1749
1715734767.1192024,749535232,322,322
1715734768.1205337,749535232,1848,1848
1715734769.1260922,749535232,280,280
1715734770.1273303,749535232,923,923
1715734771.1285684,749535232,1291,1291
1715734772.129883,749535232,431,431
1715734773.1312308,749535232,1351,1351
1715734774.132473,749535232,177,177
1715734775.1337984,749535232,1503,1503
1715734776.1348667,749535232,997,997
1715734777.1361227,749535232,898,898
1715734778.137369,749535232,1510,1510
1715734779.1382124,749535232,734,734
1715734780.1390364,749535232,909,909
1715734781.1402543,749535232,524,524
1715734782.1415265,749535232,1357,1357
1715734783.1419435,749535232,348,348
1715734784.1431994,749535232,989,989
1715734785.143848,749535232,168,168
1715734786.1451302,749535232,1924,1924
1715734787.1459842,749535232,717,717
1715734788.1472044,749535232,1338,1338
1715734789.1483111,749535232,895,895
1715734790.1495922,749535232,0,0
1715734791.1500638,749535232,1161,1161
1715734792.1514404,749535232,758,758
1715734793.1527357,749535232,458,458
1715734794.1539586,749535232,1497,1497
1715734795.1551595,749535232,31169965,31169965
1715734796.156512,749535232,1738,1738
1715734797.1572852,749535232,156,156
1715734798.1585348,749535232,152,152
1715734799.159712,749535232,0,0
1715734800.1610377,749535232,0,0
1715734801.1619098,749535232,348,348
1715734802.1624205,749535232,152,152
1715734803.1638227,749535232,0,0
1715734804.1650476,749535232,0,0
1715734805.16594,749535232,0,0
1715734806.1673048,749535232,344,344
1715734807.168722,749535232,152,152
1715734808.169929,749535232,0,0
1715734809.1713102,749535232,0,0
1715734810.1726933,749535232,0,0
1715734811.174021,749535232,344,344
1715734812.1752284,749535232,152,152
1715734813.1762335,749535232,0,0
1715734814.1774573,749535232,0,0
1715734815.1779108,749535232,0,0
1715734816.17928,749535232,344,344
1715734817.1806517,749535232,152,152
1715734818.1811707,749535232,0,0
1715734819.1826026,749535232,0,0
1715734820.1835306,749535232,0,0
1715734821.184939,749535232,344,344
1715734822.1862113,749535232,152,152
1715734823.1873317,749535232,0,0
1715734824.1886292,749535232,31165819,31165819
1715734825.1898773,749535232,2627,2627
1715734826.1911175,749535232,351,351
1715734827.1920404,749535232,155,155
1715734828.1933286,749535232,0,0
1715734829.1939726,749535232,0,0
1715734830.19529,749535232,0,0
1715734831.1957748,749535232,31168609,31168609
1715734832.197152,749535232,20781716,20781716
1715734833.1986237,749535232,476,476
1715734834.1998804,749535232,1925,1925
1715734835.2011714,749535232,1551,1551
1715734836.2020245,749535232,1737,1737
1715734837.2033923,749535232,1664,1664
1715734838.204664,749535232,1248,1248
1715734839.2057812,749535232,1292,1292
1715734840.2072196,749535232,458,458
1715734841.2086368,749535232,1154,1154
1715734842.209237,749535232,1198,1198
1715734843.2100637,749535232,1203,1203
1715734844.2112956,749535232,10390990,10390990
1715734845.21257,749535232,756,756
1715734846.2133632,749535232,353,353
1715734847.2144108,749535232,155,155
1715734848.2156303,749535232,0,0
1715734849.2164915,749535232,0,0
1715734850.2179396,749535232,0,0
1715734851.218377,749535232,152,152
1715734852.219717,749535232,344,344
1715734853.220947,749535232,0,0
1715734854.2220287,749535232,0,0
1715734855.2233853,749535232,0,0
1715734856.2246764,749535232,344,344
1715734857.225669,749535232,152,152
1715734858.225922,749535232,0,0
1715734859.2264729,749535232,0,0
1715734860.2278137,749535232,0,0
1715734861.2291653,749535232,344,344
1715734862.2299352,749535232,152,152
1715734863.2312596,749535232,0,0
1715734864.23252,749535232,0,0
1715734865.2337327,749535232,0,0
1715734866.2350905,749535232,448,448
1715734867.2363133,749535232,152,152
1715734868.2378185,749535232,0,0
1715734869.239165,749535232,0,0
1715734870.2405202,749535232,0,0
1715734871.241788,749535232,448,448
1715734872.243046,749535232,31165733,31165733
1715734873.2439113,749535232,1605,1605
1715734874.2451355,749535232,0,0
1715734875.246042,749535232,304,304
1715734876.2472928,749535232,347,347
1715734877.2484903,749535232,155,155
1715734878.2497602,749535232,0,0
1715734879.2509694,749535232,31167029,31167029
1715734880.2521913,749535232,561,561
1715734881.2534344,749535232,353,353
1715734882.2539732,749535232,1311,1311
1715734883.2553678,749535232,0,0
1715734884.2567058,749535232,2065,2065
1715734885.2580833,749535232,618,618
1715734886.2593577,749535232,528,528
1715734887.260576,749535232,2223,2223
1715734888.2619078,749535232,0,0
1715734889.263246,749535232,1620,1620
1715734890.2645402,749535232,564,564
1715734891.2657843,749535232,524,524
1715734892.267025,749535232,1650,1650
1715734893.2683406,749535232,562,562
1715734894.269563,749535232,1582,1582
1715734895.269956,749535232,564,564
1715734896.2711892,749535232,402,402
1715734897.2724066,749535232,2234,2234
1715734898.2738307,749535232,52,52
1715734899.2750983,749535232,493,493
1715734900.2764804,749535232,1340,1340
1715734901.2779331,749535232,966,966
1715734902.279031,749535232,1168,1168
1715734903.280267,749535232,685,685
1715734904.281557,749535232,1036,1036
1715734905.2819195,749535232,335,335
1715734906.2832818,749535232,1161,1161
1715734907.2846162,749535232,1180,1180
1715734908.285899,749535232,1006,1006
1715734909.2871225,749535232,655,655
1715734910.2884276,749535232,1581,1581
1715734911.289215,749535232,531,531
1715734912.2900171,749535232,1859,1859
1715734913.2909005,749535232,566,566
1715734914.2916064,749535232,937,937
1715734915.2923784,749535232,1293,1293
1715734916.293075,749535232,304,304
1715734917.293996,749535232,1265,1265
1715734918.2953744,749535232,1136,1136
1715734919.296584,749535232,935,935
1715734920.297955,749535232,1291,1291
1715734921.2991745,749535232,300,300
1715734922.3004575,749535232,665,665
1715734923.3017602,749535232,1018,1018
1715734924.3025007,749535232,178,178
1715734925.30376,749535232,1831,1831
1715734926.3050156,749535232,31172746,31172746
1715734927.3059661,749535232,156,156
1715734928.3072448,749535232,151,151
1715734929.3079526,749535232,0,0
1715734930.3094318,749535232,152,152
1715734931.310758,749535232,346,346
1715734932.3121362,749535232,152,152
1715734933.3126383,749535232,0,0
1715734934.3139338,749535232,0,0
1715734935.3152301,749535232,0,0
1715734936.316482,749535232,344,344
1715734937.3177447,749535232,152,152
1715734938.3186595,749535232,0,0
1715734939.3199158,749535232,0,0
1715734940.3211644,749535232,0,0
1715734941.3219428,749535232,344,344
1715734942.3233907,749535232,152,152
1715734943.3244865,749535232,0,0
1715734944.325763,749535232,0,0
1715734945.3270571,749535232,0,0
1715734946.32832,749535232,448,448
1715734947.329639,749535232,152,152
1715734948.3299305,749535232,0,0
1715734949.3312566,749535232,0,0
1715734950.33248,749535232,0,0
1715734951.3335328,749535232,344,344
1715734952.3339293,749535232,152,152
1715734953.3353217,749535232,0,0
1715734954.3365443,749535232,31165540,31165540
1715734955.3379161,749535232,2393,2393
1715734956.3392618,749535232,511,511
1715734957.3406217,749535232,0,0
1715734958.3419719,749535232,449,449
1715734959.3433032,749535232,0,0
1715734960.3445652,749535232,0,0
