Timestamp,MemoryUsage,NetSent,NetRecv
1715729257.098875,512200704,0,0
1715729258.1000998,519933952,22836,22836
1715729259.1012995,519933952,52,52
1715729260.1020875,519933952,4432,4432
1715729261.1034636,519933952,4098,4098
1715729262.1048512,519933952,5097,5097
1715729263.1060529,519933952,1761,1761
1715729264.1073682,519933952,2405,2405
1715729265.10796,519933952,842,842
1715729266.1091368,519933952,1752,1752
1715729267.1099339,519933952,0,0
1715729268.1112273,519933952,0,0
1715729269.1123602,519933952,0,0
1715729270.1133006,519933952,15294,15294
1715729271.1138852,519933952,6247,6247
1715729272.1152472,519933952,3571,3571
1715729273.1167483,519933952,2982,2982
1715729274.1178932,519933952,1934,1934
1715729275.1192405,519933952,3032,3032
1715729276.1205432,519933952,1110,1110
1715729277.1219618,519933952,4700,4700
1715729278.123225,519933952,714,714
1715729279.1242452,519933952,0,0
1715729280.1254525,519933952,31175644,31175644
1715729281.126019,519933952,12429,12429
1715729282.127305,519933952,5764,5764
1715729283.1285284,519933952,2693,2693
1715729284.1298265,519933952,3639,3639
1715729285.1310306,519933952,5184,5184
1715729286.1323743,519933952,3213,3213
1715729287.133723,519933952,15707,15707
1715729288.1350682,519933952,11584,11584
1715729289.136289,519933952,2471,2471
1715729290.1375601,519933952,2511,2511
1715729291.1379776,519933952,3119,3119
1715729292.1392097,519933952,3182,3182
1715729293.1404257,519933952,3632,3632
1715729294.141688,519933952,2956,2956
1715729295.143032,519933952,3355,3355
1715729296.1443005,519933952,6056,6056
1715729297.1455586,519933952,2492,2492
1715729298.145962,519933952,5155,5155
1715729299.1474714,519933952,2508,2508
1715729300.1484385,519933952,2426,2426
1715729301.1498156,519933952,510,510
1715729302.1510527,519933952,538,538
1715729303.1522853,519933952,7761,7761
1715729304.1535244,519933952,4591,4591
1715729305.1541102,519933952,6740,6740
1715729306.1553855,519933952,6974,6974
1715729307.1566327,519933952,6108,6108
1715729308.1580098,519933952,3727,3727
1715729309.159272,519933952,1612,1612
1715729310.1603093,519933952,1632,1632
1715729311.1616664,519933952,693,693
1715729312.162681,519933952,2135,2135
1715729313.1639519,519933952,0,0
1715729314.1652286,519933952,1873,1873
1715729315.1660113,519933952,286,286
1715729316.1672263,519933952,1844,1844
1715729317.1686022,519933952,4400,4400
1715729318.169839,519933952,7380,7380
1715729319.1711268,519933952,2842,2842
1715729320.1716616,519933952,1060,1060
1715729321.1728783,519933952,4129,4129
1715729322.1740115,519933952,10393354,10393354
1715729323.175034,519933952,10393200,10393200
1715729324.176332,519933952,10393987,10393987
1715729325.1775906,519933952,0,0
1715729326.17786,519933952,516,516
1715729327.1786027,519933952,0,0
1715729328.1798196,519933952,0,0
1715729329.181035,519933952,0,0
1715729330.1820362,519933952,0,0
1715729331.1832085,519933952,1897,1897
1715729332.1844413,519933952,0,0
1715729333.1850653,519933952,641,641
1715729334.1858716,519933952,152,152
1715729335.1872342,519933952,0,0
1715729336.187882,519933952,500,500
1715729337.189234,519933952,0,0
1715729338.1901276,519933952,0,0
1715729339.1914754,519933952,0,0
1715729340.1927805,519933952,0,0
1715729341.1940627,519933952,496,496
1715729342.1954043,519933952,0,0
1715729343.1966467,519933952,0,0
1715729344.1979816,519933952,0,0
1715729345.1992235,519933952,0,0
1715729346.2004597,519933952,496,496
1715729347.2018127,519933952,0,0
1715729348.2031116,519933952,0,0
1715729349.2043493,519933952,0,0
1715729350.2055938,519933952,0,0
1715729351.2060473,519933952,496,496
1715729352.2062776,519933952,274,274
1715729353.2147071,519933952,31170389,31170389
1715729354.2159781,519933952,0,0
1715729355.2173026,519933952,305,305
1715729356.218071,519933952,502,502
1715729357.218523,519933952,0,0
1715729358.219749,519933952,0,0
1715729359.2208824,519933952,31169477,31169477
1715729360.2220185,519933952,4422,4422
1715729361.2234066,519933952,705,705
1715729362.22478,519933952,2089,2089
1715729363.2260373,519933952,0,0
1715729364.2271178,519933952,949,949
1715729365.2284691,519933952,1276,1276
1715729366.2296865,519933952,1338,1338
1715729367.2310057,519933952,1182,1182
1715729368.2322106,519933952,191,191
1715729369.2334664,519933952,1206,1206
1715729370.2339659,519933952,562,562
1715729371.235262,519933952,1219,1219
1715729372.2364702,519933952,1093,1093
1715729373.2377849,519933952,779,779
1715729374.2391315,519933952,1179,1179
1715729375.2403934,519933952,1058,1058
1715729376.2416356,519933952,1299,1299
1715729377.2419558,519933952,735,735
1715729378.2432704,519933952,781,781
1715729379.243587,519933952,1469,1469
1715729380.245031,519933952,1471,1471
1715729381.245917,519933952,2427,2427
1715729382.247221,519933952,0,0
1715729383.2484868,519933952,1705,1705
1715729384.2551255,519933952,838,838
1715729385.2563648,519933952,783,783
1715729386.2576597,519933952,1967,1967
1715729387.2586722,519933952,0,0
1715729388.2601414,519933952,1812,1812
1715729389.261283,519933952,0,0
1715729390.2619233,519933952,1916,1916
1715729391.263297,519933952,787,787
1715729392.2643833,519933952,1666,1666
1715729393.2656515,519933952,614,614
1715729394.265982,519933952,0,0
1715729395.2673213,519933952,1629,1629
1715729396.2685394,519933952,698,698
1715729397.2698412,519933952,2117,2117
1715729398.271108,519933952,0,0
1715729399.272311,519933952,1828,1828
1715729400.2736213,519933952,784,784
1715729401.2739687,519933952,699,699
1715729402.2751977,519933952,20782233,20782233
1715729403.276574,519933952,10391836,10391836
1715729404.277955,519933952,0,0
1715729405.2791927,519933952,304,304
1715729406.2799246,519933952,503,503
1715729407.2811708,519933952,0,0
1715729408.2820582,519933952,0,0
1715729409.2832658,519933952,0,0
1715729410.284687,519933952,0,0
1715729411.2860637,519933952,496,496
1715729412.2873151,519933952,0,0
1715729413.2886972,519933952,355,355
1715729414.2900767,519933952,0,0
1715729415.2913375,519933952,151,151
1715729416.2925143,519933952,500,500
1715729417.2937894,519933952,0,0
1715729418.2949853,519933952,0,0
1715729419.2962742,519933952,0,0
1715729420.2974837,519933952,349,349
1715729421.2979543,519933952,502,502
1715729422.298571,519933952,0,0
1715729423.2993805,519933952,0,0
1715729424.3007364,519933952,335,335
1715729425.3018847,519933952,0,0
1715729426.3024318,519933952,502,502
1715729427.3036487,519933952,0,0
1715729428.3048882,519933952,0,0
1715729429.3059943,519933952,0,0
1715729430.3072069,519933952,0,0
1715729431.3085485,519933952,496,496
1715729432.3098772,519933952,31167928,31167928
1715729433.311123,519933952,0,0
1715729434.3123937,519933952,151,151
1715729435.3137393,519933952,151,151
1715729436.314955,519933952,502,502
1715729437.3163228,519933952,0,0
1715729438.31756,519933952,31165442,31165442
1715729439.3179305,519933952,1993,1993
1715729440.319251,519933952,303,303
1715729441.3204756,519933952,2850,2850
1715729442.3217506,519933952,279,279
1715729443.3230371,519933952,1499,1499
1715729444.3243494,519933952,1006,1006
1715729445.3255687,519933952,166,166
1715729446.3259912,519933952,2385,2385
1715729447.3272183,519933952,0,0
1715729448.3284235,519933952,1923,1923
1715729449.329746,519933952,277,277
1715729450.3309805,519933952,755,755
1715729451.3323638,519933952,1960,1960
1715729452.3336008,519933952,480,480
1715729453.3341305,519933952,1737,1737
1715729454.335427,519933952,177,177
1715729455.3367474,519933952,760,760
1715729456.338054,519933952,1850,1850
1715729457.3392925,519933952,761,761
1715729458.3405588,519933952,908,908
1715729459.3415015,519933952,1323,1323
1715729460.342606,519933952,0,0
1715729461.34356,519933952,2915,2915
1715729462.3447964,519933952,158,158
1715729463.3458905,519933952,863,863
1715729464.3471942,519933952,1379,1379
1715729465.3484523,519933952,170,170
1715729466.349852,519933952,2578,2578
1715729467.3503644,519933952,1418,1418
1715729468.351771,519933952,1842,1842
1715729469.353044,519933952,1148,1148
1715729470.3539119,519933952,351,351
1715729471.3551328,519933952,2167,2167
1715729472.3564062,519933952,0,0
1715729473.3577716,519933952,2478,2478
1715729474.359044,519933952,0,0
1715729475.3602245,519933952,1680,1680
1715729476.3611712,519933952,1079,1079
1715729477.3620133,519933952,173,173
1715729478.362876,519933952,2085,2085
1715729479.364147,519933952,0,0
1715729480.3654983,519933952,1772,1772
1715729481.3659828,519933952,10391122,10391122
1715729482.367185,519933952,20780335,20780335
1715729483.3684711,519933952,1200,1200
1715729484.3696723,519933952,0,0
1715729485.370937,519933952,305,305
1715729486.372282,519933952,507,507
1715729487.3734841,519933952,0,0
1715729488.3740487,519933952,0,0
1715729489.3751853,519933952,0,0
1715729490.3763947,519933952,0,0
1715729491.3777876,519933952,496,496
1715729492.378981,519933952,0,0
1715729493.3797886,519933952,0,0
1715729494.3811255,519933952,0,0
1715729495.3820052,519933952,0,0
1715729496.3826792,519933952,600,600
1715729497.3840556,519933952,0,0
1715729498.3854644,519933952,0,0
1715729499.3868256,519933952,0,0
1715729500.3882225,519933952,355,355
1715729501.3894083,519933952,502,502
1715729502.390135,519933952,0,0
1715729503.3915708,519933952,654,654
1715729504.3928328,519933952,0,0
1715729505.3940434,519933952,0,0
1715729506.3952618,519933952,651,651
1715729507.396086,519933952,0,0
1715729508.3968356,519933952,0,0
1715729509.39795,519933952,0,0
1715729510.3987172,519933952,0,0
1715729511.399396,519933952,496,496
1715729512.4006226,601890816,31170616,31170616
1715729513.4018533,902144000,1326,1326
1715729514.4030452,813633536,0,0
1715729515.403643,1140310016,303,303
1715729516.4046757,807493632,502,502
1715729517.405854,958562304,0,0
1715729518.4069998,780214272,1333,1333
1715729519.4075584,780214272,31171223,31171223
1715729520.4085348,780214272,0,0
1715729521.4100428,780214272,1874,1874
1715729522.4113414,780214272,1042,1042
1715729523.4120338,780214272,751,751
1715729524.4134169,780214272,892,892
1715729525.4141157,780214272,566,566
1715729526.4154687,780214272,2047,2047
1715729527.4167087,780214272,729,729
1715729528.4179916,780214272,924,924
1715729529.4192083,780214272,734,734
1715729530.4244776,780214272,1477,1477
1715729531.4256632,780214272,858,858
1715729532.4260929,780214272,1359,1359
1715729533.4272308,780214272,589,589
1715729534.4284432,780214272,1223,1223
1715729535.4296346,780214272,1171,1171
1715729536.4299586,780214272,354,354
1715729537.4312983,780214272,2303,2303
1715729538.4327152,780214272,0,0
1715729539.4339194,780214272,2286,2286
1715729540.435248,780214272,951,951
1715729541.4365127,780214272,1140,1140
1715729542.43783,780214272,1316,1316
1715729543.4391828,780214272,0,0
1715729544.4404511,780214272,1692,1692
1715729545.4418516,780214272,431,431
1715729546.443187,780214272,714,714
1715729547.4445662,780214272,1934,1934
1715729548.445394,780214272,0,0
1715729549.4459186,780214272,2253,2253
1715729550.4473238,780214272,153,153
1715729551.4486053,780214272,92707,92707
1715729552.4499018,780214272,972,972
1715729553.451166,780214272,0,0
1715729554.452423,780214272,1704,1704
1715729555.4537203,780214272,725,725
1715729556.4550002,780214272,2107,2107
1715729557.4562857,780214272,562,562
1715729558.456675,780214272,940,940
1715729559.4579651,780214272,1329,1329
1715729560.4593291,780214272,457,457
1715729561.4605558,780214272,2291,2291
1715729562.4618347,780214272,10390174,10390174
1715729563.4632368,780214272,20780334,20780334
1715729564.4646103,780214272,0,0
1715729565.4660275,780214272,310,310
1715729566.4674594,780214272,353,353
1715729567.4681785,780214272,0,0
1715729568.469549,780214272,0,0
1715729569.4699745,780214272,216,216
1715729570.4714026,780214272,152,152
1715729571.4727905,780214272,344,344
1715729572.474084,780214272,0,0
1715729573.4750974,780214272,0,0
1715729574.4754927,780214272,0,0
1715729575.4759622,780214272,152,152
1715729576.4772027,780214272,344,344
1715729577.4780867,780214272,0,0
1715729578.4794278,780214272,0,0
1715729579.48068,780214272,0,0
1715729580.482062,780214272,152,152
1715729581.4833775,780214272,344,344
1715729582.4846067,780214272,0,0
1715729583.485947,780214272,0,0
1715729584.487345,780214272,0,0
1715729585.488569,780214272,152,152
1715729586.4898422,780214272,344,344
1715729587.4910448,780214272,0,0
1715729588.49173,780214272,0,0
1715729589.4929984,780214272,0,0
1715729590.4939113,780214272,152,152
1715729591.4951305,780214272,344,344
1715729592.4965484,780214272,0,0
1715729593.4979794,780214272,31169391,31169391
1715729594.4992661,780214272,0,0
1715729595.500622,780214272,305,305
1715729596.501959,780214272,352,352
1715729597.5032039,780214272,0,0
1715729598.5044675,780214272,0,0
1715729599.5057492,780214272,41557241,41557241
1715729600.5071275,780214272,3428,3428
1715729601.508381,780214272,2183,2183
1715729602.5097477,780214272,1454,1454
1715729603.5111098,780214272,960,960
1715729604.512416,780214272,1804,1804
1715729605.513828,780214272,1476,1476
1715729606.5150707,780214272,2104,2104
1715729607.5162714,780214272,1508,1508
1715729608.5175061,780214272,1506,1506
1715729609.5179434,780214272,1309,1309
1715729610.5194101,780214272,1653,1653
1715729611.5207536,780214272,1752,1752
1715729612.5220172,780214272,1282,1282
1715729613.5233274,780214272,1214,1214
1715729614.5246587,780214272,1933,1933
1715729615.5259311,780214272,1708,1708
1715729616.5271552,780214272,1913,1913
1715729617.5285459,780214272,1335,1335
1715729618.529833,780214272,10390652,10390652
1715729619.5312974,780214272,10392717,10392717
1715729620.532614,780214272,645,645
1715729621.5338104,780214272,354,354
1715729622.5350494,780214272,0,0
1715729623.5362442,780214272,352,352
1715729624.537465,780214272,0,0
1715729625.5379996,780214272,304,304
1715729626.5393903,780214272,348,348
1715729627.5407288,780214272,0,0
1715729628.5419178,780214272,0,0
1715729629.5431466,780214272,0,0
1715729630.5445647,780214272,152,152
1715729631.5458395,780214272,344,344
1715729632.5472424,780214272,0,0
1715729633.548526,780214272,0,0
1715729634.5499337,780214272,0,0
1715729635.5511427,780214272,344,344
1715729636.5524695,780214272,152,152
1715729637.5538244,780214272,0,0
1715729638.555107,780214272,0,0
1715729639.5564787,780214272,0,0
1715729640.5578039,780214272,344,344
1715729641.5591714,780214272,152,152
1715729642.5603776,780214272,0,0
1715729643.5619075,780214272,0,0
1715729644.5631127,780214272,0,0
1715729645.5644526,780214272,152,152
1715729646.5653014,780214272,344,344
1715729647.5659237,780214272,0,0
1715729648.5672417,780214272,31168453,31168453
1715729649.5686135,780214272,939,939
1715729650.5698345,780214272,153,153
1715729651.5712135,780214272,353,353
1715729652.5725284,780214272,0,0
1715729653.5739138,780214272,353,353
