Timestamp,MemoryUsage,NetSent,NetRecv
1715729256.972917,512516096,0,0
1715729257.9739773,520118272,30869,30869
1715729258.975225,520118272,158,158
1715729259.9764137,520118272,4432,4432
1715729260.977587,520118272,3820,3820
1715729261.9785936,520118272,4867,4867
1715729262.9799018,520118272,2269,2269
1715729263.981079,520118272,2405,2405
1715729264.9818654,520118272,842,842
1715729265.9833598,520118272,1752,1752
1715729266.984757,520118272,0,0
1715729267.9858487,520118272,0,0
1715729268.987201,520118272,0,0
1715729269.9877377,520118272,14770,14770
1715729270.988238,520118272,6486,6486
1715729271.9894986,520118272,3856,3856
1715729272.9898674,520118272,2982,2982
1715729273.9910989,520118272,1934,1934
1715729274.992422,520118272,2020,2020
1715729275.992804,520118272,2122,2122
1715729276.9939342,520118272,4228,4228
1715729277.995188,520118272,1186,1186
1715729278.996384,520118272,0,0
1715729280.0008428,578117632,31173695,31173695
1715729281.0022435,1068871680,11906,11906
1715729282.0035398,773976064,8236,8236
1715729283.0047598,700788736,2641,2641
1715729284.0060298,887156736,3164,3164
1715729285.0072796,723374080,4864,4864
1715729286.0086544,1128656896,4060,4060
1715729287.0098753,765145088,11295,11295
1715729288.0111103,765145088,15340,15340
1715729289.0123334,877694976,3127,3127
1715729290.012635,728662016,2220,2220
1715729291.013903,963600384,3410,3410
1715729292.015293,766562304,3182,3182
1715729293.0165284,747556864,2832,2832
1715729294.017519,893808640,3286,3286
1715729295.0179193,791515136,3079,3079
1715729296.0210829,888299520,5601,5601
1715729297.0219922,726593536,3693,3693
1715729298.0233097,1042210816,4501,4501
1715729299.0247216,776503296,3162,3162
1715729300.0260441,844042240,1843,1843
1715729301.0272985,828559360,1093,1093
1715729302.0285783,724193280,177,177
1715729303.0298665,1103413248,7744,7744
1715729304.031146,764461056,4663,4663
1715729305.0325592,870436864,5612,5612
1715729306.0338366,838770688,7681,7681
1715729307.0350628,738127872,5555,5555
1715729308.036319,902639616,3641,3641
1715729309.0376637,790847488,2926,2926
1715729310.03807,1047379968,1684,1684
1715729311.0393906,762318848,516,516
1715729312.0406034,735055872,2312,2312
1715729313.0418742,837554176,0,0
1715729314.0460205,717893632,1283,1283
1715729315.0474463,845197312,876,876
1715729316.0486777,717840384,1792,1792
1715729317.049861,809811968,3503,3503
1715729318.0501978,768086016,7374,7374
1715729319.0514367,1001893888,3797,3797
1715729320.0526927,797106176,563,563
1715729321.0540717,711598080,4241,4241
1715729322.0554528,1217994752,6309,6309
1715729323.0582092,698802176,10390930,10390930
1715729324.0595865,709283840,20783687,20783687
1715729325.0609448,709283840,0,0
1715729326.0623252,709283840,516,516
1715729327.0637367,709283840,0,0
1715729328.065005,709283840,0,0
1715729329.066294,709283840,0,0
1715729330.0675728,709283840,0,0
1715729331.06887,709283840,1541,1541
1715729332.0700283,709283840,356,356
1715729333.0713232,709283840,641,641
1715729334.0725272,709283840,152,152
1715729335.073841,709283840,0,0
1715729336.0747788,709283840,500,500
1715729337.0760133,709283840,0,0
1715729338.077415,709283840,0,0
1715729339.0782979,709283840,0,0
1715729340.0796943,709283840,0,0
1715729341.0809112,709283840,496,496
1715729342.081956,709283840,0,0
1715729343.0827167,709283840,0,0
1715729344.0839875,709283840,0,0
1715729345.0854309,709283840,0,0
1715729346.0860312,709283840,496,496
1715729347.0872922,709283840,0,0
1715729348.0884094,709283840,0,0
1715729349.089936,709283840,0,0
1715729350.0904555,709283840,0,0
1715729351.0916817,709283840,496,496
1715729352.0931225,709283840,0,0
1715729353.0939305,851456000,31170663,31170663
1715729354.0951982,770101248,0,0
1715729355.096444,1179570176,305,305
1715729356.09696,840179712,502,502
1715729357.0979335,1093185536,0,0
1715729358.0991678,800530432,0,0
1715729359.100372,722509824,31168423,31168423
1715729360.1016648,722509824,5476,5476
1715729361.1019523,722509824,513,513
1715729362.102639,722509824,2006,2006
1715729363.1039002,722509824,275,275
1715729364.1048694,722509824,783,783
1715729365.1061404,722509824,1442,1442
1715729366.1071398,722509824,703,703
1715729367.108247,722509824,1817,1817
1715729368.1093419,722509824,0,0
1715729369.110368,722509824,1112,1112
1715729370.1116486,722509824,653,653
1715729371.112403,722509824,1413,1413
1715729372.1136663,722509824,1093,1093
1715729373.114577,722509824,779,779
1715729374.1158373,722509824,896,896
1715729375.1171987,722509824,1341,1341
1715729376.1179237,722509824,1021,1021
1715729377.119202,722509824,1013,1013
1715729378.12051,722509824,781,781
1715729379.1219041,722509824,1469,1469
1715729380.1230087,722509824,1365,1365
1715729381.1242774,722509824,2533,2533
1715729382.1255941,722509824,0,0
1715729383.125936,722509824,1421,1421
1715729384.1272705,722509824,1122,1122
1715729385.1285439,722509824,783,783
1715729386.1298478,722509824,1967,1967
1715729387.1311266,722509824,0,0
1715729388.1324627,722509824,1812,1812
1715729389.133776,722509824,0,0
1715729390.134992,722509824,1404,1404
1715729391.1362696,722509824,1299,1299
1715729392.140302,722509824,719,719
1715729393.1415417,722509824,1561,1561
1715729394.1419594,722509824,0,0
1715729395.1425118,722509824,1629,1629
1715729396.1438162,722509824,508,508
1715729397.1451888,722509824,2307,2307
1715729398.1459439,722509824,0,0
1715729399.1471353,722509824,671,671
1715729400.1480737,722509824,1941,1941
1715729401.1493318,722509824,699,699
1715729402.1502554,722509824,10392808,10392808
1715729403.1517117,722509824,20781261,20781261
1715729404.1531003,722509824,0,0
1715729405.1539147,722509824,152,152
1715729406.1543324,722509824,655,655
1715729407.1553612,722509824,0,0
1715729408.1565468,722509824,0,0
1715729409.1568632,722509824,0,0
1715729410.1580753,722509824,0,0
1715729411.1594489,722509824,496,496
1715729412.1607165,722509824,0,0
1715729413.1621075,722509824,355,355
1715729414.1633875,722509824,0,0
1715729415.164585,722509824,151,151
1715729416.1659825,722509824,500,500
1715729417.1673722,722509824,0,0
1715729418.168073,722509824,0,0
1715729419.1692913,722509824,0,0
1715729420.1700647,722509824,349,349
1715729421.171325,722509824,502,502
1715729422.1716409,722509824,0,0
1715729423.172933,722509824,0,0
1715729424.174217,722509824,335,335
1715729425.1754787,722509824,0,0
1715729426.1767042,722509824,502,502
1715729427.1780252,722509824,0,0
1715729428.1794736,722509824,0,0
1715729429.1808703,722509824,0,0
1715729430.1821384,722509824,0,0
1715729431.1835904,722509824,496,496
1715729432.1848893,722509824,31167198,31167198
1715729433.1859748,722509824,730,730
1715729434.1874049,722509824,151,151
1715729435.1888616,722509824,151,151
1715729436.1899385,722509824,502,502
1715729437.1983314,722509824,0,0
1715729438.199512,722509824,31164042,31164042
1715729439.2020411,722509824,3393,3393
1715729440.2033105,722509824,303,303
1715729441.2046256,722509824,2463,2463
1715729442.2059646,722509824,666,666
1715729443.2072394,722509824,1216,1216
1715729444.208545,722509824,1289,1289
1715729445.209907,722509824,0,0
1715729446.2112615,722509824,2551,2551
1715729447.212266,722509824,0,0
1715729448.213481,722509824,1639,1639
1715729449.2140155,722509824,561,561
1715729450.215265,722509824,475,475
1715729451.216639,722509824,2240,2240
1715729452.2179048,722509824,171,171
1715729453.2191577,722509824,1768,1768
1715729454.220416,722509824,278,278
1715729455.221667,722509824,937,937
1715729456.2221656,722509824,1850,1850
1715729457.2232192,722509824,761,761
1715729458.2240338,722509824,630,630
1715729459.22524,722509824,1601,1601
1715729460.226372,722509824,0,0
1715729461.2276652,722509824,2915,2915
1715729462.228942,722509824,158,158
1715729463.2299697,722509824,343,343
1715729464.2312367,722509824,1899,1899
1715729465.2325013,722509824,0,0
1715729466.2338042,722509824,2748,2748
1715729467.2351952,722509824,1150,1150
1715729468.2364194,722509824,1930,1930
1715729469.2378294,722509824,1328,1328
1715729470.2391453,722509824,0,0
1715729471.2405255,722509824,2518,2518
1715729472.2418249,722509824,0,0
1715729473.2430835,722509824,2150,2150
1715729474.2446043,722509824,328,328
1715729475.245863,722509824,922,922
1715729476.2471766,722509824,1837,1837
1715729477.2484913,722509824,173,173
1715729478.2498062,722509824,2085,2085
1715729479.2510493,722509824,0,0
1715729480.2523253,722509824,1772,1772
1715729481.2533426,722509824,10390617,10390617
1715729482.254288,722509824,10391436,10391436
1715729483.2554965,722509824,10390604,10390604
1715729484.256838,722509824,0,0
1715729485.258013,722509824,305,305
1715729486.2593412,722509824,507,507
1715729487.2608085,722509824,0,0
1715729488.262053,722509824,0,0
1715729489.2632635,722509824,0,0
1715729490.2645645,722509824,0,0
1715729491.2656524,722509824,496,496
1715729492.2659545,722509824,0,0
1715729493.2674196,722509824,0,0
1715729494.2687895,722509824,0,0
1715729495.269955,722509824,0,0
1715729496.27135,722509824,600,600
1715729497.272611,722509824,0,0
1715729498.2736053,722509824,0,0
1715729499.2739396,722509824,0,0
1715729500.2753532,722509824,355,355
1715729501.2766204,722509824,502,502
1715729502.2778609,722509824,0,0
1715729503.2791293,722509824,654,654
1715729504.2803478,722509824,0,0
1715729505.2815688,722509824,0,0
1715729506.2820482,722509824,651,651
1715729507.283395,722509824,0,0
1715729508.2836876,722509824,0,0
1715729509.2849746,722509824,0,0
1715729510.285959,722509824,0,0
1715729511.2873678,722509824,496,496
1715729512.2885833,722509824,31170337,31170337
1715729513.28992,722509824,1605,1605
1715729514.2911992,722509824,0,0
1715729515.2955174,722509824,303,303
1715729516.2967708,722509824,502,502
1715729517.2980337,722509824,0,0
1715729518.299237,722509824,1229,1229
1715729519.300551,722509824,31171275,31171275
1715729520.3018217,722509824,52,52
1715729521.3031352,722509824,1589,1589
1715729522.304398,722509824,1327,1327
1715729523.3056471,722509824,163,163
1715729524.3059418,722509824,1313,1313
1715729525.307253,722509824,733,733
1715729526.30861,722509824,2047,2047
1715729527.310045,722509824,729,729
1715729528.3113081,722509824,756,756
1715729529.3126962,722509824,902,902
1715729530.3139527,722509824,737,737
1715729531.3152468,722509824,1260,1260
1715729532.3164845,722509824,1697,1697
1715729533.3177958,722509824,589,589
1715729534.3190653,722509824,916,916
1715729535.320357,722509824,1325,1325
1715729536.321614,722509824,507,507
1715729537.3220196,722509824,2303,2303
1715729538.3233206,722509824,0,0
1715729539.3245656,722509824,1678,1678
1715729540.3259466,722509824,1402,1402
1715729541.3272688,722509824,1127,1127
1715729542.328533,722509824,1486,1486
1715729543.3299532,722509824,0,0
1715729544.3312051,722509824,1403,1403
1715729545.3324733,722509824,567,567
1715729546.3337753,722509824,692,692
1715729547.3350751,722509824,2109,2109
1715729548.336332,722509824,0,0
1715729549.3374555,722509824,2253,2253
1715729550.3380268,722509824,0,0
1715729551.339249,722509824,92574,92574
1715729552.340565,722509824,1258,1258
1715729553.3418765,722509824,0,0
1715729554.3431523,722509824,1704,1704
1715729555.3444326,722509824,567,567
1715729556.345531,722509824,1981,1981
1715729557.3459609,722509824,846,846
1715729558.3473198,722509824,747,747
1715729559.3486316,722509824,1522,1522
1715729560.3533504,722509824,304,304
1715729561.3543782,722509824,1679,1679
1715729562.3557284,722509824,10390758,10390758
1715729563.3569286,722509824,20780236,20780236
1715729564.3579736,722509824,279,279
1715729565.3589509,722509824,152,152
1715729566.3602035,722509824,511,511
1715729567.3615465,722509824,0,0
1715729568.3619134,722509824,0,0
1715729569.3631568,722509824,216,216
1715729570.3639789,722509824,0,0
1715729571.3653264,722509824,496,496
1715729572.3660402,722509824,0,0
1715729573.3674352,722509824,0,0
1715729574.3687882,722509824,0,0
1715729575.3698983,722509824,0,0
1715729576.3712397,722509824,496,496
1715729577.372784,722509824,0,0
1715729578.3739216,722509824,0,0
1715729579.3753572,722509824,0,0
1715729580.3767033,722509824,0,0
1715729581.377982,722509824,496,496
1715729582.378832,722509824,0,0
1715729583.3798084,722509824,0,0
1715729584.3811057,722509824,0,0
1715729585.381964,722509824,0,0
1715729586.3832452,722509824,496,496
1715729587.384487,722509824,0,0
1715729588.3861089,722509824,0,0
1715729589.3873918,722509824,0,0
1715729590.3887722,722509824,0,0
1715729591.3900378,722509824,496,496
1715729592.3913026,722509824,0,0
1715729593.3937626,722509824,31169391,31169391
1715729594.3950186,722509824,0,0
1715729595.3962834,722509824,100,100
1715729596.3976734,722509824,557,557
1715729597.3979192,722509824,0,0
1715729598.3992033,722509824,0,0
1715729599.400422,722509824,31166591,31166591
1715729600.4018505,722509824,10393925,10393925
1715729601.403192,722509824,2336,2336
1715729602.4044342,722509824,1454,1454
1715729603.4048653,722509824,960,960
1715729604.4061186,722509824,1609,1609
1715729605.4074206,722509824,1513,1513
1715729606.4088054,722509824,2071,2071
1715729607.4100327,722509824,1510,1510
1715729608.4113896,722509824,1504,1504
1715729609.4128146,722509824,1500,1500
1715729610.4140625,722509824,1500,1500
1715729611.4153645,722509824,1397,1397
1715729612.416773,722509824,1508,1508
1715729613.418094,722509824,1496,1496
1715729614.4194334,722509824,1933,1933
1715729615.4206536,722509824,1550,1550
1715729616.4219446,722509824,1901,1901
1715729617.4233928,722509824,1505,1505
1715729618.4248116,722509824,10390132,10390132
1715729619.4259584,722509824,10393237,10393237
1715729620.427212,722509824,645,645
1715729621.4284728,722509824,354,354
1715729622.4297812,722509824,0,0
1715729623.4311395,722509824,352,352
1715729624.432387,722509824,0,0
1715729625.433776,722509824,304,304
1715729626.4351766,722509824,348,348
1715729627.4363978,722509824,0,0
1715729628.4378064,722509824,0,0
1715729629.4383512,722509824,0,0
1715729630.439711,722509824,152,152
1715729631.4409285,722509824,344,344
1715729632.4420414,722509824,0,0
1715729633.443396,722509824,0,0
1715729634.4446142,722509824,0,0
1715729635.446032,722509824,152,152
1715729636.4474301,722509824,344,344
1715729637.4481668,722509824,0,0
1715729638.4493985,722509824,0,0
1715729639.4500546,722509824,0,0
1715729640.4514027,722509824,152,152
1715729641.451968,722509824,344,344
1715729642.4533808,722509824,0,0
1715729643.4547613,722509824,0,0
1715729644.456139,722509824,0,0
1715729645.4573808,722509824,152,152
1715729646.4579694,722509824,344,344
1715729647.4592323,722509824,0,0
1715729648.4604168,734175232,31167892,31167892
1715729649.4617662,764989440,1500,1500
1715729650.463001,790872064,153,153
1715729651.4637167,900165632,353,353
1715729652.4650123,805830656,0,0
1715729653.4660077,759357440,353,353
