Timestamp,MemoryUsage,NetSent,NetRecv
1715730011.863593,511668224,0,0
1715730012.864837,519663616,19515,19515
1715730013.8659325,519663616,525,525
1715730014.8668475,519663616,157,157
1715730015.868221,519663616,504,504
1715730016.8695905,519663616,156,156
1715730017.8700173,519663616,0,0
1715730018.8710036,519663616,494,494
1715730019.8724134,519663616,0,0
1715730020.8737354,519663616,667,667
1715730021.875122,519663616,258,258
1715730022.8765237,519663616,0,0
1715730023.8779628,519663616,579,579
1715730024.8793929,519663616,0,0
1715730025.8807695,519663616,980,980
1715730026.8820503,519663616,152,152
1715730027.8828263,519663616,472,472
1715730028.8842342,519663616,158,158
1715730029.88548,519663616,0,0
1715730030.886617,519663616,504,504
1715730031.8878942,519663616,152,152
1715730032.8885963,519663616,0,0
1715730033.8898253,519663616,31173664,31173664
1715730034.8911219,519663616,10392917,10392917
1715730035.8924806,519663616,1394,1394
1715730036.8937664,519663616,1645,1645
1715730037.8951416,519663616,1884,1884
1715730038.895765,519663616,1600,1600
1715730039.8970568,519663616,1226,1226
1715730040.898036,519663616,1879,1879
1715730041.899431,519663616,1659,1659
1715730042.9000702,519663616,1644,1644
1715730043.901109,519663616,1515,1515
1715730044.9021237,519663616,1513,1513
1715730045.9033768,519663616,2362,2362
1715730046.9047546,519663616,2888,2888
1715730047.9060485,519663616,2022,2022
1715730048.907425,519663616,1240,1240
1715730049.908823,519663616,2332,2332
1715730050.9099803,519663616,1530,1530
1715730051.9112215,519663616,1671,1671
1715730052.9124112,519663616,10391681,10391681
1715730053.9136214,519663616,2044,2044
1715730054.9139059,519663616,10392849,10392849
1715730055.9151888,519663616,358,358
1715730056.9164433,519663616,156,156
1715730057.9180872,519663616,0,0
1715730058.9193397,519663616,0,0
1715730059.920721,519663616,0,0
1715730060.922052,519663616,344,344
1715730061.923274,519663616,152,152
1715730062.9247162,519663616,0,0
1715730063.9259799,519663616,0,0
1715730064.9273481,519663616,0,0
1715730065.928524,519663616,344,344
1715730066.9299293,519663616,152,152
1715730067.9313312,519663616,360,360
1715730068.9319205,519663616,0,0
1715730069.933228,519663616,152,152
1715730070.9340448,519663616,345,345
1715730071.9354014,519663616,155,155
1715730072.9366693,519663616,355,355
1715730073.9379585,519663616,0,0
1715730074.939347,519663616,0,0
1715730075.940569,519663616,496,496
1715730076.9415674,519663616,155,155
1715730077.9420643,519663616,0,0
1715730078.9434505,519663616,0,0
1715730079.9439318,519663616,0,0
1715730080.9453108,519663616,751,751
1715730081.9460418,519663616,155,155
1715730082.946525,519663616,14589979,14589979
1715730083.947782,519663616,16582249,16582249
1715730084.9490662,519663616,0,0
1715730085.9499433,519663616,406,406
1715730086.9513495,519663616,155,155
1715730087.9525867,519663616,520,520
1715730088.9539244,519663616,7223,7223
1715730089.95522,621465600,41564868,41564868
1715730090.9564486,729735168,7167,7167
1715730091.9576025,729608192,1485,1485
1715730092.9580245,763326464,2029,2029
1715730093.9587617,780296192,1531,1531
1715730094.9600282,832761856,1762,1762
1715730095.9609213,858058752,1568,1568
1715730096.962052,822697984,1645,1645
1715730097.96289,861085696,1818,1818
1715730098.9640634,1071280128,1507,1507
1715730099.9653077,1148510208,1933,1933
1715730100.9665442,809742336,2117,2117
1715730101.9676826,973234176,1665,1665
1715730102.969072,870809600,1641,1641
1715730103.9700887,735956992,1554,1554
1715730104.9712358,745549824,1563,1563
1715730105.972601,808370176,1864,1864
1715730106.973923,742633472,1492,1492
1715730107.975172,782028800,1500,1500
1715730108.9763572,807284736,10391756,10391756
1715730109.9776316,809156608,10392262,10392262
1715730110.9780583,809156608,354,354
1715730111.9792976,809156608,156,156
1715730112.9806747,809156608,0,0
1715730113.9820838,809156608,0,0
1715730114.9831312,809156608,0,0
1715730115.983693,809156608,344,344
1715730116.9850938,809156608,152,152
1715730117.9860744,809156608,0,0
1715730118.987331,809156608,0,0
1715730119.9887762,809156608,0,0
1715730120.9900532,809156608,344,344
1715730121.9912906,809156608,152,152
1715730122.9924119,809156608,0,0
1715730123.9938147,809156608,0,0
1715730124.9950383,809156608,0,0
1715730125.996243,809156608,344,344
1715730126.9975772,809156608,152,152
1715730127.997971,809156608,0,0
1715730128.9993758,809156608,0,0
1715730130.0007906,809156608,0,0
1715730131.0020514,809156608,344,344
1715730132.0033214,809156608,152,152
1715730133.00462,809156608,356,356
1715730134.0058439,809156608,0,0
1715730135.0070963,809156608,0,0
1715730136.0083606,809156608,497,497
1715730137.0098598,809156608,155,155
1715730138.0112326,809156608,0,0
1715730139.0124729,809156608,31167451,31167451
1715730140.0175214,809156608,589,589
1715730141.0183265,809156608,456,456
1715730142.0189872,809156608,301,301
1715730143.020232,809156608,0,0
1715730144.0216482,809156608,284,284
1715730145.0224333,809156608,0,0
1715730146.0231993,809156608,31167443,31167443
1715730147.0244427,809156608,10394487,10394487
1715730148.0257218,809156608,1589,1589
1715730149.0271173,809156608,1309,1309
1715730150.0283964,809156608,1462,1462
1715730151.0297153,809156608,2031,2031
1715730152.0310075,809156608,1471,1471
1715730153.0324883,809156608,1470,1470
1715730154.033891,809156608,4693,4693
1715730155.0352752,809156608,92293,92293
1715730156.0365443,809156608,2071,2071
1715730157.0378647,809156608,1929,1929
1715730158.0391388,809156608,1561,1561
1715730159.0404494,809156608,1603,1603
1715730160.041136,809156608,1509,1509
1715730161.0421069,809156608,2161,2161
1715730162.0435205,809156608,1942,1942
1715730163.0448189,809156608,1869,1869
1715730164.045969,809156608,1509,1509
1715730165.0472558,809156608,1512,1512
1715730166.0484889,809156608,20783418,20783418
1715730167.0499523,809156608,52,52
1715730168.0509775,809156608,153,153
1715730169.0523276,809156608,153,153
1715730170.0530074,809156608,0,0
1715730171.0540595,809156608,502,502
1715730172.055486,809156608,0,0
1715730173.056917,809156608,0,0
1715730174.0580623,809156608,0,0
1715730175.058557,809156608,0,0
1715730176.059791,809156608,496,496
1715730177.0610638,809156608,0,0
1715730178.062146,809156608,0,0
1715730179.063315,809156608,0,0
1715730180.064764,809156608,0,0
1715730181.0660586,809156608,496,496
1715730182.0673141,809156608,0,0
1715730183.068713,809156608,0,0
1715730184.0700822,809156608,0,0
1715730185.0713518,809156608,0,0
1715730186.0728717,809156608,496,496
1715730187.0742686,809156608,0,0
1715730188.075648,809156608,0,0
1715730189.076931,809156608,0,0
1715730190.0780659,809156608,0,0
1715730191.0793502,809156608,496,496
1715730192.0799785,809156608,0,0
1715730193.0813498,809156608,355,355
1715730194.0820532,809156608,0,0
1715730195.0832458,809156608,487,487
1715730196.084568,809156608,31174735,31174735
1715730197.0858915,809156608,0,0
1715730198.08719,809156608,304,304
1715730199.088562,809156608,0,0
1715730200.089881,809156608,0,0
1715730201.0911658,809156608,858,858
1715730202.0923874,809156608,1343,1343
1715730203.0937517,809156608,41554439,41554439
1715730204.095101,809156608,869,869
1715730205.0964708,809156608,794,794
1715730206.0974255,809156608,1636,1636
1715730207.0985303,809156608,796,796
1715730208.0998273,809156608,1496,1496
1715730209.1011732,809156608,1161,1161
1715730210.1020827,809156608,1485,1485
1715730211.1034887,809156608,2027,2027
1715730212.1049864,809156608,1417,1417
1715730213.1061418,809156608,1205,1205
1715730214.1074123,809156608,1206,1206
1715730215.108775,809156608,939,939
1715730216.1100547,809156608,1501,1501
1715730217.111493,809156608,1153,1153
1715730218.1129165,809156608,1755,1755
1715730219.114093,809156608,1698,1698
1715730220.1155112,809156608,1205,1205
1715730221.116812,809156608,10392285,10392285
1715730222.1181629,809156608,10390511,10390511
1715730223.1194024,809156608,300,300
1715730224.1206841,809156608,151,151
1715730225.1220706,809156608,0,0
1715730226.123301,809156608,655,655
1715730227.124675,809156608,0,0
1715730228.1259558,809156608,0,0
1715730229.127357,809156608,0,0
1715730230.1287236,809156608,0,0
1715730231.1300921,809156608,496,496
1715730232.1313324,809156608,0,0
1715730233.1325624,809156608,0,0
1715730234.1338735,809156608,0,0
1715730235.13528,809156608,0,0
1715730236.1365402,809156608,496,496
1715730237.1370783,809156608,0,0
1715730238.138054,809156608,0,0
1715730239.1394334,809156608,0,0
1715730240.1408176,809156608,0,0
1715730241.1420596,809156608,496,496
1715730242.1426227,809156608,0,0
1715730243.1438444,809156608,0,0
1715730244.1452518,809156608,190,190
1715730245.1459527,809156608,0,0
1715730246.1474397,809156608,496,496
1715730247.1488132,809156608,0,0
1715730248.1499848,809156608,0,0
1715730249.1513917,809156608,0,0
1715730250.1526024,809156608,1573657,1573657
1715730251.1533554,809156608,29591874,29591874
1715730252.154031,809156608,0,0
1715730253.1554217,809156608,503,503
1715730254.1566825,809156608,0,0
1715730255.1579447,809156608,0,0
1715730256.1592484,809156608,651,651
1715730257.1598394,809156608,31171581,31171581
1715730258.1611137,809156608,3211,3211
1715730259.1619377,809156608,180,180
1715730260.163226,809156608,2343,2343
1715730261.164455,809156608,687,687
1715730262.165756,809156608,1952,1952
1715730263.1671538,809156608,611,611
1715730264.1683912,809156608,1087,1087
1715730265.169743,809156608,1116,1116
1715730266.1710875,809156608,510,510
1715730267.1724842,809156608,1968,1968
1715730268.1737316,809156608,0,0
1715730269.1750116,809156608,1932,1932
1715730270.1764245,809156608,0,0
1715730271.177685,809156608,1314,1314
1715730272.1789887,809156608,1446,1446
1715730273.1803753,809156608,170,170
1715730274.1814742,809156608,2035,2035
1715730275.1820164,809156608,0,0
1715730276.183272,809156608,2214,2214
1715730277.1846807,809156608,564,564
1715730278.1860232,809156608,176,176
1715730279.1874893,809156608,2200,2200
1715730280.1888404,809156608,177,177
1715730281.1899195,809156608,2920,2920
1715730282.1911683,809156608,0,0
1715730283.1924307,809156608,1511,1511
1715730284.1929848,809156608,1005,1005
1715730285.1939397,809156608,765,765
1715730286.19518,809156608,2452,2452
1715730287.1964724,809156608,0,0
1715730288.1971366,809156608,2269,2269
1715730289.1980517,809156608,0,0
1715730290.1993577,809156608,284,284
1715730291.2006512,809156608,1889,1889
1715730292.2019618,809156608,0,0
1715730293.203264,809156608,2219,2219
1715730294.204791,809156608,0,0
1715730295.2059746,809156608,1638,1638
1715730296.2072291,809156608,1292,1292
1715730297.2085755,809156608,768,768
1715730298.2098567,809156608,906,906
1715730299.2102985,809156608,963,963
1715730300.2116385,809156608,1743,1743
1715730301.2128456,809156608,31168094,31168094
1715730302.2139218,809156608,947,947
1715730303.2153463,809156608,0,0
1715730304.216709,809156608,305,305
1715730305.2180538,809156608,0,0
1715730306.2193184,809156608,502,502
1715730307.2205515,809156608,0,0
1715730308.2218425,809156608,0,0
1715730309.223238,809156608,0,0
1715730310.224464,809156608,0,0
1715730311.225929,809156608,496,496
1715730312.2272382,809156608,0,0
1715730313.2286174,809156608,355,355
1715730314.230013,809156608,0,0
1715730315.231459,809156608,6632,6632
1715730316.2326772,809156608,11954,11954
1715730317.2339768,809156608,4165,4165
1715730318.235385,809156608,4036,4036
1715730319.2366722,809156608,2371,2371
1715730320.2377172,809156608,6047,6047
1715730321.2386973,809156608,569,569
1715730322.239684,809156608,16178,16178
1715730323.2408104,809156608,971,971
1715730324.2420626,809156608,939,939
1715730325.2434509,809156608,3210,3210
1715730326.2446797,809156608,1048,1048
1715730327.2461143,809156608,620,620
1715730328.247492,809156608,2906,2906
1715730329.2487302,809156608,4133,4133
1715730330.2500484,809156608,834,834
1715730331.2514157,809156608,31166166,31166166
1715730332.2520804,809156608,0,0
1715730333.2533927,809156608,882,882
1715730334.2540212,809156608,714,714
1715730335.254366,809156608,1545,1545
1715730336.2557297,809156608,3907,3907
