Timestamp,MemoryUsage,NetSent,NetRecv
1715730011.9646635,512921600,0,0
1715730012.9659967,520523776,12694,12694
1715730013.967366,520523776,0,0
1715730014.9686205,520523776,157,157
1715730015.9699988,520523776,504,504
1715730016.9713814,520523776,156,156
1715730017.9726286,520523776,0,0
1715730018.974054,520523776,494,494
1715730019.9752932,520523776,0,0
1715730020.9765186,520523776,667,667
1715730021.977956,520523776,258,258
1715730022.979203,520523776,0,0
1715730023.98047,520523776,579,579
1715730024.98119,520523776,0,0
1715730025.982054,520523776,980,980
1715730026.9832945,520523776,152,152
1715730027.98459,520523776,630,630
1715730028.9860036,520523776,0,0
1715730029.9872835,520523776,155,155
1715730030.9885411,520523776,349,349
1715730031.9900131,520523776,152,152
1715730032.991218,520523776,0,0
1715730033.9924526,520523776,31175412,31175412
1715730034.9939468,520523776,10391169,10391169
1715730035.995262,520523776,1394,1394
1715730036.9966395,520523776,1645,1645
1715730037.9979663,520523776,1936,1936
1715730038.9992874,520523776,1548,1548
1715730040.000691,520523776,1504,1504
1715730041.0019379,520523776,1882,1882
1715730042.0031867,520523776,1378,1378
1715730043.004588,520523776,1810,1810
1715730044.0059907,520523776,1349,1349
1715730045.00756,520523776,1513,1513
1715730046.0089893,520523776,2666,2666
1715730047.0100427,520523776,2890,2890
1715730048.0114086,520523776,1716,1716
1715730049.012434,520523776,1240,1240
1715730050.0137343,520523776,2500,2500
1715730051.015072,520523776,1927,1927
1715730052.0164785,520523776,1106,1106
1715730053.0177903,520523776,10391733,10391733
1715730054.0183532,520523776,10392423,10392423
1715730055.0197577,520523776,2418,2418
1715730056.0209897,520523776,358,358
1715730057.0220716,520523776,156,156
1715730058.022457,520523776,0,0
1715730059.0236654,520523776,0,0
1715730060.0250785,520523776,0,0
1715730061.026025,520523776,496,496
1715730062.0274198,520523776,0,0
1715730063.0288105,520523776,0,0
1715730064.0300033,520523776,0,0
1715730065.0312545,520523776,0,0
1715730066.0324798,520523776,496,496
1715730067.0337985,520523776,0,0
1715730068.0351458,520523776,360,360
1715730069.0365298,520523776,0,0
1715730070.0378492,520523776,152,152
1715730071.0392354,520523776,500,500
1715730072.040627,520523776,0,0
1715730073.041909,520523776,355,355
1715730074.0433662,520523776,0,0
1715730075.044759,520523776,0,0
1715730076.0460706,520523776,651,651
1715730077.046784,520523776,0,0
1715730078.048195,520523776,0,0
1715730079.0495596,520523776,0,0
1715730080.0500658,520523776,0,0
1715730081.0513039,520523776,906,906
1715730082.0527744,520523776,0,0
1715730083.0539367,520523776,31169357,31169357
1715730084.0553088,520523776,2871,2871
1715730085.056645,520523776,0,0
1715730086.0580478,520523776,561,561
1715730087.0593588,520523776,0,0
1715730088.0602324,520523776,1031,1031
1715730089.0615726,520523776,7833,7833
1715730090.0619614,520523776,41566046,41566046
1715730091.063212,520523776,5451,5451
1715730092.0640326,520523776,902,902
1715730093.0652606,520523776,2189,2189
1715730094.0659757,520523776,1371,1371
1715730095.0672743,520523776,1920,1920
1715730096.0676029,520523776,1756,1756
1715730097.068908,520523776,1757,1757
1715730098.0699522,520523776,1552,1552
1715730099.0713496,520523776,1505,1505
1715730100.0726752,520523776,1743,1743
1715730101.0740952,520523776,2273,2273
1715730102.0754836,520523776,1509,1509
1715730103.0769,520523776,1810,1810
1715730104.078057,520523776,2001,2001
1715730105.0793874,520523776,1233,1233
1715730106.0805757,520523776,2018,2018
1715730107.0816834,520523776,1225,1225
1715730108.0819738,520523776,1500,1500
1715730109.0832253,520523776,10391583,10391583
1715730110.0846696,520523776,10392262,10392262
1715730111.0859733,520523776,510,510
1715730112.086332,520523776,0,0
1715730113.0875828,520523776,0,0
1715730114.088862,520523776,0,0
1715730115.0900989,520523776,0,0
1715730116.0910735,520523776,496,496
1715730117.0926566,520523776,0,0
1715730118.0939023,520523776,0,0
1715730119.0951226,520523776,0,0
1715730120.0964,520523776,0,0
1715730121.0977502,520523776,496,496
1715730122.099109,520523776,0,0
1715730123.1006007,520523776,0,0
1715730124.101997,520523776,0,0
1715730125.1025603,520523776,0,0
1715730126.1038136,520523776,496,496
1715730127.105411,520523776,0,0
1715730128.106069,520523776,0,0
1715730129.1073296,520523776,0,0
1715730130.1087115,520523776,0,0
1715730131.1100788,520523776,496,496
1715730132.1114697,520523776,0,0
1715730133.1128092,520523776,356,356
1715730134.1137621,520523776,0,0
1715730135.1148922,520523776,0,0
1715730136.1161544,520523776,652,652
1715730137.117439,520523776,0,0
1715730138.1180682,520523776,0,0
1715730139.1193395,520523776,31168040,31168040
1715730140.120712,520523776,303,303
1715730141.1219256,520523776,454,454
1715730142.1223173,520523776,0,0
1715730143.1236854,520523776,0,0
1715730144.1250217,520523776,284,284
1715730145.1259623,520523776,0,0
1715730146.1271925,520523776,41558479,41558479
1715730147.128447,520523776,3503,3503
1715730148.1297238,520523776,1537,1537
1715730149.1309469,520523776,1472,1472
1715730150.1323128,520523776,1461,1461
1715730151.1336813,520523776,2036,2036
1715730152.134963,520523776,1467,1467
1715730153.136267,520523776,1472,1472
1715730154.1375606,520523776,4969,4969
1715730155.1379962,520523776,91852,91852
1715730156.1392887,520523776,2071,2071
1715730157.140633,520523776,1929,1929
1715730158.142048,520523776,1561,1561
1715730159.1424372,520523776,1767,1767
1715730160.1438122,520523776,1345,1345
1715730161.1447878,520523776,2161,2161
1715730162.145962,520523776,1942,1942
1715730163.1473153,520523776,1869,1869
1715730164.1481743,520523776,1509,1509
1715730165.1489415,520523776,1512,1512
1715730166.1499636,520523776,20783470,20783470
1715730167.1511986,520523776,0,0
1715730168.1526055,520523776,153,153
1715730169.153265,520523776,153,153
1715730170.1539483,520523776,0,0
1715730171.155375,520523776,502,502
1715730172.1567733,520523776,0,0
1715730173.1579227,520523776,0,0
1715730174.1590526,520523776,0,0
1715730175.160304,520523776,0,0
1715730176.1617668,520523776,496,496
1715730177.1629095,520523776,0,0
1715730178.16418,520523776,0,0
1715730179.1647918,520523776,0,0
1715730180.1660216,520523776,0,0
1715730181.1673372,520523776,496,496
1715730182.168607,520523776,0,0
1715730183.1698883,520523776,0,0
1715730184.1712804,520523776,0,0
1715730185.1725726,520523776,0,0
1715730186.1738505,520523776,496,496
1715730187.175123,520523776,0,0
1715730188.1764882,520523776,0,0
1715730189.1777637,520523776,0,0
1715730190.1791031,520523776,0,0
1715730191.1803782,520523776,496,496
1715730192.1817863,520523776,0,0
1715730193.1832411,520523776,355,355
1715730194.184513,520523776,0,0
1715730195.252711,551702528,31170795,31170795
1715730196.2540588,958930944,4427,4427
1715730197.255362,746491904,0,0
1715730198.25662,732545024,304,304
1715730199.2579818,816877568,0,0
1715730200.2592163,732569600,354,354
1715730201.260563,972427264,504,504
1715730202.2618775,722153472,31163486,31163486
1715730203.2632945,849256448,10392296,10392296
1715730204.26467,883326976,869,869
1715730205.2660666,826687488,794,794
1715730206.266914,837316608,1636,1636
1715730207.2683792,869560320,796,796
1715730208.2697146,843882496,1496,1496
1715730209.2711673,864587776,1161,1161
1715730210.2720358,916746240,1485,1485
1715730211.2734325,856338432,2027,2027
1715730212.2740667,851853312,1417,1417
1715730213.2753966,925405184,1205,1205
1715730214.276684,862650368,1206,1206
1715730215.2779992,872865792,939,939
1715730216.2793238,887803904,1501,1501
1715730217.280607,934416384,1153,1153
1715730218.2819717,852074496,1913,1913
1715730219.2832909,1027825664,1540,1540
1715730220.28459,977530880,1790,1790
1715730221.2858365,782356480,20779772,20779772
1715730222.2870772,782356480,2439,2439
1715730223.288357,782356480,300,300
1715730224.2895896,782356480,151,151
1715730225.2901475,782356480,153,153
1715730226.2915466,782356480,502,502
1715730227.2927775,782356480,0,0
1715730228.294182,782356480,0,0
1715730229.295633,782356480,0,0
1715730230.2969031,782356480,0,0
1715730231.2975285,782356480,496,496
1715730232.2979703,782356480,0,0
1715730233.2993581,782356480,0,0
1715730234.300596,782356480,0,0
1715730235.301892,782356480,0,0
1715730236.303109,782356480,496,496
1715730237.3043516,782356480,0,0
1715730238.3058057,782356480,0,0
1715730239.3070917,782356480,0,0
1715730240.3084996,782356480,0,0
1715730241.309933,782356480,496,496
1715730242.311319,782356480,0,0
1715730243.3127198,782356480,0,0
1715730244.3130555,782356480,190,190
1715730245.3141534,782356480,0,0
1715730246.315406,782356480,496,496
1715730247.3168373,782356480,0,0
1715730248.3180745,782356480,0,0
1715730249.3194788,782356480,0,0
1715730250.3207185,782356480,31163186,31163186
1715730251.3220162,782356480,2345,2345
1715730252.3233325,782356480,0,0
1715730253.3246577,782356480,503,503
1715730254.3259165,782356480,0,0
1715730255.327204,782356480,0,0
1715730256.3281224,782356480,651,651
1715730257.3293688,782356480,31173931,31173931
1715730258.3299766,782356480,861,861
1715730259.3312361,782356480,933,933
1715730260.3325202,782356480,1590,1590
1715730261.3339093,782356480,687,687
1715730262.335223,782356480,1952,1952
1715730263.3365004,782356480,611,611
1715730264.337742,782356480,1646,1646
1715730265.339056,782356480,557,557
1715730266.340324,782356480,844,844
1715730267.3416348,782356480,1634,1634
1715730268.3421657,782356480,0,0
1715730269.3435938,782356480,1932,1932
1715730270.3448644,782356480,0,0
1715730271.345943,782356480,1479,1479
1715730272.3473165,782356480,1281,1281
1715730273.3486054,782356480,333,333
1715730274.3500388,782356480,1872,1872
1715730275.3513963,782356480,173,173
1715730276.3527305,782356480,2605,2605
1715730277.3539724,782356480,0,0
1715730278.355243,782356480,1087,1087
1715730279.3565812,782356480,1289,1289
1715730280.357868,782356480,486,486
1715730281.3592274,782356480,2611,2611
1715730282.360523,782356480,0,0
1715730283.3611226,782356480,1952,1952
1715730284.3620408,782356480,564,564
1715730285.3633966,782356480,765,765
1715730286.3646917,782356480,2452,2452
1715730287.365939,782356480,180,180
1715730288.3672009,782356480,2089,2089
1715730289.3685822,782356480,0,0
1715730290.3698287,782356480,487,487
1715730291.371109,782356480,1686,1686
1715730292.3723934,782356480,179,179
1715730293.3736868,782356480,2040,2040
1715730294.3747156,782356480,0,0
1715730295.3757014,782356480,1806,1806
1715730296.376664,782356480,1124,1124
1715730297.377929,782356480,768,768
1715730298.3793237,782356480,1197,1197
1715730299.3805895,782356480,1258,1258
1715730300.3820014,782356480,10389558,10389558
1715730301.38325,782356480,20780361,20780361
1715730302.3841393,782356480,279,279
1715730303.3854241,782356480,100,100
1715730304.3860679,782356480,205,205
1715730305.387458,782356480,0,0
1715730306.3888376,782356480,502,502
1715730307.390058,782356480,0,0
1715730308.391337,782356480,0,0
1715730309.391664,782356480,0,0
1715730310.3923476,782356480,0,0
1715730311.3936446,782356480,496,496
1715730312.3940172,782356480,0,0
1715730313.3952935,782356480,355,355
1715730314.396545,782356480,0,0
1715730315.397984,782356480,9182,9182
1715730316.3984768,782356480,10980,10980
1715730317.3997226,782356480,3041,3041
1715730318.4011395,782356480,3855,3855
1715730319.4020545,782356480,4039,4039
1715730320.4033291,782356480,4108,4108
1715730321.4046698,782356480,569,569
1715730322.40591,782356480,17149,17149
1715730323.4072895,782356480,0,0
1715730324.408076,782356480,1096,1096
1715730325.4094386,782356480,3325,3325
1715730326.4100916,782356480,776,776
1715730327.4113405,782356480,620,620
1715730328.412733,782356480,3349,3349
1715730329.4141455,782356480,3690,3690
1715730330.4153998,782356480,29558951,29558951
1715730331.415895,782356480,1608049,1608049
1715730332.4172578,782356480,0,0
1715730333.4186347,782356480,882,882
1715730334.420186,782356480,714,714
1715730335.4216125,782356480,3594,3594
1715730336.4219475,782356480,1858,1858
