Timestamp,MemoryUsage,NetSent,NetRecv
1715732993.9828851,516603904,0,0
1715732994.984352,519618560,20311,20311
1715732995.9859667,519618560,356,356
1715732996.9872267,519618560,156,156
1715732997.988653,519618560,0,0
1715732998.990052,519618560,0,0
1715732999.9913068,519618560,0,0
1715733000.9926825,519618560,344,344
1715733001.9939575,519618560,152,152
1715733002.995356,519618560,0,0
1715733003.9959202,519618560,0,0
1715733004.9973047,519618560,0,0
1715733005.9981034,519618560,344,344
1715733006.9991004,519618560,152,152
1715733008.000341,519618560,0,0
1715733009.0019567,519618560,0,0
1715733010.003375,519618560,0,0
1715733011.0040736,519618560,344,344
1715733012.0052967,519618560,152,152
1715733013.0060499,519618560,0,0
1715733014.007404,519618560,0,0
1715733015.0086339,519618560,31173953,31173953
1715733016.0093005,519618560,1554,1554
1715733017.0100307,519618560,155,155
1715733018.011283,519618560,1789,1789
1715733019.0126019,519618560,0,0
1715733020.013939,519618560,463,463
1715733021.0152009,519618560,2115,2115
1715733022.0165339,519618560,155,155
1715733023.0178032,519618560,2339,2339
1715733024.0190854,519618560,287,287
1715733025.0203218,519618560,1488,1488
1715733026.0215995,519618560,1188,1188
1715733027.0227354,519618560,518,518
1715733028.024007,519618560,828,828
1715733029.0253184,519618560,0,0
1715733030.0259967,519618560,1118,1118
1715733031.0274155,519618560,890,890
1715733032.0287738,519618560,928,928
1715733033.030118,519618560,1454,1454
1715733034.0313995,519618560,0,0
1715733035.0320153,519618560,1675,1675
1715733036.0333,519618560,915,915
1715733037.0342429,519618560,517,517
1715733038.035663,519618560,1709,1709
1715733039.0370967,519618560,0,0
1715733040.0379317,519618560,2168,2168
1715733041.039329,519618560,1068,1068
1715733042.0405967,519618560,346,346
1715733043.0418935,519618560,1892,1892
1715733044.0433738,519618560,304,304
1715733045.044689,519618560,2702,2702
1715733046.0459566,519618560,770,770
1715733047.0466185,519618560,514,514
1715733048.0480046,519618560,1453,1453
1715733049.04928,519618560,194,194
1715733050.050036,519618560,1786,1786
1715733051.0513504,519618560,301,301
1715733052.0526392,519618560,1674,1674
1715733053.0539386,519618560,734,734
1715733054.0552444,519618560,777,777
1715733055.0565112,519618560,922,922
1715733056.0578802,519618560,1738,1738
1715733057.0594182,519618560,332,332
1715733058.060827,519618560,1302,1302
1715733059.0620294,519618560,1035,1035
1715733060.0632963,519618560,31170470,31170470
1715733061.0646615,519618560,3096,3096
1715733062.066093,519618560,156,156
1715733063.0674124,519618560,151,151
1715733064.0688236,519618560,0,0
1715733065.0700362,519618560,0,0
1715733066.0713282,519618560,345,345
1715733067.0727248,519618560,152,152
1715733068.0741017,519618560,0,0
1715733069.0754795,519618560,0,0
1715733070.0767128,519618560,0,0
1715733071.0780602,519618560,344,344
1715733072.0796478,519618560,152,152
1715733073.0810626,519618560,0,0
1715733074.0822997,519618560,356,356
1715733075.083676,519618560,0,0
1715733076.0850515,519618560,347,347
1715733077.0860696,519618560,155,155
1715733078.0865822,519618560,0,0
1715733079.087985,519618560,0,0
1715733080.0893712,519618560,0,0
1715733081.0900667,519618560,344,344
1715733082.0913148,519618560,152,152
1715733083.0921547,519618560,353,353
1715733084.0932775,519618560,0,0
1715733085.0940785,519618560,151,151
1715733086.0953271,519618560,345,345
1715733087.0966854,519618560,155,155
1715733088.0980814,519618560,0,0
1715733089.0994356,519618560,31170842,31170842
1715733090.1007042,519618560,469,469
1715733091.101986,519618560,352,352
1715733092.1025815,519618560,155,155
1715733093.1040466,519618560,0,0
1715733094.105368,519618560,403,403
1715733095.1060684,613421056,41558020,41558020
1715733096.1074889,708395008,2731,2731
1715733097.1088996,698765312,1638,1638
1715733098.1100378,789770240,1485,1485
1715733099.1113539,777998336,1480,1480
1715733100.1122155,817201152,1482,1482
1715733101.1135254,1124466688,1683,1683
1715733102.114049,1126477824,1688,1688
1715733103.1154199,1098117120,1498,1498
1715733104.1168134,1058873344,1810,1810
1715733105.1180978,935505920,1513,1513
1715733106.1194072,917188608,1904,1904
1715733107.1206026,711704576,1098,1098
1715733108.1218536,774656000,1512,1512
1715733109.1231318,787263488,919,919
1715733110.1244566,739565568,965,965
1715733111.125951,783605760,1949,1949
1715733112.1267416,736354304,1658,1658
1715733113.12797,780513280,10388794,10388794
1715733114.1292028,788881408,10391063,10391063
1715733115.1299667,788881408,1519,1519
1715733116.1304026,788881408,359,359
1715733117.131901,788881408,156,156
1715733118.1333008,788881408,0,0
1715733119.1340754,788881408,0,0
1715733120.1353147,788881408,0,0
1715733121.136818,788881408,344,344
1715733122.1380517,788881408,152,152
1715733123.1393363,788881408,0,0
1715733124.140593,788881408,0,0
1715733125.1420457,788881408,0,0
1715733126.1434588,788881408,344,344
1715733127.144829,788881408,152,152
1715733128.1459367,788881408,0,0
1715733129.147447,788881408,0,0
1715733130.1482224,788881408,0,0
1715733131.149636,788881408,344,344
1715733132.1499698,788881408,152,152
1715733133.15132,788881408,0,0
1715733134.1525786,788881408,355,355
1715733135.1538465,788881408,0,0
1715733136.1552444,788881408,347,347
1715733137.1566336,788881408,155,155
1715733138.1580193,788881408,0,0
1715733139.1587029,788881408,0,0
1715733140.1600852,788881408,0,0
1715733141.1614964,788881408,344,344
1715733142.1619215,788881408,152,152
1715733143.1632907,788881408,31170031,31170031
1715733144.1645823,788881408,1220,1220
1715733145.1658344,788881408,0,0
1715733146.1671708,788881408,502,502
1715733147.1684954,788881408,155,155
1715733148.1698015,788881408,0,0
1715733149.1710138,788881408,1370,1370
1715733150.1722913,788881408,41559594,41559594
1715733151.173634,788881408,1043,1043
1715733152.1740308,788881408,1624,1624
1715733153.1754208,788881408,1195,1195
1715733154.1768165,788881408,1185,1185
1715733155.1779726,788881408,1729,1729
1715733156.1793594,788881408,1933,1933
1715733157.1806903,788881408,1638,1638
1715733158.182,788881408,1656,1656
1715733159.183363,788881408,1291,1291
1715733160.1844678,788881408,1487,1487
1715733161.1857357,788881408,1997,1997
1715733162.186982,788881408,1142,1142
1715733163.188551,788881408,1147,1147
1715733164.1898623,788881408,1484,1484
1715733165.1913285,788881408,1238,1238
1715733166.1927009,788881408,1865,1865
1715733167.1940975,788881408,1512,1512
1715733168.195524,788881408,10390357,10390357
1715733169.1968088,788881408,772,772
1715733170.1979373,788881408,10392728,10392728
1715733171.1992843,788881408,514,514
1715733172.2000978,788881408,0,0
1715733173.2010505,788881408,0,0
1715733174.2020624,788881408,0,0
1715733175.2033384,788881408,0,0
1715733176.2047136,788881408,600,600
1715733177.2060955,788881408,91025,91025
1715733178.2074692,788881408,0,0
1715733179.2088745,788881408,0,0
1715733180.210124,788881408,158,158
1715733181.210771,788881408,504,504
1715733182.212056,788881408,0,0
1715733183.2134256,788881408,0,0
1715733184.2145755,788881408,0,0
1715733185.2151115,788881408,0,0
1715733186.216388,788881408,496,496
1715733187.216852,788881408,0,0
1715733188.2180889,788881408,0,0
1715733189.2194743,788881408,0,0
1715733190.2206998,788881408,0,0
1715733191.222079,788881408,600,600
1715733192.223497,788881408,0,0
1715733193.224863,788881408,0,0
1715733194.2259278,788881408,355,355
1715733195.2272003,788881408,0,0
1715733196.2284756,788881408,502,502
1715733197.2297206,788881408,0,0
1715733198.230985,788881408,0,0
1715733199.2322574,911048704,31171009,31171009
1715733200.2336538,1005072384,281,281
1715733201.2339783,865587200,456,456
1715733202.2352808,854376448,0,0
1715733203.2366693,842031104,303,303
1715733204.238085,842948608,2432,2432
1715733205.2394795,856973312,41560405,41560405
1715733206.2408624,856973312,1246,1246
1715733207.2420928,856973312,1655,1655
1715733208.2434938,856973312,1509,1509
1715733209.2449005,856973312,1223,1223
1715733210.2460408,856973312,961,961
1715733211.247451,856973312,2281,2281
1715733212.2488108,856973312,1792,1792
1715733213.2500196,856973312,1500,1500
1715733214.2506037,856973312,1496,1496
1715733215.252019,856973312,1495,1495
1715733216.253306,856973312,2046,2046
1715733217.254094,856973312,1226,1226
1715733218.255512,856973312,1723,1723
1715733219.2567694,856973312,1462,1462
1715733220.2580874,856973312,1169,1169
1715733221.2595067,856973312,1867,1867
1715733222.2608056,856973312,1789,1789
1715733223.2619858,856973312,1234,1234
1715733224.2634237,856973312,20781801,20781801
1715733225.2648294,856973312,0,0
1715733226.2659578,856973312,512,512
1715733227.2672274,856973312,0,0
1715733228.2685928,856973312,0,0
1715733229.2698903,856973312,0,0
1715733230.2711678,856973312,0,0
1715733231.2723973,856973312,496,496
1715733232.2736812,856973312,0,0
1715733233.2740574,856973312,0,0
1715733234.275426,856973312,0,0
1715733235.2758896,856973312,0,0
1715733236.2771122,856973312,496,496
1715733237.2779734,856973312,0,0
1715733238.27859,856973312,0,0
1715733239.2797873,856973312,0,0
1715733240.281177,856973312,0,0
1715733241.282089,856973312,532,532
1715733242.2833517,856973312,0,0
1715733243.2848356,856973312,0,0
1715733244.2861185,856973312,0,0
1715733245.287459,856973312,0,0
1715733246.2886996,856973312,496,496
1715733247.2901084,856973312,0,0
1715733248.2915175,856973312,0,0
1715733249.2928154,856973312,0,0
1715733250.294077,856973312,0,0
1715733251.2954793,856973312,496,496
1715733252.2967522,856973312,31167253,31167253
1715733253.2980764,856973312,1399,1399
1715733254.2987504,856973312,308,308
1715733255.300069,856973312,152,152
1715733256.301372,856973312,505,505
1715733257.3020303,856973312,0,0
1715733258.3032901,856973312,0,0
1715733259.3045251,861429760,31168709,31168709
1715733260.305836,923308032,2600,2600
1715733261.3071275,886669312,680,680
1715733262.3084426,1135300608,1441,1441
1715733263.3097286,861319168,307,307
1715733264.3109424,874061824,926,926
1715733265.3122754,996749312,1291,1291
1715733266.3133547,886226944,1312,1312
1715733267.3175137,911994880,899,899
1715733268.3179562,861556736,1319,1319
1715733269.3192277,1010130944,682,682
1715733270.3205452,874049536,1541,1541
1715733271.321109,1024839680,457,457
1715733272.3219926,873971712,1825,1825
1715733273.323337,1325236224,281,281
1715733274.3245487,886558720,750,750
1715733275.325883,920031232,1206,1206
1715733276.3271754,861224960,507,507
1715733277.3284695,1053896704,2292,2292
1715733278.3297884,886939648,0,0
1715733279.3310583,886939648,1096,1096
1715733280.3324718,997908480,1021,1021
1715733281.3338678,861405184,864,864
1715733282.3351614,861405184,1918,1918
1715733283.3363202,1012375552,0,0
1715733284.3376071,886636544,1420,1420
1715733285.3379903,1289097216,1313,1313
1715733286.3392732,867749888,1293,1293
1715733287.3405688,867749888,935,935
1715733288.3418608,1018576896,734,734
1715733289.3431652,873885696,1330,1330
1715733290.3444698,873799680,739,739
1715733291.3457143,861429760,1474,1474
1715733292.347015,1041678336,752,752
1715733293.3475342,861294592,1029,1029
1715733294.3488514,873877504,1047,1047
1715733295.350034,1025040384,733,733
1715733296.3513,874033152,2056,2056
1715733297.3526037,1075081216,0,0
1715733298.3538392,861204480,1603,1603
1715733299.3552053,995332096,585,585
1715733300.356445,861220864,347,347
1715733301.3578105,861712384,10390896,10390896
1715733302.3592072,861712384,2552,2552
1715733303.3605242,861712384,20778861,20778861
1715733304.3618572,861712384,947,947
1715733305.3631654,861712384,622,622
1715733306.3645613,861712384,766,766
1715733307.365985,861712384,0,0
1715733308.367062,861712384,0,0
1715733309.3685572,861712384,0,0
1715733310.3699856,861712384,0,0
1715733311.3712318,861712384,496,496
1715733312.3724809,861712384,0,0
1715733313.373878,861712384,0,0
1715733314.375286,861712384,353,353
1715733315.3761752,861712384,0,0
1715733316.3776543,861712384,502,502
1715733317.3784919,861712384,0,0
1715733318.379652,861712384,0,0
1715733319.3809903,861712384,0,0
1715733320.382179,861712384,0,0
1715733321.3835883,861712384,496,496
1715733322.3848302,861712384,0,0
1715733323.3860908,861712384,351,351
1715733324.38749,861712384,0,0
1715733325.3887348,861712384,152,152
1715733326.3900702,861712384,500,500
1715733327.3914602,861712384,0,0
1715733328.3928502,861712384,0,0
1715733329.3932292,861712384,0,0
1715733330.3941355,861712384,0,0
1715733331.3954287,861712384,496,496
1715733332.396637,861712384,257,257
1715733333.3979545,861712384,31164790,31164790
1715733334.3992345,861712384,0,0
1715733335.400519,861712384,303,303
1715733336.4018264,861712384,502,502
1715733337.4023483,861712384,0,0
1715733338.4036381,861712384,0,0
