Timestamp,MemoryUsage,NetSent,NetRecv
1715730011.422792,512651264,0,0
1715730012.424212,520122368,33312,33312
1715730013.4257946,520122368,1368,1368
1715730014.4270232,520122368,0,0
1715730015.4285347,520122368,310,310
1715730016.42971,520122368,507,507
1715730017.4309783,520122368,0,0
1715730018.4323952,520122368,336,336
1715730019.4332116,520122368,158,158
1715730020.4340742,520122368,0,0
1715730021.4354584,520122368,925,925
1715730022.4367313,520122368,0,0
1715730023.437994,520122368,579,579
1715730024.4393585,520122368,0,0
1715730025.440671,520122368,155,155
1715730026.4421022,520122368,977,977
1715730027.4434779,520122368,0,0
1715730028.444118,520122368,630,630
1715730029.4454696,520122368,0,0
1715730030.4460342,520122368,155,155
1715730031.4473124,520122368,501,501
1715730032.4486108,520122368,0,0
1715730033.4494443,520122368,1192,1192
1715730034.4506435,1021095936,41565389,41565389
1715730035.452008,968839168,855,855
1715730036.4532733,931557376,1459,1459
1715730037.454275,759218176,1389,1389
1715730038.455653,746668032,1465,1465
1715730039.4562697,715386880,1547,1547
1715730040.457671,725856256,1968,1968
1715730041.458189,759398400,1856,1856
1715730042.4594352,715517952,1501,1501
1715730043.460669,759324672,1812,1812
1715730044.461952,725917696,1520,1520
1715730045.4632056,759549952,1220,1220
1715730046.464444,732430336,2663,2663
1715730047.4658058,794501120,2593,2593
1715730048.4672728,791003136,1383,1383
1715730049.4686615,759492608,2110,2110
1715730050.469473,784642048,1787,1787
1715730051.4700966,759508992,1926,1926
1715730052.4713259,791076864,1715,1715
1715730053.4726515,726544384,10392233,10392233
1715730054.4740252,726544384,10393576,10393576
1715730055.4752357,726544384,158,158
1715730056.476746,726544384,356,356
1715730057.4779172,726544384,0,0
1715730058.4792976,726544384,0,0
1715730059.4807088,726544384,0,0
1715730060.4821408,726544384,152,152
1715730061.4835382,726544384,344,344
1715730062.4847453,726544384,0,0
1715730063.4859667,726544384,0,0
1715730064.4873242,726544384,0,0
1715730065.4876254,726544384,152,152
1715730066.489083,726544384,344,344
1715730067.4897375,726544384,360,360
1715730068.4911244,726544384,0,0
1715730069.4923897,726544384,0,0
1715730070.4937887,726544384,304,304
1715730071.4951603,726544384,348,348
1715730072.4964046,726544384,0,0
1715730073.4978673,726544384,355,355
1715730074.4992566,726544384,0,0
1715730075.500471,726544384,303,303
1715730076.5017176,726544384,348,348
1715730077.5031745,726544384,0,0
1715730078.5044665,726544384,0,0
1715730079.5057907,726544384,0,0
1715730080.5070207,726544384,504,504
1715730081.5083184,726544384,402,402
1715730082.5093584,726544384,0,0
1715730083.509955,726544384,31171103,31171103
1715730084.5112257,726544384,1125,1125
1715730085.5125859,726544384,153,153
1715730086.5139422,726544384,408,408
1715730087.5152075,726544384,0,0
1715730088.516485,726544384,4315,4315
1715730089.5177243,726544384,31173372,31173372
1715730090.5191305,726544384,10401513,10401513
1715730091.5205448,726544384,1715,1715
1715730092.522073,726544384,2027,2027
1715730093.5234725,726544384,1691,1691
1715730094.5248835,726544384,1495,1495
1715730095.526198,726544384,1576,1576
1715730096.527603,726544384,2094,2094
1715730097.5288732,726544384,1542,1542
1715730098.5299354,726544384,1227,1227
1715730099.5312357,726544384,1877,1877
1715730100.5325084,726544384,2003,2003
1715730101.5338936,726544384,1663,1663
1715730102.5351694,726544384,1510,1510
1715730103.5364704,726544384,2081,2081
1715730104.537111,726544384,1441,1441
1715730105.5379834,726544384,1510,1510
1715730106.5393698,726544384,2300,2300
1715730107.5406556,726544384,1500,1500
1715730108.5419786,726544384,1227,1227
1715730109.5431826,726544384,20782509,20782509
1715730110.5445917,726544384,584,584
1715730111.5459976,726544384,208,208
1715730112.5472617,726544384,0,0
1715730113.5486317,726544384,0,0
1715730114.549888,726544384,0,0
1715730115.5510848,726544384,344,344
1715730116.5525064,726544384,152,152
1715730117.5537608,726544384,0,0
1715730118.5552902,726544384,0,0
1715730119.5557427,726544384,0,0
1715730120.5570455,726544384,344,344
1715730121.5580657,726544384,152,152
1715730122.5593147,726544384,0,0
1715730123.5607116,726544384,0,0
1715730124.5620747,726544384,0,0
1715730125.5633378,726544384,344,344
1715730126.5647469,726544384,152,152
1715730127.5661533,726544384,0,0
1715730128.5675423,726544384,0,0
1715730129.5684876,726544384,0,0
1715730130.5699701,726544384,152,152
1715730131.5704908,726544384,344,344
1715730132.5718052,726544384,0,0
1715730133.5730739,726544384,356,356
1715730134.5741055,726544384,0,0
1715730135.5753515,726544384,497,497
1715730136.576851,726544384,155,155
1715730137.5779047,726544384,0,0
1715730138.5790997,757739520,31164463,31164463
1715730139.582129,1017602048,3577,3577
1715730140.5833824,820822016,456,456
1715730141.5847278,942362624,301,301
1715730142.5860028,839639040,0,0
1715730143.5872176,827019264,0,0
1715730144.5885065,965922816,284,284
1715730145.5899532,791756800,1075,1075
1715730146.591283,791756800,41560682,41560682
1715730147.5926435,791756800,1316,1316
1715730148.5939293,791756800,1188,1188
1715730149.5952125,791756800,1471,1471
1715730150.596563,791756800,1822,1822
1715730151.597859,791756800,1680,1680
1715730152.5991402,791756800,1307,1307
1715730153.6004615,791756800,1780,1780
1715730154.601851,791756800,95686,95686
1715730155.6031406,791756800,1612,1612
1715730156.6044874,791756800,2246,2246
1715730157.6058981,791756800,1778,1778
1715730158.6071637,791756800,1769,1769
1715730159.6084275,791756800,913,913
1715730160.6097598,791756800,2172,2172
1715730161.611016,791756800,1232,1232
1715730162.6122992,791756800,2276,2276
1715730163.6135364,791756800,1534,1534
1715730164.613944,791756800,1231,1231
1715730165.6152837,791756800,10392363,10392363
1715730166.6165533,791756800,10392251,10392251
1715730167.6178265,791756800,0,0
1715730168.619096,791756800,306,306
1715730169.620331,791756800,0,0
1715730170.6215909,791756800,347,347
1715730171.622751,791756800,155,155
1715730172.6239996,791756800,0,0
1715730173.624807,791756800,0,0
1715730174.626106,791756800,0,0
1715730175.6273885,791756800,344,344
1715730176.6286159,791756800,152,152
1715730177.630017,791756800,0,0
1715730178.6314306,791756800,0,0
1715730179.6326396,791756800,0,0
1715730180.6340027,791756800,344,344
1715730181.6355438,791756800,152,152
1715730182.6368053,791756800,0,0
1715730183.6380842,791756800,0,0
1715730184.638961,791756800,0,0
1715730185.6399682,791756800,344,344
1715730186.6410854,791756800,152,152
1715730187.6424615,791756800,0,0
1715730188.6437323,791756800,0,0
1715730189.6449685,791756800,0,0
1715730190.645976,791756800,344,344
1715730191.6472354,791756800,152,152
1715730192.6484656,791756800,0,0
1715730193.6498375,791756800,355,355
1715730194.651092,791756800,0,0
1715730195.6523318,791756800,31174073,31174073
1715730196.6536026,791756800,1149,1149
1715730197.6540155,791756800,0,0
1715730198.6552844,791756800,304,304
1715730199.6565354,791756800,0,0
1715730200.6578372,791756800,703,703
1715730201.659275,791756800,558,558
1715730202.6606975,791756800,41554600,41554600
1715730203.6619473,791756800,992,992
1715730204.6632867,791756800,853,853
1715730205.6646397,791756800,1159,1159
1715730206.6658783,791756800,1273,1273
1715730207.6671107,791756800,956,956
1715730208.6684158,791756800,1486,1486
1715730209.6696641,791756800,1162,1162
1715730210.6699364,791756800,1816,1816
1715730211.6711915,791756800,1677,1677
1715730212.6724112,791756800,1257,1257
1715730213.6736681,791756800,1206,1206
1715730214.6740859,791756800,1034,1034
1715730215.6754682,791756800,1290,1290
1715730216.6767836,791756800,1150,1150
1715730217.6780427,791756800,1153,1153
1715730218.6794157,791756800,1913,1913
1715730219.6806877,791756800,1718,1718
1715730220.682007,791756800,2146,2146
1715730221.6833467,791756800,20781409,20781409
1715730222.6847425,791756800,268,268
1715730223.6859484,791756800,451,451
1715730224.6872904,791756800,0,0
1715730225.6886942,791756800,500,500
1715730226.6899538,791756800,155,155
1715730227.691414,791756800,0,0
1715730228.6929576,791756800,0,0
1715730229.6941018,791756800,0,0
1715730230.69547,791756800,344,344
1715730231.696888,791756800,152,152
1715730232.6980917,791756800,0,0
1715730233.6993606,791756800,0,0
1715730234.7007563,791756800,0,0
1715730235.7020447,791756800,344,344
1715730236.703314,791756800,152,152
1715730237.7046187,791756800,0,0
1715730238.7060413,791756800,0,0
1715730239.7073133,791756800,0,0
1715730240.7087045,791756800,344,344
1715730241.71006,791756800,152,152
1715730242.711364,791756800,0,0
1715730243.7126167,791756800,0,0
1715730244.7137363,791756800,190,190
1715730245.715213,791756800,344,344
1715730246.7166128,791756800,152,152
1715730247.7180653,791756800,0,0
1715730248.7194679,791756800,0,0
1715730249.7208648,791756800,0,0
1715730250.7218997,799490048,31165376,31165376
1715730251.7233028,856924160,155,155
1715730252.7243123,807276544,0,0
1715730253.7257051,951267328,503,503
1715730254.7269285,817004544,0,0
1715730255.7281983,817115136,496,496
1715730256.7294254,766722048,1465,1465
1715730257.733959,766722048,31173482,31173482
1715730258.7352164,766722048,0,0
1715730259.736193,766722048,1660,1660
1715730260.7374527,766722048,1214,1214
1715730261.737963,766722048,1519,1519
1715730262.73933,766722048,1380,1380
1715730263.740546,766722048,0,0
1715730264.741837,766722048,2203,2203
1715730265.7431102,766722048,355,355
1715730266.744349,766722048,1567,1567
1715730267.745617,766722048,556,556
1715730268.7460027,766722048,335,335
1715730269.7473342,766722048,1597,1597
1715730270.7486887,766722048,352,352
1715730271.7499526,766722048,2408,2408
1715730272.7513518,766722048,0,0
1715730273.7525876,766722048,1640,1640
1715730274.7538714,766722048,565,565
1715730275.755105,766722048,1332,1332
1715730276.7563953,766722048,1446,1446
1715730277.757679,766722048,0,0
1715730278.758025,766722048,1815,1815
1715730279.7589006,766722048,561,561
1715730280.759366,766722048,1600,1600
1715730281.7601616,766722048,1497,1497
1715730282.7616389,766722048,179,179
1715730283.7625306,766722048,2337,2337
1715730284.7638202,766722048,0,0
1715730285.7650456,766722048,2019,2019
1715730286.7659798,766722048,1198,1198
1715730287.766573,766722048,991,991
1715730288.7672493,766722048,1278,1278
1715730289.7685273,766722048,0,0
1715730290.7698843,766722048,2018,2018
1715730291.7712677,766722048,155,155
1715730292.7725186,766722048,1099,1099
1715730293.7738066,766722048,1120,1120
1715730294.7749255,766722048,178,178
1715730295.7761798,766722048,2597,2597
1715730296.7774613,766722048,335,335
1715730297.7787766,766722048,1324,1324
1715730298.7796211,766722048,955,955
1715730299.7808318,766722048,935,935
1715730300.7819462,766722048,20779824,20779824
1715730301.7825708,766722048,10390203,10390203
1715730302.7838445,766722048,0,0
1715730303.7850986,766722048,305,305
1715730304.786113,766722048,0,0
1715730305.7875369,766722048,347,347
1715730306.7889462,766722048,155,155
1715730307.7900455,766722048,0,0
1715730308.790623,766722048,0,0
1715730309.792037,766722048,0,0
1715730310.7933192,766722048,344,344
1715730311.793948,766722048,152,152
1715730312.7946134,766722048,0,0
1715730313.7958229,766722048,355,355
1715730314.797114,766722048,1837,1837
1715730315.7979126,766722048,13895,13895
1715730316.799162,766722048,5270,5270
1715730317.8006046,766722048,3995,3995
1715730318.8019974,766722048,2220,2220
1715730319.8028848,766722048,5409,5409
1715730320.804134,766722048,2991,2991
1715730321.8053732,766722048,9856,9856
1715730322.8066142,766722048,7450,7450
1715730323.8081377,766722048,640,640
1715730324.8095562,766722048,1858,1858
1715730325.8099518,766722048,2542,2542
1715730326.8112147,766722048,157,157
1715730327.8126464,766722048,1371,1371
1715730328.8140585,766722048,4276,4276
1715730329.815308,766722048,2846,2846
1715730330.8160212,776552448,31165957,31165957
1715730331.81744,930488320,209,209
1715730332.8180542,819855360,153,153
1715730333.819441,847360000,729,729
1715730334.820036,866131968,714,714
1715730335.8214302,1026138112,5244,5244
1715730336.82217,817147904,915,915
