Timestamp,MemoryUsage,NetSent,NetRecv
1715734624.2242837,541556736,0,0
1715734625.2255294,548634624,5097,5097
1715734626.225915,548634624,1193,1193
1715734627.2273188,548634624,2340,2340
1715734628.2286892,548634624,276,276
1715734629.2300596,548634624,772,772
1715734630.2312517,548634624,4411,4411
1715734631.2326493,548634624,6893,6893
1715734632.233247,548634624,1380,1380
1715734633.2340612,548634624,4087,4087
1715734634.2355692,548634624,491,491
1715734635.2370696,548634624,0,0
1715734636.2379296,548634624,411,411
1715734637.239206,548634624,547,547
1715734638.2404556,548634624,4943,4943
1715734639.2417457,548634624,4713,4713
1715734640.2430863,548634624,919,919
1715734641.2444642,548634624,360,360
1715734642.2455869,548634624,157,157
1715734643.246542,548634624,0,0
1715734644.2479312,548634624,887,887
1715734645.249163,548634624,0,0
1715734646.2499044,548634624,51950254,51950254
1715734647.2511425,548634624,2901,2901
1715734648.2524347,548634624,775,775
1715734649.2538614,548634624,955,955
1715734650.2550342,548634624,560,560
1715734651.2561,548634624,1398,1398
1715734652.257421,548634624,716,716
1715734653.2580621,548634624,1546,1546
1715734654.2593856,548634624,512,512
1715734655.2607958,548634624,1255,1255
1715734656.2620454,548634624,2099,2099
1715734657.2633388,548634624,1125,1125
1715734658.264631,548634624,1352,1352
1715734659.2660258,548634624,10392661,10392661
1715734660.2672865,548634624,593,593
1715734661.2686794,548634624,707,707
1715734662.2702668,548634624,156,156
1715734663.2716498,548634624,0,0
1715734664.2729528,548634624,503,503
1715734665.2739859,548634624,0,0
1715734666.2753854,548634624,349,349
1715734667.2766643,548634624,155,155
1715734668.2780557,548634624,0,0
1715734669.2792926,548634624,0,0
1715734670.2806735,548634624,0,0
1715734671.281989,548634624,448,448
1715734672.2833889,548634624,152,152
1715734673.2846684,548634624,0,0
1715734674.2859278,548634624,0,0
1715734675.2874794,548634624,0,0
1715734676.2883317,548634624,344,344
1715734677.2897305,548634624,152,152
1715734678.290631,548634624,0,0
1715734679.291914,548634624,0,0
1715734680.293302,548634624,0,0
1715734681.294402,548634624,344,344
1715734682.295661,548634624,152,152
1715734683.2969434,548634624,286,286
1715734684.2982388,548634624,0,0
1715734685.299604,548634624,151,151
1715734686.3008566,548634624,345,345
1715734687.3019211,548634624,31168653,31168653
1715734688.30333,548634624,1446,1446
1715734689.3046227,548634624,0,0
1715734690.3082411,548634624,305,305
1715734691.3095243,548634624,347,347
1715734692.3100379,548634624,480,480
1715734693.311267,548634624,1009,1009
1715734694.3126512,548634624,41560701,41560701
1715734695.313973,548634624,1896,1896
1715734696.315392,548634624,1857,1857
1715734697.316706,548634624,1609,1609
1715734698.3179846,548634624,1447,1447
1715734699.319353,548634624,1182,1182
1715734700.320644,548634624,608,608
1715734701.3212543,548634624,1956,1956
1715734702.3220499,548634624,769,769
1715734703.3230546,548634624,437,437
1715734704.3243015,548634624,547,547
1715734705.3251708,548634624,695,695
1715734706.326556,548634624,2138,2138
1715734707.3278377,548634624,94179,94179
1715734708.3290958,548634624,354,354
1715734709.3303456,548634624,510,510
1715734710.3316185,548634624,363,363
1715734711.332876,548634624,2125,2125
1715734712.3339453,548634624,525,525
1715734713.3352103,548634624,20778110,20778110
1715734714.336619,548634624,0,0
1715734715.337857,548634624,0,0
1715734716.339265,548634624,499,499
1715734717.340838,548634624,1490,1490
1715734718.342098,548634624,0,0
1715734719.342423,548634624,303,303
1715734720.343689,548634624,0,0
1715734721.3449037,548634624,857,857
1715734722.3460855,548634624,0,0
1715734723.3472347,548634624,0,0
1715734724.3477814,548634624,506,506
1715734725.3491547,548634624,686,686
1715734726.350079,548634624,859,859
1715734727.3508794,548634624,0,0
1715734728.3512707,548634624,151,151
1715734729.3525372,548634624,0,0
1715734730.353923,548634624,0,0
1715734731.3550096,548634624,497,497
1715734732.356407,548634624,0,0
1715734733.3577607,548634624,0,0
1715734734.3590217,548634624,0,0
1715734735.3602135,548634624,0,0
1715734736.36105,548634624,496,496
1715734737.362039,548634624,3449,3449
1715734738.3634396,548634624,0,0
1715734739.3647323,548634624,152,152
1715734740.3659205,548634624,0,0
1715734741.3671496,548634624,31166046,31166046
1715734742.3684318,548634624,1552,1552
1715734743.3696644,548634624,0,0
1715734744.3700871,548634624,151,151
1715734745.3706403,548634624,151,151
1715734746.371877,548634624,502,502
1715734747.3729672,548634624,0,0
1715734748.3739502,548634624,31168227,31168227
1715734749.3752458,548634624,3060,3060
1715734750.3765285,548634624,0,0
1715734751.3778117,548634624,2242,2242
1715734752.3791063,548634624,564,564
1715734753.3803523,548634624,517,517
1715734754.3860886,548634624,623,623
1715734755.387482,548634624,0,0
1715734756.3887799,548634624,2461,2461
1715734757.3899899,548634624,278,278
1715734758.3913147,548634624,1509,1509
1715734759.392628,548634624,726,726
1715734760.3939252,548634624,353,353
1715734761.3953862,548634624,1156,1156
1715734762.396653,548634624,932,932
1715734763.398015,548634624,1311,1311
1715734764.3992934,548634624,0,0
1715734765.4005508,548634624,1696,1696
1715734766.4019141,548634624,1240,1240
1715734767.4032528,548634624,782,782
1715734768.403639,548634624,1232,1232
1715734769.4049253,548634624,280,280
1715734770.4059374,548634624,1227,1227
1715734771.4072244,548634624,1418,1418
1715734772.4085062,548634624,166,166
1715734773.4097767,548634624,1185,1185
1715734774.411054,548634624,177,177
1715734775.41242,548634624,1503,1503
1715734776.4136841,548634624,1326,1326
1715734777.4139285,548634624,737,737
1715734778.4151893,548634624,1513,1513
1715734779.4164944,548634624,563,563
1715734780.4176738,548634624,909,909
1715734781.4179323,548634624,1314,1314
1715734782.419327,548634624,734,734
1715734783.4206102,548634624,346,346
1715734784.4219787,548634624,824,824
1715734785.4226604,548634624,748,748
1715734786.4240756,548634624,2061,2061
1715734787.4250705,548634624,0,0
1715734788.4259343,548634624,2233,2233
1715734789.4273586,548634624,0,0
1715734790.4285805,548634624,169,169
1715734791.4299026,548634624,1147,1147
1715734792.4311864,548634624,603,603
1715734793.4324217,548634624,1337,1337
1715734794.433744,548634624,10388758,10388758
1715734795.4345555,548634624,20782320,20782320
1715734796.435895,548634624,1399,1399
1715734797.4373412,548634624,0,0
1715734798.438686,548634624,152,152
1715734799.4391725,548634624,0,0
1715734800.4406152,548634624,0,0
1715734801.4412842,548634624,500,500
1715734802.4419515,548634624,0,0
1715734803.4434354,548634624,0,0
1715734804.4448423,548634624,0,0
1715734805.4460974,548634624,0,0
1715734806.4473736,548634624,496,496
1715734807.4488084,548634624,0,0
1715734808.4501054,548634624,0,0
1715734809.4514,548634624,0,0
1715734810.4526892,548634624,0,0
1715734811.4541984,548634624,496,496
1715734812.4555533,548634624,0,0
1715734813.4567957,548634624,0,0
1715734814.4580727,548634624,0,0
1715734815.4591703,548634624,0,0
1715734816.4604287,548634624,496,496
1715734817.4617176,548634624,0,0
1715734818.4628997,548634624,0,0
1715734819.4638016,548634624,0,0
1715734820.4650369,548634624,0,0
1715734821.4660268,548634624,496,496
1715734822.4674199,548634624,0,0
1715734823.4687557,548634624,0,0
1715734824.4699187,548634624,31166815,31166815
1715734825.471193,548634624,1631,1631
1715734826.472047,548634624,506,506
1715734827.4734387,548634624,0,0
1715734828.4739895,548634624,0,0
1715734829.4751537,548634624,0,0
1715734830.4764307,548634624,0,0
1715734831.4776351,548634624,51948607,51948607
1715734832.478078,548634624,1718,1718
1715734833.4793572,548634624,1271,1271
1715734834.480852,548634624,1930,1930
1715734835.4820707,548634624,1058,1058
1715734836.4834194,548634624,2061,2061
1715734837.4849877,548634624,1033,1033
1715734838.4860883,548634624,1426,1426
1715734839.4874372,548634624,1394,1394
1715734840.4884758,548634624,347,347
1715734841.4900813,548634624,1709,1709
1715734842.4914691,548634624,929,929
1715734843.492863,548634624,748,748
1715734844.4939811,548634624,10391746,10391746
1715734845.495356,548634624,0,0
1715734846.4966235,548634624,508,508
1715734847.4979246,548634624,0,0
1715734848.4993198,548634624,0,0
1715734849.5008228,548634624,0,0
1715734850.5020897,548634624,0,0
1715734851.503357,548634624,496,496
1715734852.5046544,548634624,0,0
1715734853.5059543,548634624,0,0
1715734854.5074894,548634624,0,0
1715734855.5087352,548634624,0,0
1715734856.5099244,548634624,496,496
1715734857.5112383,548634624,0,0
1715734858.5126517,548634624,0,0
1715734859.5139349,548634624,0,0
1715734860.5151763,548634624,0,0
1715734861.5164115,548634624,496,496
1715734862.5177681,548634624,0,0
1715734863.5190802,548634624,0,0
1715734864.520311,548634624,0,0
1715734865.5215495,548634624,0,0
1715734866.5228045,548634624,600,600
1715734867.5237901,548634624,0,0
1715734868.5248487,548634624,0,0
1715734869.525903,548634624,0,0
1715734870.5267937,548634624,0,0
1715734871.5282521,548634624,600,600
1715734872.529483,548634624,31166605,31166605
1715734873.5300233,548634624,581,581
1715734874.5313358,548634624,0,0
1715734875.5325916,548634624,304,304
1715734876.5338595,548634624,502,502
1715734877.5351403,548634624,0,0
1715734878.5363777,548634624,0,0
1715734879.5376272,548634624,31167590,31167590
1715734880.5388122,548634624,0,0
1715734881.5400598,548634624,841,841
1715734882.5413845,548634624,823,823
1715734883.54197,548634624,170,170
1715734884.5433142,548634624,2513,2513
1715734885.5440724,548634624,147,147
1715734886.5453234,548634624,700,700
1715734887.546095,548634624,1904,1904
1715734888.547553,548634624,0,0
1715734889.5488267,548634624,2184,2184
1715734890.5500863,548634624,0,0
1715734891.5513585,548634624,1452,1452
1715734892.5525894,548634624,1284,1284
1715734893.5539756,548634624,0,0
1715734894.5553393,548634624,2146,2146
1715734895.5565832,548634624,249,249
1715734896.5579612,548634624,477,477
1715734897.5591922,548634624,1962,1962
1715734898.5606127,548634624,0,0
1715734899.5618472,548634624,1833,1833
1715734900.5630555,548634624,0,0
1715734901.5642858,548634624,1298,1298
1715734902.5649505,548634624,1353,1353
1715734903.5660012,548634624,632,632
1715734904.5672526,548634624,746,746
1715734905.5685196,548634624,307,307
1715734906.5698042,548634624,1170,1170
1715734907.5710323,548634624,1469,1469
1715734908.5722663,548634624,739,739
1715734909.5735626,548634624,1320,1320
1715734910.5739374,548634624,739,739
1715734911.574987,548634624,1491,1491
1715734912.57634,548634624,1465,1465
1715734913.577575,548634624,0,0
1715734914.5779116,548634624,1664,1664
1715734915.581867,548634624,566,566
1715734916.5831556,548634624,637,637
1715734917.584469,548634624,1500,1500
1715734918.5858896,548634624,568,568
1715734919.5871077,548634624,1661,1661
1715734920.588415,548634624,565,565
1715734921.5897064,548634624,633,633
1715734922.591084,548634624,332,332
1715734923.5924215,548634624,1018,1018
1715734924.596017,548634624,936,936
1715734925.5972135,548634624,31172463,31172463
1715734926.597989,548634624,1512,1512
1715734927.5992308,548634624,0,0
1715734928.600575,548634624,151,151
1715734929.6013968,548634624,152,152
1715734930.6020606,548634624,194,194
1715734931.6032734,548634624,304,304
1715734932.6040208,548634624,0,0
1715734933.6053088,548634624,0,0
1715734934.6060376,548634624,0,0
1715734935.6072588,548634624,192,192
1715734936.6081624,548634624,304,304
1715734937.6095235,548634624,0,0
1715734938.610079,548634624,0,0
1715734939.6113293,548634624,0,0
1715734940.6127257,548634624,0,0
1715734941.6140056,548634624,496,496
1715734942.6152904,548634624,0,0
1715734943.6165123,548634624,0,0
1715734944.6179261,548634624,0,0
1715734945.6191661,548634624,296,296
1715734946.620557,548634624,304,304
1715734947.621936,548634624,0,0
1715734948.6231787,548634624,0,0
1715734949.6244788,548634624,0,0
1715734950.6256719,548634624,192,192
1715734951.626084,548634624,304,304
1715734952.6272964,548634624,0,0
1715734953.6276867,548634624,0,0
1715734954.6289215,548634624,31166541,31166541
1715734955.6300092,548634624,1591,1591
1715734956.631261,548634624,312,312
1715734957.6327143,548634624,0,0
1715734958.633923,548634624,449,449
1715734959.6352456,548634624,0,0
1715734960.6364799,548634624,192,192
