Timestamp,MemoryUsage,NetSent,NetRecv
1715729257.0034473,512344064,0,0
1715729258.0048795,520077312,27591,27591
1715729259.006223,520077312,158,158
1715729260.0075777,520077312,4432,4432
1715729261.0088115,520077312,4046,4046
1715729262.0101392,520077312,4641,4641
1715729263.0105748,520077312,2269,2269
1715729264.0119548,520077312,2405,2405
1715729265.013057,520077312,842,842
1715729266.0138896,520077312,1752,1752
1715729267.015127,520077312,0,0
1715729268.0163732,520077312,0,0
1715729269.0172467,520077312,0,0
1715729270.0180786,520077312,14770,14770
1715729271.0192683,520077312,6486,6486
1715729272.020672,520077312,3856,3856
1715729273.0219023,520077312,2982,2982
1715729274.0223336,520077312,1934,1934
1715729275.0237024,520077312,2481,2481
1715729276.024902,520077312,1661,1661
1715729277.0260205,520077312,4228,4228
1715729278.027392,520077312,1186,1186
1715729279.0286078,520077312,0,0
1715729280.0340757,579317760,31173983,31173983
1715729281.0354564,932724736,11618,11618
1715729282.036798,708730880,8236,8236
1715729283.0379465,721838080,2693,2693
1715729284.0392256,817995776,3587,3587
1715729285.040544,715567104,4389,4389
1715729286.0419455,845488128,4060,4060
1715729287.043193,770125824,11545,11545
1715729288.0444179,782344192,15323,15323
1715729289.0457025,1002819584,2894,2894
1715729290.0470111,755654656,2220,2220
1715729291.0482907,753274880,3410,3410
1715729292.0486474,858345472,3182,3182
1715729293.0498905,791461888,3119,3119
1715729294.0511472,867430400,2999,2999
1715729295.0523667,737775616,3589,3589
1715729296.0537736,1141751808,5091,5091
1715729297.0550861,769998848,3693,3693
1715729298.0564902,849580032,4871,4871
1715729299.0578473,928555008,2792,2792
1715729300.059241,894533632,2144,2144
1715729301.0605066,772014080,792,792
1715729302.0617735,733859840,342,342
1715729303.0630412,1015533568,7957,7957
1715729304.0644922,773844992,4539,4539
1715729305.0658798,864718848,5358,5358
1715729306.0670335,812867584,7681,7681
1715729307.0682316,735551488,5803,5803
1715729308.0692396,836898816,3624,3624
1715729309.0699263,782340096,2747,2747
1715729310.0712075,824479744,1632,1632
1715729311.0724611,730075136,693,693
1715729312.073727,957046784,2135,2135
1715729313.0750039,757477376,0,0
1715729314.0755036,893546496,1418,1418
1715729315.076917,835039232,741,741
1715729316.0779555,780173312,1792,1792
1715729317.0792315,938631168,3810,3810
1715729318.0805755,769634304,7174,7174
1715729319.0818071,788480000,3690,3690
1715729320.0830884,888725504,1060,1060
1715729321.0843198,760340480,3744,3744
1715729322.0848558,735449088,6361,6361
1715729323.0859332,856821760,20780310,20780310
1715729324.0873406,738238464,10394255,10394255
1715729325.0876355,738238464,0,0
1715729326.0890558,738238464,516,516
1715729327.0901673,738238464,0,0
1715729328.0912724,738238464,0,0
1715729329.0926826,738238464,0,0
1715729330.093909,738238464,0,0
1715729331.0953176,738238464,1713,1713
1715729332.0966775,738238464,184,184
1715729333.0973773,738238464,641,641
1715729334.09791,738238464,152,152
1715729335.09927,738238464,0,0
1715729336.1006231,738238464,500,500
1715729337.101995,738238464,0,0
1715729338.1033943,738238464,0,0
1715729339.1043005,738238464,0,0
1715729340.1055634,738238464,0,0
1715729341.1061354,738238464,496,496
1715729342.1073985,738238464,0,0
1715729343.108845,738238464,0,0
1715729344.110035,738238464,0,0
1715729345.1114151,738238464,0,0
1715729346.112765,738238464,496,496
1715729347.114045,738238464,0,0
1715729348.115033,738238464,0,0
1715729349.1164184,738238464,0,0
1715729350.1177065,738238464,0,0
1715729351.1187546,738238464,496,496
1715729352.119991,738238464,274,274
1715729353.1213531,738238464,31170389,31170389
1715729354.1220627,738238464,0,0
1715729355.1233664,738238464,305,305
1715729356.1246974,738238464,502,502
1715729357.125993,738238464,0,0
1715729358.127321,738238464,0,0
1715729359.1285634,738238464,31168650,31168650
1715729360.129968,738238464,5249,5249
1715729361.1312547,738238464,513,513
1715729362.1325274,738238464,2006,2006
1715729363.1338425,738238464,275,275
1715729364.1351075,738238464,783,783
1715729365.1363606,738238464,1442,1442
1715729366.137675,738238464,703,703
1715729367.137936,738238464,1817,1817
1715729368.139213,738238464,0,0
1715729369.140544,738238464,1112,1112
1715729370.1419122,738238464,653,653
1715729371.1431851,738238464,1413,1413
1715729372.1439655,738238464,1093,1093
1715729373.1452217,738238464,779,779
1715729374.1460288,738238464,896,896
1715729375.1473644,738238464,1341,1341
1715729376.1487184,738238464,1299,1299
1715729377.149935,738238464,735,735
1715729378.1512196,738238464,781,781
1715729379.1525223,738238464,1469,1469
1715729380.1537464,738238464,1365,1365
1715729381.1549644,738238464,2533,2533
1715729382.156311,738238464,0,0
1715729383.1575274,738238464,1421,1421
1715729384.1579196,738238464,1122,1122
1715729385.1627984,738238464,783,783
1715729386.1640556,738238464,1967,1967
1715729387.1652894,738238464,0,0
1715729388.1660173,738238464,1812,1812
1715729389.1674173,738238464,0,0
1715729390.1685982,738238464,1404,1404
1715729391.1716366,738238464,1299,1299
1715729392.1730776,738238464,1001,1001
1715729393.1740537,738238464,1279,1279
1715729394.175422,738238464,0,0
1715729395.1767035,738238464,1629,1629
1715729396.1779778,738238464,508,508
1715729397.1793485,738238464,2307,2307
1715729398.1805422,738238464,0,0
1715729399.1817818,738238464,1033,1033
1715729400.1831217,738238464,1579,1579
1715729401.1844482,738238464,699,699
1715729402.1857994,738238464,10393009,10393009
1715729403.1868076,738238464,20781060,20781060
1715729404.1870365,738238464,0,0
1715729405.188289,738238464,152,152
1715729406.1898193,738238464,655,655
1715729407.1911004,738238464,0,0
1715729408.192397,738238464,0,0
1715729409.1937828,738238464,0,0
1715729410.195146,738238464,0,0
1715729411.195543,738238464,496,496
1715729412.1967733,738238464,0,0
1715729413.197963,738238464,355,355
1715729414.199287,738238464,0,0
1715729415.200572,738238464,151,151
1715729416.201893,738238464,500,500
1715729417.2033176,738238464,0,0
1715729418.2047086,738238464,0,0
1715729419.2058976,738238464,0,0
1715729420.207414,738238464,349,349
1715729421.2086751,738238464,502,502
1715729422.2099576,738238464,0,0
1715729423.21144,738238464,0,0
1715729424.2120047,738238464,335,335
1715729425.2133734,738238464,0,0
1715729426.2138975,738238464,502,502
1715729427.214398,738238464,0,0
1715729428.21573,738238464,0,0
1715729429.2170913,738238464,0,0
1715729430.2179337,738238464,0,0
1715729431.2193081,738238464,496,496
1715729432.2206876,927354880,31167928,31167928
1715729433.2219436,789897216,0,0
1715729434.2231715,783515648,151,151
1715729435.2240753,853155840,151,151
1715729436.2253997,977534976,502,502
1715729437.2264154,777113600,0,0
1715729438.2276278,784568320,31164042,31164042
1715729439.2290056,784568320,3393,3393
1715729440.229995,784568320,303,303
1715729441.2305503,784568320,2515,2515
1715729442.2318153,784568320,614,614
1715729443.2330365,784568320,1216,1216
1715729444.2340157,784568320,1289,1289
1715729445.2353272,784568320,0,0
1715729446.2365901,784568320,2551,2551
1715729447.2378616,784568320,0,0
1715729448.239064,784568320,1639,1639
1715729449.240319,784568320,561,561
1715729450.2415302,784568320,475,475
1715729451.2419474,784568320,2240,2240
1715729452.243384,784568320,171,171
1715729453.2439833,784568320,1768,1768
1715729454.245246,784568320,278,278
1715729455.2459204,784568320,937,937
1715729456.247172,784568320,1850,1850
1715729457.2484126,784568320,761,761
1715729458.2496316,784568320,908,908
1715729459.2498937,784568320,1323,1323
1715729460.2509186,784568320,0,0
1715729461.2521737,784568320,2915,2915
1715729462.253412,784568320,158,158
1715729463.2539313,784568320,343,343
1715729464.255192,784568320,1899,1899
1715729465.2565374,784568320,0,0
1715729466.2578125,784568320,2748,2748
1715729467.2590697,784568320,1366,1366
1715729468.260343,784568320,1714,1714
1715729469.2616606,784568320,1328,1328
1715729470.2620163,784568320,0,0
1715729471.263417,784568320,2518,2518
1715729472.2646751,784568320,0,0
1715729473.2659552,784568320,2478,2478
1715729474.2672255,784568320,0,0
1715729475.268467,784568320,1221,1221
1715729476.2697973,784568320,1538,1538
1715729477.2710497,784568320,173,173
1715729478.2715194,784568320,2085,2085
1715729479.272816,784568320,0,0
1715729480.2767687,784568320,1772,1772
1715729481.2779617,784568320,10390833,10390833
1715729482.2791545,784568320,20779898,20779898
1715729483.280451,784568320,1926,1926
1715729484.2816832,784568320,0,0
1715729485.2820382,784568320,305,305
1715729486.283377,784568320,507,507
1715729487.2842026,784568320,0,0
1715729488.2854345,784568320,0,0
1715729489.2859418,784568320,0,0
1715729490.287402,784568320,0,0
1715729491.2887936,784568320,496,496
1715729492.2900004,784568320,0,0
1715729493.2913697,784568320,0,0
1715729494.2927284,784568320,0,0
1715729495.294044,784568320,0,0
1715729496.2952619,784568320,600,600
1715729497.29651,784568320,0,0
1715729498.2977269,784568320,0,0
1715729499.298938,784568320,0,0
1715729500.3003645,784568320,355,355
1715729501.3016806,784568320,502,502
1715729502.3019013,784568320,0,0
1715729503.3031332,784568320,654,654
1715729504.3043365,784568320,0,0
1715729505.3046803,784568320,0,0
1715729506.3060682,784568320,651,651
1715729507.3068626,784568320,0,0
1715729508.3080165,784568320,0,0
1715729509.3093967,784568320,0,0
1715729510.3099856,784568320,0,0
1715729511.311352,784568320,496,496
1715729512.3119962,784568320,31170564,31170564
1715729513.3132904,784568320,1378,1378
1715729514.3139167,784568320,0,0
1715729515.315313,784568320,303,303
1715729516.3165417,784568320,502,502
1715729517.317991,784568320,0,0
1715729518.319188,784568320,1333,1333
1715729519.3204436,784568320,31171171,31171171
1715729520.321753,784568320,52,52
1715729521.322971,784568320,1589,1589
1715729522.324219,784568320,1327,1327
1715729523.325132,784568320,163,163
1715729524.3259723,784568320,1480,1480
1715729525.326574,784568320,566,566
1715729526.3279665,784568320,2047,2047
1715729527.3294795,784568320,729,729
1715729528.3299956,784568320,756,756
1715729529.3312256,784568320,902,902
1715729530.3325946,784568320,1042,1042
1715729531.3339674,784568320,955,955
1715729532.335221,784568320,1697,1697
1715729533.3364754,784568320,589,589
1715729534.3377635,784568320,916,916
1715729535.3390622,784568320,1325,1325
1715729536.3403466,784568320,507,507
1715729537.341773,784568320,2303,2303
1715729538.3430336,784568320,0,0
1715729539.3442845,784568320,1678,1678
1715729540.3455982,784568320,1402,1402
1715729541.34621,784568320,1127,1127
1715729542.3474913,784568320,1486,1486
1715729543.3487487,784568320,0,0
1715729544.3499107,784568320,1403,1403
1715729545.350411,784568320,567,567
1715729546.3516324,784568320,692,692
1715729547.3529358,784568320,2109,2109
1715729548.3540359,784568320,0,0
1715729549.3552427,784568320,2253,2253
1715729550.3564773,784568320,0,0
1715729551.3577514,784568320,92574,92574
1715729552.359048,784568320,1258,1258
1715729553.3602753,784568320,0,0
1715729554.3615322,784568320,1704,1704
1715729555.362002,784568320,567,567
1715729556.36323,784568320,1981,1981
1715729557.3645551,784568320,846,846
1715729558.36583,784568320,747,747
1715729559.367223,784568320,1522,1522
1715729560.3685243,784568320,304,304
1715729561.3698447,784568320,1679,1679
1715729562.371195,784568320,10390758,10390758
1715729563.3724031,784568320,20780236,20780236
1715729564.3737562,784568320,279,279
1715729565.3750827,784568320,152,152
1715729566.3762794,784568320,511,511
1715729567.3775024,784568320,0,0
1715729568.3783212,784568320,0,0
1715729569.37952,784568320,216,216
1715729570.380806,784568320,0,0
1715729571.3816664,784568320,496,496
1715729572.3828816,784568320,0,0
1715729573.3842845,784568320,0,0
1715729574.3854778,784568320,0,0
1715729575.3859482,784568320,0,0
1715729576.386866,784568320,496,496
1715729577.3881896,784568320,0,0
1715729578.3893743,784568320,0,0
1715729579.3900027,784568320,0,0
1715729580.3911984,784568320,0,0
1715729581.3924117,784568320,496,496
1715729582.393241,784568320,0,0
1715729583.3945818,784568320,0,0
1715729584.395769,784568320,0,0
1715729585.3971825,784568320,0,0
1715729586.3980255,784568320,496,496
1715729587.3992486,784568320,0,0
1715729588.4006157,784568320,0,0
1715729589.4019744,784568320,0,0
1715729590.4033415,784568320,0,0
1715729591.4045525,784568320,496,496
1715729592.4059517,784568320,0,0
1715729593.4099452,784568320,31169391,31169391
1715729594.4111462,784568320,0,0
1715729595.4116719,784568320,152,152
1715729596.4129343,784568320,505,505
1715729597.413969,784568320,0,0
1715729598.4152424,784568320,0,0
1715729599.4164417,784568320,31166591,31166591
1715729600.417711,784568320,10393925,10393925
1715729601.4190578,784568320,2336,2336
1715729602.4203086,784568320,1454,1454
1715729603.4215949,784568320,960,960
1715729604.421968,784568320,1609,1609
1715729605.423218,784568320,1671,1671
1715729606.4245062,784568320,1913,1913
1715729607.4258468,784568320,1510,1510
1715729608.4272382,784568320,1504,1504
1715729609.428669,784568320,1500,1500
1715729610.4300187,784568320,1653,1653
1715729611.4314306,784568320,1244,1244
1715729612.4327822,784568320,1508,1508
1715729613.4339163,784568320,1496,1496
1715729614.4351451,784568320,1933,1933
1715729615.4363785,784568320,1708,1708
1715729616.436745,784568320,1743,1743
1715729617.4380977,784568320,1505,1505
1715729618.4394243,784568320,10390132,10390132
1715729619.4406993,784568320,10393237,10393237
1715729620.4419215,784568320,645,645
1715729621.4433148,784568320,354,354
1715729622.4447384,784568320,0,0
1715729623.4460964,784568320,352,352
1715729624.4472878,784568320,0,0
1715729625.4486647,784568320,304,304
1715729626.450024,784568320,348,348
1715729627.451226,784568320,0,0
1715729628.4525886,784568320,0,0
1715729629.4539542,784568320,0,0
1715729630.4553046,784568320,152,152
1715729631.4565096,784568320,344,344
1715729632.4578302,784568320,0,0
1715729633.459248,784568320,0,0
1715729634.460602,784568320,0,0
1715729635.4620357,784568320,152,152
1715729636.4634094,784568320,344,344
1715729637.4642808,784568320,0,0
1715729638.4645,784568320,0,0
1715729639.4658604,784568320,0,0
1715729640.4670827,784568320,152,152
1715729641.46844,784568320,344,344
1715729642.4699109,784568320,0,0
1715729643.4713316,784568320,0,0
1715729644.4722404,784568320,0,0
1715729645.4734302,784568320,152,152
1715729646.4741693,784568320,344,344
1715729647.4753757,784568320,0,0
1715729648.4766026,784568320,31168171,31168171
1715729649.4779115,784568320,1221,1221
1715729650.4791698,784568320,153,153
1715729651.480457,784568320,353,353
1715729652.4819024,784568320,0,0
1715729653.483143,784568320,353,353
