Timestamp,MemoryUsage,NetSent,NetRecv
1715730011.649427,512679936,0,0
1715730012.6505299,520151040,26558,26558
1715730013.6519694,520151040,577,577
1715730014.653409,520151040,157,157
1715730015.6547906,520151040,504,504
1715730016.6563122,520151040,156,156
1715730017.6572087,520151040,0,0
1715730018.658102,520151040,442,442
1715730019.6595063,520151040,52,52
1715730020.6607888,520151040,350,350
1715730021.6620789,520151040,575,575
1715730022.6635354,520151040,0,0
1715730023.664388,520151040,579,579
1715730024.665815,520151040,0,0
1715730025.6673257,520151040,822,822
1715730026.6687496,520151040,310,310
1715730027.6700897,520151040,0,0
1715730028.6715164,520151040,630,630
1715730029.6729543,520151040,0,0
1715730030.6740668,520151040,504,504
1715730031.6747859,520151040,152,152
1715730032.6761522,520151040,0,0
1715730033.677371,520151040,2104,2104
1715730034.6779697,520151040,41564477,41564477
1715730035.6793504,520151040,1394,1394
1715730036.6803923,520151040,1645,1645
1715730037.680771,520151040,1449,1449
1715730038.682015,520151040,1477,1477
1715730039.683221,520151040,1500,1500
1715730040.6845582,520151040,2001,2001
1715730041.6857514,520151040,1380,1380
1715730042.6870735,520151040,1781,1781
1715730043.6885066,520151040,1819,1819
1715730044.6899161,520151040,1232,1232
1715730045.691305,520151040,1558,1558
1715730046.6925683,520151040,3084,3084
1715730047.693854,520151040,2057,2057
1715730048.6951175,520151040,1223,1223
1715730049.6964767,520151040,2213,2213
1715730050.697814,520151040,1709,1709
1715730051.6991289,520151040,1722,1722
1715730052.7004802,520151040,1835,1835
1715730053.7016854,520151040,10392103,10392103
1715730054.7020748,520151040,10393396,10393396
1715730055.7035556,520151040,358,358
1715730056.705183,520151040,156,156
1715730057.7059848,520151040,0,0
1715730058.70738,520151040,0,0
1715730059.7087567,520151040,0,0
1715730060.7099268,520151040,344,344
1715730061.7112186,520151040,152,152
1715730062.7125003,520151040,0,0
1715730063.713761,520151040,0,0
1715730064.715123,520151040,0,0
1715730065.7163885,520151040,344,344
1715730066.7177877,520151040,152,152
1715730067.7188807,520151040,360,360
1715730068.7202532,520151040,0,0
1715730069.7214882,520151040,152,152
1715730070.722615,520151040,345,345
1715730071.724039,520151040,155,155
1715730072.7251387,520151040,0,0
1715730073.7259686,520151040,355,355
1715730074.7270236,520151040,0,0
1715730075.728444,520151040,496,496
1715730076.7299256,520151040,155,155
1715730077.731016,520151040,0,0
1715730078.732254,520151040,0,0
1715730079.7336512,520151040,0,0
1715730080.7340577,520151040,751,751
1715730081.735314,520151040,155,155
1715730082.7365344,520151040,0,0
1715730083.7374663,520151040,31172228,31172228
1715730084.7380316,520151040,0,0
1715730085.73938,520151040,406,406
1715730086.7406707,520151040,155,155
1715730087.7420135,520151040,0,0
1715730088.7433982,520151040,6461,6461
1715730089.7490425,520151040,31173756,31173756
1715730090.749966,520151040,10399348,10399348
1715730091.751291,520151040,1350,1350
1715730092.7526376,520151040,2185,2185
1715730093.7540703,520151040,1533,1533
1715730094.7553453,520151040,1763,1763
1715730095.7567117,520151040,1757,1757
1715730096.7579954,520151040,1645,1645
1715730097.7593982,520151040,1818,1818
1715730098.7608352,520151040,1507,1507
1715730099.7620633,520151040,1933,1933
1715730100.7633247,520151040,1839,1839
1715730101.7646103,520151040,1383,1383
1715730102.765558,520151040,1508,1508
1715730103.766001,520151040,2073,2073
1715730104.7668571,520151040,1564,1564
1715730105.7682981,520151040,1862,1862
1715730106.7695858,520151040,1667,1667
1715730107.7700655,520151040,1500,1500
1715730108.7714143,520151040,10390938,10390938
1715730109.7727952,520151040,10393080,10393080
1715730110.773897,520151040,354,354
1715730111.774722,520151040,156,156
1715730112.7761233,520151040,0,0
1715730113.7774904,520151040,0,0
1715730114.7780461,520151040,0,0
1715730115.779338,520151040,344,344
1715730116.7802,520151040,152,152
1715730117.7817054,520151040,0,0
1715730118.783086,520151040,0,0
1715730119.7844343,520151040,0,0
1715730120.7851348,520151040,344,344
1715730121.7865047,520151040,152,152
1715730122.7875812,520151040,0,0
1715730123.7888668,520151040,0,0
1715730124.790001,520151040,0,0
1715730125.790691,520151040,344,344
1715730126.7920878,520151040,152,152
1715730127.793496,520151040,0,0
1715730128.7940624,520151040,0,0
1715730129.794458,520151040,0,0
1715730130.7953782,520151040,344,344
1715730131.7963746,520151040,152,152
1715730132.7978325,520151040,0,0
1715730133.7990694,520151040,356,356
1715730134.7999334,520151040,0,0
1715730135.8013144,520151040,497,497
1715730136.802048,520151040,155,155
1715730137.8028245,520151040,0,0
1715730138.8040621,520151040,31166238,31166238
1715730139.8053775,520151040,1802,1802
1715730140.8059626,520151040,456,456
1715730141.8073418,520151040,301,301
1715730142.8085823,520151040,0,0
1715730143.809985,520151040,0,0
1715730144.811312,520151040,284,284
1715730145.8121154,520151040,1822,1822
1715730146.8133957,520151040,41559987,41559987
1715730147.8140223,520151040,1542,1542
1715730148.815411,520151040,1477,1477
1715730149.8169105,520151040,1462,1462
1715730150.818014,520151040,1597,1597
1715730151.8193345,520151040,1347,1347
1715730152.8206387,520151040,1469,1469
1715730153.8220472,520151040,4799,4799
1715730154.8232832,520151040,92746,92746
1715730155.8246095,520151040,1748,1748
1715730156.826025,520151040,2087,2087
1715730157.8274338,520151040,1560,1560
1715730158.8288448,520151040,1769,1769
1715730159.830053,520151040,1509,1509
1715730160.8308105,520151040,2005,2005
1715730161.8322406,520151040,1940,1940
1715730162.8335137,520151040,1724,1724
1715730163.8340569,520151040,1527,1527
1715730164.835357,520151040,1215,1215
1715730165.836603,520151040,20782651,20782651
1715730166.8378892,520151040,1401,1401
1715730167.839127,520151040,0,0
1715730168.840505,520151040,306,306
1715730169.8420029,520151040,0,0
1715730170.8425047,520151040,347,347
1715730171.843931,520151040,155,155
1715730172.8452952,520151040,0,0
1715730173.8460627,520151040,0,0
1715730174.847016,520151040,0,0
1715730175.8476837,520151040,344,344
1715730176.8492808,520151040,152,152
1715730177.8499227,520151040,0,0
1715730178.8505046,520151040,0,0
1715730179.851752,520151040,0,0
1715730180.8529744,520151040,344,344
1715730181.8541803,520151040,152,152
1715730182.8556664,520151040,0,0
1715730183.8570359,520151040,0,0
1715730184.8582304,520151040,0,0
1715730185.859617,520151040,344,344
1715730186.8609157,520151040,152,152
1715730187.8621392,520151040,0,0
1715730188.8635538,520151040,0,0
1715730189.864993,520151040,0,0
1715730190.8659534,520151040,344,344
1715730191.8672822,520151040,152,152
1715730192.8687046,520151040,0,0
1715730193.8699174,520151040,355,355
1715730194.8712878,520151040,0,0
1715730195.8725505,520151040,31175067,31175067
1715730196.8759234,520151040,155,155
1715730197.8769698,520151040,152,152
1715730198.8780985,520151040,152,152
1715730199.8793015,520151040,0,0
1715730200.8804402,520151040,703,703
1715730201.881861,520151040,935,935
1715730202.8826983,520151040,41554950,41554950
1715730203.8839695,520151040,921,921
1715730204.8852403,520151040,794,794
1715730205.886064,520151040,1480,1480
1715730206.8874767,520151040,952,952
1715730207.888762,520151040,1496,1496
1715730208.8899922,520151040,1161,1161
1715730209.8913512,520151040,1485,1485
1715730210.8927271,520151040,1036,1036
1715730211.8940532,520151040,2081,2081
1715730212.8953984,520151040,969,969
1715730213.8967807,520151040,898,898
1715730214.8980525,520151040,1206,1206
1715730215.8994877,520151040,1296,1296
1715730216.9008057,520151040,1147,1147
1715730217.9019585,520151040,1160,1160
1715730218.9032035,520151040,1916,1916
1715730219.9044995,520151040,1839,1839
1715730220.905886,520151040,1844,1844
1715730221.9073062,520151040,20781510,20781510
1715730222.90874,520151040,300,300
1715730223.910072,520151040,151,151
1715730224.911243,520151040,0,0
1715730225.9125745,520151040,500,500
1715730226.913448,520151040,155,155
1715730227.9140382,520151040,0,0
1715730228.9147103,520151040,0,0
1715730229.9159899,520151040,0,0
1715730230.9173985,520151040,344,344
1715730231.9179184,520151040,152,152
1715730232.9193254,520151040,0,0
1715730233.920743,520151040,0,0
1715730234.9219165,520151040,0,0
1715730235.9231865,520151040,344,344
1715730236.9244466,520151040,152,152
1715730237.9256835,520151040,0,0
1715730238.9261227,520151040,0,0
1715730239.9274905,520151040,0,0
1715730240.928877,520151040,344,344
1715730241.9300768,520151040,152,152
1715730242.9311166,520151040,0,0
1715730243.9325175,520151040,0,0
1715730244.933776,520151040,190,190
1715730245.9351664,520151040,344,344
1715730246.9365575,520151040,152,152
1715730247.9370236,520151040,0,0
1715730248.9381955,520151040,0,0
1715730249.9397655,520151040,0,0
1715730250.95,520151040,31165376,31165376
1715730251.9512854,520151040,155,155
1715730252.9526846,520151040,151,151
1715730253.9540813,520151040,352,352
1715730254.9553692,520151040,0,0
1715730255.956676,520151040,496,496
1715730256.9579468,520151040,31169756,31169756
1715730257.9592218,520151040,5191,5191
1715730258.960522,520151040,0,0
1715730259.9619315,520151040,2219,2219
1715730260.9632342,520151040,655,655
1715730261.9644716,520151040,2236,2236
1715730262.9658945,520151040,663,663
1715730263.9671805,520151040,173,173
1715730264.9684582,520151040,2030,2030
1715730265.9699752,520151040,355,355
1715730266.971243,520151040,2123,2123
1715730267.9726276,520151040,0,0
1715730268.9738913,520151040,1369,1369
1715730269.9751656,520151040,563,563
1715730270.9764516,520151040,524,524
1715730271.9777937,520151040,2236,2236
1715730272.9790692,520151040,0,0
1715730273.9803524,520151040,2205,2205
1715730274.981642,520151040,0,0
1715730275.981927,520151040,1728,1728
1715730276.982835,520151040,1050,1050
1715730277.984271,520151040,0,0
1715730278.9856682,520151040,2376,2376
1715730279.985982,520151040,0,0
1715730280.9868171,520151040,2380,2380
1715730281.9881492,520151040,717,717
1715730282.9893878,520151040,900,900
1715730283.9899945,520151040,1616,1616
1715730284.991497,520151040,178,178
1715730285.9927733,520151040,2725,2725
1715730286.9939518,520151040,314,314
1715730287.995182,520151040,1439,1439
1715730288.9965076,520151040,830,830
1715730289.997819,520151040,0,0
1715730290.9991965,520151040,2018,2018
1715730292.000557,520151040,155,155
1715730293.001825,520151040,1943,1943
1715730294.0031989,520151040,276,276
1715730295.0044544,520151040,804,804
1715730296.0057468,520151040,1971,1971
1715730297.0069914,520151040,923,923
1715730298.0082486,520151040,736,736
1715730299.0095296,520151040,955,955
1715730300.0099542,520151040,1689,1689
1715730301.011183,520151040,31167514,31167514
1715730302.012587,520151040,1759,1759
1715730303.0137224,520151040,0,0
1715730304.0150952,520151040,305,305
1715730305.0163717,520151040,0,0
1715730306.016692,520151040,347,347
1715730307.017941,520151040,155,155
1715730308.019018,520151040,0,0
1715730309.020254,520151040,0,0
1715730310.021639,520151040,0,0
1715730311.0222297,520151040,344,344
1715730312.023495,520151040,152,152
1715730313.0247855,520151040,355,355
1715730314.0260735,520151040,0,0
1715730315.027312,520151040,4591,4591
1715730316.0288718,520151040,12246,12246
1715730317.0299675,520151040,4871,4871
1715730318.0313504,520151040,3882,3882
1715730319.0317926,520151040,1627,1627
1715730320.0324237,520151040,7215,7215
1715730321.0339208,520151040,1342,1342
1715730322.0353138,520151040,13904,13904
1715730323.0357642,520151040,3245,3245
1715730324.037157,520151040,939,939
1715730325.037945,520151040,2750,2750
1715730326.039474,520151040,1508,1508
1715730327.0408635,520151040,338,338
1715730328.0419197,520151040,2013,2013
1715730329.0432816,520151040,4038,4038
1715730330.0448408,520151040,2104,2104
1715730331.0459795,520151040,31166166,31166166
1715730332.0473912,520151040,0,0
1715730333.0486193,520151040,714,714
1715730334.0499203,520151040,830,830
1715730335.051051,520151040,1597,1597
1715730336.05184,520151040,3907,3907
