Timestamp,MemoryUsage,NetSent,NetRecv
1715732994.2105412,512344064,0,0
1715732995.211988,519946240,8925,8925
1715732996.21342,519946240,512,512
1715732997.214412,519946240,0,0
1715732998.2153068,519946240,0,0
1715732999.2167487,519946240,0,0
1715733000.2179708,519946240,0,0
1715733001.2193246,519946240,496,496
1715733002.2205603,519946240,0,0
1715733003.2219906,519946240,0,0
1715733004.223256,519946240,0,0
1715733005.2247355,519946240,0,0
1715733006.2259243,519946240,496,496
1715733007.2273004,519946240,0,0
1715733008.227869,519946240,0,0
1715733009.2289875,519946240,0,0
1715733010.2300904,519946240,0,0
1715733011.2314737,519946240,496,496
1715733012.2328866,519946240,0,0
1715733013.2339427,519946240,0,0
1715733014.2353349,519946240,0,0
1715733015.2365675,519946240,31175156,31175156
1715733016.2379787,519946240,506,506
1715733017.2392502,519946240,200,200
1715733018.2405834,519946240,1589,1589
1715733019.2418778,519946240,0,0
1715733020.2431097,519946240,1769,1769
1715733021.2439194,519946240,964,964
1715733022.2450938,519946240,190,190
1715733023.2463264,519946240,2149,2149
1715733024.2474816,519946240,287,287
1715733025.2485704,519946240,2322,2322
1715733026.2498834,519946240,509,509
1715733027.2512143,519946240,363,363
1715733028.2525206,519946240,828,828
1715733029.2538557,519946240,196,196
1715733030.2551396,519946240,1511,1511
1715733031.2565262,519946240,456,456
1715733032.257826,519946240,943,943
1715733033.2593486,519946240,1284,1284
1715733034.2632751,519946240,194,194
1715733035.2645714,519946240,1766,1766
1715733036.2658753,519946240,785,785
1715733037.267106,519946240,1510,1510
1715733038.2684948,519946240,561,561
1715733039.269085,519946240,0,0
1715733040.2699838,519946240,2446,2446
1715733041.2712848,519946240,946,946
1715733042.272768,519946240,847,847
1715733043.2740228,519946240,1235,1235
1715733044.2753127,519946240,304,304
1715733045.2765713,519946240,2754,2754
1715733046.2779825,519946240,874,874
1715733047.279274,519946240,1289,1289
1715733048.2805517,519946240,522,522
1715733049.2818515,519946240,506,506
1715733050.283127,519946240,1474,1474
1715733051.2844896,519946240,656,656
1715733052.2859106,519946240,1319,1319
1715733053.2872841,519946240,734,734
1715733054.2882783,519946240,777,777
1715733055.289672,519946240,1484,1484
1715733056.2900157,519946240,1332,1332
1715733057.29126,519946240,912,912
1715733058.2925816,519946240,759,759
1715733059.2938895,519946240,10389597,10389597
1715733060.2943547,519946240,20784018,20784018
1715733061.2956035,519946240,949,949
1715733062.2971056,519946240,0,0
1715733063.2979248,519946240,151,151
1715733064.299193,519946240,0,0
1715733065.3005621,519946240,0,0
1715733066.301804,519946240,497,497
1715733067.3030756,519946240,0,0
1715733068.3042867,519946240,0,0
1715733069.3056571,519946240,0,0
1715733070.3059638,519946240,0,0
1715733071.307231,519946240,496,496
1715733072.3084805,519946240,0,0
1715733073.3098748,519946240,0,0
1715733074.311262,519946240,356,356
1715733075.3125393,519946240,0,0
1715733076.3138027,519946240,502,502
1715733077.3141062,519946240,0,0
1715733078.3154755,519946240,0,0
1715733079.3167365,519946240,0,0
1715733080.3180835,519946240,0,0
1715733081.3196576,519946240,496,496
1715733082.3210628,519946240,0,0
1715733083.3219123,519946240,353,353
1715733084.323422,519946240,0,0
1715733085.3246996,519946240,151,151
1715733086.326086,519946240,500,500
1715733087.3273194,519946240,0,0
1715733088.3280587,519946240,0,0
1715733089.329479,519946240,31171311,31171311
1715733090.3300211,519946240,0,0
1715733091.3313656,519946240,507,507
1715733092.332715,519946240,0,0
1715733093.3339968,519946240,0,0
1715733094.3354228,519946240,403,403
1715733095.3368628,519946240,41559593,41559593
1715733096.3380158,519946240,1482,1482
1715733097.339348,519946240,1482,1482
1715733098.3406756,519946240,1317,1317
1715733099.3420758,519946240,1480,1480
1715733100.343381,519946240,1640,1640
1715733101.3448222,519946240,1681,1681
1715733102.3459954,519946240,1532,1532
1715733103.347471,519946240,1498,1498
1715733104.3488917,519946240,1810,1810
1715733105.350096,519946240,1513,1513
1715733106.351496,519946240,2060,2060
1715733107.3527415,519946240,1511,1511
1715733108.3539276,519946240,1510,1510
1715733109.3619797,519946240,352,352
1715733110.3634143,519946240,1272,1272
1715733111.36481,519946240,2366,2366
1715733112.3660452,519946240,1223,1223
1715733113.36745,519946240,10388663,10388663
1715733114.368724,519946240,10391721,10391721
1715733115.370019,519946240,703,703
1715733116.3714654,519946240,515,515
1715733117.3728685,519946240,0,0
1715733118.3741217,519946240,0,0
1715733119.3753653,519946240,0,0
1715733120.3766234,519946240,0,0
1715733121.3779016,519946240,496,496
1715733122.3791323,519946240,0,0
1715733123.380406,519946240,0,0
1715733124.3816879,519946240,0,0
1715733125.3831253,519946240,0,0
1715733126.3843803,519946240,496,496
1715733127.385653,519946240,0,0
1715733128.3860564,519946240,0,0
1715733129.3874564,519946240,0,0
1715733130.3888283,519946240,0,0
1715733131.3899674,519946240,496,496
1715733132.3913815,519946240,0,0
1715733133.3925812,519946240,0,0
1715733134.393002,519946240,355,355
1715733135.3942864,519946240,0,0
1715733136.39569,519946240,502,502
1715733137.396505,519946240,0,0
1715733138.3979557,519946240,0,0
1715733139.3992348,519946240,0,0
1715733140.4004054,519946240,0,0
1715733141.4016304,519946240,496,496
1715733142.4020355,519946240,0,0
1715733143.40334,519946240,31171199,31171199
1715733144.4046803,519946240,52,52
1715733145.4059894,519946240,153,153
1715733146.407299,519946240,504,504
1715733147.4085786,519946240,0,0
1715733148.4098904,519946240,0,0
1715733149.4111257,519946240,31169679,31169679
1715733150.4124002,519946240,10391448,10391448
1715733151.4134574,519946240,1199,1199
1715733152.414067,519946240,1468,1468
1715733153.4154396,519946240,1472,1472
1715733154.4168282,519946240,1741,1741
1715733155.4179456,519946240,1406,1406
1715733156.4187415,519946240,1752,1752
1715733157.4202495,519946240,1621,1621
1715733158.4216115,519946240,1181,1181
1715733159.422022,519946240,1874,1874
1715733160.42345,519946240,1485,1485
1715733161.424884,519946240,1929,1929
1715733162.4261048,519946240,1194,1194
1715733163.4274871,519946240,930,930
1715733164.4287486,519946240,1486,1486
1715733165.4299395,519946240,1236,1236
1715733166.431319,519946240,1868,1868
1715733167.4327197,519946240,1335,1335
1715733168.4340808,519946240,10390359,10390359
1715733169.4353185,519946240,10392007,10392007
1715733170.436564,519946240,1317,1317
1715733171.437801,519946240,514,514
1715733172.4385393,519946240,0,0
1715733173.4390054,519946240,0,0
1715733174.4404,519946240,0,0
1715733175.4419057,519946240,0,0
1715733176.4432282,519946240,91625,91625
1715733177.4446466,519946240,0,0
1715733178.4459367,519946240,0,0
1715733179.447323,519946240,0,0
1715733180.4483633,519946240,158,158
1715733181.4487743,519946240,504,504
1715733182.4501157,519946240,0,0
1715733183.4514897,519946240,0,0
1715733184.4529061,519946240,0,0
1715733185.453949,519946240,0,0
1715733186.4553835,519946240,496,496
1715733187.4567022,519946240,0,0
1715733188.4579453,519946240,0,0
1715733189.4593823,519946240,0,0
1715733190.4606943,519946240,0,0
1715733191.4621022,519946240,600,600
1715733192.463517,519946240,0,0
1715733193.4649916,519946240,0,0
1715733194.466066,519946240,355,355
1715733195.4671497,519946240,0,0
1715733196.4685638,519946240,502,502
1715733197.4699545,519946240,0,0
1715733198.4711695,520077312,21565256,21565256
1715733199.4724474,626421760,9606034,9606034
1715733200.4738905,830156800,0,0
1715733201.4751508,815415296,456,456
1715733202.4764414,1006575616,0,0
1715733203.4773877,827826176,303,303
1715733204.4783874,807157760,2432,2432
1715733205.4791276,800260096,41560775,41560775
1715733206.4805067,800260096,2023,2023
1715733207.481986,800260096,1158,1158
1715733208.4832478,800260096,1197,1197
1715733209.4838338,800260096,1174,1174
1715733210.4851975,800260096,1451,1451
1715733211.486031,800260096,1850,1850
1715733212.4874606,800260096,1444,1444
1715733213.4889445,800260096,1500,1500
1715733214.4900327,800260096,1496,1496
1715733215.4914324,800260096,1495,1495
1715733216.4928327,800260096,2046,2046
1715733217.4940138,800260096,1502,1502
1715733218.495334,800260096,1447,1447
1715733219.4967093,800260096,1462,1462
1715733220.4979742,800260096,1169,1169
1715733221.4983866,800260096,2153,2153
1715733222.499701,800260096,1781,1781
1715733223.500125,800260096,20780090,20780090
1715733224.5013742,800260096,2667,2667
1715733225.502386,800260096,0,0
1715733226.503836,800260096,512,512
1715733227.5050833,800260096,0,0
1715733228.5064328,800260096,0,0
1715733229.5078537,800260096,0,0
1715733230.5092485,800260096,0,0
1715733231.510646,800260096,496,496
1715733232.511285,800260096,0,0
1715733233.512707,800260096,0,0
1715733234.5141225,800260096,0,0
1715733235.5153987,800260096,0,0
1715733236.5160422,800260096,496,496
1715733237.517351,800260096,0,0
1715733238.517974,800260096,0,0
1715733239.519374,800260096,0,0
1715733240.5206695,800260096,0,0
1715733241.5222294,800260096,532,532
1715733242.5236547,800260096,0,0
1715733243.5249767,800260096,0,0
1715733244.5259454,800260096,0,0
1715733245.5274572,800260096,0,0
1715733246.528873,800260096,496,496
1715733247.5300741,800260096,0,0
1715733248.5313346,800260096,0,0
1715733249.532639,800260096,0,0
1715733250.5339565,800260096,0,0
1715733251.5353947,800260096,496,496
1715733252.5366697,800260096,31167253,31167253
1715733253.538016,800260096,1399,1399
1715733254.5392663,800260096,408,408
1715733255.5406337,800260096,52,52
1715733256.5419183,800260096,505,505
1715733257.542411,800260096,0,0
1715733258.543235,800260096,0,0
1715733259.5444832,800260096,31169678,31169678
1715733260.5457895,800260096,1631,1631
1715733261.5471299,800260096,1319,1319
1715733262.548174,800260096,802,802
1715733263.5495353,800260096,307,307
1715733264.5500355,800260096,1488,1488
1715733265.5514238,800260096,980,980
1715733266.5528445,800260096,1230,1230
1715733267.553996,800260096,1292,1292
1715733268.5553489,800260096,757,757
1715733269.5567875,800260096,1188,1188
1715733270.5580666,800260096,1035,1035
1715733271.5593288,800260096,457,457
1715733272.5605943,800260096,2106,2106
1715733273.5619018,800260096,0,0
1715733274.5631278,800260096,1664,1664
1715733275.564504,800260096,439,439
1715733276.5657575,800260096,1050,1050
1715733277.567081,800260096,1602,1602
1715733278.5683718,800260096,0,0
1715733279.5697331,800260096,1096,1096
1715733280.5710077,800260096,1021,1021
1715733281.5722737,800260096,1043,1043
1715733282.5735497,800260096,1739,1739
1715733283.5741339,800260096,0,0
1715733284.5754693,800260096,2169,2169
1715733285.576603,800260096,815,815
1715733286.5774736,800260096,1224,1224
1715733287.5785115,800260096,1041,1041
1715733288.5797608,800260096,1010,1010
1715733289.5810099,800260096,766,766
1715733290.5820692,800260096,739,739
1715733291.5833342,800260096,2058,2058
1715733292.5846016,800260096,735,735
1715733293.585898,800260096,739,739
1715733294.5872757,800260096,770,770
1715733295.5885127,800260096,1103,1103
1715733296.5898104,800260096,1686,1686
1715733297.5911705,800260096,0,0
1715733298.5924003,800260096,2188,2188
1715733299.592866,800260096,0,0
1715733300.5940282,800260096,1114,1114
1715733301.5948422,800260096,10390993,10390993
1715733302.5961034,800260096,10388365,10388365
1715733303.597372,800260096,10393131,10393131
1715733304.59812,800260096,432,432
1715733305.5995204,800260096,642,642
1715733306.6008246,800260096,314,314
1715733307.6021965,800260096,0,0
1715733308.6034951,800260096,0,0
1715733309.6048834,800260096,0,0
1715733310.6059024,800260096,192,192
1715733311.6072507,800260096,304,304
1715733312.6082354,800260096,0,0
1715733313.6094382,800260096,0,0
1715733314.6102233,800260096,353,353
1715733315.611497,800260096,195,195
1715733316.6128886,800260096,307,307
1715733317.6141028,800260096,0,0
1715733318.615423,800260096,0,0
1715733319.6167095,800260096,0,0
1715733320.6179147,800260096,192,192
1715733321.6192868,800260096,304,304
1715733322.6206565,800260096,0,0
1715733323.6218822,800260096,351,351
1715733324.6230075,800260096,0,0
1715733325.6244926,800260096,497,497
1715733326.625802,800260096,155,155
1715733327.6271865,800260096,0,0
1715733328.628356,800260096,0,0
1715733329.6293144,800260096,0,0
1715733330.630311,800260096,344,344
1715733331.63171,800260096,152,152
1715733332.6324267,800260096,31163150,31163150
1715733333.6339152,800260096,1897,1897
1715733334.635191,800260096,0,0
1715733335.636474,800260096,650,650
1715733336.637776,800260096,155,155
1715733337.6391244,800260096,0,0
1715733338.6405182,800260096,0,0
