Timestamp,MemoryUsage,NetSent,NetRecv
1715734623.1443372,541708288,0,0
1715734624.1456776,548917248,26360,26360
1715734625.1470585,548917248,6577,6577
1715734626.148307,548917248,1193,1193
1715734627.1497927,548917248,2340,2340
1715734628.1511855,548917248,276,276
1715734629.1524386,548917248,772,772
1715734630.1539147,548917248,4411,4411
1715734631.1551962,548917248,6893,6893
1715734632.1565769,548917248,1380,1380
1715734633.1579735,548917248,3915,3915
1715734634.159243,548917248,663,663
1715734635.1606464,548917248,0,0
1715734636.1618857,548917248,411,411
1715734637.1632981,548917248,547,547
1715734638.1640174,548917248,4228,4228
1715734639.1652567,548917248,5428,5428
1715734640.1666098,548917248,919,919
1715734641.1679957,548917248,360,360
1715734642.1692312,548917248,157,157
1715734643.1705122,548917248,0,0
1715734644.1717904,548917248,887,887
1715734645.173066,548917248,0,0
1715734646.1739318,548917248,49170046,49170046
1715734647.1753302,548917248,2783109,2783109
1715734648.1767147,548917248,775,775
1715734649.178011,548917248,955,955
1715734650.1790397,548917248,560,560
1715734651.179892,548917248,1398,1398
1715734652.1809077,548917248,716,716
1715734653.182025,548917248,1546,1546
1715734654.1833441,548917248,185,185
1715734655.1845624,548917248,1582,1582
1715734656.1859436,548917248,2099,2099
1715734657.1871636,548917248,1125,1125
1715734658.1884427,548917248,1352,1352
1715734659.189724,548917248,10392661,10392661
1715734660.1909218,548917248,593,593
1715734661.1923776,548917248,707,707
1715734662.1936479,548917248,156,156
1715734663.1939929,548917248,0,0
1715734664.1952252,548917248,503,503
1715734665.1964993,548917248,0,0
1715734666.1979384,548917248,349,349
1715734667.1992307,548917248,155,155
1715734668.200686,548917248,0,0
1715734669.2019224,548917248,0,0
1715734670.2027535,548917248,0,0
1715734671.2041323,548917248,448,448
1715734672.2055612,548917248,152,152
1715734673.2059965,548917248,0,0
1715734674.2074683,548917248,0,0
1715734675.2083874,548917248,0,0
1715734676.2087493,548917248,344,344
1715734677.2099376,548917248,152,152
1715734678.2105453,548917248,0,0
1715734679.2120266,548917248,0,0
1715734680.2134385,548917248,0,0
1715734681.2139173,548917248,344,344
1715734682.2154603,548917248,152,152
1715734683.216787,548917248,286,286
1715734684.2180448,548917248,0,0
1715734685.2192652,548917248,151,151
1715734686.220629,548917248,345,345
1715734687.2213778,548917248,31168355,31168355
1715734688.2220857,548917248,1744,1744
1715734689.2233605,548917248,0,0
1715734690.224742,548917248,305,305
1715734691.2259672,548917248,347,347
1715734692.2272727,548917248,155,155
1715734693.228468,548917248,1282,1282
1715734694.229837,548917248,41560753,41560753
1715734695.2311552,548917248,1896,1896
1715734696.23251,548917248,1580,1580
1715734697.233895,548917248,1886,1886
1715734698.235192,548917248,1167,1167
1715734699.2364898,548917248,1462,1462
1715734700.2378535,548917248,608,608
1715734701.2392058,548917248,1681,1681
1715734702.2403405,548917248,1044,1044
1715734703.241731,548917248,338,338
1715734704.2430375,548917248,646,646
1715734705.2442932,548917248,695,695
1715734706.2455244,548917248,1983,1983
1715734707.2459219,548917248,94334,94334
1715734708.247396,548917248,190,190
1715734709.2486942,548917248,504,504
1715734710.2500093,548917248,170,170
1715734711.2514157,548917248,2142,2142
1715734712.2529671,548917248,515,515
1715734713.2539585,548917248,20778466,20778466
1715734714.2553654,548917248,0,0
1715734715.2565916,548917248,0,0
1715734716.2579885,548917248,347,347
1715734717.259374,548917248,1642,1642
1715734718.260743,548917248,0,0
1715734719.2611501,548917248,303,303
1715734720.2619889,548917248,0,0
1715734721.2633753,548917248,702,702
1715734722.264087,548917248,155,155
1715734723.2652712,548917248,0,0
1715734724.2660582,548917248,506,506
1715734725.2674525,548917248,686,686
1715734726.2688982,548917248,704,704
1715734727.269937,548917248,155,155
1715734728.2712302,548917248,151,151
1715734729.2723753,548917248,0,0
1715734730.2734637,548917248,0,0
1715734731.2742658,548917248,345,345
1715734732.2757235,548917248,152,152
1715734733.277097,548917248,0,0
1715734734.2779603,548917248,0,0
1715734735.2784178,548917248,0,0
1715734736.2798321,548917248,344,344
1715734737.2812154,548917248,3601,3601
1715734738.282067,548917248,0,0
1715734739.2833216,548917248,152,152
1715734740.2847393,548917248,0,0
1715734741.2859137,548917248,31165891,31165891
1715734742.2872021,548917248,1707,1707
1715734743.288047,548917248,0,0
1715734744.2894409,548917248,151,151
1715734745.2905755,548917248,0,0
1715734746.29147,548917248,498,498
1715734747.2928612,548917248,155,155
1715734748.293897,548917248,31167381,31167381
1715734749.2950773,548917248,3906,3906
1715734750.2956538,548917248,0,0
1715734751.2964902,548917248,2086,2086
1715734752.2975533,548917248,720,720
1715734753.2984169,548917248,355,355
1715734754.2997763,548917248,785,785
1715734755.3010597,548917248,0,0
1715734756.301953,548917248,2019,2019
1715734757.3033018,548917248,720,720
1715734758.3045707,548917248,1509,1509
1715734759.3048666,548917248,726,726
1715734760.3059785,548917248,190,190
1715734761.307277,548917248,1164,1164
1715734762.3086262,548917248,612,612
1715734763.3099008,548917248,1786,1786
1715734764.3111768,548917248,0,0
1715734765.3124025,548917248,1392,1392
1715734766.3138466,548917248,1388,1388
1715734767.315227,548917248,660,660
1715734768.316486,548917248,1510,1510
1715734769.3179271,548917248,280,280
1715734770.3191912,548917248,923,923
1715734771.32052,548917248,1567,1567
1715734772.321804,548917248,321,321
1715734773.3231277,548917248,1185,1185
1715734774.324373,548917248,177,177
1715734775.3256626,548917248,1503,1503
1715734776.3260255,548917248,997,997
1715734777.3273997,548917248,898,898
1715734778.3287156,548917248,1510,1510
1715734779.3299725,548917248,734,734
1715734780.331234,548917248,909,909
1715734781.332449,548917248,1262,1262
1715734782.3338463,548917248,619,619
1715734783.3348212,548917248,513,513
1715734784.336084,548917248,824,824
1715734785.337327,548917248,748,748
1715734786.3380506,548917248,2061,2061
1715734787.3394723,548917248,0,0
1715734788.3407006,548917248,1954,1954
1715734789.3420248,548917248,279,279
1715734790.3433695,548917248,169,169
1715734791.344633,548917248,1147,1147
1715734792.34607,548917248,603,603
1715734793.3474357,548917248,914,914
1715734794.3487284,548917248,1262,1262
1715734795.349913,548917248,31170239,31170239
1715734796.3513036,548917248,1399,1399
1715734797.3526802,548917248,0,0
1715734798.3539245,548917248,152,152
1715734799.355332,548917248,0,0
1715734800.3567212,548917248,0,0
1715734801.3579476,548917248,500,500
1715734802.3591738,548917248,0,0
1715734803.360461,548917248,0,0
1715734804.3619633,548917248,0,0
1715734805.3626301,548917248,0,0
1715734806.364004,548917248,496,496
1715734807.3653955,548917248,0,0
1715734808.3659885,548917248,0,0
1715734809.3672059,548917248,0,0
1715734810.3676991,548917248,0,0
1715734811.368204,548917248,496,496
1715734812.3695827,548917248,0,0
1715734813.369913,548917248,0,0
1715734814.3707361,548917248,0,0
1715734815.3720176,548917248,0,0
1715734816.3732417,548917248,496,496
1715734817.3741856,548917248,0,0
1715734818.3754025,548917248,0,0
1715734819.3767567,548917248,0,0
1715734820.3779707,548917248,0,0
1715734821.379474,548917248,496,496
1715734822.3799312,548917248,0,0
1715734823.3811514,548917248,0,0
1715734824.3819897,588648448,31166371,31166371
1715734825.3832603,862703616,2075,2075
1715734826.3848062,787759104,506,506
1715734827.385984,779198464,0,0
1715734828.3872678,921579520,0,0
1715734829.388507,754077696,0,0
1715734830.389819,911544320,0,0
1715734831.3910818,770818048,41558688,41558688
1715734832.3925395,770818048,10391637,10391637
1715734833.3938785,770818048,754,754
1715734834.3942275,770818048,2169,2169
1715734835.3956218,770818048,1029,1029
1715734836.3970292,770818048,2066,2066
1715734837.3982463,770818048,1335,1335
1715734838.3993046,770818048,1426,1426
1715734839.400679,770818048,1394,1394
1715734840.4011931,770818048,347,347
1715734841.4020667,770818048,1709,1709
1715734842.403302,770818048,929,929
1715734843.4046316,770818048,748,748
1715734844.4057121,770818048,10391578,10391578
1715734845.4069655,770818048,168,168
1715734846.4082558,770818048,508,508
1715734847.4096751,770818048,0,0
1715734848.4111896,770818048,0,0
1715734849.4125462,770818048,0,0
1715734850.4138286,770818048,0,0
1715734851.4152102,770818048,496,496
1715734852.416617,770818048,0,0
1715734853.417939,770818048,0,0
1715734854.4193099,770818048,0,0
1715734855.4205525,770818048,0,0
1715734856.4220073,770818048,496,496
1715734857.4234474,770818048,0,0
1715734858.424807,770818048,0,0
1715734859.425904,770818048,0,0
1715734860.4272943,770818048,0,0
1715734861.4285243,770818048,496,496
1715734862.4299543,770818048,0,0
1715734863.4314039,770818048,0,0
1715734864.4325,770818048,0,0
1715734865.4340236,770818048,0,0
1715734866.4352193,770818048,600,600
1715734867.4366086,770818048,0,0
1715734868.4373755,770818048,0,0
1715734869.4382136,770818048,0,0
1715734870.4395764,770818048,0,0
1715734871.4403303,770818048,600,600
1715734872.4416199,770818048,31166329,31166329
1715734873.442028,770818048,857,857
1715734874.4432945,770818048,0,0
1715734875.4446943,770818048,304,304
1715734876.446073,770818048,502,502
1715734877.446931,770818048,0,0
1715734878.4483578,770818048,0,0
1715734879.4496164,799653888,31167590,31167590
1715734880.4499593,874938368,0,0
1715734881.4513528,774168576,678,678
1715734882.4526293,1165504512,986,986
1715734883.454068,840486912,170,170
1715734884.4554553,971669504,2183,2183
1715734885.4567437,877707264,330,330
1715734886.4579463,777535488,847,847
1715734887.459262,992071680,1904,1904
1715734888.4597101,840114176,0,0
1715734889.460515,984637440,2184,2184
1715734890.4617262,802861056,0,0
1715734891.4629765,787771392,1293,1293
1715734892.4640338,860475392,1443,1443
1715734893.4653409,802541568,0,0
1715734894.4659128,840159232,1866,1866
1715734895.4673426,852041728,280,280
1715734896.468606,815034368,726,726
1715734897.4697459,777654272,1962,1962
1715734898.4705312,953425920,0,0
1715734899.4716883,840335360,1277,1277
1715734900.4726226,1262006272,556,556
1715734901.4734826,790110208,1121,1121
1715734902.474456,777629696,1417,1417
1715734903.4758177,936796160,558,558
1715734904.4772067,821714944,933,933
1715734905.4780285,1185382400,161,161
1715734906.4792812,789962752,1316,1316
1715734907.4805117,777482240,1469,1469
1715734908.4817605,953561088,562,562
1715734909.483026,840269824,1497,1497
1715734910.4843478,1112199168,739,739
1715734911.4855702,834076672,1491,1491
1715734912.4859445,964038656,899,899
1715734913.4863741,859357184,566,566
1715734914.4876032,840560640,1664,1664
1715734915.4890122,944955392,566,566
1715734916.4900038,815153152,637,637
1715734917.4912703,777691136,1500,1500
1715734918.4917052,877432832,568,568
1715734919.4929209,840249344,1661,1661
1715734920.4941182,901062656,565,565
1715734921.4953904,848154624,633,633
1715734922.4967086,789495808,332,332
1715734923.4980087,838881280,1018,1018
1715734924.4992418,821596160,936,936
1715734925.5004835,798920704,31171926,31171926
1715734926.5019321,798920704,2049,2049
1715734927.5031755,798920704,0,0
1715734928.5044725,798920704,151,151
1715734929.505862,798920704,152,152
1715734930.507248,798920704,0,0
1715734931.5086858,798920704,498,498
1715734932.5100458,798920704,0,0
1715734933.5114188,798920704,0,0
1715734934.5126605,798920704,0,0
1715734935.513941,798920704,0,0
1715734936.5147257,798920704,496,496
1715734937.5161054,798920704,0,0
1715734938.5173376,798920704,0,0
1715734939.5180662,798920704,0,0
1715734940.5192082,798920704,0,0
1715734941.5205073,798920704,496,496
1715734942.5217829,798920704,0,0
1715734943.523063,798920704,0,0
1715734944.5243611,798920704,0,0
1715734945.525671,798920704,0,0
1715734946.5259376,798920704,600,600
1715734947.5273287,798920704,0,0
1715734948.52816,798920704,0,0
1715734949.5297902,798920704,0,0
1715734950.5311124,798920704,0,0
1715734951.5325382,798920704,496,496
1715734952.5332727,798920704,0,0
1715734953.5339162,798920704,0,0
1715734954.53515,798920704,31166541,31166541
1715734955.5365603,798920704,1392,1392
1715734956.537965,798920704,511,511
1715734957.5393178,798920704,0,0
1715734958.5405562,798920704,449,449
1715734959.5419202,798920704,0,0
1715734960.5431972,798920704,0,0
