Timestamp,MemoryUsage,NetSent,NetRecv
1715735212.7893958,541634560,0,0
1715735213.790154,548974592,29797,29797
1715735214.7915452,548974592,949,949
1715735215.7929215,548974592,6768,6768
1715735216.7940607,548974592,321,321
1715735217.794348,548974592,1252,1252
1715735218.795622,548974592,5658,5658
1715735219.7968898,548974592,3682,3682
1715735220.797974,548974592,3181,3181
1715735221.7992291,548974592,497,497
1715735222.800463,548974592,0,0
1715735223.8010368,548974592,152,152
1715735224.802057,548974592,0,0
1715735225.8033001,548974592,449,449
1715735226.8046978,548974592,152,152
1715735227.8059297,548974592,0,0
1715735228.8064733,548974592,0,0
1715735229.8080716,548974592,0,0
1715735230.809601,548974592,344,344
1715735231.8099241,548974592,152,152
1715735232.8113701,548974592,0,0
1715735233.8127403,548974592,0,0
1715735234.8139257,548974592,560,560
1715735235.8153353,548974592,41561197,41561197
1715735236.816682,548974592,2363,2363
1715735237.818049,548974592,1478,1478
1715735238.8194666,548974592,1433,1433
1715735239.8208728,548974592,353,353
1715735240.8219464,548974592,2109,2109
1715735241.8233774,548974592,1373,1373
1715735242.8246975,548974592,1052,1052
1715735243.826056,548974592,1384,1384
1715735244.827289,548974592,1495,1495
1715735245.8285432,548974592,1841,1841
1715735246.8298852,548974592,1425,1425
1715735247.8311887,548974592,1984,1984
1715735248.8324478,548974592,1499,1499
1715735249.833862,548974592,1452,1452
1715735250.8352077,548974592,1932,1932
1715735251.8365312,548974592,1078,1078
1715735252.8369691,548974592,1510,1510
1715735253.8380432,548974592,1447,1447
1715735254.8394961,548974592,20781115,20781115
1715735255.8408916,548974592,1779,1779
1715735256.8419652,548974592,155,155
1715735257.8434474,548974592,0,0
1715735258.8449872,548974592,0,0
1715735259.8460011,548974592,0,0
1715735260.8473516,548974592,344,344
1715735261.8486092,548974592,152,152
1715735262.8499985,548974592,0,0
1715735263.851353,548974592,0,0
1715735264.8526003,548974592,0,0
1715735265.8539507,548974592,344,344
1715735266.8553228,548974592,152,152
1715735267.8565629,548974592,0,0
1715735268.8580668,548974592,0,0
1715735269.8594904,548974592,0,0
1715735270.8607008,548974592,344,344
1715735271.8620517,548974592,152,152
1715735272.8633084,548974592,0,0
1715735273.8645325,548974592,0,0
1715735274.8659174,548974592,0,0
1715735275.8673038,548974592,344,344
1715735276.8685613,548974592,152,152
1715735277.869112,548974592,0,0
1715735278.8699417,548974592,0,0
1715735279.8713312,548974592,0,0
1715735280.8726847,548974592,344,344
1715735281.8741577,580452352,31167500,31167500
1715735282.875504,864727040,3097,3097
1715735283.8767946,708440064,0,0
1715735284.8779376,746385408,312,312
1715735285.8792233,897515520,350,350
1715735286.8805442,765480960,154,154
1715735287.8818889,847237120,0,0
1715735288.883074,712937472,1336,1336
1715735289.8843749,712937472,41562042,41562042
1715735290.885846,712937472,1815,1815
1715735291.8872356,712937472,1626,1626
1715735292.888605,712937472,1195,1195
1715735293.8900151,712937472,1189,1189
1715735294.8913116,712937472,1468,1468
1715735295.8926759,712937472,1127,1127
1715735296.8941598,712937472,2416,2416
1715735297.8954487,712937472,1535,1535
1715735298.896015,712937472,1479,1479
1715735299.8972678,712937472,1063,1063
1715735300.8980596,712937472,1269,1269
1715735301.8993087,712937472,1882,1882
1715735302.9005604,712937472,1308,1308
1715735303.9011185,712937472,1222,1222
1715735304.9020262,712937472,1433,1433
1715735305.903307,712937472,1840,1840
1715735306.904669,712937472,1468,1468
1715735307.9055269,712937472,1482,1482
1715735308.9059312,712937472,20781449,20781449
1715735309.9067717,712937472,678,678
1715735310.908103,712937472,405,405
1715735311.909341,712937472,155,155
1715735312.909953,712937472,0,0
1715735313.9107306,712937472,0,0
1715735314.911552,712937472,0,0
1715735315.9124777,712937472,344,344
1715735316.9139085,712937472,91164,91164
1715735317.9151857,712937472,0,0
1715735318.916536,712937472,0,0
1715735319.9178708,712937472,158,158
1715735320.9192343,712937472,352,352
1715735321.920615,712937472,152,152
1715735322.9214027,712937472,0,0
1715735323.9228554,712937472,0,0
1715735324.9242306,712937472,0,0
1715735325.9256113,712937472,344,344
1715735326.9259274,712937472,152,152
1715735327.9274607,712937472,0,0
1715735328.928353,712937472,0,0
1715735329.929582,712937472,0,0
1715735330.9300592,712937472,344,344
1715735331.9313114,712937472,152,152
1715735332.9326108,712937472,0,0
1715735333.9339046,712937472,0,0
1715735334.9353123,712937472,0,0
1715735335.936573,712937472,344,344
1715735336.937822,712937472,31170787,31170787
1715735337.939112,712937472,645,645
1715735338.9403858,712937472,0,0
1715735339.9412026,712937472,309,309
1715735340.9420936,712937472,350,350
1715735341.943089,712937472,155,155
1715735342.944369,712937472,0,0
1715735343.9456801,712937472,41559979,41559979
1715735344.9461176,712937472,1235,1235
1715735345.9474082,712937472,1887,1887
1715735346.948694,712937472,1907,1907
1715735347.9500616,712937472,1498,1498
1715735348.9513688,712937472,1654,1654
1715735349.9517584,712937472,1540,1540
1715735350.9530325,712937472,1845,1845
1715735351.954067,712937472,1763,1763
1715735352.9554663,712937472,988,988
1715735353.956759,712937472,1499,1499
1715735354.957926,712937472,1506,1506
1715735355.9592912,712937472,1351,1351
1715735356.9606295,712937472,1532,1532
1715735357.9620585,712937472,1498,1498
1715735358.9634483,712937472,931,931
1715735359.9646952,712937472,1669,1669
1715735360.9659293,712937472,1850,1850
1715735361.96717,712937472,1700,1700
1715735362.96826,712937472,20775791,20775791
1715735363.9695287,712937472,764,764
1715735364.970171,712937472,153,153
1715735365.9714706,712937472,350,350
1715735366.9722154,712937472,155,155
1715735367.9737134,712937472,0,0
1715735368.9751184,712937472,0,0
1715735369.9759967,712937472,0,0
1715735370.9772685,712937472,344,344
1715735371.9782505,712937472,152,152
1715735372.979527,712937472,0,0
1715735373.9807322,712937472,0,0
1715735374.982003,712937472,0,0
1715735375.9826062,712937472,448,448
1715735376.9840026,712937472,152,152
1715735377.9854257,712937472,0,0
1715735378.985978,712937472,0,0
1715735379.98644,712937472,0,0
1715735380.9877126,712937472,344,344
1715735381.9891639,712937472,152,152
1715735382.9900684,712937472,0,0
1715735383.991318,712937472,0,0
1715735384.9925666,712937472,0,0
1715735385.9930222,712937472,344,344
1715735386.9940984,712937472,152,152
1715735387.9954631,712937472,0,0
1715735388.996652,712937472,0,0
1715735389.997916,712937472,238,238
1715735390.999292,1155043328,31167609,31167609
1715735392.0005894,774594560,155,155
1715735393.001923,790843392,157,157
1715735394.0031972,787259392,152,152
1715735395.004422,830734336,0,0
1715735396.0058453,762499072,350,350
1715735397.0070755,762347520,31167522,31167522
1715735398.0084784,762347520,10394086,10394086
1715735399.0099704,762347520,1484,1484
1715735400.0113633,762347520,1470,1470
1715735401.012778,762347520,1822,1822
1715735402.014061,762347520,1382,1382
1715735403.0153067,762347520,1471,1471
1715735404.0166879,762347520,1465,1465
1715735405.0180728,762347520,845,845
1715735406.019344,762347520,1883,1883
1715735407.0206392,762347520,1906,1906
1715735408.0219862,762347520,1694,1694
1715735409.023395,762347520,338,338
1715735410.024815,762347520,1950,1950
1715735411.0261133,762347520,1886,1886
1715735412.0274348,762347520,1366,1366
1715735413.0286834,762347520,1209,1209
1715735414.029934,762347520,1491,1491
1715735415.031249,762347520,1306,1306
1715735416.0325015,762347520,2076,2076
1715735417.0339475,762347520,20781989,20781989
1715735418.0353484,762347520,0,0
1715735419.0366142,762347520,304,304
1715735420.0380998,762347520,0,0
1715735421.0391538,762347520,347,347
1715735422.0400474,762347520,155,155
1715735423.041482,762347520,908,908
1715735424.0419292,762347520,216,216
1715735425.0428867,762347520,0,0
1715735426.0443914,762347520,344,344
1715735427.0458515,762347520,152,152
1715735428.0470865,762347520,0,0
1715735429.0483103,762347520,0,0
1715735430.0496325,762347520,0,0
1715735431.0506656,762347520,344,344
1715735432.0520794,762347520,152,152
1715735433.0533214,762347520,0,0
1715735434.054319,762347520,0,0
1715735435.0557396,762347520,0,0
1715735436.0571008,762347520,344,344
1715735437.0579395,762347520,152,152
1715735438.059244,762347520,0,0
1715735439.0606434,762347520,0,0
1715735440.062229,762347520,0,0
1715735441.0627515,762347520,344,344
1715735442.0640461,762347520,152,152
1715735443.0654447,762347520,0,0
1715735444.0668602,762347520,0,0
1715735445.0681124,762347520,31168455,31168455
1715735446.0694902,762347520,1582,1582
1715735447.0699532,762347520,155,155
1715735448.071334,762347520,0,0
1715735449.0726392,762347520,0,0
1715735450.0740438,762347520,0,0
1715735451.0753276,762347520,1124,1124
1715735452.076826,762347520,41555716,41555716
1715735453.0780952,762347520,1172,1172
1715735454.0788577,762347520,1460,1460
1715735455.0802774,762347520,1447,1447
1715735456.080795,762347520,1020,1020
1715735457.082082,762347520,2030,2030
1715735458.083518,762347520,1451,1451
1715735459.084875,762347520,1448,1448
1715735460.0859566,762347520,1464,1464
1715735461.0873845,762347520,1867,1867
1715735462.0889099,762347520,790,790
1715735463.0899494,762347520,1892,1892
1715735464.091305,762347520,1447,1447
1715735465.0925741,762347520,1828,1828
1715735466.0939338,762347520,1347,1347
1715735467.095369,762347520,933,933
1715735468.0966773,762347520,1150,1150
1715735469.097995,762347520,1452,1452
1715735470.099242,762347520,10390264,10390264
1715735471.1006546,762347520,10388858,10388858
1715735472.1019142,762347520,156,156
1715735473.103307,762347520,152,152
1715735474.1047242,762347520,0,0
1715735475.1059752,762347520,0,0
1715735476.1072,762347520,345,345
1715735477.1085987,762347520,152,152
1715735478.1100068,762347520,0,0
1715735479.111302,762347520,0,0
1715735480.1127481,762347520,0,0
1715735481.1139143,762347520,344,344
1715735482.115446,762347520,152,152
1715735483.1168606,762347520,0,0
1715735484.1180723,762347520,0,0
1715735485.1194806,762347520,0,0
1715735486.1207135,762347520,344,344
1715735487.121975,762347520,152,152
1715735488.123386,762347520,0,0
1715735489.1247756,762347520,0,0
1715735490.1259005,762347520,0,0
1715735491.127217,762347520,344,344
1715735492.128501,762347520,152,152
1715735493.1298945,762347520,0,0
1715735494.131148,762347520,0,0
1715735495.132587,762347520,0,0
1715735496.1340084,762347520,344,344
1715735497.1353052,762347520,152,152
1715735498.1365423,762347520,248,248
1715735499.1378756,1061261312,31167237,31167237
1715735500.139201,845570048,442,442
1715735501.1404524,1226559488,353,353
1715735502.1417696,832851968,156,156
1715735503.1423967,1202286592,0,0
1715735504.1437163,776413184,0,0
