Timestamp,MemoryUsage,NetSent,NetRecv
1715732993.7445457,512491520,0,0
1715732994.745771,519962624,33759,33759
1715732995.7473242,519962624,639,639
1715732996.7486818,519962624,156,156
1715732997.750099,519962624,0,0
1715732998.7513185,519962624,0,0
1715732999.7526028,519962624,0,0
1715733000.7540953,519962624,344,344
1715733001.755357,519962624,152,152
1715733002.7560334,519962624,0,0
1715733003.7572894,519962624,0,0
1715733004.7580469,519962624,0,0
1715733005.7588902,519962624,344,344
1715733006.7602692,519962624,152,152
1715733007.7617173,519962624,0,0
1715733008.7629297,519962624,0,0
1715733009.7636447,519962624,0,0
1715733010.7651424,519962624,344,344
1715733011.7660685,519962624,152,152
1715733012.766827,519962624,0,0
1715733013.7680445,519962624,0,0
1715733014.7689743,519962624,31171851,31171851
1715733015.769997,519962624,3656,3656
1715733016.77129,519962624,155,155
1715733017.772515,519962624,1205,1205
1715733018.7738981,519962624,584,584
1715733019.7751908,519962624,195,195
1715733020.7764635,519962624,2383,2383
1715733021.7778404,519962624,155,155
1715733022.7791288,519962624,2050,2050
1715733023.7804747,519962624,289,289
1715733024.7817602,519962624,583,583
1715733025.783082,519962624,2380,2380
1715733026.784002,519962624,155,155
1715733027.785127,519962624,528,528
1715733028.7860298,519962624,663,663
1715733029.7873094,519962624,950,950
1715733030.788671,519962624,1058,1058
1715733031.7899253,519962624,345,345
1715733032.7912564,519962624,2037,2037
1715733033.7924826,519962624,0,0
1715733034.7937274,519962624,1117,1117
1715733035.7942467,519962624,1473,1473
1715733036.7958755,519962624,345,345
1715733037.797166,519962624,1881,1881
1715733038.7979925,519962624,0,0
1715733039.7992396,519962624,1322,1322
1715733040.8005683,519962624,1914,1914
1715733041.8018627,519962624,156,156
1715733042.8027909,519962624,2082,2082
1715733043.804071,519962624,304,304
1715733044.805307,519962624,1819,1819
1715733045.8060236,519962624,1653,1653
1715733046.8072793,519962624,156,156
1715733047.8085501,519962624,1811,1811
1715733048.8098338,519962624,0,0
1715733049.8111868,519962624,1404,1404
1715733050.812495,519962624,877,877
1715733051.8137941,519962624,1112,1112
1715733052.8151038,519962624,1296,1296
1715733053.816428,519962624,777,777
1715733054.817737,519962624,359,359
1715733055.8189878,519962624,1669,1669
1715733056.8203175,519962624,788,788
1715733057.8215656,519962624,1478,1478
1715733058.8220284,519962624,500,500
1715733059.8232079,519962624,31170189,31170189
1715733060.8244352,519962624,3912,3912
1715733061.8258164,519962624,156,156
1715733062.8271372,519962624,151,151
1715733063.8283849,519962624,0,0
1715733064.8296003,519962624,0,0
1715733065.8302808,519962624,345,345
1715733066.8316438,519962624,152,152
1715733067.8322012,519962624,0,0
1715733068.8334599,519962624,0,0
1715733069.834676,519962624,0,0
1715733070.836003,519962624,344,344
1715733071.8372467,519962624,152,152
1715733072.8386066,519962624,0,0
1715733073.8400118,519962624,356,356
1715733074.8410823,519962624,0,0
1715733075.8419085,519962624,347,347
1715733076.8430316,519962624,155,155
1715733077.8442848,519962624,0,0
1715733078.845644,519962624,0,0
1715733079.8459024,519962624,0,0
1715733080.8474207,519962624,344,344
1715733081.8487618,519962624,152,152
1715733082.850026,519962624,353,353
1715733083.851023,519962624,0,0
1715733084.852469,519962624,0,0
1715733085.8537397,519962624,496,496
1715733086.8551276,519962624,155,155
1715733087.855541,519962624,0,0
1715733088.8567216,519962624,31170038,31170038
1715733089.8579621,519962624,1273,1273
1715733090.8593218,519962624,352,352
1715733091.860565,519962624,155,155
1715733092.8617635,519962624,0,0
1715733093.8629942,519962624,403,403
1715733094.8641772,519962624,31167909,31167909
1715733095.864608,519962624,10392260,10392260
1715733096.8659031,519962624,1639,1639
1715733097.867089,519962624,1485,1485
1715733098.8676832,519962624,1479,1479
1715733099.8689556,519962624,1424,1424
1715733100.8699646,519962624,1751,1751
1715733101.8712318,519962624,1656,1656
1715733102.872571,519962624,1254,1254
1715733103.873909,519962624,2091,2091
1715733104.8752105,519962624,1513,1513
1715733105.8762558,519962624,1908,1908
1715733106.8767612,519962624,901,901
1715733107.878168,519962624,1819,1819
1715733108.8795218,519962624,1198,1198
1715733109.8803492,519962624,673,673
1715733110.8817177,519962624,2235,2235
1715733111.8829944,519962624,1662,1662
1715733112.884163,519962624,10387934,10387934
1715733113.8845606,519962624,1999,1999
1715733114.8857675,519962624,10391619,10391619
1715733115.8870976,519962624,359,359
1715733116.887629,519962624,156,156
1715733117.8890722,519962624,0,0
1715733118.8901443,519962624,0,0
1715733119.8914812,519962624,0,0
1715733120.892881,519962624,344,344
1715733121.8939192,519962624,152,152
1715733122.8953323,519962624,0,0
1715733123.8958764,519962624,0,0
1715733124.89725,519962624,0,0
1715733125.8984902,519962624,344,344
1715733126.8998258,519962624,152,152
1715733127.9001794,519962624,0,0
1715733128.9011638,519962624,0,0
1715733129.9019198,519962624,0,0
1715733130.903123,519962624,344,344
1715733131.904574,519962624,152,152
1715733132.9058754,519962624,0,0
1715733133.9071126,519962624,355,355
1715733134.9078119,519962624,0,0
1715733135.909093,519962624,347,347
1715733136.910438,519962624,155,155
1715733137.9116943,519962624,0,0
1715733138.9129367,519962624,0,0
1715733139.914178,519962624,0,0
1715733140.9154491,519962624,344,344
1715733141.9167516,519962624,152,152
1715733142.9179173,519962624,31168826,31168826
1715733143.919332,519962624,2425,2425
1715733144.9206052,519962624,0,0
1715733145.9219656,519962624,502,502
1715733146.925149,519962624,155,155
1715733147.925977,519962624,0,0
1715733148.9272263,519962624,780,780
1715733149.9285448,519962624,41560184,41560184
1715733150.9297793,519962624,476,476
1715733151.930996,519962624,1630,1630
1715733152.9322736,519962624,1303,1303
1715733153.9335873,519962624,1478,1478
1715733154.9343183,519962624,1889,1889
1715733155.9353385,519962624,1933,1933
1715733156.9366724,519962624,1638,1638
1715733157.937219,519962624,1486,1486
1715733158.9382384,519962624,1011,1011
1715733159.9391448,519962624,1495,1495
1715733160.9401686,519962624,1802,1802
1715733161.9414396,519962624,1430,1430
1715733162.9419863,519962624,1496,1496
1715733163.9432237,519962624,1484,1484
1715733164.9446456,519962624,1238,1238
1715733165.946061,519962624,1709,1709
1715733166.9473581,519962624,1668,1668
1715733167.9480479,519962624,10390199,10390199
1715733168.949408,519962624,751,751
1715733169.9500968,519962624,10392907,10392907
1715733170.9514794,519962624,358,358
1715733171.952713,519962624,156,156
1715733172.953996,519962624,0,0
1715733173.9554317,519962624,0,0
1715733174.9566734,519962624,0,0
1715733175.958123,519962624,448,448
1715733176.9585662,519962624,91177,91177
1715733177.9599864,519962624,0,0
1715733178.9613953,519962624,0,0
1715733179.962091,519962624,0,0
1715733180.963492,519962624,510,510
1715733181.9647262,519962624,152,152
1715733182.9660947,519962624,0,0
1715733183.9675655,519962624,0,0
1715733184.9689522,519962624,0,0
1715733185.9701862,519962624,344,344
1715733186.9714296,519962624,152,152
1715733187.9727056,519962624,0,0
1715733188.973928,519962624,0,0
1715733189.9753056,519962624,0,0
1715733190.9766445,519962624,448,448
1715733191.9777465,519962624,152,152
1715733192.979176,519962624,0,0
1715733193.9805205,519962624,355,355
1715733194.9818718,519962624,0,0
1715733195.983072,519962624,347,347
1715733196.984309,519962624,155,155
1715733197.9855275,519962624,0,0
1715733198.9859242,519962624,31169552,31169552
1715733199.9872289,519962624,1738,1738
1715733200.9885485,519962624,301,301
1715733201.989989,519962624,155,155
1715733202.9912868,519962624,303,303
1715733203.992736,519962624,2000,2000
1715733204.9942358,593154048,41558560,41558560
1715733205.9957438,786898944,3001,3001
1715733206.9969063,774893568,1828,1828
1715733207.9980989,806473728,1340,1340
1715733208.999207,775041024,1212,1212
1715733209.999751,800194560,1180,1180
1715733211.0002599,756318208,1799,1799
1715733212.0015998,819257344,1492,1492
1715733213.0024333,775110656,1757,1757
1715733214.0038047,800264192,1191,1191
1715733215.0050492,775114752,1496,1496
1715733216.0061781,819265536,2195,2195
1715733217.0074975,775114752,1351,1351
1715733218.0088708,806813696,1801,1801
1715733219.0103142,775237632,1404,1404
1715733220.0115688,806547456,1208,1208
1715733221.012839,794238976,1750,1750
1715733222.0145378,806961152,2146,2146
1715733223.0159707,813264896,1626,1626
1715733224.0173862,742608896,20781975,20781975
1715733225.0179226,742608896,0,0
1715733226.019246,742608896,357,357
1715733227.0206304,742608896,155,155
1715733228.022006,742608896,0,0
1715733229.0232437,742608896,0,0
1715733230.0247014,742608896,0,0
1715733231.0260623,742608896,344,344
1715733232.0273793,742608896,152,152
1715733233.028635,742608896,0,0
1715733234.02987,742608896,0,0
1715733235.0312607,742608896,0,0
1715733236.032712,742608896,344,344
1715733237.0339444,742608896,152,152
1715733238.0353365,742608896,0,0
1715733239.0367138,742608896,0,0
1715733240.0379896,742608896,0,0
1715733241.038525,742608896,380,380
1715733242.0399868,742608896,152,152
1715733243.041389,742608896,0,0
1715733244.0419917,742608896,0,0
1715733245.043244,742608896,0,0
1715733246.0445387,742608896,344,344
1715733247.0459635,742608896,152,152
1715733248.0473585,742608896,0,0
1715733249.048629,742608896,0,0
1715733250.0498877,742608896,0,0
1715733251.0511649,742608896,344,344
1715733252.0524395,742608896,31166555,31166555
1715733253.0537367,742608896,2249,2249
1715733254.0550373,742608896,308,308
1715733255.056327,742608896,152,152
1715733256.0576577,742608896,350,350
1715733257.0579555,742608896,155,155
1715733258.0593035,742608896,0,0
1715733259.0605536,742608896,1338,1338
1715733260.0619087,742608896,31169919,31169919
1715733261.0631967,742608896,408,408
1715733262.0645099,742608896,1168,1168
1715733263.0658474,742608896,904,904
1715733264.0671923,742608896,760,760
1715733265.0685773,742608896,1457,1457
1715733266.0699236,742608896,1156,1156
1715733267.0712779,742608896,1055,1055
1715733268.0726042,742608896,1319,1319
1715733269.0739043,742608896,169,169
1715733270.075288,742608896,1775,1775
1715733271.076637,742608896,581,581
1715733272.0779984,742608896,997,997
1715733273.0793042,742608896,1264,1264
1715733274.0806534,742608896,0,0
1715733275.0820112,742608896,1956,1956
1715733276.0833569,742608896,352,352
1715733277.0846226,742608896,1882,1882
1715733278.0859468,742608896,565,565
1715733279.0872371,742608896,932,932
1715733280.088093,742608896,1185,1185
1715733281.0895627,742608896,709,709
1715733282.089936,742608896,2073,2073
1715733283.0913072,742608896,0,0
1715733284.0926316,742608896,1241,1241
1715733285.0939393,742608896,1492,1492
1715733286.095251,742608896,575,575
1715733287.0965474,742608896,1485,1485
1715733288.0978425,742608896,733,733
1715733289.0990562,742608896,1219,1219
1715733290.1003218,742608896,742,742
1715733291.101543,742608896,1419,1419
1715733292.1019828,742608896,916,916
1715733293.103277,742608896,907,907
1715733294.1045485,742608896,747,747
1715733295.1058722,742608896,758,758
1715733296.107145,742608896,1885,1885
1715733297.1084583,742608896,736,736
1715733298.109791,742608896,1373,1373
1715733299.111088,742608896,815,815
1715733300.112446,742608896,0,0
1715733301.1138287,742608896,2657,2657
1715733302.1150992,742608896,10390293,10390293
1715733303.1163807,742608896,10388498,10388498
1715733304.1176436,742608896,10392155,10392155
1715733305.1180604,742608896,622,622
1715733306.1193106,742608896,610,610
1715733307.1205745,742608896,156,156
1715733308.121125,742608896,0,0
1715733309.1220813,742608896,0,0
1715733310.1234744,742608896,0,0
1715733311.1249392,742608896,344,344
1715733312.1263518,742608896,152,152
1715733313.1277509,742608896,0,0
1715733314.129028,742608896,353,353
1715733315.1300704,742608896,0,0
1715733316.1313584,742608896,347,347
1715733317.1326327,742608896,155,155
1715733318.1339135,742608896,0,0
1715733319.1352797,742608896,0,0
1715733320.1365807,742608896,0,0
1715733321.1380274,742608896,344,344
1715733322.1394496,742608896,152,152
1715733323.1406515,742608896,351,351
1715733324.1420672,742608896,0,0
1715733325.143368,742608896,152,152
1715733326.1447563,742608896,345,345
1715733327.1459422,742608896,155,155
1715733328.147448,742608896,0,0
1715733329.1488395,742608896,0,0
1715733330.1501071,742608896,0,0
1715733331.1513638,742608896,344,344
1715733332.15269,742608896,152,152
1715733333.154017,742608896,31165047,31165047
1715733334.1552913,742608896,0,0
1715733335.1565197,742608896,303,303
1715733336.1578984,742608896,347,347
1715733337.1591656,742608896,155,155
1715733338.1604714,742608896,0,0
1715733339.16107,742739968,7525,7525
