Timestamp,MemoryUsage,NetSent,NetRecv
1715732994.2902873,511508480,0,0
1715732995.2912967,519241728,5407,5407
1715732996.2926698,519241728,512,512
1715732997.2939806,519241728,0,0
1715732998.295354,519241728,0,0
1715732999.2966146,519241728,0,0
1715733000.297935,519241728,0,0
1715733001.299318,519241728,496,496
1715733002.3005793,519241728,0,0
1715733003.302022,519241728,0,0
1715733004.3033452,519241728,0,0
1715733005.3047383,519241728,0,0
1715733006.305906,519241728,496,496
1715733007.3072894,519241728,0,0
1715733008.3086724,519241728,0,0
1715733009.3099763,519241728,0,0
1715733010.3112433,519241728,0,0
1715733011.312644,519241728,496,496
1715733012.3139431,519241728,0,0
1715733013.3153431,519241728,0,0
1715733014.3165646,519241728,300,300
1715733015.3178413,519241728,31174856,31174856
1715733016.3192513,519241728,506,506
1715733017.3206196,519241728,200,200
1715733018.321907,519241728,1589,1589
1715733019.3227284,519241728,0,0
1715733020.3239524,519241728,1769,1769
1715733021.3253133,519241728,964,964
1715733022.3259504,519241728,766,766
1715733023.3273177,519241728,1573,1573
1715733024.3286285,519241728,287,287
1715733025.3299165,519241728,2322,2322
1715733026.3312502,519241728,509,509
1715733027.3324816,519241728,528,528
1715733028.333865,519241728,663,663
1715733029.3352802,519241728,783,783
1715733030.3365278,519241728,924,924
1715733031.3378305,519241728,456,456
1715733032.3392813,519241728,1505,1505
1715733033.3402543,519241728,722,722
1715733034.3414407,519241728,780,780
1715733035.342486,519241728,1459,1459
1715733036.3435557,519241728,506,506
1715733037.3444765,519241728,1510,1510
1715733038.345535,519241728,561,561
1715733039.3468,519241728,0,0
1715733040.3476195,519241728,2446,2446
1715733041.349024,519241728,946,946
1715733042.3499315,519241728,1012,1012
1715733043.3512244,519241728,1070,1070
1715733044.3525393,519241728,304,304
1715733045.3538702,519241728,3116,3116
1715733046.3552492,519241728,512,512
1715733047.3564873,519241728,1451,1451
1715733048.3579354,519241728,360,360
1715733049.359447,519241728,788,788
1715733050.3608549,519241728,1192,1192
1715733051.3620133,519241728,656,656
1715733052.3633022,519241728,1487,1487
1715733053.3646047,519241728,566,566
1715733054.3659143,519241728,777,777
1715733055.36717,519241728,1484,1484
1715733056.3684418,519241728,1332,1332
1715733057.3697348,519241728,912,912
1715733058.3710554,519241728,759,759
1715733059.3724637,519241728,10390196,10390196
1715733060.3737292,519241728,20783804,20783804
1715733061.3749366,519241728,564,564
1715733062.3762088,519241728,0,0
1715733063.377445,519241728,151,151
1715733064.3782303,519241728,0,0
1715733065.3794773,519241728,0,0
1715733066.3807247,519241728,497,497
1715733067.3819308,519241728,0,0
1715733068.3830857,519241728,0,0
1715733069.3844564,519241728,0,0
1715733070.3857584,519241728,0,0
1715733071.3871412,519241728,496,496
1715733072.38769,519241728,0,0
1715733073.389052,519241728,0,0
1715733074.3900776,519241728,356,356
1715733075.3914788,519241728,0,0
1715733076.3927276,519241728,502,502
1715733077.3942225,519241728,0,0
1715733078.395519,519241728,0,0
1715733079.396798,519241728,0,0
1715733080.3979397,519241728,0,0
1715733081.3992395,519241728,496,496
1715733082.4006143,519241728,0,0
1715733083.4014187,519241728,353,353
1715733084.4019234,519241728,0,0
1715733085.403333,519241728,151,151
1715733086.4046316,519241728,500,500
1715733087.4059162,519241728,0,0
1715733088.40714,519241728,260,260
1715733089.4083984,603455488,31171051,31171051
1715733090.4098,809676800,0,0
1715733091.4110527,761294848,507,507
1715733092.4123638,888418304,0,0
1715733093.4161456,717647872,0,0
1715733094.417433,761651200,403,403
1715733095.4180582,752488448,41559593,41559593
1715733096.4194381,752488448,1771,1771
1715733097.4207401,752488448,1193,1193
1715733098.4220917,752488448,1483,1483
1715733099.423384,752488448,1314,1314
1715733100.424631,752488448,1640,1640
1715733101.4260793,752488448,1681,1681
1715733102.4274879,752488448,1532,1532
1715733103.4288476,752488448,1498,1498
1715733104.4300628,752488448,1810,1810
1715733105.4313996,752488448,1513,1513
1715733106.4327796,752488448,2060,2060
1715733107.434057,752488448,1511,1511
1715733108.435475,752488448,1510,1510
1715733109.436911,752488448,352,352
1715733110.4380772,752488448,1272,1272
1715733111.4394114,752488448,2366,2366
1715733112.4406846,752488448,1679,1679
1715733113.4420042,752488448,10388207,10388207
1715733114.443394,752488448,10391721,10391721
1715733115.4448252,752488448,703,703
1715733116.4463525,752488448,515,515
1715733117.4477599,752488448,0,0
1715733118.449036,752488448,0,0
1715733119.4501204,752488448,0,0
1715733120.4515738,752488448,0,0
1715733121.4529698,752488448,496,496
1715733122.4539595,752488448,0,0
1715733123.4553878,752488448,0,0
1715733124.4568524,752488448,0,0
1715733125.4580934,752488448,0,0
1715733126.4594142,752488448,496,496
1715733127.460842,752488448,0,0
1715733128.4620001,752488448,0,0
1715733129.463429,752488448,0,0
1715733130.464703,752488448,0,0
1715733131.4661274,752488448,496,496
1715733132.4674683,752488448,0,0
1715733133.4688764,752488448,0,0
1715733134.4699576,752488448,355,355
1715733135.4713588,752488448,0,0
1715733136.4728303,752488448,502,502
1715733137.4740014,752488448,0,0
1715733138.4752812,752488448,0,0
1715733139.4759521,752488448,0,0
1715733140.4772077,752488448,0,0
1715733141.4779882,752488448,496,496
1715733142.4792464,752488448,238,238
1715733143.4826696,752488448,31171013,31171013
1715733144.4840474,752488448,0,0
1715733145.4854527,752488448,153,153
1715733146.485986,752488448,504,504
1715733147.4873903,752488448,0,0
1715733148.4886894,752488448,0,0
1715733149.4899085,752488448,41557833,41557833
1715733150.4912913,752488448,3294,3294
1715733151.4918444,752488448,1199,1199
1715733152.4924061,752488448,1768,1768
1715733153.4938102,752488448,1757,1757
1715733154.495203,752488448,1731,1731
1715733155.4964895,752488448,1351,1351
1715733156.497323,752488448,1232,1232
1715733157.4980187,752488448,2069,2069
1715733158.4993405,752488448,1114,1114
1715733159.5007696,752488448,1493,1493
1715733160.5020163,752488448,1485,1485
1715733161.5034187,752488448,2209,2209
1715733162.5047772,752488448,1212,1212
1715733163.5061324,752488448,1174,1174
1715733164.507407,752488448,944,944
1715733165.5086496,752488448,1540,1540
1715733166.509946,752488448,2151,2151
1715733167.5111694,752488448,1385,1385
1715733168.5125248,752488448,10389722,10389722
1715733169.5138524,752488448,10392059,10392059
1715733170.5151474,752488448,1265,1265
1715733171.5164897,752488448,514,514
1715733172.517928,752488448,0,0
1715733173.5189965,752488448,0,0
1715733174.519608,752488448,0,0
1715733175.5208476,752488448,0,0
1715733176.5219574,752488448,91625,91625
1715733177.5230758,752488448,0,0
1715733178.5243337,752488448,0,0
1715733179.5255346,752488448,0,0
1715733180.5268118,752488448,158,158
1715733181.528012,752488448,504,504
1715733182.5292451,752488448,0,0
1715733183.5303915,752488448,0,0
1715733184.5315275,752488448,0,0
1715733185.5326517,752488448,0,0
1715733186.5338755,752488448,496,496
1715733187.535106,752488448,0,0
1715733188.5363982,752488448,0,0
1715733189.5376437,752488448,0,0
1715733190.5387673,752488448,296,296
1715733191.5398953,752488448,304,304
1715733192.541157,752488448,0,0
1715733193.5422301,752488448,0,0
1715733194.543621,752488448,355,355
1715733195.5446954,752488448,143,143
1715733196.5460572,752488448,359,359
1715733197.547215,752488448,0,0
1715733198.5485165,752488448,31166779,31166779
1715733199.549432,752488448,4511,4511
1715733200.550675,752488448,0,0
1715733201.5518029,752488448,456,456
1715733202.5529616,752488448,0,0
1715733203.5539346,752488448,303,303
1715733204.555222,752488448,2757,2757
1715733205.5566416,752488448,41560599,41560599
1715733206.5580437,752488448,2033,2033
1715733207.5593853,752488448,999,999
1715733208.560777,752488448,1197,1197
1715733209.562051,752488448,1174,1174
1715733210.5634654,752488448,1598,1598
1715733211.5648751,752488448,1703,1703
1715733212.5659697,752488448,1444,1444
1715733213.5673075,752488448,1500,1500
1715733214.5684245,752488448,1496,1496
1715733215.5699391,752488448,1642,1642
1715733216.5712972,752488448,1899,1899
1715733217.5725887,752488448,1502,1502
1715733218.573955,752488448,1447,1447
1715733219.575263,752488448,1462,1462
1715733220.5765853,752488448,1169,1169
1715733221.5779297,752488448,2153,2153
1715733222.5795212,752488448,1781,1781
1715733223.5807536,752488448,20780764,20780764
1715733224.5819697,752488448,1993,1993
1715733225.5831625,752488448,199,199
1715733226.5844593,752488448,313,313
1715733227.5849671,752488448,0,0
1715733228.5860918,752488448,0,0
1715733229.5869467,752488448,0,0
1715733230.5883815,752488448,192,192
1715733231.5896735,752488448,304,304
1715733232.5905497,752488448,0,0
1715733233.5917907,752488448,0,0
1715733234.5930784,752488448,0,0
1715733235.5939271,752488448,192,192
1715733236.5953112,752488448,304,304
1715733237.596716,752488448,0,0
1715733238.597963,752488448,0,0
1715733239.5993664,752488448,0,0
1715733240.600481,752488448,228,228
1715733241.6017668,752488448,304,304
1715733242.6031575,752488448,0,0
1715733243.6047213,752488448,0,0
1715733244.6060526,752488448,0,0
1715733245.607302,752488448,192,192
1715733246.6087143,752488448,304,304
1715733247.6099234,752488448,0,0
1715733248.6104517,752488448,0,0
1715733249.6118395,752488448,0,0
1715733250.6128466,752488448,0,0
1715733251.613919,752488448,496,496
1715733252.6152983,752488448,31167253,31167253
1715733253.616761,752488448,1399,1399
1715733254.6179378,752488448,460,460
1715733255.6192453,752488448,350,350
1715733256.6227956,752488448,155,155
1715733257.6241944,752488448,0,0
1715733258.6250787,752488448,0,0
1715733259.6259336,752488448,31169678,31169678
1715733260.6272354,752488448,1987,1987
1715733261.6285565,752488448,963,963
1715733262.6299021,752488448,802,802
1715733263.630789,752488448,307,307
1715733264.6320925,752488448,1654,1654
1715733265.6333961,752488448,1139,1139
1715733266.6339717,752488448,905,905
1715733267.6353838,752488448,1292,1292
1715733268.63665,752488448,757,757
1715733269.6380057,752488448,1466,1466
1715733270.63929,752488448,1059,1059
1715733271.6405816,752488448,155,155
1715733272.6419008,752488448,2106,2106
1715733273.6423304,752488448,0,0
1715733274.6430175,752488448,1956,1956
1715733275.6443777,752488448,352,352
1715733276.6450286,752488448,1126,1126
1715733277.6460066,752488448,1321,1321
1715733278.6473253,752488448,177,177
1715733279.6482017,752488448,1441,1441
1715733280.649529,752488448,854,854
1715733281.6499333,752488448,1036,1036
1715733282.6513057,752488448,1391,1391
1715733283.6526742,752488448,0,0
1715733284.6539636,752488448,2733,2733
1715733285.6553922,752488448,404,404
1715733286.656669,752488448,1071,1071
1715733287.657929,752488448,1041,1041
1715733288.6592386,752488448,1010,1010
1715733289.6605122,752488448,766,766
1715733290.6619318,752488448,1213,1213
1715733291.6632044,752488448,1584,1584
1715733292.6646588,752488448,735,735
1715733293.6659482,752488448,739,739
1715733294.6672094,752488448,770,770
1715733295.668462,752488448,1541,1541
1715733296.6698098,752488448,1248,1248
1715733297.6710682,752488448,171,171
1715733298.6724806,752488448,2017,2017
1715733299.6738734,752488448,0,0
1715733300.675108,752488448,1734,1734
1715733301.6766071,752488448,10390373,10390373
1715733302.6778626,752488448,10388684,10388684
1715733303.6792872,752488448,10392812,10392812
1715733304.6803744,752488448,432,432
1715733305.6817937,752488448,800,800
1715733306.6832216,752488448,156,156
1715733307.6844723,752488448,0,0
1715733308.6858683,752488448,0,0
1715733309.6871006,752488448,0,0
1715733310.688368,752488448,344,344
1715733311.6898656,752488448,152,152
1715733312.6911426,752488448,0,0
1715733313.6925173,752488448,0,0
1715733314.693992,752488448,353,353
1715733315.6943035,752488448,347,347
1715733316.6956205,752488448,155,155
1715733317.696183,752488448,0,0
1715733318.6973107,752488448,0,0
1715733319.6980417,752488448,0,0
1715733320.6992762,752488448,344,344
1715733321.7006974,752488448,152,152
1715733322.702109,752488448,0,0
1715733323.7035112,752488448,351,351
1715733324.7049136,752488448,0,0
1715733325.7060645,752488448,497,497
1715733326.7074912,752488448,155,155
1715733327.7087739,752488448,0,0
1715733328.7099872,752488448,0,0
1715733329.7110066,752488448,0,0
1715733330.7125194,752488448,344,344
1715733331.7130783,752488448,152,152
1715733332.714044,752488448,31163712,31163712
1715733333.715328,752488448,1335,1335
1715733334.715926,752488448,0,0
1715733335.717361,752488448,650,650
1715733336.7179785,752488448,155,155
1715733337.7192712,752488448,0,0
1715733338.7204862,752488448,0,0
