Timestamp,MemoryUsage,NetSent,NetRecv
1715734623.5955472,541073408,0,0
1715734624.5967972,548544512,23795,23795
1715734625.5979438,548544512,200,200
1715734626.5992312,548544512,1149,1149
1715734627.6005208,548544512,2460,2460
1715734628.6008122,548544512,772,772
1715734629.602124,548544512,3025,3025
1715734630.6032147,548544512,2318,2318
1715734631.6044931,548544512,6976,6976
1715734632.605758,548544512,1275,1275
1715734633.6071675,548544512,3177,3177
1715734634.60832,548544512,491,491
1715734635.6095746,548544512,253,253
1715734636.6101124,548544512,315,315
1715734637.6115134,548544512,547,547
1715734638.61275,548544512,6528,6528
1715734639.6141553,548544512,2971,2971
1715734640.6151028,548544512,1120,1120
1715734641.6165082,548544512,316,316
1715734642.6180046,548544512,0,0
1715734643.6193666,548544512,371,371
1715734644.6207328,548544512,516,516
1715734645.6219013,548544512,605,605
1715734646.62316,548544512,51951763,51951763
1715734647.6244118,548544512,978,978
1715734648.6251605,548544512,1078,1078
1715734649.626028,548544512,461,461
1715734650.6274028,548544512,950,950
1715734651.6279476,548544512,1163,1163
1715734652.6293163,548544512,1335,1335
1715734653.6300685,548544512,772,772
1715734654.6315448,548544512,997,997
1715734655.6329582,548544512,1934,1934
1715734656.6340404,548544512,1281,1281
1715734657.6354318,548544512,1365,1365
1715734658.6370049,548544512,960,960
1715734659.6379275,548544512,10393060,10393060
1715734660.639313,548544512,146,146
1715734661.6407077,548544512,717,717
1715734662.642111,548544512,0,0
1715734663.6433523,548544512,152,152
1715734664.644828,548544512,351,351
1715734665.6459856,548544512,197,197
1715734666.6473663,548544512,307,307
1715734667.6479445,548544512,0,0
1715734668.6491776,548544512,0,0
1715734669.6500967,548544512,0,0
1715734670.6513677,548544512,296,296
1715734671.652779,548544512,304,304
1715734672.653915,548544512,0,0
1715734673.6553247,548544512,0,0
1715734674.6566498,548544512,0,0
1715734675.6580355,548544512,192,192
1715734676.6594021,548544512,304,304
1715734677.6608448,548544512,0,0
1715734678.6619744,548544512,0,0
1715734679.6633308,548544512,0,0
1715734680.664573,548544512,344,344
1715734681.6660023,548544512,152,152
1715734682.6664088,548544512,286,286
1715734683.6676528,548544512,0,0
1715734684.6689677,548544512,0,0
1715734685.6700416,548544512,496,496
1715734686.671322,548544512,155,155
1715734687.6726668,548544512,31169944,31169944
1715734688.6740887,548544512,0,0
1715734689.6749942,548544512,153,153
1715734690.6762633,548544512,499,499
1715734691.6776435,548544512,155,155
1715734692.6780071,548544512,377,377
1715734693.6792214,548544512,31169526,31169526
1715734694.680122,548544512,10392551,10392551
1715734695.6806066,548544512,1833,1833
1715734696.6820848,548544512,1657,1657
1715734697.6834972,548544512,1453,1453
1715734698.684213,548544512,1447,1447
1715734699.685554,548544512,1462,1462
1715734700.6859825,548544512,1217,1217
1715734701.68745,548544512,1498,1498
1715734702.6887288,548544512,338,338
1715734703.6899822,548544512,489,489
1715734704.6913369,548544512,495,495
1715734705.6927521,548544512,1043,1043
1715734706.694084,548544512,3190,3190
1715734707.6954446,548544512,92779,92779
1715734708.6967146,548544512,354,354
1715734709.6979804,548544512,510,510
1715734710.6992714,548544512,2142,2142
1715734711.7007055,548544512,515,515
1715734712.7017725,548544512,807,807
1715734713.7031217,548544512,20777659,20777659
1715734714.7043724,548544512,0,0
1715734715.7058668,548544512,347,347
1715734716.7071707,548544512,152,152
1715734717.70855,548544512,1490,1490
1715734718.7098103,548544512,0,0
1715734719.7110748,548544512,303,303
1715734720.7124403,548544512,346,346
1715734721.7138267,548544512,511,511
1715734722.715071,548544512,0,0
1715734723.71638,548544512,151,151
1715734724.71783,548544512,355,355
1715734725.719061,548544512,1390,1390
1715734726.7203329,548544512,155,155
1715734727.7217617,548544512,151,151
1715734728.7222605,548544512,0,0
1715734729.7236798,548544512,0,0
1715734730.7245543,548544512,345,345
1715734731.7259831,548544512,152,152
1715734732.7275012,548544512,0,0
1715734733.7288291,548544512,0,0
1715734734.7300951,548544512,0,0
1715734735.7314854,548544512,344,344
1715734736.732919,548544512,3601,3601
1715734737.7340906,548544512,0,0
1715734738.7347872,548544512,0,0
1715734739.7351894,548544512,152,152
1715734740.736563,548544512,345,345
1715734741.7376375,548544512,31165701,31165701
1715734742.7379405,548544512,1552,1552
1715734743.739195,548544512,0,0
1715734744.7406461,548544512,151,151
1715734745.7419064,548544512,498,498
1715734746.743275,548544512,155,155
1715734747.744535,548544512,0,0
1715734748.7458274,548544512,31170557,31170557
1715734749.7471516,548544512,730,730
1715734750.7484403,548544512,1362,1362
1715734751.7498357,548544512,1165,1165
1715734752.7510905,548544512,470,470
1715734753.7525213,548544512,949,949
1715734754.7533212,548544512,0,0
1715734755.7539933,548544512,1524,1524
1715734756.7552826,548544512,1215,1215
1715734757.7565467,548544512,783,783
1715734758.7576694,548544512,726,726
1715734759.758147,548544512,726,726
1715734760.759403,548544512,1066,1066
1715734761.7606552,548544512,608,608
1715734762.762039,548544512,767,767
1715734763.7633302,548544512,1311,1311
1715734764.7645774,548544512,165,165
1715734765.7658553,548544512,2615,2615
1715734766.7672594,548544512,156,156
1715734767.7686384,548544512,973,973
1715734768.7700467,548544512,1321,1321
1715734769.7713406,548544512,168,168
1715734770.7726405,548544512,1588,1588
1715734771.7740068,548544512,889,889
1715734772.7753243,548544512,1192,1192
1715734773.7766204,548544512,336,336
1715734774.7779126,548544512,172,172
1715734775.779172,548544512,2328,2328
1715734776.7805934,548544512,898,898
1715734777.7820108,548544512,927,927
1715734778.783299,548544512,1317,1317
1715734779.7845926,548544512,167,167
1715734780.7859285,548544512,1094,1094
1715734781.78719,548544512,1529,1529
1715734782.788595,548544512,167,167
1715734783.7898836,548544512,497,497
1715734784.791175,548544512,673,673
1715734785.792443,548544512,1640,1640
1715734786.7938628,548544512,1169,1169
1715734787.795117,548544512,458,458
1715734788.7965183,548544512,1775,1775
1715734789.7979093,548544512,0,0
1715734790.7991688,548544512,1161,1161
1715734791.8003876,548544512,155,155
1715734792.8016734,548544512,603,603
1715734793.8019824,548544512,1955,1955
1715734794.8032353,548544512,20779083,20779083
1715734795.8046083,548544512,10392620,10392620
1715734796.8060331,548544512,156,156
1715734797.8074472,548544512,0,0
1715734798.8088338,548544512,152,152
1715734799.8100936,548544512,0,0
1715734800.811509,548544512,348,348
1715734801.8127499,548544512,152,152
1715734802.8140776,548544512,0,0
1715734803.8154485,548544512,0,0
1715734804.8160672,548544512,0,0
1715734805.8173075,548544512,344,344
1715734806.8180392,548544512,152,152
1715734807.8192775,548544512,0,0
1715734808.8204265,548544512,0,0
1715734809.8218875,548544512,0,0
1715734810.8232377,548544512,344,344
1715734811.8246315,548544512,152,152
1715734812.8258898,548544512,0,0
1715734813.8272624,548544512,0,0
1715734814.828603,548544512,0,0
1715734815.8296852,548544512,152,152
1715734816.8311172,548544512,344,344
1715734817.8325086,548544512,0,0
1715734818.8338127,548544512,0,0
1715734819.8350549,548544512,0,0
1715734820.8363283,548544512,344,344
1715734821.8378153,548544512,152,152
1715734822.8389096,548544512,0,0
1715734823.8399475,548544512,0,0
1715734824.8412597,548544512,31168154,31168154
1715734825.8419788,548544512,643,643
1715734826.8434088,548544512,155,155
1715734827.8447459,548544512,0,0
1715734828.8459892,548544512,0,0
1715734829.8472543,548544512,0,0
1715734830.8487644,548544512,1150,1150
1715734831.849975,725540864,51948387,51948387
1715734832.8512712,745717760,957,957
1715734833.8520598,850632704,1800,1800
1715734834.8532836,798531584,1983,1983
1715734835.8542268,974786560,1106,1106
1715734836.8555417,790204416,1539,1539
1715734837.8569264,959926272,1566,1566
1715734838.8582425,768831488,1248,1248
1715734839.8595448,840368128,940,940
1715734840.8611019,815144960,525,525
1715734841.8622253,978980864,1532,1532
1715734842.8636403,764989440,1319,1319
1715734843.8649862,724393984,356,356
1715734844.865964,744120320,10391569,10391569
1715734845.8667657,744120320,353,353
1715734846.8682315,744120320,155,155
1715734847.8695877,744120320,0,0
1715734848.870101,744120320,0,0
1715734849.8713567,744120320,0,0
1715734850.8727248,744120320,152,152
1715734851.8740952,744120320,344,344
1715734852.875065,744120320,0,0
1715734853.876371,744120320,0,0
1715734854.8770816,744120320,0,0
1715734855.878099,744120320,344,344
1715734856.8794017,744120320,152,152
1715734857.8808143,744120320,0,0
1715734858.8823807,744120320,0,0
1715734859.8832135,744120320,0,0
1715734860.8845801,744120320,344,344
1715734861.886107,744120320,152,152
1715734862.8875487,744120320,0,0
1715734863.888808,744120320,0,0
1715734864.8901162,744120320,0,0
1715734865.8915243,744120320,448,448
1715734866.8927722,744120320,152,152
1715734867.8940797,744120320,0,0
1715734868.8953416,744120320,0,0
1715734869.8966494,744120320,0,0
1715734870.8979645,744120320,448,448
1715734871.8991973,744120320,31163813,31163813
1715734872.9005115,744120320,3525,3525
1715734873.901827,744120320,0,0
1715734874.9031165,744120320,152,152
1715734875.904425,744120320,499,499
1715734876.905764,744120320,155,155
1715734877.9069998,744120320,0,0
1715734878.9082305,744120320,31165616,31165616
1715734879.9086595,744120320,1974,1974
1715734880.9099362,744120320,353,353
1715734881.9104812,744120320,651,651
1715734882.9117658,744120320,660,660
1715734883.9130054,744120320,1405,1405
1715734884.9140887,744120320,1278,1278
1715734885.915406,744120320,357,357
1715734886.916647,744120320,1832,1832
1715734887.917949,744120320,562,562
1715734888.919178,744120320,901,901
1715734889.9204726,744120320,1283,1283
1715734890.921768,744120320,352,352
1715734891.9230714,744120320,1262,1262
1715734892.9299123,744120320,1122,1122
1715734893.9309075,744120320,170,170
1715734894.9321206,744120320,1976,1976
1715734895.9331825,744120320,402,402
1715734896.9344356,744120320,1056,1056
1715734897.9357584,744120320,1230,1230
1715734898.936858,744120320,0,0
1715734899.9380157,744120320,1833,1833
1715734900.938876,744120320,966,966
1715734901.9399264,744120320,503,503
1715734902.9410017,744120320,1350,1350
1715734903.9419448,744120320,1036,1036
1715734904.943103,744120320,335,335
1715734905.9444647,744120320,1161,1161
1715734906.9456313,744120320,895,895
1715734907.9468775,744120320,1291,1291
1715734908.948193,744120320,177,177
1715734909.9492958,744120320,1482,1482
1715734910.9505947,744120320,932,932
1715734911.9516351,744120320,1303,1303
1715734912.9528368,744120320,1298,1298
1715734913.9607143,744120320,181,181
1715734914.9620063,744120320,2049,2049
1715734915.9633863,744120320,304,304
1715734916.9647007,744120320,920,920
1715734917.965986,744120320,913,913
1715734918.9673417,744120320,746,746
1715734919.968652,744120320,2048,2048
1715734920.9699497,744120320,300,300
1715734921.9712458,744120320,500,500
1715734922.9725537,744120320,506,506
1715734923.9740808,744120320,677,677
1715734924.9753654,744120320,1098,1098
1715734925.9767458,744120320,31173657,31173657
1715734926.978079,744120320,156,156
1715734927.9795375,744120320,151,151
1715734928.9809299,744120320,0,0
1715734929.9823258,744120320,152,152
1715734930.983594,744120320,346,346
1715734931.984924,744120320,152,152
1715734932.9863734,744120320,0,0
1715734933.9878435,744120320,0,0
1715734934.9881716,744120320,0,0
1715734935.9896188,744120320,344,344
1715734936.9903514,744120320,152,152
1715734937.991716,744120320,0,0
1715734938.9929528,744120320,0,0
1715734939.9939644,744120320,0,0
1715734940.995245,744120320,344,344
1715734941.9964921,744120320,152,152
1715734942.9979162,744120320,0,0
1715734943.998904,744120320,0,0
1715734945.0003068,744120320,0,0
1715734946.0011156,744120320,448,448
1715734947.0020201,744120320,152,152
1715734948.003402,744120320,0,0
1715734949.0043957,744120320,0,0
1715734950.0056393,744120320,0,0
1715734951.006926,744120320,344,344
1715734952.0082278,744120320,152,152
1715734953.0096447,744120320,0,0
1715734954.0108814,744120320,237,237
1715734955.0121787,744120320,31167644,31167644
1715734956.013478,744120320,408,408
1715734957.013938,744120320,155,155
1715734958.015345,744120320,449,449
1715734959.0165856,744120320,0,0
1715734960.017965,744120320,0,0
