Timestamp,MemoryUsage,NetSent,NetRecv
1715729257.1871219,512589824,0,0
1715729258.188165,520192000,16875,16875
1715729259.1894217,520192000,0,0
1715729260.1903126,520192000,5081,5081
1715729261.1915636,520192000,3910,3910
1715729262.1919732,520192000,4688,4688
1715729263.193065,520192000,1989,1989
1715729264.1939647,520192000,2636,2636
1715729265.1952198,520192000,331,331
1715729266.1963038,520192000,1752,1752
1715729267.1977758,520192000,0,0
1715729268.1991394,520192000,0,0
1715729269.2003512,520192000,0,0
1715729270.2016876,520192000,15294,15294
1715729271.2030847,520192000,6247,6247
1715729272.2044926,520192000,3571,3571
1715729273.2058856,520192000,2982,2982
1715729274.2070794,520192000,1934,1934
1715729275.208608,520323072,3084,3084
1715729276.2099917,520323072,1058,1058
1715729277.2112079,520323072,4700,4700
1715729278.212577,520323072,714,714
1715729279.2138114,520323072,0,0
1715729280.2150183,520323072,31176140,31176140
1715729281.2162764,520454144,13202,13202
1715729282.2175186,520454144,4857,4857
1715729283.218037,520454144,2331,2331
1715729284.2202537,520454144,3639,3639
1715729285.2213438,520454144,5880,5880
1715729286.222645,520454144,2517,2517
1715729287.2236013,520454144,16340,16340
1715729288.2247398,520454144,10951,10951
1715729289.225932,520454144,2755,2755
1715729290.2273529,520454144,2227,2227
1715729291.2286315,520454144,3314,3314
1715729292.2299044,520454144,3276,3276
1715729293.2311482,520454144,3781,3781
1715729294.2324207,520454144,2518,2518
1715729295.233652,520454144,3355,3355
1715729296.2339823,520454144,6575,6575
1715729297.2353506,520454144,3013,3013
1715729298.236725,520454144,4115,4115
1715729299.2379687,520454144,3045,3045
1715729300.2394454,520454144,1889,1889
1715729301.240833,520454144,510,510
1715729302.241945,520454144,538,538
1715729303.24228,520454144,8322,8322
1715729304.243511,520454144,4030,4030
1715729305.2447913,520454144,7800,7800
1715729306.2459466,520454144,6716,6716
1715729307.2463984,520454144,5816,5816
1715729308.247675,520454144,3721,3721
1715729309.248895,520454144,1584,1584
1715729310.2500496,520454144,1156,1156
1715729311.2512932,520454144,693,693
1715729312.2525198,520454144,2135,2135
1715729313.2537854,520454144,0,0
1715729314.2551332,520454144,1873,1873
1715729315.2563932,520454144,286,286
1715729316.2576382,520454144,2035,2035
1715729317.2579448,520454144,4683,4683
1715729318.2592547,520454144,7116,7116
1715729319.2605124,520454144,2632,2632
1715729320.261872,520454144,1060,1060
1715729321.2631133,520454144,5319,5319
1715729322.264456,520454144,10393065,10393065
1715729323.2657015,520454144,10392299,10392299
1715729324.2665222,520454144,10393987,10393987
1715729325.2680182,520454144,0,0
1715729326.268414,520454144,516,516
1715729327.2689404,520454144,0,0
1715729328.270246,520454144,0,0
1715729329.2715151,520454144,0,0
1715729330.272781,520454144,0,0
1715729331.273866,520454144,1897,1897
1715729332.275222,520454144,0,0
1715729333.276631,520454144,641,641
1715729334.2780652,520454144,152,152
1715729335.2792819,520454144,0,0
1715729336.280553,520454144,500,500
1715729337.2815554,520454144,0,0
1715729338.2819633,520454144,0,0
1715729339.2833877,520454144,0,0
1715729340.2846494,520454144,0,0
1715729341.2859235,520454144,496,496
1715729342.2871325,520454144,0,0
1715729343.2885416,520454144,0,0
1715729344.2898242,520454144,0,0
1715729345.2906713,520454144,0,0
1715729346.292024,520454144,496,496
1715729347.2932885,520454144,0,0
1715729348.2939565,520454144,0,0
1715729349.2951634,520454144,0,0
1715729350.2965405,520454144,0,0
1715729351.2978258,520454144,496,496
1715729352.3048823,546455552,31167018,31167018
1715729353.3060145,764997632,3645,3645
1715729354.3073473,674344960,0,0
1715729355.308592,877977600,305,305
1715729356.3099318,711917568,502,502
1715729357.3112361,876830720,0,0
1715729358.3125124,732114944,0,0
1715729359.313731,678072320,31170197,31170197
1715729360.3150783,741560320,3702,3702
1715729361.3163424,735342592,705,705
1715729362.3175876,886820864,2089,2089
1715729363.3179617,812228608,0,0
1715729364.319183,780611584,1109,1109
1715729365.3202293,856096768,1116,1116
1715729366.3214617,805957632,1338,1338
1715729367.3219767,806203392,1182,1182
1715729368.3232012,799797248,191,191
1715729369.324593,1034633216,1206,1206
1715729370.3272994,816742400,562,562
1715729371.3286097,859344896,1507,1507
1715729372.3300164,795643904,805,805
1715729373.330736,776507392,779,779
1715729374.3319576,795688960,1457,1457
1715729375.333331,801841152,780,780
1715729376.333997,801222656,1299,1299
1715729377.3352456,768958464,926,926
1715729378.336551,909385728,590,590
1715729379.3378055,788140032,1469,1469
1715729380.3390567,794300416,1523,1523
1715729381.3396661,939974656,2375,2375
1715729382.340936,819175424,0,0
1715729383.3419318,880017408,1982,1982
1715729384.3432095,825753600,561,561
1715729385.3444777,758411264,950,950
1715729386.345854,1005289472,1800,1800
1715729387.347105,808607744,0,0
1715729388.3484852,915423232,1812,1812
1715729389.3497796,838840320,0,0
1715729390.351102,788451328,2196,2196
1715729391.3524642,901697536,507,507
1715729392.353674,794193920,1718,1718
1715729393.355043,945135616,562,562
1715729394.3563035,794005504,0,0
1715729395.3572817,1230397440,1629,1629
1715729396.3579848,851070976,698,698
1715729397.3592765,928727040,2117,2117
1715729398.360527,945442816,0,0
1715729399.3617518,794300416,1828,1828
1715729400.3630133,940109824,784,784
1715729401.3643374,794308608,1339,1339
1715729402.3658113,746483712,20782282,20782282
1715729403.3670373,746483712,10391147,10391147
1715729404.3682933,746483712,0,0
1715729405.369151,746483712,304,304
1715729406.3698866,746483712,503,503
1715729407.3713932,746483712,0,0
1715729408.3726587,746483712,0,0
1715729409.3740838,746483712,0,0
1715729410.37551,746483712,0,0
1715729411.376394,746483712,496,496
1715729412.3777966,746483712,0,0
1715729413.3790166,746483712,355,355
1715729414.3803365,746483712,0,0
1715729415.3816025,746483712,151,151
1715729416.3820589,746483712,500,500
1715729417.3835092,746483712,0,0
1715729418.3848453,746483712,0,0
1715729419.3860834,746483712,0,0
1715729420.3872976,746483712,349,349
1715729421.3887596,746483712,502,502
1715729422.3900719,746483712,0,0
1715729423.39149,746483712,0,0
1715729424.3927624,746483712,335,335
1715729425.3940485,746483712,0,0
1715729426.395408,746483712,502,502
1715729427.3966615,746483712,0,0
1715729428.3975132,746483712,0,0
1715729429.3980327,746483712,0,0
1715729430.3993185,746483712,0,0
1715729431.4005115,746483712,738,738
1715729432.4019706,746483712,31167686,31167686
1715729433.40326,746483712,0,0
1715729434.4045393,746483712,151,151
1715729435.40588,746483712,151,151
1715729436.4072642,746483712,502,502
1715729437.408607,746483712,0,0
1715729438.4098396,767062016,31166026,31166026
1715729439.410936,915783680,1409,1409
1715729440.4122484,846303232,303,303
1715729441.413603,817537024,3129,3129
1715729442.4139977,922222592,0,0
1715729443.41523,836108288,1778,1778
1715729444.4166002,956293120,727,727
1715729445.4177487,836096000,339,339
1715729446.419041,1107034112,2212,2212
1715729447.4203036,862515200,0,0
1715729448.4219213,970567680,2200,2200
1715729449.4232152,918130688,0,0
1715729450.4244401,836530176,1076,1076
1715729451.4257112,1249423360,1639,1639
1715729452.42643,855101440,480,480
1715729453.4277537,970706944,1737,1737
1715729454.4290197,935084032,177,177
1715729455.4299643,836620288,913,913
1715729456.4313593,1150320640,1697,1697
1715729457.4326303,855334912,761,761
1715729458.433985,836325376,1467,1467
1715729459.4352856,847335424,764,764
1715729460.4365375,836485120,153,153
1715729461.4378507,1140924416,2868,2868
1715729462.4390783,817995776,52,52
1715729463.4404132,836460544,1319,1319
1715729464.4417303,987656192,923,923
1715729465.4429967,836464640,327,327
1715729466.4443398,1000337408,2421,2421
1715729467.4446723,836673536,1634,1634
1715729468.4459186,981204992,1912,1912
1715729469.4472034,918351872,862,862
1715729470.4484603,836407296,504,504
1715729471.4497838,836710400,2014,2014
1715729472.4510522,855228416,0,0
1715729473.4523215,1033646080,2478,2478
1715729474.4536777,918237184,0,0
1715729475.4538953,836427776,1833,1833
1715729476.455172,922279936,926,926
1715729477.4578917,836767744,918,918
1715729478.459286,912130048,1340,1340
1715729479.4605572,836747264,0,0
1715729480.461862,980512768,1925,1925
1715729481.4630988,836595712,10391145,10391145
1715729482.4643056,828239872,20780466,20780466
1715729483.4655273,828239872,893,893
1715729484.4659035,828239872,0,0
1715729485.4672496,828239872,463,463
1715729486.4685895,828239872,349,349
1715729487.4698558,828239872,0,0
1715729488.471064,828239872,0,0
1715729489.4723587,828239872,0,0
1715729490.4737434,828239872,152,152
1715729491.4750838,828239872,344,344
1715729492.476456,828239872,0,0
1715729493.4777467,828239872,0,0
1715729494.47911,828239872,0,0
1715729495.4795654,828239872,152,152
1715729496.4809217,828239872,448,448
1715729497.4818795,828239872,0,0
1715729498.4826732,828239872,0,0
1715729499.4830413,828239872,0,0
1715729500.4842668,828239872,507,507
1715729501.4853418,828239872,350,350
1715729502.4860983,828239872,0,0
1715729503.4873433,828239872,654,654
1715729504.4886348,828239872,0,0
1715729505.4899359,828239872,251,251
1715729506.4911273,828239872,400,400
1715729507.492499,828239872,0,0
1715729508.4932978,828239872,0,0
1715729509.4939067,828239872,0,0
1715729510.4950573,828239872,152,152
1715729511.4963164,828239872,344,344
1715729512.497736,828239872,31170972,31170972
1715729513.4989944,828239872,970,970
1715729514.5002782,828239872,0,0
1715729515.501735,828239872,456,456
1715729516.5029597,828239872,349,349
1715729517.504267,828239872,0,0
1715729518.508488,834269184,31166060,31166060
1715729519.5097988,909545472,6496,6496
1715729520.5110688,809287680,157,157
1715729521.5123355,928636928,1995,1995
1715729522.5135634,934785024,764,764
1715729523.5138993,852914176,751,751
1715729524.5151641,949542912,892,892
1715729525.5164573,878211072,889,889
1715729526.5177236,1012498432,1724,1724
1715729527.5190759,884543488,729,729
1715729528.5194151,822808576,924,924
1715729529.5206583,1010204672,1022,1022
1715729530.5219395,872931328,1189,1189
1715729531.5232368,948629504,1136,1136
1715729532.524512,898277376,1670,1670
1715729533.5258358,1042505728,0,0
1715729534.5270977,849809408,1504,1504
1715729535.5285273,1034608640,1037,1037
1715729536.5297909,881434624,386,386
1715729537.531085,1156284416,2124,2124
1715729538.5323617,845754368,177,177
1715729539.5336354,1086865408,2387,2387
1715729540.5339737,876994560,820,820
1715729541.5353265,876339200,993,993
1715729542.536614,808976384,1316,1316
1715729543.5369499,809005056,0,0
1715729544.53795,1256407040,1970,1970
1715729545.5391278,909561856,301,301
1715729546.5403285,852946944,1316,1316
1715729547.5415995,1004003328,1184,1184
1715729548.541995,846307328,170,170
1715729549.5432596,919916544,2083,2083
1715729550.5445216,953532416,404,404
1715729551.5458336,852873216,92456,92456
1715729552.5499613,886386688,972,972
1715729553.551207,852779008,197,197
1715729554.5524728,953700352,2074,2074
1715729555.5537472,906375168,306,306
1715729556.554985,852910080,2521,2521
1715729557.5562415,928821248,0,0
1715729558.557463,852955136,940,940
1715729559.5579941,1138126848,1329,1329
1715729560.5592735,846528512,708,708
1715729561.5605063,784121856,10390667,10390667
1715729562.561899,784121856,1547,1547
1715729563.5632894,784121856,20780334,20780334
1715729564.5645294,784121856,0,0
1715729565.5658183,784121856,507,507
1715729566.5671735,784121856,156,156
1715729567.5684023,784121856,0,0
1715729568.5697904,784121856,0,0
1715729569.5711591,784121856,216,216
1715729570.5723808,784121856,344,344
1715729571.573795,784121856,152,152
1715729572.5751584,784121856,0,0
1715729573.5763783,784121856,0,0
1715729574.5777988,784121856,0,0
1715729575.579158,784121856,344,344
1715729576.5803864,784121856,152,152
1715729577.5818253,784121856,0,0
1715729578.5830598,784121856,0,0
1715729579.584294,784121856,0,0
1715729580.5855777,784121856,344,344
1715729581.5864463,784121856,152,152
1715729582.5876875,784121856,0,0
1715729583.5890307,784121856,0,0
1715729584.590117,784121856,0,0
1715729585.5913446,784121856,152,152
1715729586.5927196,784121856,344,344
1715729587.594054,784121856,0,0
1715729588.5953348,784121856,0,0
1715729589.5967436,784121856,0,0
1715729590.598053,784121856,344,344
1715729591.5994236,784121856,152,152
1715729592.6005943,784121856,271,271
1715729593.601117,784121856,31169120,31169120
1715729594.602055,784121856,0,0
1715729595.603311,784121856,502,502
1715729596.6046946,784121856,155,155
1715729597.6059897,784121856,0,0
1715729598.6073408,784121856,0,0
1715729599.6086743,784121856,41558656,41558656
1715729600.609983,784121856,2545,2545
1715729601.611328,784121856,1651,1651
1715729602.6127396,784121856,1454,1454
1715729603.6139748,784121856,1264,1264
1715729604.6153522,784121856,1500,1500
1715729605.6167932,784121856,1672,1672
1715729606.6179402,784121856,1908,1908
1715729607.6191921,784121856,1508,1508
1715729608.620499,784121856,1506,1506
1715729609.621756,784121856,1502,1502
1715729610.6230974,784121856,1608,1608
1715729611.6244168,784121856,1656,1656
1715729612.6256828,784121856,1507,1507
1715729613.6260068,784121856,1496,1496
1715729614.627402,784121856,1374,1374
1715729615.6288772,784121856,2240,2240
1715729616.6300342,784121856,1381,1381
1715729617.6313877,784121856,1514,1514
1715729618.6328056,784121856,10390647,10390647
1715729619.634092,784121856,10392543,10392543
1715729620.635336,784121856,791,791
1715729621.636314,784121856,208,208
1715729622.63776,784121856,0,0
1715729623.6389947,784121856,352,352
1715729624.6402683,784121856,0,0
1715729625.6414833,784121856,497,497
1715729626.641983,784121856,155,155
1715729627.6435156,784121856,0,0
1715729628.6448903,784121856,0,0
1715729629.6460767,784121856,0,0
1715729630.6473424,784121856,344,344
1715729631.6486561,784121856,152,152
1715729632.649686,784121856,0,0
1715729633.6511142,784121856,0,0
1715729634.6523907,784121856,0,0
1715729635.6536438,784121856,344,344
1715729636.6540365,784121856,152,152
1715729637.6554153,784121856,0,0
1715729638.6567955,784121856,0,0
1715729639.6580243,784121856,0,0
1715729640.659275,784121856,344,344
1715729641.6607955,784121856,152,152
1715729642.6620386,784121856,0,0
1715729643.6623654,784121856,0,0
1715729644.6630747,784121856,0,0
1715729645.664314,784121856,344,344
1715729646.6655467,784121856,152,152
1715729647.6661549,784121856,0,0
1715729648.6674771,941113344,31169392,31169392
1715729649.6679776,911982592,0,0
1715729650.6692421,830189568,351,351
1715729651.6701071,947507200,155,155
1715729652.671335,880283648,0,0
1715729653.6727502,955928576,353,353
