Timestamp,MemoryUsage,NetSent,NetRecv
1715730012.1094453,512528384,0,0
1715730013.1101365,519868416,8378,8378
1715730014.1115534,519868416,0,0
1715730015.1129723,519868416,157,157
1715730016.114359,519868416,660,660
1715730017.1157455,519868416,0,0
1715730018.1168127,519868416,0,0
1715730019.1180587,519868416,494,494
1715730020.1194475,519868416,0,0
1715730021.1207159,519868416,925,925
1715730022.12099,519868416,0,0
1715730023.1219528,519868416,421,421
1715730024.1233468,519868416,158,158
1715730025.124581,519868416,0,0
1715730026.1260252,519868416,1132,1132
1715730027.1274474,519868416,0,0
1715730028.1282766,519868416,630,630
1715730029.129754,519868416,0,0
1715730030.1310413,519868416,155,155
1715730031.13153,519868416,501,501
1715730032.1328952,519868416,0,0
1715730033.133991,519868416,596,596
1715730034.1349888,519868416,41563241,41563241
1715730035.136118,519868416,2944,2944
1715730036.13721,519868416,1350,1350
1715730037.138037,519868416,1489,1489
1715730038.1393797,519868416,1936,1936
1715730039.1407623,519868416,1548,1548
1715730040.1419878,519868416,1504,1504
1715730041.1433237,519868416,2038,2038
1715730042.144699,519868416,1782,1782
1715730043.145995,519868416,1250,1250
1715730044.1474233,519868416,1517,1517
1715730045.148808,519868416,1345,1345
1715730046.1500583,519868416,2821,2821
1715730047.1514633,519868416,2842,2842
1715730048.152898,519868416,1609,1609
1715730049.154043,519868416,1809,1809
1715730050.1553385,519868416,1931,1931
1715730051.1567483,519868416,2083,2083
1715730052.1580973,519868416,1516,1516
1715730053.15858,519868416,10392274,10392274
1715730054.1591978,519868416,10392056,10392056
1715730055.160487,519868416,1678,1678
1715730056.1618822,519868416,514,514
1715730057.163192,519868416,0,0
1715730058.164789,519868416,0,0
1715730059.1660755,519868416,0,0
1715730060.16733,519868416,0,0
1715730061.1687157,519868416,496,496
1715730062.1700704,519868416,0,0
1715730063.1709907,519868416,0,0
1715730064.1722987,519868416,0,0
1715730065.1736832,519868416,0,0
1715730066.1750853,519868416,496,496
1715730067.17559,519868416,0,0
1715730068.1769583,519868416,360,360
1715730069.1779625,519868416,0,0
1715730070.1784136,519868416,152,152
1715730071.1798494,519868416,500,500
1715730072.181247,519868416,0,0
1715730073.1820672,519868416,355,355
1715730074.1833415,519868416,0,0
1715730075.1848755,519868416,0,0
1715730076.1860735,519868416,651,651
1715730077.1873498,519868416,0,0
1715730078.1884181,519868416,0,0
1715730079.1899676,519868416,0,0
1715730080.1913698,519868416,352,352
1715730081.1925833,519868416,554,554
1715730082.193853,519868416,0,0
1715730083.1950502,519868416,31170327,31170327
1715730084.196357,519868416,1901,1901
1715730085.197638,519868416,0,0
1715730086.197934,519868416,561,561
1715730087.199364,519868416,0,0
1715730088.2006772,519868416,1843,1843
1715730089.2019498,519868416,7711,7711
1715730090.2033718,519868416,41567379,41567379
1715730091.203898,519868416,3637,3637
1715730092.2052975,519868416,1274,1274
1715730093.2059698,519868416,1962,1962
1715730094.206982,519868416,1484,1484
1715730095.2083979,519868416,1811,1811
1715730096.2096446,519868416,1865,1865
1715730097.2099917,519868416,1290,1290
1715730098.2104802,519868416,1552,1552
1715730099.2117372,519868416,1505,1505
1715730100.2130418,519868416,2244,2244
1715730101.213938,519868416,1963,1963
1715730102.2152383,519868416,1513,1513
1715730103.2165134,519868416,1807,1807
1715730104.2177532,519868416,2001,2001
1715730105.2191253,519868416,1506,1506
1715730106.2197957,519868416,2018,2018
1715730107.2211225,519868416,1046,1046
1715730108.2220058,519868416,1214,1214
1715730109.2228038,519868416,10392072,10392072
1715730110.2240345,519868416,10391773,10391773
1715730111.2254364,519868416,510,510
1715730112.2260852,519868416,0,0
1715730113.2274563,519868416,0,0
1715730114.2288637,519868416,0,0
1715730115.2299535,519868416,0,0
1715730116.2313492,519868416,496,496
1715730117.2326097,519868416,0,0
1715730118.2339027,519868416,0,0
1715730119.2351532,519868416,0,0
1715730120.2363849,519868416,0,0
1715730121.237361,519868416,496,496
1715730122.2379296,519868416,0,0
1715730123.2391765,519868416,0,0
1715730124.2405455,519868416,0,0
1715730125.241846,519868416,0,0
1715730126.243108,519868416,496,496
1715730127.2440794,519868416,0,0
1715730128.2445958,519868416,0,0
1715730129.2460282,519868416,0,0
1715730130.2472787,519868416,0,0
1715730131.2480252,519868416,496,496
1715730132.2494223,519868416,0,0
1715730133.2498884,519868416,356,356
1715730134.2513897,519868416,0,0
1715730135.2527678,519868416,100,100
1715730136.25396,519868416,552,552
1715730137.2553782,519868416,0,0
1715730138.256793,519868416,0,0
1715730139.258145,519868416,31168040,31168040
1715730140.2594721,519868416,303,303
1715730141.2606773,519868416,454,454
1715730142.2620728,519868416,0,0
1715730143.262409,519868416,0,0
1715730144.2631593,519868416,284,284
1715730145.2638116,519868416,351,351
1715730146.2650394,519868416,41559036,41559036
1715730147.2662375,519868416,2954,2954
1715730148.2675915,519868416,1481,1481
1715730149.2689502,519868416,1169,1169
1715730150.2700145,519868416,1461,1461
1715730151.2714622,519868416,2036,2036
1715730152.2729034,519868416,1467,1467
1715730153.273957,519868416,1472,1472
1715730154.2751853,519868416,4969,4969
1715730155.276515,519868416,92041,92041
1715730156.2778819,519868416,2444,2444
1715730157.2792594,519868416,1979,1979
1715730158.2805734,519868416,1232,1232
1715730159.28188,519868416,1484,1484
1715730160.2831554,519868416,1817,1817
1715730161.2844412,519868416,1861,1861
1715730162.2853565,519868416,1770,1770
1715730163.2860763,519868416,1869,1869
1715730164.2870877,519868416,1509,1509
1715730165.288527,519868416,1764,1764
1715730166.2891393,519868416,20783218,20783218
1715730167.29054,519868416,0,0
1715730168.2919211,519868416,306,306
1715730169.2933223,519868416,0,0
1715730170.2941473,519868416,0,0
1715730171.2949862,519868416,502,502
1715730172.296393,519868416,0,0
1715730173.2978532,519868416,0,0
1715730174.2983017,519868416,0,0
1715730175.2996013,519868416,0,0
1715730176.3010652,519868416,496,496
1715730177.3020399,519868416,0,0
1715730178.3035066,519868416,0,0
1715730179.304872,519868416,0,0
1715730180.306116,519868416,0,0
1715730181.3075914,519868416,496,496
1715730182.3089106,519868416,0,0
1715730183.3101087,519868416,0,0
1715730184.3113112,519868416,0,0
1715730185.312744,519868416,0,0
1715730186.3141415,519868416,496,496
1715730187.3146698,519868416,0,0
1715730188.3161042,519868416,0,0
1715730189.3175035,519868416,0,0
1715730190.3179104,519868416,0,0
1715730191.3191838,519868416,496,496
1715730192.3205607,519868416,0,0
1715730193.3218105,519868416,355,355
1715730194.3230987,519868416,0,0
1715730195.327369,579174400,31171554,31171554
1715730196.3339407,640991232,3668,3668
1715730197.33529,674668544,0,0
1715730198.3364239,684142592,304,304
1715730199.3377533,991641600,0,0
1715730200.3382435,706060288,354,354
1715730201.339523,706060288,504,504
1715730202.340799,640241664,31164470,31164470
1715730203.342183,640241664,10391312,10391312
1715730204.3430622,640241664,869,869
1715730205.344499,640241664,794,794
1715730206.3458169,640241664,1636,1636
1715730207.3471546,640241664,796,796
1715730208.3484852,640241664,1496,1496
1715730209.349822,640241664,1161,1161
1715730210.351142,640241664,1485,1485
1715730211.3525274,640241664,2027,2027
1715730212.3541532,640241664,1417,1417
1715730213.355613,640241664,1205,1205
1715730214.356929,640241664,1206,1206
1715730215.358017,640241664,939,939
1715730216.3588674,640241664,1501,1501
1715730217.3602583,640241664,1153,1153
1715730218.3615615,640241664,1913,1913
1715730219.3620992,640241664,1540,1540
1715730220.3635163,640241664,1790,1790
1715730221.364792,640241664,20780371,20780371
1715730222.3659801,640241664,1840,1840
1715730223.3674102,640241664,300,300
1715730224.3681333,640241664,151,151
1715730225.3695645,640241664,153,153
1715730226.3709996,640241664,502,502
1715730227.371839,640241664,0,0
1715730228.3730884,640241664,0,0
1715730229.3740735,640241664,0,0
1715730230.3754532,640241664,0,0
1715730231.3765516,640241664,496,496
1715730232.3779671,640241664,0,0
1715730233.3793526,640241664,0,0
1715730234.3807132,640241664,0,0
1715730235.382258,640241664,0,0
1715730236.3835003,640241664,496,496
1715730237.3849308,640241664,0,0
1715730238.3860571,640241664,0,0
1715730239.3874426,640241664,0,0
1715730240.388855,640241664,0,0
1715730241.389925,640241664,496,496
1715730242.3913176,640241664,0,0
1715730243.392698,640241664,0,0
1715730244.394058,640241664,190,190
1715730245.3955622,640241664,0,0
1715730246.3968575,640241664,496,496
1715730247.3980854,640241664,0,0
1715730248.399335,640241664,0,0
1715730249.4007192,640241664,0,0
1715730250.401954,640241664,31163654,31163654
1715730251.403377,640241664,1877,1877
1715730252.404733,640241664,0,0
1715730253.4059763,640241664,503,503
1715730254.4073288,640241664,0,0
1715730255.4085765,640241664,99,99
1715730256.4100094,640241664,552,552
1715730257.4112952,640241664,31174507,31174507
1715730258.4127183,640241664,285,285
1715730259.413968,640241664,933,933
1715730260.4152935,640241664,1590,1590
1715730261.4165618,640241664,1320,1320
1715730262.4178605,640241664,1319,1319
1715730263.4191256,640241664,611,611
1715730264.4204743,640241664,1646,1646
1715730265.4213622,640241664,557,557
1715730266.4219477,640241664,844,844
1715730267.4232628,640241664,1634,1634
1715730268.4245381,640241664,0,0
1715730269.4259381,640241664,1932,1932
1715730270.427256,640241664,0,0
1715730271.4284945,640241664,1642,1642
1715730272.429891,640241664,1118,1118
1715730273.4312203,640241664,918,918
1715730274.4325202,640241664,1287,1287
1715730275.4339151,640241664,173,173
1715730276.4352572,640241664,2605,2605
1715730277.4365876,640241664,0,0
1715730278.437887,640241664,1087,1087
1715730279.4385717,640241664,1289,1289
1715730280.4399395,640241664,793,793
1715730281.441236,640241664,2304,2304
1715730282.4420524,640241664,0,0
1715730283.4433382,640241664,1952,1952
1715730284.4446168,640241664,564,564
1715730285.4459,640241664,940,940
1715730286.4472902,640241664,2277,2277
1715730287.448599,640241664,180,180
1715730288.4500718,640241664,2089,2089
1715730289.4514604,640241664,0,0
1715730290.4526997,640241664,1021,1021
1715730291.4539974,640241664,1152,1152
1715730292.4553912,640241664,179,179
1715730293.4566786,640241664,2040,2040
1715730294.4580207,640241664,0,0
1715730295.4594,640241664,1959,1959
1715730296.4607449,640241664,971,971
1715730297.4620821,640241664,939,939
1715730298.463495,640241664,1304,1304
1715730299.4647963,640241664,980,980
1715730300.4659007,640241664,20778408,20778408
1715730301.467227,640241664,10391790,10391790
1715730302.4684815,640241664,0,0
1715730303.4697773,640241664,152,152
1715730304.4711905,640241664,153,153
1715730305.4724293,640241664,153,153
1715730306.473856,640241664,349,349
1715730307.4744673,640241664,0,0
1715730308.475744,640241664,0,0
1715730309.4770665,640241664,0,0
1715730310.4780738,640241664,152,152
1715730311.479459,640241664,344,344
1715730312.4807882,640241664,0,0
1715730313.4819858,640241664,355,355
1715730314.48327,640241664,0,0
1715730315.4842474,640241664,9340,9340
1715730316.4851706,640241664,10822,10822
1715730317.4859653,640241664,4021,4021
1715730318.4873972,640241664,2875,2875
1715730319.4885645,640241664,4367,4367
1715730320.4898882,640241664,3939,3939
1715730321.491077,640241664,4407,4407
1715730322.4923525,640241664,13152,13152
1715730323.493034,640241664,0,0
1715730324.4943714,640241664,1389,1389
1715730325.4957678,640241664,3240,3240
1715730326.497145,640241664,568,568
1715730327.4981506,640241664,620,620
1715730328.4990604,640241664,4624,4624
1715730329.5001357,640241664,2773,2773
1715730330.501384,640241664,31163964,31163964
1715730331.5020766,640241664,2678,2678
1715730332.503373,640241664,0,0
1715730333.5047207,640241664,882,882
1715730334.5059536,640241664,714,714
1715730335.5072398,640241664,3747,3747
1715730336.5085688,640241664,1705,1705
