Timestamp,MemoryUsage,NetSent,NetRecv
1715729257.219059,512393216,0,0
1715729258.220467,520126464,14784,14784
1715729259.2217054,520126464,0,0
1715729260.222246,520126464,5081,5081
1715729261.2232003,520257536,4417,4417
1715729262.2244115,520257536,4181,4181
1715729263.2258232,520257536,1989,1989
1715729264.2270603,520257536,2688,2688
1715729265.2284455,520257536,558,558
1715729266.2297108,520257536,1473,1473
1715729267.2310777,520257536,0,0
1715729268.2323518,520257536,0,0
1715729269.2335749,520257536,0,0
1715729270.2340424,520257536,15294,15294
1715729271.235431,520257536,6247,6247
1715729272.2368932,520257536,3571,3571
1715729273.237958,520257536,2982,2982
1715729274.239169,520257536,1934,1934
1715729275.2404215,520257536,3084,3084
1715729276.2416375,520257536,1058,1058
1715729277.241882,520257536,4887,4887
1715729278.2432902,520257536,527,527
1715729279.2444649,520257536,158,158
1715729280.2457025,520257536,31175982,31175982
1715729281.2469885,520257536,13254,13254
1715729282.2482588,520257536,4805,4805
1715729283.2496557,520257536,2620,2620
1715729284.249935,520257536,3456,3456
1715729285.251172,520257536,5826,5826
1715729286.2524843,520257536,2465,2465
1715729287.2538319,520257536,16496,16496
1715729288.2550838,520257536,10795,10795
1715729289.2564158,520257536,2755,2755
1715729290.2577257,520257536,2227,2227
1715729291.259002,520257536,3314,3314
1715729292.2602837,520257536,3276,3276
1715729293.2615728,520257536,3781,3781
1715729294.262002,520257536,2518,2518
1715729295.2632878,520257536,3355,3355
1715729296.2645793,520257536,6575,6575
1715729297.2658646,520257536,3243,3243
1715729298.2671638,520257536,3885,3885
1715729299.2682395,520257536,3045,3045
1715729300.2694807,520257536,1889,1889
1715729301.2705402,520257536,510,510
1715729302.2717662,520257536,1104,1104
1715729303.2730594,520257536,7756,7756
1715729304.274036,520257536,4225,4225
1715729305.2753308,520257536,8236,8236
1715729306.2765856,520257536,6137,6137
1715729307.277966,520257536,5764,5764
1715729308.2792242,520257536,3721,3721
1715729309.2804685,520257536,1863,1863
1715729310.281812,520257536,877,877
1715729311.2831075,520257536,865,865
1715729312.284371,520257536,1963,1963
1715729313.285652,520257536,0,0
1715729314.286642,520257536,1873,1873
1715729315.287893,520257536,286,286
1715729316.2929878,520257536,2035,2035
1715729317.2940288,520257536,5024,5024
1715729318.295405,520257536,6775,6775
1715729319.295893,520257536,2915,2915
1715729320.2971573,520257536,777,777
1715729321.297988,520257536,5573,5573
1715729322.2989686,520257536,10393153,10393153
1715729323.3001614,520257536,10392731,10392731
1715729324.3013732,520257536,10393213,10393213
1715729325.3027442,520257536,0,0
1715729326.3041313,520257536,516,516
1715729327.305489,520257536,0,0
1715729328.3059175,520257536,0,0
1715729329.3071659,520257536,0,0
1715729330.3085604,520257536,0,0
1715729331.3099272,520257536,1897,1897
1715729332.311368,520257536,0,0
1715729333.3126545,520257536,641,641
1715729334.3139088,520257536,152,152
1715729335.3150878,520257536,0,0
1715729336.3163528,520257536,500,500
1715729337.3176563,520257536,0,0
1715729338.3180528,520257536,0,0
1715729339.319293,520257536,0,0
1715729340.3206127,520257536,0,0
1715729341.322105,520257536,496,496
1715729342.3233242,520257536,0,0
1715729343.3248038,520257536,0,0
1715729344.3260627,520257536,0,0
1715729345.327324,520257536,0,0
1715729346.3285465,520257536,496,496
1715729347.3299148,520257536,0,0
1715729348.3306527,520257536,0,0
1715729349.332015,520257536,0,0
1715729350.333551,520257536,0,0
1715729351.3340182,520257536,496,496
1715729352.3352354,520257536,31167346,31167346
1715729353.3365285,520257536,3317,3317
1715729354.3377771,520257536,0,0
1715729355.33917,520257536,305,305
1715729356.3401272,520257536,502,502
1715729357.3410587,520257536,0,0
1715729358.3420467,520257536,0,0
1715729359.3432689,520257536,31170987,31170987
1715729360.3446507,520257536,2912,2912
1715729361.345979,520257536,705,705
1715729362.3472748,520257536,2089,2089
1715729363.3485634,520257536,0,0
1715729364.3498278,520257536,1109,1109
1715729365.351182,520257536,1116,1116
1715729366.3524506,520257536,1338,1338
1715729367.3538373,520257536,1182,1182
1715729368.355075,520257536,191,191
1715729369.356289,520257536,1574,1574
1715729370.3575563,520257536,194,194
1715729371.357944,520257536,1784,1784
1715729372.3593833,520257536,528,528
1715729373.3607647,520257536,779,779
1715729374.3619468,520257536,1457,1457
1715729375.3632119,520257536,780,780
1715729376.3644655,520257536,1299,1299
1715729377.3659613,520257536,926,926
1715729378.3672388,520257536,762,762
1715729379.3677917,520257536,1297,1297
1715729380.36915,520257536,1523,1523
1715729381.3699152,520257536,2375,2375
1715729382.3712137,520257536,0,0
1715729383.3724964,520257536,1982,1982
1715729384.3768551,520257536,561,561
1715729385.377989,520257536,950,950
1715729386.3792822,520257536,1800,1800
1715729387.3805563,520257536,0,0
1715729388.381877,520257536,1812,1812
1715729389.3832984,520257536,0,0
1715729390.3846104,520257536,2196,2196
1715729391.3858767,520257536,507,507
1715729392.3870919,520257536,1718,1718
1715729393.3884385,520257536,562,562
1715729394.3897653,520257536,0,0
1715729395.3910453,520257536,1629,1629
1715729396.3925335,520257536,698,698
1715729397.3939283,520257536,2117,2117
1715729398.3950891,520257536,0,0
1715729399.396307,520257536,1828,1828
1715729400.3976197,520257536,784,784
1715729401.3979385,520257536,1510,1510
1715729402.3993294,520257536,20782111,20782111
1715729403.4005437,520257536,10391147,10391147
1715729404.4018805,520257536,0,0
1715729405.403144,520257536,304,304
1715729406.4045236,520257536,503,503
1715729407.4059598,520257536,0,0
1715729408.4073517,520257536,0,0
1715729409.4086554,520257536,0,0
1715729410.4099247,520257536,152,152
1715729411.411301,520257536,344,344
1715729412.412517,520257536,0,0
1715729413.4137456,520257536,355,355
1715729414.414903,520257536,0,0
1715729415.4162974,520257536,303,303
1715729416.4176714,520257536,348,348
1715729417.4179118,520257536,0,0
1715729418.4185557,520257536,0,0
1715729419.419779,520257536,0,0
1715729420.4210098,520257536,501,501
1715729421.4220579,520257536,350,350
1715729422.4234543,520257536,0,0
1715729423.4247622,520257536,0,0
1715729424.4258928,520257536,335,335
1715729425.4272234,520257536,152,152
1715729426.42781,520257536,350,350
1715729427.4291766,520257536,0,0
1715729428.4300933,520257536,0,0
1715729429.4314783,520257536,0,0
1715729430.4328804,520257536,152,152
1715729431.433877,520257536,586,586
1715729432.434525,520257536,31167686,31167686
1715729433.4357862,520257536,0,0
1715729434.4370463,520257536,151,151
1715729435.4379823,520257536,304,304
1715729436.4393473,520257536,349,349
1715729437.4406092,520257536,0,0
1715729438.4413915,520257536,31166267,31166267
1715729439.4419777,520257536,1168,1168
1715729440.4433537,520257536,456,456
1715729441.4444268,520257536,2976,2976
1715729442.4457219,520257536,0,0
1715729443.4469786,520257536,1778,1778
1715729444.4482932,520257536,727,727
1715729445.4496338,520257536,339,339
1715729446.4499574,520257536,2212,2212
1715729447.4512482,520257536,0,0
1715729448.4517865,520257536,2200,2200
1715729449.4530666,520257536,0,0
1715729450.4540958,520257536,1076,1076
1715729451.4554656,520257536,1639,1639
1715729452.4567068,520257536,761,761
1715729453.4579551,520257536,1456,1456
1715729454.4592297,520257536,177,177
1715729455.4605048,520257536,1145,1145
1715729456.4618976,520257536,1465,1465
1715729457.463231,520257536,761,761
1715729458.4644997,520257536,1467,1467
1715729459.465862,520257536,764,764
1715729460.4671836,520257536,153,153
1715729461.468451,520257536,2920,2920
1715729462.469722,520257536,0,0
1715729463.470953,520257536,1371,1371
1715729464.472292,520257536,871,871
1715729465.4735863,520257536,327,327
1715729466.4739625,520257536,2421,2421
1715729467.4753323,520257536,1634,1634
1715729468.4765859,520257536,2191,2191
1715729469.47787,520257536,583,583
1715729470.4790921,520257536,504,504
1715729471.4804225,520257536,2014,2014
1715729472.481711,520257536,0,0
1715729473.4830382,520257536,2478,2478
1715729474.4843864,520257536,0,0
1715729475.485612,520257536,1833,1833
1715729476.4859476,520257536,926,926
1715729477.4872892,520257536,918,918
1715729478.4886148,520257536,1340,1340
1715729479.4899971,520257536,0,0
1715729480.491238,520257536,1925,1925
1715729481.4925148,520257536,10391145,10391145
1715729482.4937503,520257536,20780466,20780466
1715729483.4949973,520257536,893,893
1715729484.496247,520257536,0,0
1715729485.4976346,520257536,463,463
1715729486.498032,520257536,349,349
1715729487.4993894,520257536,0,0
1715729488.500653,520257536,0,0
1715729489.501887,520257536,0,0
1715729490.5033062,520257536,152,152
1715729491.5047724,520257536,344,344
1715729492.5060563,520257536,0,0
1715729493.5067477,520257536,0,0
1715729494.5080087,520257536,0,0
1715729495.5087276,520257536,152,152
1715729496.5101044,520257536,448,448
1715729497.511332,520257536,0,0
1715729498.5127,520257536,0,0
1715729499.513921,520257536,0,0
1715729500.5151408,520257536,507,507
1715729501.5164795,520257536,350,350
1715729502.517722,520257536,0,0
1715729503.5189404,520257536,654,654
1715729504.520364,520257536,0,0
1715729505.5217779,520257536,303,303
1715729506.5229816,520257536,348,348
1715729507.5240657,520257536,0,0
1715729508.5249465,520257536,0,0
1715729509.5259585,520257536,0,0
1715729510.527343,520257536,152,152
1715729511.528707,520257536,344,344
1715729512.530004,520257536,31171642,31171642
1715729513.5313637,520257536,300,300
1715729514.5325837,520257536,0,0
1715729515.5339189,520257536,650,650
1715729516.535195,520257536,155,155
1715729517.5364597,520257536,0,0
1715729518.537676,520257536,31166630,31166630
1715729519.5385032,520257536,5926,5926
1715729520.5397682,520257536,460,460
1715729521.5410275,520257536,1692,1692
1715729522.5419576,520257536,764,764
1715729523.5432394,520257536,751,751
1715729524.544505,520257536,1181,1181
1715729525.5457985,520257536,747,747
1715729526.5470808,520257536,1742,1742
1715729527.548346,520257536,564,564
1715729528.5495768,520257536,924,924
1715729529.5499625,520257536,1300,1300
1715729530.5512292,520257536,911,911
1715729531.55158,520257536,1136,1136
1715729532.5529132,520257536,1670,1670
1715729533.5539453,520257536,0,0
1715729534.555145,520257536,1672,1672
1715729535.5564303,520257536,869,869
1715729536.5577433,520257536,560,560
1715729537.5591116,520257536,1950,1950
1715729538.5604448,520257536,177,177
1715729539.5617359,520257536,2387,2387
1715729540.5630236,520257536,872,872
1715729541.5643024,520257536,941,941
1715729542.5656066,520257536,1316,1316
1715729543.5659857,520257536,0,0
1715729544.5663667,520257536,1970,1970
1715729545.567647,520257536,301,301
1715729546.568864,520257536,1316,1316
1715729547.5700517,520257536,1184,1184
1715729548.5713863,520257536,170,170
1715729549.572699,520257536,2083,2083
1715729550.573943,520257536,404,404
1715729551.5752144,520257536,92456,92456
1715729552.5764925,520257536,972,972
1715729553.5778224,520257536,197,197
1715729554.5791264,520257536,2074,2074
1715729555.5804527,520257536,358,358
1715729556.5817235,520257536,2469,2469
1715729557.5832095,520257536,0,0
1715729558.5844355,520257536,940,940
1715729559.5858002,520257536,1329,1329
1715729560.5871975,520257536,708,708
1715729561.5884242,520257536,10390897,10390897
1715729562.5897577,520257536,1317,1317
1715729563.5911183,520257536,20780334,20780334
1715729564.5921822,520257536,0,0
1715729565.5934546,520257536,507,507
1715729566.5950558,520257536,156,156
1715729567.5962808,520257536,0,0
1715729568.5976458,520257536,0,0
1715729569.5980475,520257536,216,216
1715729570.599273,520257536,344,344
1715729571.600122,520257536,152,152
1715729572.6014843,520257536,0,0
1715729573.6019323,520257536,0,0
1715729574.603157,520257536,0,0
1715729575.604497,520257536,344,344
1715729576.6059074,520257536,152,152
1715729577.6074586,520257536,0,0
1715729578.6087916,520257536,0,0
1715729579.6101334,520257536,0,0
1715729580.6115127,520257536,344,344
1715729581.6128807,520257536,152,152
1715729582.6139672,520257536,0,0
1715729583.6151404,520257536,0,0
1715729584.616422,520257536,0,0
1715729585.6176648,520257536,344,344
1715729586.6179574,520257536,152,152
1715729587.6192553,520257536,0,0
1715729588.6205287,520257536,0,0
1715729589.621577,520257536,0,0
1715729590.622054,520257536,344,344
1715729591.6234267,520257536,152,152
1715729592.624591,520257536,271,271
1715729593.6258526,520257536,31169120,31169120
1715729594.6263914,520257536,0,0
1715729595.6276817,520257536,502,502
1715729596.6289387,520257536,155,155
1715729597.6299741,520257536,0,0
1715729598.6307514,520257536,0,0
1715729599.6322727,616271872,41558656,41558656
1715729600.6334903,715919360,2800,2800
1715729601.6340091,723165184,1561,1561
1715729602.635287,729710592,1289,1289
1715729603.6365743,800792576,1264,1264
1715729604.6379085,818700288,1500,1500
1715729605.639248,860282880,1819,1819
1715729606.6405678,868786176,1761,1761
1715729607.642032,877977600,1508,1508
1715729608.643293,855724032,1506,1506
1715729609.6446366,912760832,1502,1502
1715729610.6460078,736571392,1797,1797
1715729611.647335,1038024704,1658,1658
1715729612.6485937,1132294144,1497,1497
1715729613.6498513,850792448,1315,1315
1715729614.651174,888438784,1708,1708
1715729615.6525412,779534336,1906,1906
1715729616.6539772,739635200,1381,1381
1715729617.6554463,783532032,1514,1514
1715729618.65684,833200128,10390647,10390647
1715729619.6579838,718106624,10392543,10392543
1715729620.6592069,718106624,843,843
1715729621.660563,718106624,156,156
1715729622.6618156,718106624,0,0
1715729623.6627667,718106624,352,352
1715729624.6641634,718106624,0,0
1715729625.665375,718106624,497,497
1715729626.6659317,718106624,155,155
1715729627.6672235,718106624,0,0
1715729628.6686382,718106624,0,0
1715729629.6698847,718106624,0,0
1715729630.6711438,718106624,344,344
1715729631.6723752,718106624,152,152
1715729632.6735954,718106624,0,0
1715729633.6740894,718106624,0,0
1715729634.6754668,718106624,0,0
1715729635.6767437,718106624,344,344
1715729636.6779206,718106624,152,152
1715729637.679293,718106624,0,0
1715729638.680516,718106624,0,0
1715729639.681785,718106624,0,0
1715729640.6831684,718106624,344,344
1715729641.684578,718106624,152,152
1715729642.6859646,718106624,0,0
1715729643.6871884,718106624,0,0
1715729644.688568,718106624,0,0
1715729645.6898122,718106624,344,344
1715729646.691049,718106624,152,152
1715729647.6924734,718106624,0,0
1715729648.6937742,718106624,31169392,31169392
1715729649.695081,718106624,0,0
1715729650.696329,718106624,351,351
1715729651.6977472,718106624,155,155
1715729652.6989841,718106624,0,0
1715729653.7002552,718106624,353,353
