Timestamp,MemoryUsage,NetSent,NetRecv
1715732994.1713562,512000000,0,0
1715732995.1726496,519602176,10652,10652
1715732996.1740932,519602176,356,356
1715732997.175467,519602176,156,156
1715732998.1767125,519602176,0,0
1715732999.1782365,519602176,0,0
1715733000.1796994,519602176,0,0
1715733001.1801531,519602176,344,344
1715733002.1814876,519602176,152,152
1715733003.1825304,519602176,0,0
1715733004.183959,519602176,0,0
1715733005.185211,519602176,0,0
1715733006.1862202,519602176,496,496
1715733007.1875637,519602176,0,0
1715733008.188756,519602176,0,0
1715733009.189916,519602176,0,0
1715733010.1913302,519602176,0,0
1715733011.1926992,519602176,496,496
1715733012.1941137,519602176,0,0
1715733013.1953394,519602176,0,0
1715733014.1968043,519602176,0,0
1715733015.1979187,519602176,31175104,31175104
1715733016.1990004,519602176,558,558
1715733017.20027,519602176,200,200
1715733018.2015388,519602176,1589,1589
1715733019.202176,519602176,0,0
1715733020.202514,519602176,1769,1769
1715733021.203844,519602176,964,964
1715733022.2051144,519602176,190,190
1715733023.2061076,519602176,2149,2149
1715733024.2074683,519602176,287,287
1715733025.2083094,519602176,2322,2322
1715733026.209734,519602176,509,509
1715733027.2110083,519602176,363,363
1715733028.2123163,519602176,828,828
1715733029.2135632,519602176,196,196
1715733030.2139986,519602176,1511,1511
1715733031.2152638,519602176,456,456
1715733032.2164967,519602176,943,943
1715733033.2179546,519602176,1284,1284
1715733034.2192342,519602176,194,194
1715733035.2205415,519602176,1766,1766
1715733036.2215736,519602176,785,785
1715733037.2219372,519602176,1345,1345
1715733038.2299676,519602176,726,726
1715733039.2311504,519602176,0,0
1715733040.2324777,519602176,2446,2446
1715733041.2338817,519602176,946,946
1715733042.2344697,519602176,795,795
1715733043.2359445,519602176,1287,1287
1715733044.2371955,519602176,304,304
1715733045.2380424,519602176,2754,2754
1715733046.239312,519602176,874,874
1715733047.240584,519602176,1289,1289
1715733048.2419844,519602176,522,522
1715733049.2432587,519602176,194,194
1715733050.244672,519602176,1786,1786
1715733051.2459447,519602176,656,656
1715733052.2472177,519602176,1319,1319
1715733053.24849,519602176,734,734
1715733054.2493944,519602176,777,777
1715733055.2500226,519602176,1484,1484
1715733056.2513874,519602176,1332,1332
1715733057.2526581,519602176,912,912
1715733058.2534418,519602176,759,759
1715733059.2540693,519602176,10389372,10389372
1715733060.255442,519602176,20784243,20784243
1715733061.256961,519602176,949,949
1715733062.2580993,519602176,0,0
1715733063.2595084,519602176,151,151
1715733064.2607458,519602176,0,0
1715733065.262079,519602176,0,0
1715733066.2634938,519602176,497,497
1715733067.2641587,519602176,0,0
1715733068.2654147,519602176,0,0
1715733069.2659721,519602176,0,0
1715733070.2665408,519602176,0,0
1715733071.2678156,519602176,496,496
1715733072.2692301,519602176,0,0
1715733073.2702096,519602176,0,0
1715733074.271028,519602176,356,356
1715733075.2723186,519602176,0,0
1715733076.2737255,519602176,502,502
1715733077.2752473,519602176,0,0
1715733078.2766614,519602176,0,0
1715733079.2779205,519602176,0,0
1715733080.2792983,519602176,0,0
1715733081.2805288,519602176,496,496
1715733082.2820327,519602176,0,0
1715733083.2832706,519602176,353,353
1715733084.2847798,519602176,0,0
1715733085.2860777,519602176,151,151
1715733086.2873688,519602176,500,500
1715733087.288609,519602176,0,0
1715733088.290023,519602176,0,0
1715733089.2913113,519602176,31171311,31171311
1715733090.292591,519602176,0,0
1715733091.2938583,519602176,507,507
1715733092.2952776,519602176,0,0
1715733093.296671,519602176,0,0
1715733094.2980716,519602176,403,403
1715733095.2993615,519602176,41559541,41559541
1715733096.3007472,519602176,1534,1534
1715733097.301947,519602176,1482,1482
1715733098.3033192,519602176,1317,1317
1715733099.3046749,519602176,1480,1480
1715733100.3061078,519602176,1640,1640
1715733101.3074152,519602176,1681,1681
1715733102.3088624,519602176,1532,1532
1715733103.31001,519602176,1498,1498
1715733104.3112588,519602176,1810,1810
1715733105.3125775,519602176,1513,1513
1715733106.3139644,519602176,2060,2060
1715733107.3152149,519602176,1511,1511
1715733108.3165755,519602176,1232,1232
1715733109.3180802,519602176,630,630
1715733110.3194883,519602176,1272,1272
1715733111.320897,519602176,2366,2366
1715733112.3220167,519602176,934,934
1715733113.3233361,519602176,10388952,10388952
1715733114.3245773,519602176,10391721,10391721
1715733115.3259861,519602176,703,703
1715733116.327238,519602176,515,515
1715733117.3286197,519602176,0,0
1715733118.3300269,519602176,0,0
1715733119.3314242,519602176,0,0
1715733120.3326104,519602176,0,0
1715733121.3332236,519602176,496,496
1715733122.3343482,519602176,0,0
1715733123.3357217,519602176,0,0
1715733124.3371,519602176,0,0
1715733125.3379235,519602176,0,0
1715733126.3388023,519602176,496,496
1715733127.3399093,519602176,0,0
1715733128.3413033,519602176,0,0
1715733129.3419218,519602176,0,0
1715733130.3430927,519602176,0,0
1715733131.3443964,519602176,496,496
1715733132.344957,519602176,0,0
1715733133.3459632,519602176,0,0
1715733134.3473787,519602176,355,355
1715733135.3486707,519602176,0,0
1715733136.3500416,519602176,502,502
1715733137.350897,519602176,0,0
1715733138.3521953,519602176,0,0
1715733139.3530676,519602176,0,0
1715733140.3540864,519602176,0,0
1715733141.355334,519602176,496,496
1715733142.356415,519602176,0,0
1715733143.3578198,519602176,31170966,31170966
1715733144.3592737,519602176,285,285
1715733145.3605702,519602176,101,101
1715733146.3619566,519602176,556,556
1715733147.3632638,519602176,0,0
1715733148.3645742,519602176,0,0
1715733149.3658366,519602176,31169208,31169208
1715733150.3672218,519602176,10391919,10391919
1715733151.3685994,519602176,1199,1199
1715733152.3700027,519602176,1468,1468
1715733153.371374,519602176,1472,1472
1715733154.3716986,519602176,1741,1741
1715733155.372959,519602176,1069,1069
1715733156.3738976,519602176,2089,2089
1715733157.3752437,519602176,1314,1314
1715733158.3766906,519602176,1488,1488
1715733159.3780568,519602176,1594,1594
1715733160.3794134,519602176,1597,1597
1715733161.3797393,519602176,1792,1792
1715733162.3811677,519602176,1499,1499
1715733163.3819623,519602176,930,930
1715733164.3831944,519602176,1486,1486
1715733165.3844857,519602176,1065,1065
1715733166.385835,519602176,1865,1865
1715733167.3873305,519602176,1509,1509
1715733168.38858,519602176,10390359,10390359
1715733169.3896668,519602176,10391510,10391510
1715733170.3907645,519602176,1814,1814
1715733171.3918548,519602176,514,514
1715733172.3934286,519602176,0,0
1715733173.394075,519602176,0,0
1715733174.3953218,519602176,0,0
1715733175.396766,519602176,0,0
1715733176.3981605,519602176,91625,91625
1715733177.3990896,519602176,0,0
1715733178.400515,519602176,0,0
1715733179.401906,519602176,0,0
1715733180.4031882,519602176,158,158
1715733181.404418,519602176,504,504
1715733182.4058783,519602176,0,0
1715733183.4071083,519602176,0,0
1715733184.4084835,519602176,0,0
1715733185.409166,519602176,0,0
1715733186.4099786,519602176,496,496
1715733187.411278,519602176,0,0
1715733188.412505,519602176,0,0
1715733189.413861,519602176,0,0
1715733190.4149735,519602176,0,0
1715733191.4162128,519602176,600,600
1715733192.417576,519602176,0,0
1715733193.4179773,519602176,0,0
1715733194.4193187,519602176,355,355
1715733195.420196,519602176,0,0
1715733196.4212332,519602176,502,502
1715733197.422111,519602176,0,0
1715733198.42335,519602176,313,313
1715733199.4246554,519602176,31170977,31170977
1715733200.4254265,519602176,0,0
1715733201.426169,519602176,456,456
1715733202.4275193,519602176,0,0
1715733203.428802,519602176,303,303
1715733204.4299712,519602176,2432,2432
1715733205.4313657,519602176,41560775,41560775
1715733206.4327822,519602176,2023,2023
1715733207.4340858,519602176,1158,1158
1715733208.4353788,519602176,1197,1197
1715733209.4421601,519602176,1174,1174
1715733210.4433575,519602176,1451,1451
1715733211.4446182,519602176,1850,1850
1715733212.4459033,519602176,1444,1444
1715733213.4471593,519602176,1500,1500
1715733214.447823,519602176,1496,1496
1715733215.4491684,519602176,1495,1495
1715733216.450151,519602176,2046,2046
1715733217.451485,519602176,1502,1502
1715733218.4520075,519602176,1447,1447
1715733219.4532022,519602176,1462,1462
1715733220.454038,519602176,1169,1169
1715733221.454401,519602176,2153,2153
1715733222.4558115,519602176,1781,1781
1715733223.4570417,519602176,10391126,10391126
1715733224.457913,519602176,10391631,10391631
1715733225.4589179,519602176,0,0
1715733226.4603145,519602176,512,512
1715733227.4617114,519602176,0,0
1715733228.4622223,519602176,0,0
1715733229.463576,519602176,0,0
1715733230.4649744,519602176,0,0
1715733231.4660885,519602176,496,496
1715733232.4673285,519602176,0,0
1715733233.468635,519602176,0,0
1715733234.469995,519602176,0,0
1715733235.4713912,519602176,0,0
1715733236.4726317,519602176,496,496
1715733237.4739325,519602176,0,0
1715733238.4754097,519602176,0,0
1715733239.4767733,519602176,0,0
1715733240.4779246,519602176,0,0
1715733241.4791956,519602176,532,532
1715733242.4807854,519602176,0,0
1715733243.4820592,519602176,0,0
1715733244.4833245,519602176,0,0
1715733245.4846113,519602176,0,0
1715733246.485711,519602176,496,496
1715733247.487079,519602176,0,0
1715733248.4883192,519602176,0,0
1715733249.4894295,519602176,0,0
1715733250.4908144,519602176,0,0
1715733251.4921784,519602176,496,496
1715733252.4934194,519602176,31167253,31167253
1715733253.4941022,519602176,1399,1399
1715733254.4953365,519602176,308,308
1715733255.4967272,519602176,152,152
1715733256.4979768,519602176,505,505
1715733257.4992363,519602176,0,0
1715733258.5006099,519602176,0,0
1715733259.50186,519602176,31169678,31169678
1715733260.5102794,519602176,1631,1631
1715733261.5115356,519602176,1319,1319
1715733262.5128016,519602176,802,802
1715733263.513956,519602176,307,307
1715733264.5152223,519602176,1212,1212
1715733265.5165098,519602176,1005,1005
1715733266.5177765,519602176,1481,1481
1715733267.5183988,519602176,1292,1292
1715733268.519553,519602176,757,757
1715733269.5207498,519602176,900,900
1715733270.5220666,519602176,1323,1323
1715733271.5230656,519602176,457,457
1715733272.5241919,519602176,2106,2106
1715733273.5266693,519602176,0,0
1715733274.5279026,519602176,1612,1612
1715733275.5291777,519602176,344,344
1715733276.5300784,519602176,857,857
1715733277.5314813,519602176,1942,1942
1715733278.5328224,519602176,0,0
1715733279.533927,519602176,1096,1096
1715733280.535339,519602176,1021,1021
1715733281.5366492,519602176,1043,1043
1715733282.5379665,519602176,1739,1739
1715733283.539256,519602176,0,0
1715733284.540547,519602176,2169,2169
1715733285.5420165,519602176,815,815
1715733286.5432553,519602176,1224,1224
1715733287.544644,519602176,1041,1041
1715733288.5488374,519602176,733,733
1715733289.5499508,519602176,1043,1043
1715733290.5514274,519602176,739,739
1715733291.552675,519602176,2058,2058
1715733292.553987,519602176,567,567
1715733293.5552893,519602176,907,907
1715733294.5565658,519602176,770,770
1715733295.5578494,519602176,1051,1051
1715733296.5591784,519602176,1738,1738
1715733297.5604787,519602176,0,0
1715733298.5618746,519602176,1907,1907
1715733299.563243,519602176,281,281
1715733300.5645678,519602176,1062,1062
1715733301.5658083,519602176,10391045,10391045
1715733302.5662112,519602176,10388313,10388313
1715733303.5676107,519602176,10393183,10393183
1715733304.5689945,519602176,432,432
1715733305.57027,519602176,642,642
1715733306.5715075,519602176,314,314
1715733307.5728376,519602176,0,0
1715733308.5739906,519602176,0,0
1715733309.5753086,519602176,0,0
1715733310.5765536,519602176,192,192
1715733311.5779417,519602176,304,304
1715733312.5792348,519602176,0,0
1715733313.5804656,519602176,0,0
1715733314.5818808,519602176,353,353
1715733315.5832915,519602176,195,195
1715733316.5846474,519602176,307,307
1715733317.5853322,519602176,0,0
1715733318.585971,519602176,0,0
1715733319.58737,519602176,0,0
1715733320.5883384,519602176,192,192
1715733321.589749,519602176,304,304
1715733322.5911415,519602176,0,0
1715733323.5923743,519602176,351,351
1715733324.5937936,519602176,0,0
1715733325.5952103,519602176,345,345
1715733326.5959244,519602176,307,307
1715733327.5964148,519602176,0,0
1715733328.597686,519602176,0,0
1715733329.59887,519602176,0,0
1715733330.5996418,519602176,192,192
1715733331.6009138,519602176,304,304
1715733332.6019092,519602176,31163150,31163150
1715733333.6031766,519602176,1897,1897
1715733334.6045055,519602176,0,0
1715733335.6058276,519602176,497,497
1715733336.607102,519602176,308,308
1715733337.6083887,519602176,0,0
1715733338.609647,519602176,0,0
