Timestamp,MemoryUsage,NetSent,NetRecv
1715734622.9598782,541384704,0,0
1715734623.9611318,548986880,23819,23819
1715734624.9618607,548986880,13800,13800
1715734625.9633145,548986880,1193,1193
1715734626.9646318,548986880,1479,1479
1715734627.9657767,548986880,1137,1137
1715734628.967211,548986880,772,772
1715734629.9684806,548986880,3025,3025
1715734630.9698327,548986880,8279,8279
1715734631.9707751,548986880,1015,1015
1715734632.9721344,548986880,4116,4116
1715734633.9734652,548986880,336,336
1715734634.973894,548986880,491,491
1715734635.9751277,548986880,411,411
1715734636.9764693,548986880,157,157
1715734637.977673,548986880,2081,2081
1715734638.9780934,548986880,6936,6936
1715734639.9787762,548986880,1608,1608
1715734640.9800107,548986880,700,700
1715734641.9814646,548986880,157,157
1715734642.9819276,548986880,0,0
1715734643.983178,548986880,529,529
1715734644.9845169,548986880,358,358
1715734645.9857457,548986880,31170208,31170208
1715734646.9869223,548986880,20782353,20782353
1715734647.9882615,548986880,1369,1369
1715734648.989435,548986880,677,677
1715734649.9900646,548986880,838,838
1715734650.9904706,548986880,1398,1398
1715734651.9916809,548986880,716,716
1715734652.993072,548986880,1360,1360
1715734653.9939256,548986880,371,371
1715734654.9952538,548986880,1398,1398
1715734655.9965832,548986880,1835,1835
1715734656.998019,548986880,1384,1384
1715734657.9983828,548986880,962,962
1715734658.9995437,548986880,10392946,10392946
1715734660.000791,548986880,887,887
1715734661.0019915,548986880,707,707
1715734662.0033047,548986880,156,156
1715734663.0046663,548986880,0,0
1715734664.005993,548986880,152,152
1715734665.0072277,548986880,351,351
1715734666.0085356,548986880,349,349
1715734667.009781,548986880,155,155
1715734668.011075,548986880,0,0
1715734669.0123086,548986880,0,0
1715734670.0136597,548986880,0,0
1715734671.0139995,548986880,448,448
1715734672.015206,548986880,152,152
1715734673.0164475,548986880,0,0
1715734674.0177486,548986880,0,0
1715734675.0189767,548986880,0,0
1715734676.0201957,548986880,344,344
1715734677.0216436,548986880,152,152
1715734678.022046,548986880,0,0
1715734679.0232868,548986880,0,0
1715734680.0245,548986880,0,0
1715734681.0258746,548986880,344,344
1715734682.0272017,548986880,152,152
1715734683.0286956,548986880,286,286
1715734684.0298977,548986880,0,0
1715734685.0307972,548986880,151,151
1715734686.0320714,548986880,345,345
1715734687.057534,579170304,31166933,31166933
1715734688.0580802,804859904,3166,3166
1715734689.0593405,697839616,0,0
1715734690.0608208,727408640,305,305
1715734691.0619767,929832960,347,347
1715734692.0632393,742916096,155,155
1715734693.064694,829747200,702,702
1715734694.0661073,693383168,41561030,41561030
1715734695.066779,693383168,1639,1639
1715734696.0681272,693383168,1864,1864
1715734697.0693805,693383168,1607,1607
1715734698.0699635,693383168,1448,1448
1715734699.0711904,693383168,1460,1460
1715734700.0724194,693383168,884,884
1715734701.0736256,693383168,1269,1269
1715734702.0740154,693383168,1289,1289
1715734703.0754642,693383168,341,341
1715734704.0769048,693383168,646,646
1715734705.078087,693383168,518,518
1715734706.0794752,693383168,1323,1323
1715734707.0801606,693383168,94928,94928
1715734708.0815816,693383168,407,407
1715734709.0819848,693383168,507,507
1715734710.083667,693383168,357,357
1715734711.085059,693383168,2142,2142
1715734712.0859969,693383168,515,515
1715734713.0873923,693383168,20778466,20778466
1715734714.0887885,693383168,0,0
1715734715.090121,693383168,0,0
1715734716.0916903,693383168,347,347
1715734717.0929055,693383168,1642,1642
1715734718.094163,693383168,0,0
1715734719.0955403,693383168,151,151
1715734720.0967374,693383168,152,152
1715734721.0979156,693383168,702,702
1715734722.0994577,693383168,155,155
1715734723.1006324,693383168,0,0
1715734724.1016357,693383168,506,506
1715734725.1021125,693383168,686,686
1715734726.1033838,693383168,704,704
1715734727.1047556,693383168,155,155
1715734728.1059794,693383168,151,151
1715734729.1074176,693383168,0,0
1715734730.1082501,693383168,0,0
1715734731.1097565,693383168,345,345
1715734732.1111617,693383168,152,152
1715734733.1124527,693383168,0,0
1715734734.1131392,693383168,0,0
1715734735.1145036,693383168,0,0
1715734736.1158526,693383168,344,344
1715734737.1172204,693383168,3601,3601
1715734738.1181123,693383168,0,0
1715734739.1196187,693383168,152,152
1715734740.1206598,693383168,0,0
1715734741.1219099,693383168,31165207,31165207
1715734742.1231918,693383168,1618,1618
1715734743.1244667,693383168,773,773
1715734744.125766,693383168,99,99
1715734745.1270394,693383168,52,52
1715734746.1282666,693383168,498,498
1715734747.1296496,693383168,155,155
1715734748.1298966,721039360,31165504,31165504
1715734749.131292,935104512,5783,5783
1715734750.1325698,808116224,0,0
1715734751.1340268,758259712,2086,2086
1715734752.1354089,1095094272,720,720
1715734753.1367378,794632192,191,191
1715734754.1380703,928501760,949,949
1715734755.1393657,825860096,0,0
1715734756.1406589,773730304,1853,1853
1715734757.141476,909852672,886,886
1715734758.1422727,851206144,1231,1231
1715734759.1503303,794832896,1004,1004
1715734760.1518078,895115264,0,0
1715734761.1530902,768905216,1354,1354
1715734762.1540725,789442560,320,320
1715734763.1552923,947302400,1240,1240
1715734764.1561992,816807936,838,838
1715734765.1574273,798023680,1031,1031
1715734766.15794,927682560,1749,1749
1715734767.158235,750612480,322,322
1715734768.1595209,1155850240,1848,1848
1715734769.1608627,832212992,280,280
1715734770.1619232,794529792,923,923
1715734771.1632864,894873600,1567,1567
1715734772.1645882,768602112,321,321
1715734773.1658564,967761920,1185,1185
1715734774.1670334,800526336,177,177
1715734775.1681464,794091520,1503,1503
1715734776.1694763,924598272,997,997
1715734777.1700952,825774080,898,898
1715734778.1714811,942706688,1510,1510
1715734779.172727,895025152,734,734
1715734780.1739662,794374144,909,909
1715734781.1752195,963608576,524,524
1715734782.1765425,806780928,1357,1357
1715734783.1778665,915996672,348,348
1715734784.1792984,838070272,989,989
1715734785.180544,794324992,168,168
1715734786.1811292,1046061056,2207,2207
1715734787.1821713,750268416,434,434
1715734788.1833897,773881856,1672,1672
1715734789.1852608,1012379648,561,561
1715734790.1859868,813187072,0,0
1715734791.1871374,1074126848,1161,1161
1715734792.188166,851177472,758,758
1715734793.1884923,774041600,633,633
1715734794.1898997,1077043200,1322,1322
1715734795.1911514,772575232,31170182,31170182
1715734796.192546,772575232,1521,1521
1715734797.193796,772575232,156,156
1715734798.1944637,772575232,152,152
1715734799.1959023,772575232,0,0
1715734800.1971924,772575232,0,0
1715734801.1979187,772575232,348,348
1715734802.1992867,772575232,152,152
1715734803.2006743,772575232,0,0
1715734804.2020633,772575232,0,0
1715734805.2034552,772575232,0,0
1715734806.2047296,772575232,344,344
1715734807.2060618,772575232,152,152
1715734808.2072897,772575232,0,0
1715734809.2085636,772575232,0,0
1715734810.2098787,772575232,0,0
1715734811.2111561,772575232,344,344
1715734812.2124014,772575232,152,152
1715734813.2129352,772575232,0,0
1715734814.214049,772575232,0,0
1715734815.215342,772575232,0,0
1715734816.2167292,772575232,344,344
1715734817.2179513,772575232,152,152
1715734818.2193131,772575232,0,0
1715734819.2207224,772575232,0,0
1715734820.222108,772575232,0,0
1715734821.2230499,772575232,344,344
1715734822.2242835,772575232,152,152
1715734823.2256927,772575232,0,0
1715734824.2269897,772575232,31165819,31165819
1715734825.2282872,772575232,2627,2627
1715734826.2296019,772575232,351,351
1715734827.229952,772575232,155,155
1715734828.2313807,772575232,0,0
1715734829.2327719,772575232,0,0
1715734830.2341206,772575232,0,0
1715734831.2353911,772575232,31168807,31168807
1715734832.2367823,772575232,20781518,20781518
1715734833.238098,772575232,476,476
1715734834.2393324,772575232,2141,2141
1715734835.2396994,772575232,1335,1335
1715734836.2405453,772575232,1910,1910
1715734837.2419643,772575232,1491,1491
1715734838.2433116,772575232,1248,1248
1715734839.244551,772575232,1292,1292
1715734840.2458544,772575232,458,458
1715734841.247264,772575232,1444,1444
1715734842.2487829,772575232,908,908
1715734843.25005,772575232,1203,1203
1715734844.2513442,772575232,10390990,10390990
1715734845.2517593,772575232,756,756
1715734846.2523136,772575232,353,353
1715734847.2535784,772575232,155,155
1715734848.2549565,772575232,0,0
1715734849.256172,772575232,0,0
1715734850.2575905,772575232,0,0
1715734851.258005,772575232,344,344
1715734852.2593899,772575232,152,152
1715734853.2602832,772575232,0,0
1715734854.2615178,772575232,0,0
1715734855.2629104,772575232,0,0
1715734856.2637274,772575232,344,344
1715734857.2651527,772575232,152,152
1715734858.2659347,772575232,0,0
1715734859.2673013,772575232,0,0
1715734860.2686617,772575232,0,0
1715734861.2697728,772575232,344,344
1715734862.2710063,772575232,152,152
1715734863.2722485,772575232,0,0
1715734864.2736266,772575232,0,0
1715734865.274057,772575232,0,0
1715734866.2754295,772575232,448,448
1715734867.276645,772575232,152,152
1715734868.2781007,772575232,0,0
1715734869.2793875,772575232,0,0
1715734870.280958,772575232,0,0
1715734871.2820752,772575232,448,448
1715734872.283283,779390976,31165968,31165968
1715734873.2847774,988184576,1370,1370
1715734874.2859197,813920256,0,0
1715734875.287175,940367872,304,304
1715734876.2884362,829173760,347,347
1715734877.2898607,927600640,155,155
1715734878.290464,816652288,0,0
1715734879.2917082,760160256,31167312,31167312
1715734880.2930171,760160256,278,278
1715734881.2940443,760160256,353,353
1715734882.2953868,760160256,1311,1311
1715734883.2998583,760160256,0,0
1715734884.3011966,760160256,2065,2065
1715734885.3020322,760160256,618,618
1715734886.3033047,760160256,528,528
1715734887.3047194,760160256,2223,2223
1715734888.306073,760160256,0,0
1715734889.3073888,760160256,1620,1620
1715734890.3089306,760160256,564,564
1715734891.309971,760160256,861,861
1715734892.311247,760160256,1313,1313
1715734893.3125305,760160256,562,562
1715734894.3137817,760160256,1582,1582
1715734895.315192,760160256,564,564
1715734896.3165102,760160256,402,402
1715734897.317804,760160256,2286,2286
1715734898.3192189,760160256,0,0
1715734899.3205073,760160256,783,783
1715734900.3217845,760160256,1050,1050
1715734901.3271139,760160256,966,966
1715734902.3283706,760160256,1572,1572
1715734903.329737,760160256,281,281
1715734904.331157,760160256,1036,1036
1715734905.3324838,760160256,335,335
1715734906.3338044,760160256,1161,1161
1715734907.3350499,760160256,1457,1457
1715734908.3363075,760160256,729,729
1715734909.3376231,760160256,936,936
1715734910.338051,760160256,1300,1300
1715734911.3393238,760160256,686,686
1715734912.3405964,760160256,1704,1704
1715734913.341724,760160256,566,566
1715734914.3429892,760160256,937,937
1715734915.3442729,760160256,1293,1293
1715734916.3455894,760160256,459,459
1715734917.3459864,760160256,1110,1110
1715734918.347379,760160256,1136,1136
1715734919.3486385,760160256,1221,1221
1715734920.350034,760160256,1005,1005
1715734921.3513029,760160256,455,455
1715734922.3525558,760160256,510,510
1715734923.3538628,760160256,1018,1018
1715734924.3552382,760160256,487,487
1715734925.3564048,760160256,10391448,10391448
1715734926.357433,760160256,20782976,20782976
1715734927.358133,760160256,0,0
1715734928.359667,760160256,151,151
1715734929.3609934,760160256,152,152
1715734930.3623512,760160256,0,0
1715734931.3636708,760160256,498,498
1715734932.3649995,760160256,0,0
1715734933.3661494,760160256,0,0
1715734934.3675416,760160256,0,0
1715734935.368954,760160256,0,0
1715734936.3700252,760160256,496,496
1715734937.3712063,760160256,0,0
1715734938.3725746,760160256,0,0
1715734939.3740299,760160256,0,0
1715734940.3753705,760160256,0,0
1715734941.3765879,760160256,444,444
1715734942.3768654,760160256,52,52
1715734943.3778856,760160256,0,0
1715734944.3792102,760160256,0,0
1715734945.379605,760160256,0,0
1715734946.3806622,760160256,600,600
1715734947.3820336,760160256,0,0
1715734948.383411,760160256,0,0
1715734949.3843446,760160256,0,0
1715734950.3855917,760160256,0,0
1715734951.38602,760160256,496,496
1715734952.387245,760160256,0,0
1715734953.3887408,760160256,0,0
1715734954.3899615,769990656,31165540,31165540
1715734955.3913238,1041137664,2393,2393
1715734956.3926237,834146304,511,511
1715734957.3939905,1060335616,0,0
1715734958.3953464,895651840,449,449
1715734959.3956647,959188992,0,0
1715734960.3961682,851660800,0,0
