Timestamp,MemoryUsage,NetSent,NetRecv
1715730011.8961654,512147456,0,0
1715730012.8974998,520011776,17363,17363
1715730013.898797,520011776,0,0
1715730014.9001465,520011776,157,157
1715730015.901469,520011776,504,504
1715730016.9020662,520011776,156,156
1715730017.9033132,520011776,0,0
1715730018.9046092,520011776,494,494
1715730019.905734,520011776,0,0
1715730020.9069684,520011776,667,667
1715730021.9082334,520011776,258,258
1715730022.909431,520011776,0,0
1715730023.9099278,520011776,579,579
1715730024.9112518,520011776,0,0
1715730025.9126348,520011776,980,980
1715730026.913883,520011776,152,152
1715730027.9151442,520011776,472,472
1715730028.9165378,520011776,158,158
1715730029.9178114,520011776,0,0
1715730030.9190862,520011776,504,504
1715730031.9204483,520011776,152,152
1715730032.921523,520011776,0,0
1715730033.9223008,579592192,31174361,31174361
1715730034.9237666,834727936,10392220,10392220
1715730035.9251053,900587520,1394,1394
1715730036.926121,990240768,1645,1645
1715730037.9275212,1154224128,1936,1936
1715730038.9289708,924209152,1548,1548
1715730039.930022,781156352,1226,1226
1715730040.93158,730595328,1879,1879
1715730041.9327884,774533120,1659,1659
1715730042.9341424,747266048,1644,1644
1715730043.93553,780824576,1515,1515
1715730044.9368763,841703424,1513,1513
1715730045.9379761,854159360,2362,2362
1715730046.9392722,886890496,3194,3194
1715730047.9404843,1072693248,1716,1716
1715730048.941893,976011264,1240,1240
1715730049.94314,917364736,2500,2500
1715730050.944542,874303488,1648,1648
1715730051.9459124,741113856,1385,1385
1715730052.9471052,774488064,10391733,10391733
1715730053.9488015,718946304,2218,2218
1715730054.9499662,729337856,10392623,10392623
1715730055.9505608,729337856,358,358
1715730056.9518988,729337856,156,156
1715730057.9531264,729337856,0,0
1715730058.9538739,729337856,0,0
1715730059.955057,729337856,0,0
1715730060.9563909,729337856,344,344
1715730061.9566693,729337856,152,152
1715730062.957434,729337856,0,0
1715730063.9580507,729337856,0,0
1715730064.9593594,729337856,0,0
1715730065.960621,729337856,344,344
1715730066.96203,729337856,152,152
1715730067.9630196,729337856,360,360
1715730068.964236,729337856,0,0
1715730069.9655137,729337856,152,152
1715730070.9663317,729337856,345,345
1715730071.9667563,729337856,155,155
1715730072.9679518,729337856,355,355
1715730073.9693763,729337856,0,0
1715730074.9700592,729337856,0,0
1715730075.9713292,729337856,496,496
1715730076.9719265,729337856,155,155
1715730077.9732032,729337856,0,0
1715730078.9740677,729337856,0,0
1715730079.975266,729337856,0,0
1715730080.9767485,729337856,751,751
1715730081.977248,729337856,155,155
1715730082.9778764,729337856,31168354,31168354
1715730083.9791112,729337856,3874,3874
1715730084.9803755,729337856,0,0
1715730085.9818397,729337856,406,406
1715730086.9830875,729337856,155,155
1715730087.984362,729337856,520,520
1715730088.98584,729337856,7330,7330
1715730089.9872656,729337856,41565130,41565130
1715730090.9884737,729337856,7155,7155
1715730091.9897532,729337856,1128,1128
1715730092.991144,729337856,2029,2029
1715730093.9924421,729337856,1531,1531
1715730094.9937274,729337856,1762,1762
1715730095.9949396,729337856,1758,1758
1715730096.9961927,729337856,1643,1643
1715730097.9974926,729337856,1822,1822
1715730098.9979737,729337856,1315,1315
1715730099.9993029,729337856,1933,1933
1715730101.0008087,729337856,2117,2117
1715730102.0020196,729337856,1665,1665
1715730103.003447,729337856,1810,1810
1715730104.0048513,729337856,1723,1723
1715730105.005964,729337856,1225,1225
1715730106.0072484,729337856,1864,1864
1715730107.0085492,729337856,1665,1665
1715730108.0099704,729337856,1327,1327
1715730109.0111728,729337856,10391756,10391756
1715730110.0124652,729337856,10392262,10392262
1715730111.0137708,729337856,354,354
1715730112.0149987,729337856,156,156
1715730113.0157733,729337856,0,0
1715730114.0167336,729337856,0,0
1715730115.018002,729337856,0,0
1715730116.0193126,729337856,344,344
1715730117.020596,729337856,152,152
1715730118.0219617,729337856,0,0
1715730119.0232549,729337856,0,0
1715730120.0246525,729337856,0,0
1715730121.0260718,729337856,344,344
1715730122.0273263,729337856,152,152
1715730123.028752,729337856,0,0
1715730124.0300477,729337856,0,0
1715730125.0314615,729337856,0,0
1715730126.0322864,729337856,496,496
1715730127.0336862,729337856,0,0
1715730128.0350897,729337856,0,0
1715730129.0363245,729337856,0,0
1715730130.0377235,729337856,0,0
1715730131.039011,729337856,496,496
1715730132.0402176,729337856,0,0
1715730133.0415797,729337856,356,356
1715730134.042089,729337856,0,0
1715730135.0433419,729337856,0,0
1715730136.044752,729337856,652,652
1715730137.0460713,729337856,0,0
1715730138.047471,729337856,0,0
1715730139.0488396,729337856,31167747,31167747
1715730140.0500765,729337856,293,293
1715730141.0513968,729337856,757,757
1715730142.0527232,729337856,0,0
1715730143.0539477,729337856,0,0
1715730144.0552385,729337856,284,284
1715730145.0566156,729337856,0,0
1715730146.057836,729337856,31167671,31167671
1715730147.059205,729337856,10394311,10394311
1715730148.0604517,729337856,1537,1537
1715730149.0618987,729337856,1309,1309
1715730150.0633237,729337856,1462,1462
1715730151.0642648,729337856,2031,2031
1715730152.0656488,729337856,1471,1471
1715730153.066086,729337856,1470,1470
1715730154.0674214,729337856,4693,4693
1715730155.0687768,729337856,92293,92293
1715730156.0699565,729337856,2071,2071
1715730157.0712953,729337856,1929,1929
1715730158.0726566,729337856,1561,1561
1715730159.074159,729337856,1603,1603
1715730160.0755424,729337856,1509,1509
1715730161.0768907,729337856,2161,2161
1715730162.078077,729337856,1942,1942
1715730163.07951,729337856,1869,1869
1715730164.080912,729337856,1509,1509
1715730165.082065,729337856,1512,1512
1715730166.0827239,729337856,20783418,20783418
1715730167.0837033,729337856,52,52
1715730168.084145,729337856,153,153
1715730169.0855758,729337856,153,153
1715730170.0861685,729337856,0,0
1715730171.087493,729337856,502,502
1715730172.088806,729337856,0,0
1715730173.0899599,729337856,0,0
1715730174.0912967,729337856,0,0
1715730175.092679,729337856,0,0
1715730176.0939193,729337856,496,496
1715730177.095334,729337856,0,0
1715730178.0967064,729337856,0,0
1715730179.0979836,729337856,0,0
1715730180.0991623,729337856,0,0
1715730181.1004102,729337856,496,496
1715730182.1018338,729337856,0,0
1715730183.103197,729337856,0,0
1715730184.1044793,729337856,0,0
1715730185.1060696,729337856,0,0
1715730186.107495,729337856,496,496
1715730187.1088955,729337856,0,0
1715730188.1101043,729337856,0,0
1715730189.1113505,729337856,0,0
1715730190.1127543,729337856,0,0
1715730191.1142359,729337856,496,496
1715730192.1154585,729337856,0,0
1715730193.1170223,729337856,355,355
1715730194.1178548,729337856,0,0
1715730195.1190677,729337856,20779703,20779703
1715730196.1203454,729337856,10395519,10395519
1715730197.1215937,729337856,0,0
1715730198.1228943,729337856,304,304
1715730199.1242476,729337856,0,0
1715730200.1254985,729337856,354,354
1715730201.1260316,729337856,504,504
1715730202.1272287,729337856,1343,1343
1715730203.128489,941649920,41554439,41554439
1715730204.1299028,990830592,869,869
1715730205.131283,1049755648,794,794
1715730206.132678,945192960,1636,1636
1715730207.1340427,972484608,796,796
1715730208.1353157,844447744,1496,1496
1715730209.1366994,832770048,1161,1161
1715730210.1379879,1096286208,1485,1485
1715730211.1393478,1071046656,2027,2027
1715730212.1405792,1186156544,1417,1417
1715730213.1419964,1106743296,1205,1205
1715730214.1434245,1151418368,1206,1206
1715730215.1447234,1092050944,939,939
1715730216.1459548,1117597696,1501,1501
1715730217.1473322,1022218240,1153,1153
1715730218.1488492,1089351680,1755,1755
1715730219.14996,1063448576,1698,1698
1715730220.1512353,1209331712,1483,1483
1715730221.1524525,769114112,20779670,20779670
1715730222.1537578,769114112,2848,2848
1715730223.154078,769114112,300,300
1715730224.1555903,769114112,151,151
1715730225.1565347,769114112,0,0
1715730226.1575437,769114112,655,655
1715730227.1583705,769114112,0,0
1715730228.1595464,769114112,0,0
1715730229.160838,769114112,0,0
1715730230.1619117,769114112,0,0
1715730231.1628551,769114112,496,496
1715730232.1640913,769114112,0,0
1715730233.1653142,769114112,0,0
1715730234.166451,769114112,0,0
1715730235.1678154,769114112,0,0
1715730236.1690629,769114112,496,496
1715730237.1700568,769114112,0,0
1715730238.171332,769114112,0,0
1715730239.1726122,769114112,0,0
1715730240.1738782,769114112,0,0
1715730241.175339,769114112,496,496
1715730242.1766274,769114112,0,0
1715730243.17786,769114112,0,0
1715730244.1791403,769114112,190,190
1715730245.1804485,769114112,0,0
1715730246.1817563,769114112,496,496
1715730247.1829946,769114112,0,0
1715730248.1843493,769114112,0,0
1715730249.185588,769114112,0,0
1715730250.1859074,769114112,31161885,31161885
1715730251.187229,769114112,3646,3646
1715730252.1884754,769114112,0,0
1715730253.1896791,769114112,503,503
1715730254.1899047,769114112,0,0
1715730255.1911213,769114112,0,0
1715730256.1915946,769114112,651,651
1715730257.1927862,769114112,31172175,31172175
1715730258.1939075,769114112,2617,2617
1715730259.1951694,769114112,488,488
1715730260.1964188,769114112,2035,2035
1715730261.1978302,769114112,687,687
1715730262.1990983,769114112,1952,1952
1715730263.200464,769114112,611,611
1715730264.2017896,769114112,1319,1319
1715730265.203189,769114112,884,884
1715730266.2044477,769114112,685,685
1715730267.2059422,769114112,1793,1793
1715730268.207246,769114112,0,0
1715730269.2085242,769114112,1932,1932
1715730270.2098343,769114112,0,0
1715730271.2111378,769114112,1314,1314
1715730272.2124474,769114112,1446,1446
1715730273.2138681,769114112,170,170
1715730274.2152002,769114112,2035,2035
1715730275.2165968,769114112,0,0
1715730276.2178977,769114112,2499,2499
1715730277.219198,769114112,279,279
1715730278.2204976,769114112,633,633
1715730279.2219174,769114112,1743,1743
1715730280.223244,769114112,177,177
1715730281.2244883,769114112,2920,2920
1715730282.2257862,769114112,0,0
1715730283.2270331,769114112,1785,1785
1715730284.2283385,769114112,731,731
1715730285.2295818,769114112,765,765
1715730286.229968,769114112,2452,2452
1715730287.231234,769114112,0,0
1715730288.2324946,769114112,2269,2269
1715730289.2338142,769114112,0,0
1715730290.2351766,769114112,284,284
1715730291.2419393,769114112,1889,1889
1715730292.243209,769114112,0,0
1715730293.2444541,769114112,2219,2219
1715730294.2458735,769114112,0,0
1715730295.247088,769114112,1638,1638
1715730296.2483165,769114112,1292,1292
1715730297.2495112,769114112,768,768
1715730298.2498937,769114112,906,906
1715730299.251283,769114112,963,963
1715730300.2525926,769114112,10389121,10389121
1715730301.2538114,769114112,20780716,20780716
1715730302.2551086,769114112,947,947
1715730303.2563882,769114112,0,0
1715730304.2576199,769114112,305,305
1715730305.258023,769114112,0,0
1715730306.2592769,769114112,502,502
1715730307.2605286,769114112,0,0
1715730308.2618635,769114112,0,0
1715730309.2631192,769114112,0,0
1715730310.2643752,769114112,0,0
1715730311.2659445,769114112,496,496
1715730312.267238,769114112,0,0
1715730313.2685344,769114112,355,355
1715730314.2700293,769114112,0,0
1715730315.2713752,769114112,7578,7578
1715730316.2726476,769114112,11008,11008
1715730317.274079,769114112,4165,4165
1715730318.2754552,769114112,4036,4036
1715730319.276853,769114112,2654,2654
1715730320.2781343,769114112,5764,5764
1715730321.2794015,769114112,569,569
1715730322.28077,769114112,16178,16178
1715730323.281903,769114112,971,971
1715730324.2832313,769114112,939,939
1715730325.2846277,769114112,3210,3210
1715730326.285859,769114112,1048,1048
1715730327.2872753,769114112,620,620
1715730328.2885377,769114112,2906,2906
1715730329.2899108,769114112,4133,4133
1715730330.291335,769114112,834,834
1715730331.2925549,769114112,31166166,31166166
1715730332.2938545,769114112,0,0
1715730333.2951372,769114112,882,882
1715730334.296429,769114112,714,714
1715730335.2976704,769114112,3594,3594
1715730336.2980103,769114112,1858,1858
