Timestamp,MemoryUsage,NetSent,NetRecv
1715729256.8197618,512516096,0,0
1715729257.8210084,519856128,36929,36929
1715729258.8222806,519856128,1687,1687
1715729259.823484,519856128,2987,2987
1715729260.8250084,519856128,4472,4472
1715729261.825903,519856128,5382,5382
1715729262.8265755,519856128,2547,2547
1715729263.8278196,519856128,2125,2125
1715729264.8290136,519856128,843,843
1715729265.829981,519856128,1875,1875
1715729266.8312576,519987200,156,156
1715729267.8319647,519987200,0,0
1715729268.833315,519987200,0,0
1715729269.8339467,519987200,8128,8128
1715729270.835364,519987200,12971,12971
1715729271.8366287,519987200,3001,3001
1715729272.8380537,519987200,2704,2704
1715729273.8393993,519987200,2266,2266
1715729274.8406317,519987200,2230,2230
1715729275.842103,519987200,2714,2714
1715729276.8433752,519987200,2769,2769
1715729277.8446155,519987200,2801,2801
1715729278.8460298,519987200,0,0
1715729279.8472493,519987200,31172756,31172756
1715729280.8478165,519987200,8786,8786
1715729281.8490973,519987200,12028,12028
1715729282.8499448,519987200,1894,1894
1715729283.850714,519987200,3510,3510
1715729284.8520057,519987200,5084,5084
1715729285.8534477,519987200,4351,4351
1715729286.8539732,519987200,5343,5343
1715729287.855235,519987200,20421,20421
1715729288.8565524,519987200,3680,3680
1715729289.8577895,519987200,2227,2227
1715729290.8591924,519987200,3440,3440
1715729291.8604288,519987200,2348,2348
1715729292.8616571,519987200,3457,3457
1715729293.8619783,519987200,3633,3633
1715729294.8633509,519987200,1900,1900
1715729295.864639,519987200,6923,6923
1715729296.8659496,519987200,3377,3377
1715729297.8672297,519987200,4264,4264
1715729298.8684886,519987200,3430,3430
1715729299.8697433,519987200,1973,1973
1715729300.871006,519987200,1248,1248
1715729301.872274,519987200,157,157
1715729302.873668,519987200,6749,6749
1715729303.8741202,519987200,5139,5139
1715729304.8754184,519987200,5541,5541
1715729305.8767028,519987200,7464,7464
1715729306.8780143,519987200,4617,4617
1715729307.8793974,519987200,5282,5282
1715729308.880716,519987200,2333,2333
1715729309.884378,519987200,2558,2558
1715729310.8856244,519987200,359,359
1715729311.8868756,519987200,2187,2187
1715729312.8881211,519987200,282,282
1715729313.8892298,519987200,1283,1283
1715729314.8904133,519987200,876,876
1715729315.8915067,519987200,965,965
1715729316.89283,519987200,3540,3540
1715729317.893956,519987200,6883,6883
1715729318.8951714,519987200,4268,4268
1715729319.8964002,519987200,1373,1373
1715729320.897614,519987200,2421,2421
1715729321.8979585,519987200,6782,6782
1715729322.89943,519987200,10391585,10391585
1715729323.900726,519987200,20784379,20784379
1715729324.9020364,519987200,0,0
1715729325.9033587,519987200,360,360
1715729326.9046977,519987200,156,156
1715729327.9060092,519987200,0,0
1715729328.9072397,519987200,0,0
1715729329.9085424,519987200,0,0
1715729330.9097621,519987200,1384,1384
1715729331.9111073,519987200,513,513
1715729332.912523,519987200,641,641
1715729333.9137728,519987200,152,152
1715729334.914102,519987200,0,0
1715729335.9153345,519987200,345,345
1715729336.9167106,519987200,155,155
1715729337.9180322,519987200,0,0
1715729338.9192533,519987200,0,0
1715729339.9201646,519987200,0,0
1715729340.9214761,519987200,344,344
1715729341.9220293,519987200,152,152
1715729342.9232683,519987200,0,0
1715729343.9246237,519987200,0,0
1715729344.9258814,519987200,0,0
1715729345.9263113,519987200,344,344
1715729346.9275584,519987200,152,152
1715729347.9289405,519987200,0,0
1715729348.9300168,519987200,0,0
1715729349.931322,519987200,0,0
1715729350.932778,519987200,344,344
1715729351.9340303,519987200,152,152
1715729352.9353726,617119744,31170663,31170663
1715729353.936746,890556416,0,0
1715729354.9379206,792698880,153,153
1715729355.939214,854192128,499,499
1715729356.940517,754896896,155,155
1715729357.9417846,1075871744,0,0
1715729358.9429784,721256448,1365,1365
1715729359.9441965,721256448,31172534,31172534
1715729360.945198,721256448,357,357
1715729361.9459035,721256448,1320,1320
1715729362.9469614,721256448,1117,1117
1715729363.9481812,721256448,783,783
1715729364.9494388,721256448,1442,1442
1715729365.9498749,721256448,548,548
1715729366.9511027,721256448,1972,1972
1715729367.9523275,721256448,0,0
1715729368.9535058,721256448,780,780
1715729369.9538817,721256448,985,985
1715729370.9551291,721256448,1088,1088
1715729371.9563682,721256448,1418,1418
1715729372.9576023,721256448,498,498
1715729373.9580767,721256448,736,736
1715729374.95935,721256448,1192,1192
1715729375.9604187,721256448,1169,1169
1715729376.9616828,721256448,1455,1455
1715729377.961972,721256448,781,781
1715729378.9632359,721256448,1469,1469
1715729379.9644642,721256448,196,196
1715729380.9658751,721256448,2992,2992
1715729381.967268,721256448,710,710
1715729382.9685304,721256448,1088,1088
1715729383.9699416,721256448,1455,1455
1715729384.9712336,721256448,196,196
1715729385.9725604,721256448,2554,2554
1715729386.9738703,721256448,0,0
1715729387.9751112,721256448,1812,1812
1715729388.9764931,721256448,0,0
1715729389.977762,721256448,956,956
1715729390.9790246,721256448,1747,1747
1715729391.9815984,721256448,358,358
1715729392.9824355,721256448,1922,1922
1715729393.9836843,721256448,0,0
1715729394.9849823,721256448,1629,1629
1715729395.9860706,721256448,508,508
1715729396.987295,721256448,1468,1468
1715729397.988294,721256448,839,839
1715729398.989556,721256448,358,358
1715729399.9960938,721256448,2254,2254
1715729400.99739,721256448,511,511
1715729401.998088,721256448,2464,2464
1715729402.9994366,721256448,31171793,31171793
1715729404.0006804,721256448,0,0
1715729405.0022085,721256448,152,152
1715729406.0029285,721256448,655,655
1715729407.0041869,721256448,0,0
1715729408.0054605,721256448,0,0
1715729409.0060809,721256448,0,0
1715729410.0074484,721256448,0,0
1715729411.0086825,721256448,496,496
1715729412.0099611,721256448,0,0
1715729413.011309,721256448,355,355
1715729414.0125315,721256448,0,0
1715729415.0139647,721256448,151,151
1715729416.0150075,721256448,500,500
1715729417.0162992,721256448,0,0
1715729418.0175354,721256448,0,0
1715729419.0179431,721256448,0,0
1715729420.0190547,721256448,349,349
1715729421.020281,721256448,502,502
1715729422.0211809,721256448,0,0
1715729423.022047,721256448,0,0
1715729424.0233774,721256448,335,335
1715729425.0245922,721256448,0,0
1715729426.0253444,721256448,502,502
1715729427.0268574,721256448,0,0
1715729428.0278804,721256448,0,0
1715729429.0292425,721256448,0,0
1715729430.0299506,721256448,0,0
1715729431.031322,721256448,496,496
1715729432.0326705,721256448,31166908,31166908
1715729433.0332196,721256448,1020,1020
1715729434.0339124,721256448,0,0
1715729435.0352087,721256448,151,151
1715729436.0364301,721256448,653,653
1715729437.0376515,721256448,0,0
1715729438.0378952,721256448,1367,1367
1715729439.0391362,748519424,31166068,31166068
1715729440.0404947,922247168,0,0
1715729441.0415199,776769536,2608,2608
1715729442.0419655,869138432,824,824
1715729443.0432086,952877056,467,467
1715729444.0444496,820928512,2038,2038
1715729445.0456765,972066816,0,0
1715729446.0458965,777097216,1988,1988
1715729447.0471976,933289984,563,563
1715729448.0484724,821112832,1476,1476
1715729449.0497372,888238080,724,724
1715729450.050962,915415040,171,171
1715729451.052201,777031680,2266,2266
1715729452.0536466,1036767232,278,278
1715729453.0541565,821084160,1657,1657
1715729454.0554419,1052618752,560,560
1715729455.056669,785289216,767,767
1715729456.0579133,776994816,2020,2020
1715729457.059156,913448960,761,761
1715729458.059937,845922304,173,173
1715729459.0612214,954875904,2058,2058
1715729460.0620513,789741568,0,0
1715729461.0632455,784715776,2051,2051
1715729462.0644655,952569856,1022,1022
1715729463.065732,820715520,171,171
1715729464.0665486,1110966272,2071,2071
1715729465.0677838,849076224,0,0
1715729466.069102,776806400,2414,2414
1715729467.070004,1122369536,948,948
1715729468.071282,821161984,2296,2296
1715729469.0725892,955228160,1498,1498
1715729470.0738258,777220096,0,0
1715729471.0751243,777170944,2518,2518
1715729472.0757778,877600768,0,0
1715729473.0769706,820940800,1643,1643
1715729474.0779228,1208705024,835,835
1715729475.0792077,802066432,351,351
1715729476.0801034,896532480,2408,2408
1715729477.0814052,896389120,0,0
1715729478.0820055,820789248,2258,2258
1715729479.0832746,1213718528,0,0
1715729480.0837543,777203712,1609,1609
1715729481.0850842,777203712,10390200,10390200
1715729482.0863876,855728128,10391314,10391314
1715729483.087828,773189632,10391306,10391306
1715729484.0891063,773189632,0,0
1715729485.0903988,773189632,305,305
1715729486.0919604,773189632,507,507
1715729487.0933437,773189632,0,0
1715729488.094039,773189632,0,0
1715729489.0955808,773189632,0,0
1715729490.0969503,773189632,0,0
1715729491.0982976,773189632,496,496
1715729492.0996814,773189632,0,0
1715729493.1010444,773189632,0,0
1715729494.1019936,773189632,0,0
1715729495.103224,773189632,0,0
1715729496.1045327,773189632,600,600
1715729497.105904,773189632,0,0
1715729498.10712,773189632,0,0
1715729499.1084788,773189632,0,0
1715729500.1098788,773189632,355,355
1715729501.1111004,773189632,502,502
1715729502.112446,773189632,0,0
1715729503.11376,773189632,352,352
1715729504.1149755,773189632,302,302
1715729505.1163428,773189632,0,0
1715729506.1172574,773189632,651,651
1715729507.1180062,773189632,0,0
1715729508.1193712,773189632,0,0
1715729509.1205657,773189632,0,0
1715729510.121915,773189632,0,0
1715729511.123326,773189632,496,496
1715729512.1245143,773189632,31169116,31169116
1715729513.1259105,773189632,2826,2826
1715729514.1262648,773189632,0,0
1715729515.127495,773189632,303,303
1715729516.128767,773189632,502,502
1715729517.12997,773189632,0,0
1715729518.1314454,773189632,0,0
1715729519.1327207,773189632,31172398,31172398
1715729520.1339295,773189632,158,158
1715729521.1351523,773189632,1589,1589
1715729522.136512,773189632,1327,1327
1715729523.1378446,773189632,163,163
1715729524.1391637,773189632,1313,1313
1715729525.1405818,773189632,733,733
1715729526.1418254,773189632,1483,1483
1715729527.1430957,773189632,1293,1293
1715729528.144359,773189632,756,756
1715729529.1456676,773189632,734,734
1715729530.1459835,773189632,905,905
1715729531.1472144,773189632,1260,1260
1715729532.1485546,773189632,1337,1337
1715729533.1497877,773189632,949,949
1715729534.1510139,773189632,738,738
1715729535.152425,773189632,1503,1503
1715729536.1536727,773189632,507,507
1715729537.1539273,773189632,2303,2303
1715729538.1543689,773189632,0,0
1715729539.1555896,773189632,1508,1508
1715729540.1569211,773189632,1572,1572
1715729541.1580715,773189632,1127,1127
1715729542.1585429,773189632,1486,1486
1715729543.159803,773189632,0,0
1715729544.1610162,773189632,1403,1403
1715729545.163744,773189632,567,567
1715729546.165084,773189632,508,508
1715729547.1659102,773189632,2293,2293
1715729548.167279,773189632,0,0
1715729549.1684928,773189632,1687,1687
1715729550.1690712,773189632,566,566
1715729551.169943,773189632,1303,1303
1715729552.171225,773189632,92529,92529
1715729553.1724548,773189632,0,0
1715729554.1737278,773189632,1530,1530
1715729555.1750658,773189632,741,741
1715729556.1763816,773189632,1499,1499
1715729557.1772883,773189632,1328,1328
1715729558.178096,773189632,179,179
1715729559.178876,773189632,1521,1521
1715729560.1801028,773189632,569,569
1715729561.18138,773189632,1643,1643
1715729562.1820138,773189632,10391098,10391098
1715729563.183244,773189632,20779262,20779262
1715729564.1846104,773189632,1253,1253
1715729565.1858473,773189632,0,0
1715729566.187202,773320704,663,663
1715729567.1885266,773320704,0,0
1715729568.1897705,773320704,0,0
1715729569.1912289,773320704,216,216
1715729570.1924756,773320704,0,0
1715729571.193724,773320704,496,496
1715729572.1951802,773320704,0,0
1715729573.195937,773320704,0,0
1715729574.1971853,773320704,0,0
1715729575.1982255,773320704,0,0
1715729576.1994328,773320704,496,496
1715729577.2006426,773320704,0,0
1715729578.2019162,773320704,0,0
1715729579.203207,773320704,0,0
1715729580.2043192,773320704,0,0
1715729581.2048097,773320704,496,496
1715729582.2061355,773320704,0,0
1715729583.2073007,773320704,0,0
1715729584.2083101,773320704,0,0
1715729585.209514,773320704,0,0
1715729586.2099524,773320704,496,496
1715729587.2113125,773320704,0,0
1715729588.2125847,773320704,0,0
1715729589.2139885,773320704,0,0
1715729590.2151926,773320704,0,0
1715729591.2166343,773320704,496,496
1715729592.2179868,773320704,0,0
1715729593.2192461,773320704,31168221,31168221
1715729594.2204926,773320704,1170,1170
1715729595.221739,773320704,0,0
1715729596.2230396,773320704,657,657
1715729597.224256,773320704,0,0
1715729598.2255516,773320704,0,0
1715729599.226887,773320704,31164690,31164690
1715729600.2280946,773320704,10395636,10395636
1715729601.2294803,773320704,2339,2339
1715729602.2299027,773320704,1446,1446
1715729603.2311506,773320704,963,963
1715729604.2325468,773320704,1801,1801
1715729605.2335622,773320704,1513,1513
1715729606.2339935,773320704,2071,2071
1715729607.235285,773320704,1231,1231
1715729608.2365417,773320704,1221,1221
1715729609.237841,773320704,1506,1506
1715729610.239096,773320704,1500,1500
1715729611.2403548,773320704,1953,1953
1715729612.241611,773320704,1508,1508
1715729613.2419574,773320704,1329,1329
1715729614.2423885,773320704,1928,1928
1715729615.2433932,773320704,1553,1553
1715729616.2446992,773320704,2070,2070
1715729617.2460606,773320704,1505,1505
1715729618.2474282,773320704,10390132,10390132
1715729619.248793,773320704,10393237,10393237
1715729620.2502484,773320704,492,492
1715729621.2514586,773320704,507,507
1715729622.252723,773320704,0,0
1715729623.25393,773320704,352,352
1715729624.2552078,773320704,0,0
1715729625.2565758,773320704,152,152
1715729626.257156,773320704,500,500
1715729627.257946,773320704,0,0
1715729628.2592168,773320704,0,0
1715729629.2605107,773320704,0,0
1715729630.2617924,773320704,0,0
1715729631.263194,773320704,496,496
1715729632.263713,773320704,0,0
1715729633.2649107,773320704,0,0
1715729634.2659774,773320704,0,0
1715729635.267366,773320704,0,0
1715729636.268676,773320704,496,496
1715729637.269929,773320704,0,0
1715729638.2713108,773320704,0,0
1715729639.2725804,773320704,0,0
1715729640.2737672,773320704,0,0
1715729641.2751436,773320704,496,496
1715729642.2764595,773320704,0,0
1715729643.2778065,773320704,0,0
1715729644.2781487,773320704,0,0
1715729645.2795033,773320704,0,0
1715729646.2808301,773320704,496,496
1715729647.282045,773320704,0,0
1715729648.2826958,773320704,31166910,31166910
1715729649.2841074,773320704,2482,2482
1715729650.2854571,773320704,0,0
1715729651.285931,773320704,506,506
1715729652.2871888,773320704,0,0
1715729653.2885263,773320704,353,353
1715729654.2899108,773320704,765,765
