Timestamp,MemoryUsage,NetSent,NetRecv
1715729256.9024074,512417792,0,0
1715729257.9036052,520151040,34230,34230
1715729258.9048142,520151040,527,527
1715729259.9060886,520151040,4152,4152
1715729260.9073431,520151040,3307,3307
1715729261.9085693,520151040,5660,5660
1715729262.909808,520151040,2269,2269
1715729263.9110398,520151040,2405,2405
1715729264.9122934,520282112,563,563
1715729265.9137602,520282112,1875,1875
1715729266.9150217,520282112,156,156
1715729267.9162557,520282112,0,0
1715729268.917483,520282112,0,0
1715729269.917917,520282112,11335,11335
1715729270.9185643,520282112,9764,9764
1715729271.919966,520282112,4013,4013
1715729272.9211652,520282112,2701,2701
1715729273.9220498,520282112,1933,1933
1715729274.9231696,520282112,1554,1554
1715729275.9245803,520282112,2714,2714
1715729276.9259663,520282112,2769,2769
1715729277.9267068,520282112,2801,2801
1715729278.927966,520282112,0,0
1715729279.9292514,520282112,31173352,31173352
1715729280.930082,520282112,10642,10642
1715729281.9314501,520282112,9843,9843
1715729282.9327116,520282112,2133,2133
1715729283.9340622,520282112,3004,3004
1715729284.9354439,520282112,5532,5532
1715729285.936728,520282112,3903,3903
1715729286.937932,520282112,10821,10821
1715729287.9391713,520282112,15220,15220
1715729288.9404652,520282112,3878,3878
1715729289.941821,520282112,1922,1922
1715729290.9432018,520282112,3551,3551
1715729291.9444745,520282112,3287,3287
1715729292.9457815,520282112,2237,2237
1715729293.9471269,520282112,3633,3633
1715729294.947861,520282112,2187,2187
1715729295.9491034,520282112,6636,6636
1715729296.9502697,520282112,3850,3850
1715729297.9515066,520282112,4501,4501
1715729298.9528406,520282112,2720,2720
1715729299.9539711,520282112,2285,2285
1715729300.9547029,520282112,936,936
1715729301.9559674,520282112,157,157
1715729302.9574494,520282112,6749,6749
1715729303.9580646,520282112,5191,5191
1715729304.959472,520282112,5733,5733
1715729305.9600158,520282112,7752,7752
1715729306.9610603,520282112,5233,5233
1715729307.962199,520282112,4134,4134
1715729308.9634848,520282112,2505,2505
1715729309.9648368,520282112,2386,2386
1715729310.9659622,520282112,359,359
1715729311.9670882,520282112,2469,2469
1715729312.968351,520282112,0,0
1715729313.9695714,520282112,1283,1283
1715729314.9702194,520282112,876,876
1715729315.971506,520282112,1227,1227
1715729316.9729085,520282112,3836,3836
1715729317.9739478,520282112,7082,7082
1715729318.9751565,520282112,4321,4321
1715729319.975595,520282112,563,563
1715729320.9768445,520282112,3904,3904
1715729321.9780557,520282112,6369,6369
1715729322.979289,520282112,10390901,10390901
1715729323.9806857,520282112,20783993,20783993
1715729324.98208,520282112,0,0
1715729325.9833093,520282112,516,516
1715729326.9847329,520282112,0,0
1715729327.9860206,520282112,0,0
1715729328.9872463,520282112,0,0
1715729329.9886894,520282112,0,0
1715729330.9899554,520282112,1541,1541
1715729331.9913423,520282112,356,356
1715729332.992519,520282112,641,641
1715729333.9940286,520282112,152,152
1715729334.9954066,520282112,0,0
1715729335.9967077,520282112,500,500
1715729336.9979098,520282112,0,0
1715729337.999298,520282112,0,0
1715729339.0006697,520282112,0,0
1715729340.001908,520282112,0,0
1715729341.0032744,520282112,496,496
1715729342.0046358,520282112,0,0
1715729343.0059223,520282112,0,0
1715729344.0071437,520282112,0,0
1715729345.008398,520282112,0,0
1715729346.0098772,520282112,496,496
1715729347.0112245,520282112,0,0
1715729348.011665,520282112,0,0
1715729349.013024,520282112,0,0
1715729350.0133512,520282112,0,0
1715729351.0141482,520282112,496,496
1715729352.0151324,520282112,0,0
1715729353.0163574,520282112,31170663,31170663
1715729354.017641,520282112,0,0
1715729355.0179458,520282112,153,153
1715729356.0192275,520282112,654,654
1715729357.0205293,520282112,0,0
1715729358.0218072,520282112,0,0
1715729359.0230188,520282112,31167234,31167234
1715729360.0242817,520282112,6665,6665
1715729361.0257185,520282112,513,513
1715729362.027009,520282112,1728,1728
1715729363.0283706,520282112,553,553
1715729364.029648,520282112,783,783
1715729365.0299802,520282112,1442,1442
1715729366.0307643,520282112,703,703
1715729367.0320556,520282112,1817,1817
1715729368.0333405,520282112,0,0
1715729369.0339174,520282112,1112,1112
1715729370.0352194,520282112,653,653
1715729371.0365083,520282112,1243,1243
1715729372.0378058,520282112,1263,1263
1715729373.039062,520282112,779,779
1715729374.0403175,520282112,896,896
1715729375.0416873,520282112,751,751
1715729376.0429657,520282112,1324,1324
1715729377.044261,520282112,1300,1300
1715729378.0461395,520282112,781,781
1715729379.0474148,520282112,1469,1469
1715729380.048755,520282112,888,888
1715729381.049948,520282112,2565,2565
1715729382.0512376,520282112,445,445
1715729383.0524871,520282112,1255,1255
1715729384.0538046,520282112,1288,1288
1715729385.0550985,520282112,783,783
1715729386.056416,520282112,1967,1967
1715729387.0577273,520282112,0,0
1715729388.0590265,520282112,1812,1812
1715729389.0602496,520282112,0,0
1715729390.061478,520282112,1352,1352
1715729391.061961,520282112,1351,1351
1715729392.0632627,520282112,358,358
1715729393.064528,520282112,1922,1922
1715729394.0658138,520282112,0,0
1715729395.0671084,520282112,1629,1629
1715729396.0684123,520282112,508,508
1715729397.0696526,520282112,2307,2307
1715729398.0700955,520282112,0,0
1715729399.071381,520282112,509,509
1715729400.072691,520282112,2103,2103
1715729401.073991,520282112,699,699
1715729402.0752733,520282112,10392540,10392540
1715729403.0765858,520282112,20781529,20781529
1715729404.0779922,520282112,0,0
1715729405.0790102,520282112,152,152
1715729406.0804203,520282112,655,655
1715729407.081832,520282112,0,0
1715729408.0830736,520282112,0,0
1715729409.0844293,520282112,0,0
1715729410.0858128,520282112,0,0
1715729411.0870662,520282112,496,496
1715729412.0884633,520282112,0,0
1715729413.0892541,520282112,355,355
1715729414.0899556,520282112,0,0
1715729415.0912004,520282112,151,151
1715729416.0924897,520282112,500,500
1715729417.0937822,520282112,0,0
1715729418.0950375,520282112,0,0
1715729419.096497,520282112,0,0
1715729420.0978854,520282112,349,349
1715729421.0991442,520282112,502,502
1715729422.0999472,520282112,0,0
1715729423.101233,520282112,0,0
1715729424.1020396,520282112,335,335
1715729425.1034214,520282112,0,0
1715729426.1048274,520282112,502,502
1715729427.1060405,520282112,0,0
1715729428.1073203,520282112,0,0
1715729429.10854,520282112,0,0
1715729430.110081,520282112,0,0
1715729431.1113067,520282112,496,496
1715729432.112566,520282112,31167198,31167198
1715729433.1134176,520282112,730,730
1715729434.1139345,520282112,151,151
1715729435.1152177,520282112,0,0
1715729436.1161866,520282112,653,653
1715729437.117137,520282112,0,0
1715729438.1179404,520282112,31163194,31163194
1715729439.119231,520282112,4241,4241
1715729440.120702,520282112,303,303
1715729441.1219354,520282112,2357,2357
1715729442.1232903,520282112,772,772
1715729443.1246119,520282112,1164,1164
1715729444.125886,520282112,1341,1341
1715729445.1272407,520282112,0,0
1715729446.1286418,520282112,1988,1988
1715729447.1303074,520282112,563,563
1715729448.1315312,520282112,1639,1639
1715729449.132693,520282112,561,561
1715729450.1340156,520282112,475,475
1715729451.1353614,520282112,2240,2240
1715729452.136612,520282112,171,171
1715729453.1378741,520282112,1768,1768
1715729454.1391506,520282112,278,278
1715729455.1404076,520282112,767,767
1715729456.1409142,520282112,2020,2020
1715729457.1419544,520282112,761,761
1715729458.1433165,520282112,339,339
1715729459.1445916,520282112,1892,1892
1715729460.1459627,520282112,0,0
1715729461.1472342,520282112,2051,2051
1715729462.1481452,520282112,1022,1022
1715729463.149,520282112,171,171
1715729464.1500473,520282112,2071,2071
1715729465.1513069,520282112,0,0
1715729466.1533954,520282112,2748,2748
1715729467.1644554,520282112,1150,1150
1715729468.1656842,520282112,1760,1760
1715729469.1660626,520282112,1498,1498
1715729470.167385,520282112,0,0
1715729471.1687336,520282112,2518,2518
1715729472.1699724,520282112,0,0
1715729473.1760356,520282112,1643,1643
1715729474.1773188,520282112,835,835
1715729475.1779153,520282112,642,642
1715729476.1788058,520282112,2117,2117
1715729477.1792607,520282112,0,0
1715729478.180348,520282112,2258,2258
1715729479.1816788,520282112,0,0
1715729480.1819851,520282112,1609,1609
1715729481.1827703,520282112,10390200,10390200
1715729482.1839843,520282112,10392016,10392016
1715729483.1852057,520282112,10390604,10390604
1715729484.1860409,520282112,0,0
1715729485.1873915,520282112,305,305
1715729486.188608,520282112,507,507
1715729487.1899686,520282112,0,0
1715729488.1910288,520282112,0,0
1715729489.192261,520282112,0,0
1715729490.193642,520282112,0,0
1715729491.1940293,520282112,496,496
1715729492.1952589,520282112,0,0
1715729493.1965191,520282112,0,0
1715729494.197772,520282112,0,0
1715729495.199003,520282112,0,0
1715729496.200486,520282112,600,600
1715729497.201855,520282112,0,0
1715729498.203208,520282112,0,0
1715729499.2046487,520282112,0,0
1715729500.2060223,520282112,355,355
1715729501.2073882,520282112,502,502
1715729502.2087564,520282112,0,0
1715729503.2100716,520282112,352,352
1715729504.2113307,520282112,302,302
1715729505.2125623,520282112,0,0
1715729506.2138295,520282112,651,651
1715729507.2151706,520282112,0,0
1715729508.2164001,520282112,0,0
1715729509.2176757,520282112,0,0
1715729510.218931,520282112,0,0
1715729511.2201843,520282112,496,496
1715729512.220469,520282112,31169742,31169742
1715729513.2217941,520282112,2200,2200
1715729514.2230809,520282112,0,0
1715729515.2244513,520282112,303,303
1715729516.225788,520282112,502,502
1715729517.2270544,520282112,0,0
1715729518.2283516,520282112,325,325
1715729519.2296162,609968128,31172073,31172073
1715729520.230001,1111109632,158,158
1715729521.2313454,721702912,1589,1589
1715729522.2327373,705015808,1327,1327
1715729523.234034,801062912,163,163
1715729524.2355134,696856576,1313,1313
1715729525.2369113,770387968,733,733
1715729526.237916,768131072,2047,2047
1715729527.2386718,780587008,729,729
1715729528.2399507,957325312,756,756
1715729529.241234,734785536,734,734
1715729530.2419815,918343680,905,905
1715729531.2429965,766132224,1260,1260
1715729532.2436063,778846208,1697,1697
1715729533.2449105,802803712,589,589
1715729534.2509751,760893440,916,916
1715729535.2521765,708763648,1325,1325
1715729536.2528973,817090560,507,507
1715729537.254127,743452672,2303,2303
1715729538.2553976,842264576,0,0
1715729539.2566214,787775488,1678,1678
1715729540.2579045,960929792,1402,1402
1715729541.2591758,748515328,1127,1127
1715729542.2604885,943198208,1486,1486
1715729543.2617795,790851584,0,0
1715729544.2629943,785809408,1403,1403
1715729545.2636583,968736768,567,567
1715729546.2642303,742432768,692,692
1715729547.2650163,723345408,2109,2109
1715729548.266008,899600384,0,0
1715729549.2673354,767442944,1687,1687
1715729550.268611,1031364608,566,566
1715729551.2698894,746676224,91996,91996
1715729552.2710986,740368384,1836,1836
1715729553.2723553,843890688,0,0
1715729554.273159,784089088,1704,1704
1715729555.2739828,985534464,567,567
1715729556.275188,790413312,1678,1678
1715729557.2756517,837246976,1149,1149
1715729558.2769027,778465280,468,468
1715729559.2780862,734380032,1522,1522
1715729560.2794337,950251520,583,583
1715729561.280675,786771968,1514,1514
1715729562.2820663,846020608,10390923,10390923
1715729563.2833002,725188608,20779855,20779855
1715729564.2846951,725188608,660,660
1715729565.2860446,725188608,0,0
1715729566.2874327,725188608,663,663
1715729567.2879024,725188608,0,0
1715729568.2887168,725188608,0,0
1715729569.2900627,725188608,216,216
1715729570.2910638,725188608,0,0
1715729571.2920284,725188608,496,496
1715729572.2934306,725188608,0,0
1715729573.29405,725188608,0,0
1715729574.295132,725188608,0,0
1715729575.2963612,725188608,0,0
1715729576.2972403,725188608,496,496
1715729577.29837,725188608,0,0
1715729578.29962,725188608,0,0
1715729579.3009968,725188608,0,0
1715729580.3023682,725188608,0,0
1715729581.3036005,725188608,496,496
1715729582.3048747,725188608,0,0
1715729583.306116,725188608,0,0
1715729584.3070476,725188608,0,0
1715729585.3083308,725188608,0,0
1715729586.3095481,725188608,496,496
1715729587.3099322,725188608,0,0
1715729588.3113472,725188608,0,0
1715729589.3126154,725188608,0,0
1715729590.313524,725188608,0,0
1715729591.3140614,725188608,496,496
1715729592.3154826,725188608,0,0
1715729593.3167593,725188608,31169339,31169339
1715729594.3179479,725188608,52,52
1715729595.3191895,725188608,0,0
1715729596.3204932,725188608,657,657
1715729597.3218567,725188608,0,0
1715729598.3232403,725188608,0,0
1715729599.324451,725188608,31166005,31166005
1715729600.3257642,725188608,10394321,10394321
1715729601.3271718,725188608,2339,2339
1715729602.3285472,725188608,1446,1446
1715729603.3299124,725188608,963,963
1715729604.3312051,725188608,1801,1801
1715729605.3325584,725188608,1513,1513
1715729606.3340044,725188608,2071,2071
1715729607.3354182,725188608,1510,1510
1715729608.336902,725188608,1452,1452
1715729609.3380482,725188608,1276,1276
1715729610.339433,725188608,1499,1499
1715729611.340742,725188608,1674,1674
1715729612.341978,725188608,1508,1508
1715729613.3432837,725188608,1496,1496
1715729614.3445675,725188608,1933,1933
1715729615.3458745,725188608,1381,1381
1715729616.3471427,725188608,2070,2070
1715729617.347925,725188608,1505,1505
1715729618.3492281,725188608,10390132,10390132
1715729619.3500526,725188608,10393237,10393237
1715729620.3512928,725188608,492,492
1715729621.3526907,725188608,507,507
1715729622.3539963,725188608,0,0
1715729623.35523,725188608,352,352
1715729624.3566935,725188608,0,0
1715729625.3579335,725188608,152,152
1715729626.3584142,725188608,500,500
1715729627.3596387,725188608,0,0
1715729628.3608856,725188608,0,0
1715729629.3618994,725188608,0,0
1715729630.363105,725188608,0,0
1715729631.364393,725188608,496,496
1715729632.3657725,725188608,0,0
1715729633.3670685,725188608,0,0
1715729634.367903,725188608,0,0
1715729635.369274,725188608,0,0
1715729636.3705857,725188608,496,496
1715729637.3718185,725188608,0,0
1715729638.3731403,725188608,0,0
1715729639.374585,725188608,0,0
1715729640.3756998,725188608,0,0
1715729641.3764758,725188608,496,496
1715729642.3778663,725188608,0,0
1715729643.3792264,725188608,0,0
1715729644.3804872,725188608,0,0
1715729645.3819063,725188608,0,0
1715729646.383289,725188608,496,496
1715729647.3844256,725188608,0,0
1715729648.385251,725188608,31167672,31167672
1715729649.3859951,725188608,1720,1720
1715729650.3872414,725188608,0,0
1715729651.3885024,725188608,506,506
1715729652.3898916,725188608,0,0
1715729653.3911874,725188608,353,353
1715729654.3919897,725188608,765,765
