Timestamp,MemoryUsage,NetSent,NetRecv
1715729257.3613243,512241664,0,0
1715729258.3621204,519712768,10606,10606
1715729259.3635046,519712768,851,851
1715729260.3644667,519712768,4510,4510
1715729261.3657591,519712768,4421,4421
1715729262.3662913,519712768,4177,4177
1715729263.3668826,519712768,2265,2265
1715729264.368256,519712768,2132,2132
1715729265.3688905,519712768,1519,1519
1715729266.3700514,519712768,512,512
1715729267.3713076,519712768,0,0
1715729268.3727672,519712768,0,0
1715729269.3739512,519712768,0,0
1715729270.3751698,519712768,19455,19455
1715729271.3765416,519712768,3126,3126
1715729272.377783,519712768,3278,3278
1715729273.379357,519712768,2519,2519
1715729274.380727,519712768,1939,1939
1715729275.3818903,519712768,3291,3291
1715729276.3831406,519712768,562,562
1715729277.3844938,519712768,5256,5256
1715729278.385744,519712768,158,158
1715729279.3870945,519712768,311,311
1715729280.3883238,519712768,31175829,31175829
1715729281.3896384,519712768,16489,16489
1715729282.3899755,519712768,1570,1570
1715729283.3912678,519712768,3591,3591
1715729284.3925269,519712768,4030,4030
1715729285.3938303,519712768,5497,5497
1715729286.3951225,519712768,1249,1249
1715729287.396427,519712768,22627,22627
1715729288.3978944,519712768,5217,5217
1715729289.399146,519712768,2202,2202
1715729290.4004467,519712768,3344,3344
1715729291.4017346,519712768,2505,2505
1715729292.4030886,519712768,2968,2968
1715729293.4043455,519712768,3781,3781
1715729294.4056225,519712768,2956,2956
1715729295.406168,519712768,4197,4197
1715729296.4074457,519712768,5295,5295
1715729297.4087338,519712768,3747,3747
1715729298.4099512,519712768,3676,3676
1715729299.411245,519712768,2750,2750
1715729300.41253,519712768,2042,2042
1715729301.4138627,519712768,357,357
1715729302.4179273,519712768,1156,1156
1715729303.4193642,519712768,7862,7862
1715729304.4200284,519712768,5337,5337
1715729305.421429,519712768,7791,7791
1715729306.4220147,519712768,6269,6269
1715729307.4232957,519712768,5761,5761
1715729308.4245832,519712768,2767,2767
1715729309.4257247,519712768,2145,2145
1715729310.4269845,519712768,753,753
1715729311.4282525,519712768,1321,1321
1715729312.4295866,519712768,1349,1349
1715729313.4299765,519712768,0,0
1715729314.4313383,519712768,1873,1873
1715729315.432593,519712768,439,439
1715729316.4338326,519712768,2057,2057
1715729317.435104,519712768,6186,6186
1715729318.436437,519712768,6064,6064
1715729319.437762,519712768,2289,2289
1715729320.4389102,519712768,935,935
1715729321.440183,519712768,6927,6927
1715729322.4415555,519712768,10391641,10391641
1715729323.4422295,519712768,20783770,20783770
1715729324.4435577,519712768,2174,2174
1715729325.4448273,519712768,159,159
1715729326.4462447,519712768,357,357
1715729327.4474764,519712768,0,0
1715729328.4487333,519712768,0,0
1715729329.449915,519712768,0,0
1715729330.451223,519712768,152,152
1715729331.4518795,519712768,1745,1745
1715729332.4531024,519712768,0,0
1715729333.4540818,519712768,641,641
1715729334.4554722,519712768,152,152
1715729335.4569516,519712768,152,152
1715729336.4579184,519712768,348,348
1715729337.4593003,519712768,0,0
1715729338.460574,519712768,0,0
1715729339.4620547,519712768,0,0
1715729340.463322,519712768,152,152
1715729341.464624,519712768,344,344
1715729342.465869,519712768,0,0
1715729343.4670653,519712768,0,0
1715729344.4679837,519712768,0,0
1715729345.4684894,519712768,152,152
1715729346.4699097,519712768,344,344
1715729347.4711735,519712768,0,0
1715729348.4721298,519712768,0,0
1715729349.4735975,519712768,0,0
1715729350.4739118,519712768,152,152
1715729351.4753509,519712768,344,344
1715729352.4765604,519712768,31168448,31168448
1715729353.4778466,519712768,2215,2215
1715729354.4791088,519712768,0,0
1715729355.4801538,519712768,458,458
1715729356.4815614,519712768,349,349
1715729357.482081,519712768,0,0
1715729358.4833412,519712768,0,0
1715729359.4844913,519712768,31172362,31172362
1715729360.4858074,519712768,1695,1695
1715729361.487115,519712768,1187,1187
1715729362.4884686,519712768,1449,1449
1715729363.4897757,519712768,0,0
1715729364.4902022,519712768,1669,1669
1715729365.4915218,519712768,709,709
1715729366.492864,519712768,1185,1185
1715729367.4940822,519712768,1182,1182
1715729368.495334,519712768,499,499
1715729369.4966226,519712768,1266,1266
1715729370.5010388,519712768,654,654
1715729371.5019224,519712768,1491,1491
1715729372.5032623,519712768,361,361
1715729373.5045588,519712768,779,779
1715729374.5058184,519712768,1457,1457
1715729375.5070639,519712768,933,933
1715729376.508281,519712768,1317,1317
1715729377.5096238,519712768,755,755
1715729378.510046,519712768,762,762
1715729379.511433,519712768,1297,1297
1715729380.5126927,519712768,2025,2025
1715729381.5139701,519712768,1873,1873
1715729382.5150328,519712768,194,194
1715729383.516469,519712768,2349,2349
1715729384.5178218,519712768,0,0
1715729385.5191002,519712768,1387,1387
1715729386.5301144,519712768,1363,1363
1715729387.5314174,519712768,0,0
1715729388.5327737,519712768,1812,1812
1715729389.5340962,519712768,0,0
1715729390.5353847,519712768,2496,2496
1715729391.5363593,519712768,207,207
1715729392.537327,519712768,2280,2280
1715729393.537955,519712768,0,0
1715729394.5388272,519712768,577,577
1715729395.5400531,519712768,1353,1353
1715729396.5413165,519712768,1038,1038
1715729397.5419564,519712768,1476,1476
1715729398.5431955,519712768,0,0
1715729399.544512,519712768,2612,2612
1715729400.5458882,519712768,304,304
1715729401.5468233,519712768,1368,1368
1715729402.5480554,519712768,31171772,31171772
1715729403.549456,519712768,1324,1324
1715729404.5499074,519712768,0,0
1715729405.551167,519712768,651,651
1715729406.5526955,519712768,156,156
1715729407.5539098,519712768,0,0
1715729408.555173,519712768,0,0
1715729409.556528,519712768,0,0
1715729410.5579367,519712768,344,344
1715729411.5591717,519712768,152,152
1715729412.5606518,519712768,0,0
1715729413.5620205,519712768,355,355
1715729414.5632415,519712768,0,0
1715729415.5646267,519712768,496,496
1715729416.5660324,519712768,155,155
1715729417.5666504,519712768,0,0
1715729418.5678978,519712768,0,0
1715729419.569164,519712768,0,0
1715729420.570041,519712768,644,644
1715729421.5712683,519712768,207,207
1715729422.5726557,519712768,0,0
1715729423.5740285,519712768,0,0
1715729424.575436,519712768,335,335
1715729425.5766678,519712768,347,347
1715729426.5780835,519712768,155,155
1715729427.5794377,519712768,0,0
1715729428.5807807,519712768,0,0
1715729429.5820653,519712768,0,0
1715729430.5825784,519712768,344,344
1715729431.5837293,519712768,31164598,31164598
1715729432.584952,519712768,3482,3482
1715729433.58597,519712768,0,0
1715729434.587125,519712768,151,151
1715729435.5883877,519712768,498,498
1715729436.5898018,519712768,155,155
1715729437.5910752,519712768,0,0
1715729438.5922875,519712768,31167383,31167383
1715729439.593771,519712768,52,52
1715729440.5950274,519712768,773,773
1715729441.596395,519712768,2659,2659
1715729442.5976624,519712768,0,0
1715729443.5995693,519712768,1944,1944
1715729444.6008375,519712768,561,561
1715729445.6020772,519712768,1116,1116
1715729446.603293,519712768,1435,1435
1715729447.604677,519712768,0,0
1715729448.606068,519712768,2200,2200
1715729449.6073334,519712768,0,0
1715729450.6086555,519712768,1562,1562
1715729451.6099494,519712768,1153,1153
1715729452.611181,519712768,931,931
1715729453.6125054,519712768,1286,1286
1715729454.613769,519712768,486,486
1715729455.615027,519712768,1478,1478
1715729456.6162777,519712768,994,994
1715729457.6175785,519712768,590,590
1715729458.6179185,519712768,1642,1642
1715729459.6191976,519712768,589,589
1715729460.6204545,519712768,477,477
1715729461.6217504,519712768,2596,2596
1715729462.623014,519712768,0,0
1715729463.6242518,519712768,2242,2242
1715729464.6255977,519712768,0,0
1715729465.6259205,519712768,1146,1146
1715729466.6272926,519712768,1602,1602
1715729467.6285563,519712768,2078,2078
1715729468.6298482,519712768,2330,2330
1715729469.6306496,519712768,0,0
1715729470.6309626,519712768,1806,1806
1715729471.632375,519712768,712,712
1715729472.633643,519712768,180,180
1715729473.6340477,519712768,2298,2298
1715729474.635311,519712768,0,0
1715729475.6365852,519712768,2603,2603
1715729476.6379924,519712768,156,156
1715729477.6385381,519712768,1227,1227
1715729478.6398225,519712768,1031,1031
1715729479.6411047,519712768,174,174
1715729480.641942,519712768,2514,2514
1715729481.6434712,519712768,10390540,10390540
1715729482.644729,519712768,20781149,20781149
1715729483.6459742,519712768,52,52
1715729484.6473453,519712768,0,0
1715729485.6486363,519712768,657,657
1715729486.6499512,519712768,155,155
1715729487.6511767,519712768,0,0
1715729488.652225,519712768,0,0
1715729489.6536434,519712768,0,0
1715729490.6549125,519712768,344,344
1715729491.6561415,519712768,152,152
1715729492.6574,519712768,0,0
1715729493.6587923,519712768,0,0
1715729494.6602242,519712768,0,0
1715729495.661616,519712768,448,448
1715729496.6627235,519712768,152,152
1715729497.6639826,519712768,0,0
1715729498.6652217,519712768,0,0
1715729499.6659591,519712768,0,0
1715729500.6663957,519712768,702,702
1715729501.6676226,519712768,155,155
1715729502.6689737,519712768,0,0
1715729503.6700833,519712768,654,654
1715729504.6713,519712768,0,0
1715729505.6725488,519712768,496,496
1715729506.673842,519712768,155,155
1715729507.6751366,519712768,0,0
1715729508.6764095,519712768,0,0
1715729509.67779,519712768,0,0
1715729510.6790519,519712768,344,344
1715729511.6804798,519712768,152,152
1715729512.6811724,616669184,31171942,31171942
1715729513.6820493,748011520,0,0
1715729514.6833236,791752704,152,152
1715729515.6843688,848662528,498,498
1715729516.6857872,841170944,155,155
1715729517.6863494,873758720,0,0
1715729518.6872685,739594240,31167776,31167776
1715729519.6885307,739594240,4780,4780
1715729520.6896222,739594240,460,460
1715729521.6899784,739594240,1855,1855
1715729522.6942294,739594240,601,601
1715729523.695469,739594240,915,915
1715729524.6966815,739594240,1294,1294
1715729525.698108,739594240,881,881
1715729526.6993377,739594240,1331,1331
1715729527.700313,739594240,564,564
1715729528.7017205,739594240,1490,1490
1715729529.7030668,739594240,734,734
1715729530.7045262,739594240,1111,1111
1715729531.7057762,739594240,1097,1097
1715729532.7071412,739594240,1509,1509
1715729533.7084298,739594240,0,0
1715729534.7097766,739594240,1672,1672
1715729535.711048,739594240,921,921
1715729536.7123096,739594240,866,866
1715729537.71359,739594240,1592,1592
1715729538.7142084,739594240,177,177
1715729539.715439,739594240,2545,2545
1715729540.7167504,739594240,896,896
1715729541.7179444,739594240,1332,1332
1715729542.7188358,739594240,743,743
1715729543.7194126,739594240,350,350
1715729544.720714,739594240,1620,1620
1715729545.7219968,739594240,353,353
1715729546.7232218,739594240,1886,1886
1715729547.7246091,739594240,562,562
1715729548.7259712,739594240,170,170
1715729549.7273936,739594240,2083,2083
1715729550.7287445,739594240,404,404
1715729551.729945,739594240,92456,92456
1715729552.7311504,739594240,972,972
1715729553.7323916,739594240,674,674
1715729554.7339,739594240,1597,1597
1715729555.7351255,739594240,534,534
1715729556.7364924,739594240,2293,2293
1715729557.7378116,739594240,0,0
1715729558.7390544,739594240,1524,1524
1715729559.7403333,739594240,745,745
1715729560.7417285,739594240,903,903
1715729561.7430377,739594240,10391838,10391838
1715729562.7441278,739594240,1067,1067
1715729563.745509,739594240,20779448,20779448
1715729564.745975,739594240,0,0
1715729565.747214,739594240,507,507
1715729566.7485762,739594240,156,156
1715729567.7499678,739594240,0,0
1715729568.7503994,739594240,0,0
1715729569.7518013,739594240,216,216
1715729570.753045,739594240,344,344
1715729571.7539325,739594240,152,152
1715729572.7553287,739594240,0,0
1715729573.7566884,739594240,0,0
1715729574.7579143,739594240,0,0
1715729575.7592793,739594240,344,344
1715729576.7606294,739594240,152,152
1715729577.761877,739594240,0,0
1715729578.7632973,739594240,0,0
1715729579.7643456,739594240,0,0
1715729580.7655673,739594240,344,344
1715729581.766153,739594240,152,152
1715729582.7675085,739594240,0,0
1715729583.7687514,739594240,0,0
1715729584.7699673,739594240,0,0
1715729585.7713652,739594240,344,344
1715729586.772588,739594240,152,152
1715729587.7738378,739594240,0,0
1715729588.775203,739594240,0,0
1715729589.77657,739594240,0,0
1715729590.777994,739594240,344,344
1715729591.7792664,739594240,152,152
1715729592.7810137,771313664,31165623,31165623
1715729593.7820625,796479488,3768,3768
1715729594.7826555,796581888,0,0
1715729595.783926,965226496,502,502
1715729596.7851918,821690368,155,155
1715729597.7860446,972795904,0,0
1715729598.787413,815345664,403,403
1715729599.7887504,842084352,41559253,41559253
1715729600.7900252,842084352,2130,2130
1715729601.7912807,842084352,1763,1763
1715729602.7926393,842084352,924,924
1715729603.7940283,842084352,1378,1378
1715729604.7954035,842084352,1526,1526
1715729605.7960567,842084352,1920,1920
1715729606.797436,842084352,1944,1944
1715729607.7982044,842084352,1504,1504
1715729608.7996092,842084352,1503,1503
1715729609.8008683,842084352,918,918
1715729610.801991,842084352,1797,1797
1715729611.8032348,842084352,1658,1658
1715729612.8044703,842084352,1497,1497
1715729613.8056586,842084352,1498,1498
1715729614.8059697,842084352,1987,1987
1715729615.8072424,842084352,1907,1907
1715729616.8076055,842084352,1664,1664
1715729617.80897,842084352,1235,1235
1715729618.8099391,842084352,10390472,10390472
1715729619.8111649,842084352,10392251,10392251
1715729620.8125422,842084352,843,843
1715729621.8138554,842084352,156,156
1715729622.8151329,842084352,352,352
1715729623.8161447,842084352,0,0
1715729624.8175259,842084352,0,0
1715729625.8180745,842084352,497,497
1715729626.8190372,842084352,155,155
1715729627.8203025,842084352,0,0
1715729628.8215835,842084352,0,0
1715729629.821972,842084352,0,0
1715729630.8233593,842084352,344,344
1715729631.824709,842084352,152,152
1715729632.8260715,842084352,0,0
1715729633.8273242,842084352,0,0
1715729634.828781,842084352,0,0
1715729635.8299663,842084352,344,344
1715729636.83127,842084352,152,152
1715729637.832674,842084352,0,0
1715729638.8335452,842084352,0,0
1715729639.8346114,842084352,0,0
1715729640.8358502,842084352,344,344
1715729641.8373857,842084352,152,152
1715729642.8380983,842084352,0,0
1715729643.8394766,842084352,0,0
1715729644.8404393,842084352,0,0
1715729645.8417351,842084352,344,344
1715729646.8430953,842084352,152,152
1715729647.8443234,842084352,233,233
1715729648.8456416,842084352,31169159,31169159
1715729649.8460138,842084352,0,0
1715729650.8474028,842084352,351,351
1715729651.8486993,842084352,155,155
1715729652.8499358,842084352,353,353
1715729653.8512418,842084352,0,0
