Timestamp,MemoryUsage,NetSent,NetRecv
1715730011.502747,512778240,0,0
1715730012.5041091,520380416,31809,31809
1715730013.5048258,520380416,683,683
1715730014.506106,520380416,0,0
1715730015.5075114,520380416,465,465
1715730016.5089588,520380416,352,352
1715730017.5099437,520380416,0,0
1715730018.5112035,520380416,336,336
1715730019.5125854,520380416,158,158
1715730020.5138278,520380416,155,155
1715730021.5150669,520380416,770,770
1715730022.516309,520380416,0,0
1715730023.5175738,520380416,579,579
1715730024.5179062,520380416,0,0
1715730025.519302,520380416,627,627
1715730026.520692,520380416,505,505
1715730027.521897,520380416,0,0
1715730028.5231426,520380416,630,630
1715730029.523813,520380416,0,0
1715730030.5250566,520380416,309,309
1715730031.5260777,520380416,347,347
1715730032.5274649,520380416,0,0
1715730033.5282872,520380416,1192,1192
1715730034.5295627,608108544,41565389,41565389
1715730035.5308578,608108544,1394,1394
1715730036.5322154,608108544,1089,1089
1715730037.5334961,608108544,1499,1499
1715730038.534092,608108544,1541,1541
1715730039.5354369,608108544,1777,1777
1715730040.536819,608108544,1383,1383
1715730041.538033,608108544,2163,2163
1715730042.5393827,608108544,1194,1194
1715730043.5406988,608108544,1812,1812
1715730044.5420384,608108544,1520,1520
1715730045.543396,608108544,1812,1812
1715730046.5446324,608108544,2572,2572
1715730047.5458698,608108544,2284,2284
1715730048.5466022,608108544,1560,1560
1715730049.547911,608108544,2040,2040
1715730050.5492244,608108544,1681,1681
1715730051.5499744,608108544,1923,1923
1715730052.5512996,608108544,1525,1525
1715730053.5526202,608108544,10392233,10392233
1715730054.5540028,608108544,10393576,10393576
1715730055.5552433,608108544,306,306
1715730056.5564837,608108544,208,208
1715730057.557752,608108544,0,0
1715730058.5588078,608108544,0,0
1715730059.5600247,608108544,0,0
1715730060.5613794,608108544,152,152
1715730061.5620081,608108544,344,344
1715730062.5632622,608108544,0,0
1715730063.5638182,608108544,0,0
1715730064.5651436,608108544,0,0
1715730065.566039,608108544,152,152
1715730066.567259,608108544,344,344
1715730067.5686076,608108544,360,360
1715730068.569946,608108544,0,0
1715730069.5711749,608108544,0,0
1715730070.5725727,608108544,304,304
1715730071.5738504,608108544,348,348
1715730072.5743032,608108544,0,0
1715730073.5755823,608108544,355,355
1715730074.576886,608108544,0,0
1715730075.5780191,608108544,496,496
1715730076.5793436,608108544,155,155
1715730077.5805879,608108544,0,0
1715730078.5819976,608108544,0,0
1715730079.5835154,608108544,0,0
1715730080.5847573,608108544,751,751
1715730081.5861504,608108544,155,155
1715730082.5874238,608108544,0,0
1715730083.5887492,608108544,31171945,31171945
1715730084.58997,608108544,283,283
1715730085.591239,608108544,406,406
1715730086.5925164,608108544,155,155
1715730087.5938811,608108544,0,0
1715730088.59507,608108544,5998,5998
1715730089.5963264,608108544,31172688,31172688
1715730090.597763,608108544,10400725,10400725
1715730091.5982306,608108544,1504,1504
1715730092.5995078,608108544,2027,2027
1715730093.6007915,608108544,1691,1691
1715730094.602024,608108544,1495,1495
1715730095.6031349,608108544,2025,2025
1715730096.6044598,608108544,1645,1645
1715730097.6056092,608108544,1818,1818
1715730098.6060565,608108544,1231,1231
1715730099.6073177,608108544,1597,1597
1715730100.608113,608108544,2169,2169
1715730101.6094248,608108544,1497,1497
1715730102.6100144,608108544,1510,1510
1715730103.611338,608108544,2081,2081
1715730104.6126635,608108544,1722,1722
1715730105.6140091,608108544,1862,1862
1715730106.6153665,608108544,1667,1667
1715730107.616724,608108544,1500,1500
1715730108.6181092,608108544,1509,1509
1715730109.619343,608108544,20782509,20782509
1715730110.6207657,608108544,354,354
1715730111.6220176,608108544,156,156
1715730112.6232584,608108544,0,0
1715730113.6246147,608108544,0,0
1715730114.6260004,608108544,0,0
1715730115.626646,608108544,344,344
1715730116.6275134,608108544,152,152
1715730117.6289065,608108544,0,0
1715730118.6300864,608108544,0,0
1715730119.631325,608108544,0,0
1715730120.6327112,608108544,344,344
1715730121.6340525,608108544,152,152
1715730122.6352866,608108544,0,0
1715730123.636774,608108544,0,0
1715730124.6379702,608108544,0,0
1715730125.639303,608108544,344,344
1715730126.64062,608108544,152,152
1715730127.6418645,608108544,0,0
1715730128.6432154,608108544,0,0
1715730129.6443965,608108544,0,0
1715730130.6456378,608108544,344,344
1715730131.6458743,608108544,152,152
1715730132.6467671,608108544,0,0
1715730133.6478786,608108544,356,356
1715730134.6492925,608108544,0,0
1715730135.6505854,608108544,497,497
1715730136.6519325,608108544,155,155
1715730137.6533072,608108544,0,0
1715730138.6538858,608108544,31165290,31165290
1715730139.6552413,608108544,2750,2750
1715730140.656477,608108544,456,456
1715730141.6578512,608108544,301,301
1715730142.6590908,608108544,0,0
1715730143.6603317,608108544,0,0
1715730144.6616533,608108544,284,284
1715730145.6618817,608108544,1594,1594
1715730146.6631627,608108544,41560215,41560215
1715730147.6637754,608108544,1542,1542
1715730148.6650107,608108544,1199,1199
1715730149.6659315,608108544,1463,1463
1715730150.6671689,608108544,1541,1541
1715730151.6685472,608108544,1680,1680
1715730152.6698546,608108544,1307,1307
1715730153.6711493,608108544,1979,1979
1715730154.6716626,608108544,95487,95487
1715730155.6732137,608108544,1989,1989
1715730156.6740086,608108544,1921,1921
1715730157.6753519,608108544,1726,1726
1715730158.6767547,608108544,1769,1769
1715730159.678104,608108544,1509,1509
1715730160.6793792,608108544,1576,1576
1715730161.6806614,608108544,1510,1510
1715730162.681932,608108544,1998,1998
1715730163.6822758,608108544,1812,1812
1715730164.6835063,608108544,1238,1238
1715730165.6847088,608108544,10392513,10392513
1715730166.6860218,608108544,10391816,10391816
1715730167.6873913,608108544,0,0
1715730168.688648,608108544,306,306
1715730169.6899374,608108544,0,0
1715730170.6913743,608108544,347,347
1715730171.6927333,608108544,155,155
1715730172.6942124,608108544,0,0
1715730173.6954699,608108544,0,0
1715730174.6964703,608108544,0,0
1715730175.697299,608108544,344,344
1715730176.6986272,608108544,152,152
1715730177.7000465,608108544,0,0
1715730178.7012897,608108544,0,0
1715730179.7020214,608108544,0,0
1715730180.7034142,608108544,344,344
1715730181.7047994,608108544,152,152
1715730182.70604,608108544,0,0
1715730183.7073352,608108544,0,0
1715730184.7083247,608108544,0,0
1715730185.7090282,608108544,344,344
1715730186.7099278,608108544,152,152
1715730187.7110457,608108544,0,0
1715730188.7123544,608108544,0,0
1715730189.7130272,608108544,0,0
1715730190.7139792,608108544,344,344
1715730191.7152479,608108544,152,152
1715730192.716484,608108544,0,0
1715730193.7177444,608108544,355,355
1715730194.7183187,608108544,0,0
1715730195.7226448,608108544,31174463,31174463
1715730196.7240443,608108544,759,759
1715730197.725444,608108544,0,0
1715730198.7260013,608108544,304,304
1715730199.7273712,608108544,0,0
1715730200.7286403,608108544,703,703
1715730201.7300358,608108544,935,935
1715730202.7312832,608108544,41554543,41554543
1715730203.7326539,608108544,1045,1045
1715730204.7340808,608108544,480,480
1715730205.7354305,608108544,1159,1159
1715730206.73681,608108544,1273,1273
1715730207.737932,608108544,1263,1263
1715730208.7392378,608108544,1179,1179
1715730209.7397854,608108544,1162,1162
1715730210.741018,608108544,2171,2171
1715730211.741904,608108544,1322,1322
1715730212.7431633,608108544,1420,1420
1715730213.7444017,608108544,1206,1206
1715730214.745654,608108544,1206,1206
1715730215.745916,608108544,1296,1296
1715730216.7471406,608108544,1147,1147
1715730217.7484152,608108544,991,991
1715730218.7496862,608108544,1916,1916
1715730219.750974,608108544,1539,1539
1715730220.752281,608108544,2146,2146
1715730221.7533104,608108544,20781409,20781409
1715730222.7542515,608108544,268,268
1715730223.7553284,608108544,451,451
1715730224.7565918,608108544,0,0
1715730225.7575643,608108544,500,500
1715730226.757969,608108544,155,155
1715730227.7594562,608108544,0,0
1715730228.7608151,608108544,0,0
1715730229.7620924,608108544,0,0
1715730230.763329,608108544,344,344
1715730231.7647042,608108544,152,152
1715730232.7660654,608108544,0,0
1715730233.7673464,608108544,0,0
1715730234.7678661,608108544,0,0
1715730235.769253,608108544,344,344
1715730236.7699711,608108544,152,152
1715730237.7712128,608108544,0,0
1715730238.7727757,608108544,0,0
1715730239.7739644,608108544,0,0
1715730240.7751732,608108544,344,344
1715730241.776547,608108544,152,152
1715730242.7778301,608108544,0,0
1715730243.7790627,608108544,0,0
1715730244.77965,608108544,190,190
1715730245.7810576,608108544,344,344
1715730246.7820847,608108544,152,152
1715730247.7833357,608108544,0,0
1715730248.7846053,608108544,0,0
1715730249.7858534,608108544,0,0
1715730250.7872038,608108544,31165376,31165376
1715730251.7884874,608108544,155,155
1715730252.7897334,608108544,99,99
1715730253.7912407,608108544,404,404
1715730254.79249,608108544,0,0
1715730255.7938602,608108544,496,496
1715730256.7950866,608108544,31168000,31168000
1715730257.7964394,608108544,6947,6947
1715730258.797059,608108544,0,0
1715730259.7979367,608108544,1660,1660
1715730260.7992146,608108544,1214,1214
1715730261.8004925,608108544,1686,1686
1715730262.8025963,608108544,1213,1213
1715730263.8038383,608108544,0,0
1715730264.8051474,608108544,2203,2203
1715730265.8059232,608108544,355,355
1715730266.807009,608108544,1844,1844
1715730267.8082998,608108544,279,279
1715730268.8094294,608108544,639,639
1715730269.8099952,608108544,1293,1293
1715730270.811226,608108544,524,524
1715730271.812505,608108544,2236,2236
1715730272.813883,608108544,0,0
1715730273.8148668,608108544,1640,1640
1715730274.816289,608108544,565,565
1715730275.8169115,608108544,1332,1332
1715730276.8180778,608108544,1446,1446
1715730277.819368,608108544,0,0
1715730278.8201177,608108544,2096,2096
1715730279.821402,608108544,280,280
1715730280.821944,608108544,1765,1765
1715730281.8232481,608108544,1332,1332
1715730282.8246431,608108544,179,179
1715730283.8251157,608108544,2337,2337
1715730284.8261576,608108544,0,0
1715730285.827425,608108544,2019,2019
1715730286.8286984,608108544,1198,1198
1715730287.8300474,608108544,991,991
1715730288.8307972,608108544,1278,1278
1715730289.8321006,608108544,0,0
1715730290.8334827,608108544,2018,2018
1715730291.8339653,608108544,155,155
1715730292.8352048,608108544,1381,1381
1715730293.8365989,608108544,838,838
1715730294.8378782,608108544,342,342
1715730295.839217,608108544,2433,2433
1715730296.8401945,608108544,643,643
1715730297.8414843,608108544,1016,1016
1715730298.8419425,608108544,955,955
1715730299.8427012,608108544,935,935
1715730300.8439753,608108544,20779824,20779824
1715730301.8454027,608108544,10390203,10390203
1715730302.8459992,608108544,0,0
1715730303.847424,608108544,305,305
1715730304.8486505,608108544,0,0
1715730305.849019,608108544,347,347
1715730306.850395,608108544,155,155
1715730307.8516204,608108544,0,0
1715730308.853019,608108544,0,0
1715730309.8542414,608108544,0,0
1715730310.855463,608108544,344,344
1715730311.857008,608108544,152,152
1715730312.8579724,608108544,0,0
1715730313.8593442,608108544,355,355
1715730314.8607543,608108544,1837,1837
1715730315.8619418,608108544,14372,14372
1715730316.863295,608108544,5499,5499
1715730317.8646436,608108544,3882,3882
1715730318.8651938,608108544,1627,1627
1715730319.8659267,608108544,5746,5746
1715730320.8668091,608108544,2654,2654
1715730321.868111,608108544,12327,12327
1715730322.8694537,608108544,4979,4979
1715730323.8699417,608108544,640,640
1715730324.8711987,608108544,2772,2772
1715730325.8724694,608108544,1628,1628
1715730326.8732316,608108544,157,157
1715730327.8740063,608108544,1371,1371
1715730328.875383,608108544,4966,4966
1715730329.8766177,608108544,2156,2156
1715730330.8778665,608108544,31166009,31166009
1715730331.8791087,608108544,157,157
1715730332.880345,608108544,714,714
1715730333.8815098,608108544,168,168
1715730334.8819292,608108544,714,714
1715730335.8832033,608108544,5296,5296
1715730336.8844728,608108544,1489,1489
