Timestamp,MemoryUsage,NetSent,NetRecv
1715732993.659509,512425984,0,0
1715732994.6609788,519897088,37277,37277
1715732995.6620612,519897088,984,984
1715732996.6633353,519897088,156,156
1715732997.6645713,519897088,0,0
1715732998.6657534,519897088,0,0
1715732999.6671166,520028160,0,0
1715733000.6685176,520028160,344,344
1715733001.6697648,520028160,152,152
1715733002.6710985,520028160,0,0
1715733003.6725056,520028160,0,0
1715733004.6738048,520028160,0,0
1715733005.6744986,520028160,344,344
1715733006.6758654,520028160,152,152
1715733007.677236,520028160,0,0
1715733008.6780765,520028160,0,0
1715733009.6794603,520028160,0,0
1715733010.6808448,520028160,344,344
1715733011.6819608,520028160,152,152
1715733012.6831925,520028160,0,0
1715733013.6846364,520028160,0,0
1715733014.6858625,520028160,31170413,31170413
1715733015.6872053,520028160,5094,5094
1715733016.6884835,520028160,155,155
1715733017.689485,520028160,1205,1205
1715733018.6900742,520028160,584,584
1715733019.6909642,520028160,0,0
1715733020.69226,520028160,2578,2578
1715733021.6935432,520028160,155,155
1715733022.6939218,520028160,1488,1488
1715733023.6952183,520028160,851,851
1715733024.6962764,520028160,483,483
1715733025.697646,520028160,2480,2480
1715733026.6981037,520028160,155,155
1715733027.69939,520028160,528,528
1715733028.7007325,520028160,663,663
1715733029.7019556,520028160,783,783
1715733030.7032712,520028160,1225,1225
1715733031.7045505,520028160,345,345
1715733032.705931,520028160,2037,2037
1715733033.7073302,520028160,0,0
1715733034.7086055,520028160,947,947
1715733035.7099073,520028160,1643,1643
1715733036.711188,520028160,155,155
1715733037.7126,520028160,2071,2071
1715733038.7138946,520028160,0,0
1715733039.7151237,520028160,1270,1270
1715733040.7164938,520028160,1966,1966
1715733041.7178295,520028160,156,156
1715733042.7190723,520028160,2082,2082
1715733043.720334,520028160,304,304
1715733044.7208607,520028160,1264,1264
1715733045.7219846,520028160,2208,2208
1715733046.7233284,520028160,156,156
1715733047.7246072,520028160,1811,1811
1715733048.725939,520028160,0,0
1715733049.7271712,520028160,1122,1122
1715733050.7284384,520028160,1159,1159
1715733051.7297037,520028160,1112,1112
1715733052.7309716,520159232,1296,1296
1715733053.732355,520159232,495,495
1715733054.7329564,520159232,463,463
1715733055.7339563,520159232,1847,1847
1715733056.7353313,520159232,788,788
1715733057.7366006,520159232,1478,1478
1715733058.7378871,520159232,500,500
1715733059.7391107,520159232,10391031,10391031
1715733060.740342,520159232,20783070,20783070
1715733061.741028,520159232,156,156
1715733062.7420487,520159232,151,151
1715733063.7432833,520159232,0,0
1715733064.743941,520159232,0,0
1715733065.7450664,520159232,345,345
1715733066.7462564,520159232,152,152
1715733067.747489,520159232,0,0
1715733068.7487512,520159232,0,0
1715733069.7501047,520159232,0,0
1715733070.751359,520159232,344,344
1715733071.7525861,520159232,152,152
1715733072.753978,520159232,0,0
1715733073.7554414,520159232,356,356
1715733074.7566419,520159232,0,0
1715733075.7579315,520159232,347,347
1715733076.7592113,520159232,155,155
1715733077.760587,520159232,0,0
1715733078.7618363,520159232,0,0
1715733079.763248,520159232,0,0
1715733080.7646632,520159232,344,344
1715733081.7660608,520159232,152,152
1715733082.767327,520159232,353,353
1715733083.768835,520159232,0,0
1715733084.7700584,520159232,0,0
1715733085.7716393,520159232,496,496
1715733086.773071,520159232,155,155
1715733087.7745345,520159232,0,0
1715733088.7763448,582643712,31169330,31169330
1715733089.7776494,780419072,1981,1981
1715733090.777976,661921792,352,352
1715733091.7793639,760188928,155,155
1715733092.7807388,820994048,0,0
1715733093.7821176,879828992,403,403
1715733094.7833414,751652864,31167291,31167291
1715733095.7846236,751652864,10392878,10392878
1715733096.7858953,751652864,1639,1639
1715733097.787205,751652864,1485,1485
1715733098.7885303,751652864,1479,1479
1715733099.7898946,751652864,920,920
1715733100.7911422,751652864,2255,2255
1715733101.792378,751652864,1656,1656
1715733102.7936788,751652864,947,947
1715733103.7939515,751652864,1813,1813
1715733104.7951872,751652864,1815,1815
1715733105.7964551,751652864,1552,1552
1715733106.7977924,751652864,1540,1540
1715733107.799132,751652864,1508,1508
1715733108.800474,751652864,1509,1509
1715733109.801863,751652864,349,349
1715733110.8033872,751652864,2559,2559
1715733111.8047903,751652864,1662,1662
1715733112.8060408,751652864,10387934,10387934
1715733113.8072927,751652864,1999,1999
1715733114.8085814,751652864,10391619,10391619
1715733115.809964,751652864,359,359
1715733116.8112724,751652864,156,156
1715733117.8125372,751652864,0,0
1715733118.8138528,751652864,0,0
1715733119.8149443,751652864,0,0
1715733120.8163867,751652864,344,344
1715733121.817628,751652864,152,152
1715733122.8180761,751652864,0,0
1715733123.8194463,751652864,0,0
1715733124.820713,751652864,0,0
1715733125.8219302,751652864,344,344
1715733126.8232048,751652864,152,152
1715733127.8245888,751652864,0,0
1715733128.8259766,751652864,0,0
1715733129.827375,751652864,0,0
1715733130.8286629,751652864,344,344
1715733131.830066,751652864,152,152
1715733132.8313136,751652864,0,0
1715733133.8323557,751652864,355,355
1715733134.833733,751652864,0,0
1715733135.835151,751652864,347,347
1715733136.836393,751652864,155,155
1715733137.8377588,751652864,0,0
1715733138.839149,751652864,0,0
1715733139.84054,751652864,0,0
1715733140.841804,751652864,344,344
1715733141.843327,751652864,152,152
1715733142.8445618,751652864,31168386,31168386
1715733143.8458703,751652864,2865,2865
1715733144.84719,751652864,0,0
1715733145.8485546,751652864,502,502
1715733146.8498442,751652864,155,155
1715733147.8511317,751652864,0,0
1715733148.8526037,751652864,403,403
1715733149.8539999,751652864,41560265,41560265
1715733150.8553083,751652864,772,772
1715733151.8566573,751652864,1467,1467
1715733152.8581018,751652864,1466,1466
1715733153.8594131,751652864,1478,1478
1715733154.8610804,751652864,1889,1889
1715733155.8620858,751652864,1933,1933
1715733156.8633554,751652864,1638,1638
1715733157.8646889,751652864,1486,1486
1715733158.8659577,751652864,1011,1011
1715733159.8672745,751652864,1206,1206
1715733160.8687468,751652864,1917,1917
1715733161.8700285,751652864,1604,1604
1715733162.871463,751652864,1496,1496
1715733163.8722937,751652864,1484,1484
1715733164.8735583,751652864,1238,1238
1715733165.8739545,751652864,1709,1709
1715733166.8752859,751652864,1668,1668
1715733167.8768797,751652864,10390199,10390199
1715733168.8781831,751652864,751,751
1715733169.8795803,751652864,10392907,10392907
1715733170.8808012,751652864,358,358
1715733171.8820975,751652864,156,156
1715733172.8833282,751652864,0,0
1715733173.8848207,751652864,0,0
1715733174.8862164,751652864,0,0
1715733175.887522,751652864,448,448
1715733176.8889344,751652864,91177,91177
1715733177.8899045,751652864,0,0
1715733178.891172,751652864,0,0
1715733179.892444,751652864,0,0
1715733180.8937535,751652864,510,510
1715733181.8949993,751652864,152,152
1715733182.8964186,751652864,0,0
1715733183.8978388,751652864,0,0
1715733184.8985286,751652864,0,0
1715733185.899941,751652864,344,344
1715733186.9013336,751652864,152,152
1715733187.9021513,751652864,0,0
1715733188.9035628,751652864,0,0
1715733189.9048746,751652864,0,0
1715733190.9060802,751652864,448,448
1715733191.9073424,751652864,152,152
1715733192.9087539,751652864,0,0
1715733193.91008,751652864,355,355
1715733194.9113166,751652864,0,0
1715733195.9120786,751652864,347,347
1715733196.9131088,751652864,155,155
1715733197.9139616,751652864,0,0
1715733198.9152527,751652864,31169254,31169254
1715733199.9166708,751652864,2036,2036
1715733200.9180238,751652864,301,301
1715733201.9193664,751652864,155,155
1715733202.9206357,751652864,303,303
1715733203.9220524,751652864,2000,2000
1715733204.92345,751652864,31169564,31169564
1715733205.9248345,751652864,10391997,10391997
1715733206.9260595,751652864,1828,1828
1715733207.9276347,751652864,999,999
1715733208.9288948,751652864,1392,1392
1715733209.9299657,751652864,1177,1177
1715733210.9313169,751652864,1799,1799
1715733211.9325628,751652864,1491,1491
1715733212.933842,751652864,1614,1614
1715733213.9351346,751652864,1499,1499
1715733214.9364014,751652864,1496,1496
1715733215.937647,751652864,1842,1842
1715733216.9379473,751652864,1704,1704
1715733217.939187,751652864,1494,1494
1715733218.9404833,751652864,1286,1286
1715733219.9418025,751652864,1465,1465
1715733220.9430835,751652864,1918,1918
1715733221.944608,751652864,1676,1676
1715733222.9460638,751652864,1506,1506
1715733223.9474752,751652864,20782565,20782565
1715733224.9487205,751652864,0,0
1715733225.9500582,751652864,357,357
1715733226.951433,751652864,155,155
1715733227.9526608,751652864,0,0
1715733228.953906,751652864,0,0
1715733229.9553041,751652864,0,0
1715733230.956639,751652864,344,344
1715733231.9580066,751652864,152,152
1715733232.9594047,751652864,0,0
1715733233.9607887,751652864,0,0
1715733234.96206,751652864,0,0
1715733235.963291,751652864,344,344
1715733236.9647183,751652864,152,152
1715733237.9660494,751652864,0,0
1715733238.9674776,751652864,0,0
1715733239.968732,751652864,0,0
1715733240.9699867,751652864,380,380
1715733241.9712706,751652864,152,152
1715733242.9724393,751652864,0,0
1715733243.9736767,751652864,0,0
1715733244.975143,751652864,0,0
1715733245.97657,751652864,344,344
1715733246.9780154,751652864,152,152
1715733247.9792807,751652864,0,0
1715733248.980652,751652864,0,0
1715733249.9820805,751652864,0,0
1715733250.983443,751652864,344,344
1715733251.9846532,751652864,559,559
1715733252.9859262,751652864,31168245,31168245
1715733253.9871995,751652864,308,308
1715733254.9884307,751652864,152,152
1715733255.9897285,751652864,350,350
1715733256.9909542,751652864,155,155
1715733257.9922202,751652864,0,0
1715733258.993428,751652864,1338,1338
1715733259.9946713,751652864,31169812,31169812
1715733260.9958954,751652864,515,515
1715733261.9971004,751652864,1168,1168
1715733263.0001173,751652864,904,904
1715733264.0006971,751652864,760,760
1715733265.0020924,751652864,1457,1457
1715733266.0033383,751652864,1156,1156
1715733267.0046153,751652864,891,891
1715733268.005978,751652864,1204,1204
1715733269.0069892,751652864,448,448
1715733270.00825,751652864,1775,1775
1715733271.0095742,751652864,581,581
1715733272.0099263,751652864,945,945
1715733273.0112548,751652864,1316,1316
1715733274.01256,751652864,0,0
1715733275.0139997,751652864,1956,1956
1715733276.0153763,751652864,352,352
1715733277.0166562,751652864,1882,1882
1715733278.017959,751652864,565,565
1715733279.0191934,751652864,932,932
1715733280.0205448,751652864,1185,1185
1715733281.0218189,751652864,709,709
1715733282.0230458,751652864,2073,2073
1715733283.0236573,751652864,0,0
1715733284.0250225,751652864,1241,1241
1715733285.0261657,751652864,1492,1492
1715733286.0274608,751652864,404,404
1715733287.0287514,751652864,1656,1656
1715733288.029927,751652864,733,733
1715733289.031283,751652864,914,914
1715733290.0326598,751652864,1047,1047
1715733291.0339484,751652864,1419,1419
1715733292.0352848,751652864,916,916
1715733293.0364668,751652864,735,735
1715733294.036742,751652864,919,919
1715733295.0379736,751652864,758,758
1715733296.0383716,751652864,1885,1885
1715733297.039642,751652864,736,736
1715733298.040858,751652864,909,909
1715733299.0419724,751652864,1279,1279
1715733300.043248,751652864,0,0
1715733301.04465,751652864,2657,2657
1715733302.0461404,751652864,10389952,10389952
1715733303.0475569,751652864,10388639,10388639
1715733304.0487905,751652864,10392355,10392355
1715733305.0500011,751652864,432,432
1715733306.0514674,751652864,800,800
1715733307.0527096,751652864,156,156
1715733308.0539675,751652864,0,0
1715733309.055396,751652864,0,0
1715733310.0566213,751652864,0,0
1715733311.0579326,751652864,344,344
1715733312.0592623,751652864,152,152
1715733313.0605056,751652864,0,0
1715733314.0618603,751652864,353,353
1715733315.0632164,751652864,0,0
1715733316.0644767,751652864,347,347
1715733317.0657206,751652864,155,155
1715733318.0669808,751652864,0,0
1715733319.0682364,751652864,0,0
1715733320.069474,751652864,0,0
1715733321.0701118,751652864,344,344
1715733322.071509,751652864,152,152
1715733323.0719807,751652864,351,351
1715733324.072652,751652864,0,0
1715733325.0739884,751652864,0,0
1715733326.07541,751652864,497,497
1715733327.0766523,751652864,155,155
1715733328.0775094,751652864,0,0
1715733329.0778782,751652864,0,0
1715733330.0791159,751652864,0,0
1715733331.080526,751652864,344,344
1715733332.0818143,751652864,152,152
1715733333.0829477,751652864,31165047,31165047
1715733334.0842407,751652864,0,0
1715733335.0854483,751652864,152,152
1715733336.0859227,751652864,498,498
1715733337.087169,751652864,155,155
1715733338.0885582,751652864,0,0
1715733339.089863,751652864,351,351
