Timestamp,MemoryUsage,NetSent,NetRecv
1715735212.8208125,540975104,0,0
1715735213.8220685,548446208,28779,28779
1715735214.823357,548446208,949,949
1715735215.82463,548446208,6768,6768
1715735216.8258934,548446208,321,321
1715735217.827191,548446208,1252,1252
1715735218.8285956,548446208,5658,5658
1715735219.8295481,548446208,3682,3682
1715735220.8301015,548446208,3521,3521
1715735221.831361,548446208,157,157
1715735222.8325791,548446208,0,0
1715735223.8331618,548446208,152,152
1715735224.834685,548446208,0,0
1715735225.8359096,548446208,449,449
1715735226.837196,548446208,152,152
1715735227.837967,548446208,0,0
1715735228.8390665,548446208,0,0
1715735229.8404696,548446208,0,0
1715735230.8418782,548446208,344,344
1715735231.8424263,548446208,152,152
1715735232.8428738,548446208,0,0
1715735233.8443909,548446208,0,0
1715735234.845676,548446208,10389709,10389709
1715735235.846067,548446208,31172048,31172048
1715735236.8474653,548446208,2363,2363
1715735237.8487327,548446208,1478,1478
1715735238.8500876,548446208,1433,1433
1715735239.8515353,548446208,353,353
1715735240.8528252,548446208,2109,2109
1715735241.8539996,548446208,1373,1373
1715735242.8554196,548446208,1223,1223
1715735243.8568587,548446208,1491,1491
1715735244.858076,548446208,1493,1493
1715735245.8595083,548446208,1565,1565
1715735246.860511,548446208,1707,1707
1715735247.8618276,548446208,1702,1702
1715735248.8630903,548446208,1780,1780
1715735249.8643506,548446208,1284,1284
1715735250.8656676,548446208,1988,1988
1715735251.8660078,548446208,1385,1385
1715735252.8673418,548446208,1452,1452
1715735253.8688521,548446208,1029,1029
1715735254.8699195,548446208,20781572,20781572
1715735255.8706248,548446208,1322,1322
1715735256.8718617,548446208,155,155
1715735257.8733144,548446208,0,0
1715735258.8741102,548446208,0,0
1715735259.8755295,548446208,0,0
1715735260.8768313,548446208,344,344
1715735261.878114,548446208,152,152
1715735262.8793697,548446208,0,0
1715735263.8807476,548446208,0,0
1715735264.8819482,548446208,0,0
1715735265.8833332,548446208,344,344
1715735266.8847156,548446208,152,152
1715735267.8859227,548446208,0,0
1715735268.8872945,548446208,0,0
1715735269.8886752,548446208,0,0
1715735270.8899956,548446208,344,344
1715735271.8912354,548446208,152,152
1715735272.8926318,548446208,0,0
1715735273.8934035,548446208,0,0
1715735274.894968,548446208,0,0
1715735275.8963623,548446208,344,344
1715735276.8975961,548446208,152,152
1715735277.8982816,548446208,0,0
1715735278.8989208,548446208,0,0
1715735279.8999026,548446208,0,0
1715735280.9012868,548446208,344,344
1715735281.9018884,548446208,31167500,31167500
1715735282.903198,548446208,3097,3097
1715735283.9045062,548446208,0,0
1715735284.9058049,548446208,312,312
1715735285.9071717,548446208,350,350
1715735286.9084227,548446208,154,154
1715735287.9160426,548446208,0,0
1715735288.917229,548446208,1388,1388
1715735289.9179678,548446208,41561990,41561990
1715735290.919515,548446208,1815,1815
1715735291.9208295,548446208,1626,1626
1715735292.922088,548446208,1421,1421
1715735293.9233506,548446208,963,963
1715735294.9245863,548446208,1468,1468
1715735295.9259226,548446208,1127,1127
1715735296.9273157,548446208,2416,2416
1715735297.9286306,548446208,1535,1535
1715735298.9299526,548446208,1644,1644
1715735299.9312131,548446208,898,898
1715735300.9324527,548446208,1435,1435
1715735301.9337237,548446208,1716,1716
1715735302.9350157,548446208,1308,1308
1715735303.9363134,548446208,1222,1222
1715735304.9375765,548446208,1433,1433
1715735305.9379432,548446208,1840,1840
1715735306.9392877,548446208,1468,1468
1715735307.9406838,548446208,1482,1482
1715735308.9419458,548446208,20781757,20781757
1715735309.9433467,548446208,370,370
1715735310.9448,548446208,405,405
1715735311.9459896,548446208,155,155
1715735312.9464185,548446208,0,0
1715735313.9476717,548446208,0,0
1715735314.949197,548446208,0,0
1715735315.9501126,548446208,344,344
1715735316.9513881,548446208,91164,91164
1715735317.952687,548446208,0,0
1715735318.9539227,548446208,0,0
1715735319.9552588,548446208,158,158
1715735320.956564,548446208,352,352
1715735321.957971,548446208,152,152
1715735322.959227,548446208,0,0
1715735323.960834,548446208,0,0
1715735324.9620728,548446208,0,0
1715735325.9629993,548446208,344,344
1715735326.964256,548446208,152,152
1715735327.965535,548446208,0,0
1715735328.9665263,548446208,0,0
1715735329.9679286,548446208,0,0
1715735330.9685636,548446208,344,344
1715735331.9698117,548446208,152,152
1715735332.971234,548446208,0,0
1715735333.9726515,548446208,0,0
1715735334.974077,548446208,0,0
1715735335.975468,548446208,344,344
1715735336.9767044,548446208,31170787,31170787
1715735337.9779866,548446208,645,645
1715735338.9792328,548446208,0,0
1715735339.980663,548446208,309,309
1715735340.9811363,548446208,350,350
1715735341.9822707,548446208,155,155
1715735342.9835625,548446208,0,0
1715735343.9849758,863121408,41559979,41559979
1715735344.9860597,854953984,1514,1514
1715735345.9873347,905015296,1880,1880
1715735346.9887571,904900608,1914,1914
1715735347.9900606,904622080,1498,1498
1715735348.9914892,857821184,1427,1427
1715735349.9929166,945938432,1488,1488
1715735350.9941058,1066168320,1845,1845
1715735351.9955182,1114673152,1815,1815
1715735352.996971,987631616,1161,1161
1715735353.998083,1103761408,1274,1274
1715735354.9993587,933625856,1506,1506
1715735356.000609,1102835712,1522,1522
1715735357.001972,1142988800,1532,1532
1715735358.0032387,1104343040,1506,1506
1715735359.004502,896114688,921,921
1715735360.0054102,883441664,1755,1755
1715735361.0064666,719040512,1595,1595
1715735362.0078661,784465920,1700,1700
1715735363.0093336,700239872,20775791,20775791
1715735364.0100644,700239872,764,764
1715735365.0115228,700239872,153,153
1715735366.0128238,700239872,350,350
1715735367.014191,700239872,155,155
1715735368.0155375,700239872,0,0
1715735369.01702,700239872,0,0
1715735370.0180545,700239872,0,0
1715735371.0193083,700239872,344,344
1715735372.0205288,700239872,152,152
1715735373.0210435,700239872,0,0
1715735374.0219817,700239872,0,0
1715735375.0229194,700239872,0,0
1715735376.0242705,700239872,448,448
1715735377.0255034,700239872,152,152
1715735378.0270147,700239872,0,0
1715735379.027626,700239872,0,0
1715735380.0289001,700239872,0,0
1715735381.029932,700239872,344,344
1715735382.0313728,700239872,152,152
1715735383.0326142,700239872,0,0
1715735384.0340552,700239872,0,0
1715735385.0354414,700239872,0,0
1715735386.0359683,700239872,344,344
1715735387.036635,700239872,152,152
1715735388.038041,700239872,0,0
1715735389.0389059,700239872,0,0
1715735390.0401397,700239872,10387131,10387131
1715735391.0406344,700239872,20780716,20780716
1715735392.0419757,700239872,155,155
1715735393.043311,700239872,309,309
1715735394.0438042,700239872,0,0
1715735395.045077,700239872,0,0
1715735396.046009,700239872,350,350
1715735397.0472946,700239872,31167698,31167698
1715735398.0485914,700239872,10393910,10393910
1715735399.0499167,700239872,1484,1484
1715735400.051267,700239872,1470,1470
1715735401.052733,700239872,1822,1822
1715735402.0540695,700239872,1382,1382
1715735403.055256,700239872,1471,1471
1715735404.0566523,700239872,1465,1465
1715735405.0580783,700239872,845,845
1715735406.059362,700239872,1883,1883
1715735407.0607579,700239872,2012,2012
1715735408.0622087,700239872,1588,1588
1715735409.0635777,700239872,338,338
1715735410.0649114,700239872,1950,1950
1715735411.065938,700239872,1886,1886
1715735412.066849,700239872,1644,1644
1715735413.0681229,700239872,931,931
1715735414.0694237,700239872,1491,1491
1715735415.069982,700239872,1471,1471
1715735416.0712597,700239872,10390614,10390614
1715735417.0726156,700239872,10393286,10393286
1715735418.074,700239872,0,0
1715735419.0753841,700239872,304,304
1715735420.076664,700239872,0,0
1715735421.0772347,700239872,347,347
1715735422.07804,700239872,155,155
1715735423.0793147,700239872,908,908
1715735424.0805542,700239872,216,216
1715735425.081853,700239872,0,0
1715735426.0829055,700239872,344,344
1715735427.0842988,700239872,152,152
1715735428.0854828,700239872,0,0
1715735429.0864809,700239872,0,0
1715735430.087879,700239872,0,0
1715735431.0891016,700239872,344,344
1715735432.0900142,700239872,152,152
1715735433.091244,700239872,0,0
1715735434.0926692,700239872,0,0
1715735435.0939922,700239872,0,0
1715735436.0953944,700239872,344,344
1715735437.096639,700239872,152,152
1715735438.0979998,700239872,0,0
1715735439.0994673,700239872,0,0
1715735440.100899,700239872,0,0
1715735441.1019115,700239872,344,344
1715735442.1033702,700239872,152,152
1715735443.1046412,700239872,0,0
1715735444.1060228,700239872,0,0
1715735445.1073086,700239872,31169188,31169188
1715735446.1085894,700239872,849,849
1715735447.1099732,700239872,155,155
1715735448.1113183,700239872,0,0
1715735449.1125708,700239872,0,0
1715735450.1139302,700239872,0,0
1715735451.1151738,700239872,1176,1176
1715735452.1165712,1234837504,41555664,41555664
1715735453.117987,1099444224,1172,1172
1715735454.119327,802025472,1460,1460
1715735455.1200755,918724608,1447,1447
1715735456.1216426,903929856,1020,1020
1715735457.1221893,1011851264,2030,2030
1715735458.1235821,923074560,1451,1451
1715735459.1249914,969621504,1448,1448
1715735460.1259933,968372224,1464,1464
1715735461.1273901,890208256,1867,1867
1715735462.1288335,827965440,790,790
1715735463.1301577,991817728,1892,1892
1715735464.1314585,1190785024,1447,1447
1715735465.1328905,1191616512,1880,1880
1715735466.1342492,1218498560,1295,1295
1715735467.1357539,1026584576,933,933
1715735468.1371055,1021779968,1150,1150
1715735469.1382773,985182208,1452,1452
1715735470.1390343,729792512,18988884,18988884
1715735471.140439,729792512,1790238,1790238
1715735472.1417327,729792512,156,156
1715735473.1432054,729792512,152,152
1715735474.143937,729792512,0,0
1715735475.1453373,729792512,0,0
1715735476.1459422,729792512,345,345
1715735477.1473508,729792512,152,152
1715735478.1487436,729792512,0,0
1715735479.1500936,729792512,0,0
1715735480.1514506,729792512,0,0
1715735481.1527207,729792512,344,344
1715735482.154164,729792512,152,152
1715735483.155566,729792512,0,0
1715735484.156951,729792512,0,0
1715735485.1580935,729792512,0,0
1715735486.1593957,729792512,344,344
1715735487.1609254,729792512,152,152
1715735488.1621153,729792512,0,0
1715735489.1635563,729792512,0,0
1715735490.1648364,729792512,0,0
1715735491.1661313,729792512,344,344
1715735492.1674836,729792512,152,152
1715735493.168817,729792512,0,0
1715735494.169961,729792512,0,0
1715735495.1714005,729792512,0,0
1715735496.172724,729792512,344,344
1715735497.1740775,729792512,152,152
1715735498.1753213,729792512,248,248
1715735499.1765869,729792512,31167237,31167237
1715735500.17792,729792512,442,442
1715735501.179197,729792512,353,353
1715735502.1804743,729792512,156,156
1715735503.1817892,729792512,0,0
1715735504.1822429,729792512,0,0
