Timestamp,MemoryUsage,NetSent,NetRecv
1715735212.9592326,548687872,0,0
1715735213.9605327,552226816,18706,18706
1715735214.9619727,552226816,1533,1533
1715735215.9625063,552226816,6184,6184
1715735216.9634855,552226816,541,541
1715735217.9646163,552226816,2623,2623
1715735218.9659817,552226816,4067,4067
1715735219.9670794,552226816,3734,3734
1715735220.968553,552226816,3469,3469
1715735221.970017,552226816,157,157
1715735222.9713805,552226816,0,0
1715735223.9726033,552226816,152,152
1715735224.9740252,552226816,0,0
1715735225.975289,552226816,449,449
1715735226.9764872,552226816,152,152
1715735227.9777904,552226816,0,0
1715735228.9786553,552226816,0,0
1715735229.978922,552226816,0,0
1715735230.9802146,552226816,344,344
1715735231.9815493,552226816,152,152
1715735232.9819064,552226816,0,0
1715735233.983203,552226816,0,0
1715735234.984405,552226816,31169905,31169905
1715735235.9857457,552226816,10392540,10392540
1715735236.9870849,552226816,1675,1675
1715735237.988071,552226816,1478,1478
1715735238.9890099,552226816,1433,1433
1715735239.9899454,552226816,894,894
1715735240.9911046,552226816,1568,1568
1715735241.9924068,552226816,1373,1373
1715735242.993724,552226816,1499,1499
1715735243.9951482,552226816,1491,1491
1715735244.996369,552226816,1491,1491
1715735245.997769,552226816,1899,1899
1715735246.9990985,552226816,1923,1923
1715735248.0005095,552226816,1714,1714
1715735249.0018783,552226816,1223,1223
1715735250.0031059,552226816,1174,1174
1715735251.0044332,552226816,1819,1819
1715735252.0056782,552226816,1668,1668
1715735253.0060449,552226816,1451,1451
1715735254.0073652,552226816,914,914
1715735255.0087729,552226816,20782092,20782092
1715735256.0099819,552226816,635,635
1715735257.0113153,552226816,155,155
1715735258.012575,552226816,0,0
1715735259.0138147,552226816,0,0
1715735260.0152838,552226816,0,0
1715735261.0165536,552226816,344,344
1715735262.0178227,552226816,152,152
1715735263.019141,552226816,0,0
1715735264.0195973,552226816,0,0
1715735265.0202138,552226816,0,0
1715735266.0214865,552226816,344,344
1715735267.0219371,552226816,152,152
1715735268.023233,552226816,0,0
1715735269.0245867,552226816,0,0
1715735270.025837,552226816,0,0
1715735271.0271993,552226816,344,344
1715735272.028403,552226816,152,152
1715735273.029796,552226816,0,0
1715735274.0312014,552226816,0,0
1715735275.0324383,552226816,0,0
1715735276.0338974,552226816,344,344
1715735277.0344074,552226816,152,152
1715735278.03589,552226816,0,0
1715735279.037302,552226816,0,0
1715735280.0379345,552226816,0,0
1715735281.0391757,552226816,344,344
1715735282.0404122,552226816,31168394,31168394
1715735283.0417547,552226816,2203,2203
1715735284.0429914,552226816,0,0
1715735285.0442646,552226816,312,312
1715735286.0454392,552226816,350,350
1715735287.0468018,552226816,154,154
1715735288.0471454,552226816,0,0
1715735289.0477316,552226816,1565,1565
1715735290.0491588,552226816,41561813,41561813
1715735291.050073,552226816,1815,1815
1715735292.0514736,552226816,1626,1626
1715735293.0529547,552226816,1473,1473
1715735294.0539827,552226816,1470,1470
1715735295.055446,552226816,909,909
1715735296.0567079,552226816,1289,1289
1715735297.058042,552226816,2420,2420
1715735298.0593557,552226816,1534,1534
1715735299.0608175,552226816,1479,1479
1715735300.0620334,552226816,898,898
1715735301.0632865,552226816,2066,2066
1715735302.0646622,552226816,1392,1392
1715735303.066018,552226816,1168,1168
1715735304.0673912,552226816,1478,1478
1715735305.068702,552226816,1010,1010
1715735306.0700216,552226816,1840,1840
1715735307.0713923,552226816,1639,1639
1715735308.0728178,552226816,1482,1482
1715735309.0741155,552226816,20781956,20781956
1715735310.0751784,552226816,0,0
1715735311.0764406,552226816,405,405
1715735312.0778408,552226816,155,155
1715735313.0792534,552226816,0,0
1715735314.0804467,552226816,0,0
1715735315.0809739,552226816,0,0
1715735316.0821366,552226816,344,344
1715735317.0835552,552226816,91164,91164
1715735318.084955,552226816,0,0
1715735319.08605,552226816,0,0
1715735320.0872993,552226816,158,158
1715735321.088685,552226816,352,352
1715735322.0900075,552226816,152,152
1715735323.091296,552226816,0,0
1715735324.0925698,552226816,0,0
1715735325.0940175,552226816,0,0
1715735326.0954068,552226816,344,344
1715735327.0967877,552226816,152,152
1715735328.0980368,552226816,0,0
1715735329.09899,552226816,0,0
1715735330.1003935,552226816,0,0
1715735331.1013148,552226816,344,344
1715735332.1020405,552226816,152,152
1715735333.1032689,552226816,0,0
1715735334.1046567,552226816,0,0
1715735335.1060572,552226816,0,0
1715735336.1076558,552226816,344,344
1715735337.1090424,552226816,31170787,31170787
1715735338.109974,552226816,645,645
1715735339.1112332,552226816,0,0
1715735340.1125245,552226816,309,309
1715735341.1138985,552226816,350,350
1715735342.1153753,552226816,155,155
1715735343.1167696,552226816,351,351
1715735344.1180117,614486016,41559628,41559628
1715735345.1192663,614486016,1792,1792
1715735346.120628,614486016,1878,1878
1715735347.1219747,614486016,1638,1638
1715735348.1233974,614486016,1498,1498
1715735349.1247733,614486016,1427,1427
1715735350.1261497,614486016,1488,1488
1715735351.1275132,614486016,1951,1951
1715735352.1289139,614486016,1709,1709
1715735353.1300597,614486016,1488,1488
1715735354.1313832,614486016,1509,1509
1715735355.1327686,614486016,1499,1499
1715735356.1339803,614486016,967,967
1715735357.135293,614486016,1532,1532
1715735358.136553,614486016,1506,1506
1715735359.1379607,614486016,1506,1506
1715735360.1393855,614486016,1502,1502
1715735361.1408029,614486016,1893,1893
1715735362.1421356,614486016,1367,1367
1715735363.1434042,614486016,20775494,20775494
1715735364.144695,614486016,764,764
1715735365.1451561,614486016,153,153
1715735366.1464489,614486016,350,350
1715735367.147704,614486016,155,155
1715735368.1490939,614486016,0,0
1715735369.1501656,614486016,0,0
1715735370.1514516,614486016,0,0
1715735371.152506,614486016,344,344
1715735372.1537604,614486016,152,152
1715735373.154991,614486016,0,0
1715735374.1564631,614486016,0,0
1715735375.1578875,614486016,0,0
1715735376.1592934,614486016,448,448
1715735377.1606796,614486016,152,152
1715735378.1619203,614486016,0,0
1715735379.1633925,614486016,0,0
1715735380.1647873,614486016,0,0
1715735381.1661541,614486016,344,344
1715735382.167399,614486016,152,152
1715735383.168855,614486016,0,0
1715735384.1700697,614486016,0,0
1715735385.1714656,614486016,0,0
1715735386.17276,614486016,344,344
1715735387.1739006,614486016,152,152
1715735388.1752915,614486016,0,0
1715735389.1757052,614486016,0,0
1715735390.1769273,614486016,31164938,31164938
1715735391.1779695,614486016,2909,2909
1715735392.179286,614486016,155,155
1715735393.180013,614486016,309,309
1715735394.1814463,614486016,0,0
1715735395.1821415,614486016,0,0
1715735396.183414,614486016,350,350
1715735397.1840203,691294208,41559179,41559179
1715735398.1853676,767283200,2591,2591
1715735399.186022,782954496,1481,1481
1715735400.1872385,811114496,1473,1473
1715735401.188624,749674496,1660,1660
1715735402.1900454,798056448,1382,1382
1715735403.1909053,810643456,1471,1471
1715735404.1914454,825606144,1465,1465
1715735405.192783,885030912,845,845
1715735406.1940389,809947136,1883,1883
1715735407.1954548,972120064,2064,2064
1715735408.1967573,998633472,1536,1536
1715735409.1979573,953667584,338,338
1715735410.1992273,912134144,1950,1950
1715735411.2005184,867778560,1886,1886
1715735412.201361,911282176,1644,1644
1715735413.2019837,919646208,1492,1492
1715735414.2032712,887603200,1491,1491
1715735415.2045228,888623104,910,910
1715735416.2051125,787587072,10391151,10391151
1715735417.2060876,787587072,10392749,10392749
1715735418.2074008,787587072,0,0
1715735419.2087932,787587072,304,304
1715735420.209971,787587072,0,0
1715735421.2106502,787587072,347,347
1715735422.2113285,787587072,501,501
1715735423.212569,787587072,562,562
1715735424.2139564,787587072,216,216
1715735425.2151964,787587072,0,0
1715735426.2160656,787587072,344,344
1715735427.217352,787587072,152,152
1715735428.2180653,787587072,0,0
1715735429.2193422,787587072,0,0
1715735430.2205753,787587072,0,0
1715735431.2219868,787587072,344,344
1715735432.2235866,787587072,152,152
1715735433.2249177,787587072,0,0
1715735434.2261431,787587072,0,0
1715735435.22773,787587072,0,0
1715735436.22913,787587072,344,344
1715735437.2301054,787587072,152,152
1715735438.2313137,787587072,0,0
1715735439.2326782,787587072,0,0
1715735440.234106,787587072,0,0
1715735441.2355227,787587072,344,344
1715735442.2367618,787587072,152,152
1715735443.2381177,787587072,0,0
1715735444.2394643,787587072,0,0
1715735445.2407603,787587072,31169523,31169523
1715735446.2419775,787587072,514,514
1715735447.2432578,787587072,155,155
1715735448.2445974,787587072,0,0
1715735449.2458541,787587072,0,0
1715735450.2471216,787587072,0,0
1715735451.2479193,787587072,1678,1678
1715735452.248448,787587072,41555162,41555162
1715735453.2493706,787587072,1172,1172
1715735454.2500386,787587072,1460,1460
1715735455.251473,787587072,1447,1447
1715735456.2528627,787587072,1020,1020
1715735457.2541118,787587072,2030,2030
1715735458.2554934,787587072,1451,1451
1715735459.2570446,787587072,1448,1448
1715735460.258019,787587072,1464,1464
1715735461.2595487,787587072,1867,1867
1715735462.2608657,787587072,1213,1213
1715735463.2620363,787587072,1469,1469
1715735464.2634168,787587072,1447,1447
1715735465.2648213,787587072,1880,1880
1715735466.2661998,787587072,1295,1295
1715735467.2674918,787587072,933,933
1715735468.2678964,787587072,1150,1150
1715735469.2692146,787587072,1452,1452
1715735470.2704396,787587072,20778204,20778204
1715735471.271756,787587072,918,918
1715735472.2730606,787587072,156,156
1715735473.2742956,787587072,152,152
1715735474.27572,787587072,0,0
1715735475.2771003,787587072,0,0
1715735476.2780614,787587072,345,345
1715735477.2792907,787587072,152,152
1715735478.2805607,787587072,0,0
1715735479.2818735,787587072,0,0
1715735480.2831442,787587072,0,0
1715735481.2844164,787587072,344,344
1715735482.2856572,787587072,152,152
1715735483.286759,787587072,0,0
1715735484.2881167,787587072,0,0
1715735485.2891283,787587072,0,0
1715735486.290517,787587072,344,344
1715735487.2917967,787587072,152,152
1715735488.2931845,787587072,0,0
1715735489.294098,787587072,0,0
1715735490.2955096,787587072,0,0
1715735491.296732,787587072,344,344
1715735492.2981186,787587072,152,152
1715735493.2995021,787587072,0,0
1715735494.3000777,787587072,0,0
1715735495.3013256,787587072,0,0
1715735496.302021,787587072,344,344
1715735497.3032405,787587072,152,152
1715735498.3044753,787587072,31164532,31164532
1715735499.3140757,787587072,3395,3395
1715735500.315336,787587072,0,0
1715735501.316591,787587072,353,353
1715735502.3180032,787587072,156,156
1715735503.3192444,787587072,0,0
1715735504.3204796,787587072,0,0
