Timestamp,MemoryUsage,NetSent,NetRecv
1715729257.559053,512638976,0,0
1715729258.5602627,519979008,8557,8557
1715729259.561523,519979008,1784,1784
1715729260.5623162,519979008,5316,5316
1715729261.5632741,519979008,4163,4163
1715729262.5646524,519979008,3046,3046
1715729263.56601,519979008,2419,2419
1715729264.5673766,519979008,1628,1628
1715729265.5679457,519979008,1823,1823
1715729266.5693536,519979008,208,208
1715729267.5702052,519979008,0,0
1715729268.5714333,519979008,0,0
1715729269.5718532,519979008,402,402
1715729270.5732312,519979008,19986,19986
1715729271.5740595,519979008,3352,3352
1715729272.5746853,519979008,2629,2629
1715729273.5758832,519979008,2701,2701
1715729274.5772548,519979008,1943,1943
1715729275.5780783,519979008,3001,3001
1715729276.579277,519979008,156,156
1715729277.5806422,519979008,5362,5362
1715729278.581933,519979008,52,52
1715729279.5831304,519979008,2419,2419
1715729280.5845332,519979008,31173878,31173878
1715729281.5859373,519979008,16384,16384
1715729282.587205,519979008,2340,2340
1715729283.5883162,519979008,3054,3054
1715729284.589609,519979008,4235,4235
1715729285.5900443,519979008,5418,5418
1715729286.590476,519979008,838,838
1715729287.5919237,519979008,23129,23129
1715729288.5932848,519979008,4715,4715
1715729289.5939744,519979008,2794,2794
1715729290.5952067,519979008,3813,3813
1715729291.5964873,519979008,2504,2504
1715729292.597794,519979008,2077,2077
1715729293.5990257,519979008,4096,4096
1715729294.5999022,519979008,2472,2472
1715729295.6011267,519979008,5628,5628
1715729296.6020453,519979008,4439,4439
1715729297.6029553,519979008,4259,4259
1715729298.6042786,519979008,2872,2872
1715729299.605633,519979008,2667,2667
1715729300.6063504,519979008,1990,1990
1715729301.607792,519979008,209,209
1715729302.6090884,519979008,3719,3719
1715729303.6099458,519979008,5860,5860
1715729304.6111724,519979008,6349,6349
1715729305.6124656,519979008,7326,7326
1715729306.6137543,519979008,5319,5319
1715729307.614815,519979008,5938,5938
1715729308.6161458,519979008,2432,2432
1715729309.6174076,519979008,2740,2740
1715729310.6179185,519979008,307,307
1715729311.6191468,519979008,1652,1652
1715729312.620446,519979008,869,869
1715729313.6208434,519979008,335,335
1715729314.6220486,519979008,1538,1538
1715729315.62331,519979008,639,639
1715729316.6245658,519979008,1857,1857
1715729317.6258483,519979008,7303,7303
1715729318.6271248,519979008,5231,5231
1715729319.6283712,519979008,2285,2285
1715729320.6296635,519979008,655,655
1715729321.6300159,519979008,7863,7863
1715729322.6312428,519979008,10391185,10391185
1715729323.632034,519979008,20784488,20784488
1715729324.6332786,519979008,976,976
1715729325.634011,519979008,360,360
1715729326.6352406,519979008,156,156
1715729327.636325,519979008,0,0
1715729328.6377456,519979008,0,0
1715729329.639174,519979008,0,0
1715729330.6404037,519979008,910,910
1715729331.6408737,519979008,987,987
1715729332.6420548,519979008,178,178
1715729333.6424453,519979008,615,615
1715729334.6436942,519979008,0,0
1715729335.645171,519979008,345,345
1715729336.645943,519979008,155,155
1715729337.6471798,519979008,0,0
1715729338.648126,519979008,0,0
1715729339.6494114,519979008,0,0
1715729340.650718,519979008,344,344
1715729341.6519518,519979008,152,152
1715729342.6533372,519979008,0,0
1715729343.6545582,519979008,0,0
1715729344.655788,519979008,0,0
1715729345.657159,519979008,344,344
1715729346.658538,519979008,152,152
1715729347.6599407,519979008,0,0
1715729348.661168,519979008,0,0
1715729349.6624477,519979008,0,0
1715729350.6638064,519979008,344,344
1715729351.665041,519979008,152,152
1715729352.6659145,519979008,31169257,31169257
1715729353.6672485,519979008,1406,1406
1715729354.6684847,519979008,0,0
1715729355.6697705,519979008,652,652
1715729356.6710124,519979008,155,155
1715729357.672309,519979008,0,0
1715729358.6737657,519979008,0,0
1715729359.6750393,519979008,31173269,31173269
1715729360.6763496,519979008,987,987
1715729361.6777124,519979008,988,988
1715729362.6790855,519979008,1449,1449
1715729363.6796615,519979008,194,194
1715729364.6808987,519979008,2031,2031
1715729365.6819706,519979008,352,352
1715729366.683194,519979008,1315,1315
1715729367.6837559,519979008,853,853
1715729368.6850054,519979008,780,780
1715729369.6859567,519979008,985,985
1715729370.686654,519979008,1088,1088
1715729371.6878753,519979008,1057,1057
1715729372.6891382,519979008,361,361
1715729373.6899836,519979008,779,779
1715729374.6914184,519979008,1457,1457
1715729375.692706,519979008,1185,1185
1715729376.694046,519979008,1629,1629
1715729377.6953595,519979008,781,781
1715729378.6983898,519979008,905,905
1715729379.6997807,519979008,564,564
1715729380.7010653,519979008,2348,2348
1715729381.7019658,519979008,1550,1550
1715729382.7032259,519979008,313,313
1715729383.7046137,519979008,2230,2230
1715729384.7059743,519979008,0,0
1715729385.7073383,519979008,2030,2030
1715729386.7086542,519979008,720,720
1715729387.7098706,519979008,531,531
1715729388.71117,519979008,1281,1281
1715729389.7124796,519979008,188,188
1715729390.7138731,519979008,2360,2360
1715729391.7151718,519979008,155,155
1715729392.7164235,519979008,2280,2280
1715729393.7178063,519979008,0,0
1715729394.7190275,519979008,629,629
1715729395.7203202,519979008,1353,1353
1715729396.721626,519979008,986,986
1715729397.7221763,519979008,1476,1476
1715729398.7225187,519979008,0,0
1715729399.7237957,519979008,2612,2612
1715729400.72506,519979008,356,356
1715729401.726033,519979008,1605,1605
1715729402.7273366,519979008,31172140,31172140
1715729403.7287047,519979008,667,667
1715729404.730036,519979008,0,0
1715729405.7312047,519979008,651,651
1715729406.7318728,519979008,156,156
1715729407.7323658,519979008,0,0
1715729408.7336025,519979008,0,0
1715729409.7343748,519979008,0,0
1715729410.7354174,519979008,344,344
1715729411.736262,519979008,152,152
1715729412.7375174,519979008,355,355
1715729413.738069,519979008,0,0
1715729414.7393286,519979008,0,0
1715729415.7402382,519979008,496,496
1715729416.7415354,519979008,155,155
1715729417.7428224,519979008,0,0
1715729418.7441802,519979008,0,0
1715729419.7444527,519979008,0,0
1715729420.745867,519979008,696,696
1715729421.7471044,519979008,155,155
1715729422.7483435,519979008,0,0
1715729423.7498586,519979008,0,0
1715729424.7511175,519979008,335,335
1715729425.7525063,519979008,347,347
1715729426.7537565,519979008,155,155
1715729427.7551076,519979008,0,0
1715729428.7564209,519979008,0,0
1715729429.7578344,519979008,0,0
1715729430.759308,519979008,344,344
1715729431.760514,519979008,31165941,31165941
1715729432.761853,519979008,2139,2139
1715729433.7631972,519979008,0,0
1715729434.7644873,519979008,151,151
1715729435.7657905,519979008,498,498
1715729436.7670536,519979008,155,155
1715729437.7684112,519979008,0,0
1715729438.7699363,519979008,31167435,31167435
1715729439.7711997,519979008,0,0
1715729440.7724235,519979008,987,987
1715729441.7737498,519979008,2445,2445
1715729442.7751143,519979008,302,302
1715729443.7815683,519979008,1642,1642
1715729444.782115,519979008,561,561
1715729445.7826037,519979008,1667,1667
1715729446.783914,519979008,884,884
1715729447.7851708,519979008,336,336
1715729448.7865155,519979008,1864,1864
1715729449.7878313,519979008,0,0
1715729450.7886138,519979008,2000,2000
1715729451.7898927,519979008,715,715
1715729452.7911634,519979008,931,931
1715729453.7924285,519979008,1286,1286
1715729454.7937233,519979008,767,767
1715729455.794672,519979008,1249,1249
1715729456.7959404,519979008,942,942
1715729457.7972085,519979008,590,590
1715729458.797948,519979008,1949,1949
1715729459.7993472,519979008,282,282
1715729460.8024364,519979008,1030,1030
1715729461.8036928,519979008,2043,2043
1715729462.8049574,519979008,0,0
1715729463.8060474,519979008,2242,2242
1715729464.8073237,519979008,0,0
1715729465.8083901,519979008,1312,1312
1715729466.809724,519979008,1436,1436
1715729467.8100693,519979008,2632,2632
1715729468.8114355,519979008,1776,1776
1715729469.8127093,519979008,0,0
1715729470.8139932,519979008,1806,1806
1715729471.8152633,519979008,712,712
1715729472.8165421,519979008,961,961
1715729473.8179133,519979008,1517,1517
1715729474.8192184,519979008,0,0
1715729475.8205073,519979008,2603,2603
1715729476.8218112,519979008,156,156
1715729477.8230338,519979008,1691,1691
1715729478.8242898,519979008,567,567
1715729479.8255303,519979008,592,592
1715729480.8260055,519979008,2096,2096
1715729481.8272624,519979008,10391271,10391271
1715729482.8284905,519979008,20780470,20780470
1715729483.8297672,519979008,0,0
1715729484.830884,519979008,152,152
1715729485.8318627,519979008,505,505
1715729486.8331313,519979008,155,155
1715729487.8341944,519979008,0,0
1715729488.8352482,519979008,0,0
1715729489.8365135,519979008,0,0
1715729490.8379173,519979008,344,344
1715729491.8393638,519979008,152,152
1715729492.840755,519979008,0,0
1715729493.842037,519979008,0,0
1715729494.8433337,519979008,0,0
1715729495.844711,519979008,448,448
1715729496.8460639,519979008,152,152
1715729497.8474498,519979008,0,0
1715729498.8483868,519979008,0,0
1715729499.8498213,519979008,0,0
1715729500.8511784,519979008,702,702
1715729501.8525496,519979008,155,155
1715729502.8538373,519979008,352,352
1715729503.8552027,519979008,302,302
1715729504.8564594,519979008,0,0
1715729505.857687,519979008,496,496
1715729506.8590446,519979008,155,155
1715729507.8604007,519979008,0,0
1715729508.8616576,519979008,0,0
1715729509.8629398,519979008,0,0
1715729510.8644228,519979008,344,344
1715729511.8656309,519979008,400,400
1715729512.8659532,519979008,31171694,31171694
1715729513.8672006,519979008,0,0
1715729514.8684616,519979008,303,303
1715729515.8691318,519979008,347,347
1715729516.8699617,519979008,155,155
1715729517.871337,519979008,0,0
1715729518.8725467,519979008,31169773,31169773
1715729519.8730748,519979008,2783,2783
1715729520.8739552,519979008,631,631
1715729521.875337,519979008,2285,2285
1715729522.8766146,519979008,0,0
1715729523.8778832,519979008,915,915
1715729524.879385,519979008,1294,1294
1715729525.880791,519979008,1161,1161
1715729526.881955,519979008,1615,1615
1715729527.8829422,519979008,169,169
1715729528.8835006,519979008,1321,1321
1715729529.8849075,519979008,734,734
1715729530.885957,519979008,1276,1276
1715729531.8872368,519979008,1214,1214
1715729532.8884997,519979008,1227,1227
1715729533.8889441,519979008,172,172
1715729534.8899302,519979008,1789,1789
1715729535.8904693,519979008,632,632
1715729536.8916955,519979008,1888,1888
1715729537.8924146,519979008,570,570
1715729538.8936367,519979008,938,938
1715729539.8939755,519979008,1784,1784
1715729540.8952813,519979008,896,896
1715729541.896609,519979008,1508,1508
1715729542.8979785,519979008,567,567
1715729543.8992152,519979008,350,350
1715729544.9006164,519979008,1620,1620
1715729545.9019084,519979008,353,353
1715729546.9032397,519979008,2448,2448
1715729547.9045074,519979008,0,0
1715729548.905788,519979008,917,917
1715729549.9071505,519979008,1336,1336
1715729550.9084857,519979008,404,404
1715729551.9097996,519979008,92701,92701
1715729552.9110668,519979008,727,727
1715729553.9122927,519979008,1248,1248
1715729554.9135752,519979008,1023,1023
1715729555.913935,519979008,1153,1153
1715729556.9153256,519979008,1674,1674
1715729557.9164696,519979008,0,0
1715729558.917148,519979008,1524,1524
1715729559.9180338,519979008,745,745
1715729560.918822,519979008,903,903
1715729561.9201274,519979008,10391838,10391838
1715729562.921475,519979008,10390140,10390140
1715729563.921905,519979008,10390375,10390375
1715729564.9232545,519979008,0,0
1715729565.9236574,519979008,507,507
1715729566.9249284,519979008,156,156
1715729567.9260561,519979008,0,0
1715729568.9272816,519979008,216,216
1715729569.9285126,519979008,0,0
1715729570.9297855,519979008,344,344
1715729571.931067,519979008,152,152
1715729572.9323518,519979008,0,0
1715729573.9338536,519979008,0,0
1715729574.9352207,519979008,0,0
1715729575.9364474,519979008,344,344
1715729576.9377272,519979008,152,152
1715729577.938978,519979008,0,0
1715729578.9394042,519979008,0,0
1715729579.9408984,519979008,0,0
1715729580.941919,519979008,344,344
1715729581.9431632,519979008,152,152
1715729582.9445267,519979008,0,0
1715729583.945907,519979008,0,0
1715729584.9471328,519979008,0,0
1715729585.9484186,519979008,344,344
1715729586.9498043,519979008,152,152
1715729587.9510338,519979008,0,0
1715729588.95231,519979008,0,0
1715729589.953553,519979008,0,0
1715729590.9540877,519979008,344,344
1715729591.955512,519979008,152,152
1715729592.9563231,519979008,31166751,31166751
1715729593.9577327,519979008,2640,2640
1715729594.9589827,519979008,0,0
1715729595.9603484,519979008,502,502
1715729596.9615798,519979008,155,155
1715729597.962034,519979008,0,0
1715729598.9634442,519979008,780,780
1715729599.9648,519979008,41559241,41559241
1715729600.9660022,519979008,2488,2488
1715729601.9673972,519979008,1324,1324
1715729602.9688296,519979008,640,640
1715729603.969891,519979008,1549,1549
1715729604.9712365,519979008,1803,1803
1715729605.9724863,519979008,1917,1917
1715729606.9737027,519979008,1665,1665
1715729607.975029,519979008,1338,1338
1715729608.9763663,519979008,1503,1503
1715729609.9777293,519979008,1508,1508
1715729610.979143,519979008,1791,1791
1715729611.9804273,519979008,1074,1074
1715729612.981743,519979008,1805,1805
1715729613.9832287,519979008,1718,1718
1715729614.9845452,519979008,2044,2044
1715729615.985825,519979008,1914,1914
1715729616.987184,519979008,1374,1374
1715729617.9885767,519979008,1512,1512
1715729618.989829,520110080,20780808,20780808
1715729619.9910917,520110080,1336,1336
1715729620.992313,520110080,843,843
1715729621.9936821,520110080,156,156
1715729622.9949467,520110080,352,352
1715729623.9963217,520110080,0,0
1715729624.9976833,520110080,0,0
1715729625.998043,520110080,652,652
1715729626.9985604,520110080,0,0
1715729627.9998238,520110080,0,0
1715729629.001225,520110080,0,0
1715729630.002107,520110080,0,0
1715729631.0034957,520110080,496,496
1715729632.0047255,520110080,0,0
1715729633.0059705,520110080,0,0
1715729634.0072014,520110080,0,0
1715729635.0084248,520110080,0,0
1715729636.0099394,520110080,496,496
1715729637.0113995,520110080,0,0
1715729638.0127761,520110080,0,0
1715729639.0140524,520110080,0,0
1715729640.0153291,520110080,0,0
1715729641.0167248,520110080,496,496
1715729642.0179129,520110080,0,0
1715729643.0191524,520110080,0,0
1715729644.0205142,520110080,0,0
1715729645.0218196,520110080,0,0
1715729646.0230463,520110080,496,496
1715729647.0238345,520110080,0,0
1715729648.0250604,520110080,31165696,31165696
1715729649.0260422,520110080,3696,3696
1715729650.0274205,520110080,0,0
1715729651.0283737,520110080,506,506
1715729652.029629,520110080,0,0
1715729653.029956,520110080,353,353
1715729654.0313098,520110080,414,414
