Timestamp,MemoryUsage,NetSent,NetRecv
1715667000.2388034,513155072,0,0
1715667001.2403522,521019392,7129,7129
1715667002.241591,521019392,304,304
1715667003.242783,521019392,456,456
1715667004.2440352,521019392,87536,87536
1715667005.2452872,521019392,455,455
1715667006.2467525,521019392,155,155
1715667007.2479928,521019392,304,304
1715667008.2493973,521019392,152,152
1715667009.2508233,521019392,1918,1918
1715667010.2520902,521019392,617,617
1715667011.2533963,521019392,155,155
1715667012.2546232,521019392,304,304
1715667013.255916,521019392,152,152
1715667014.2573547,521019392,0,0
1715667015.2586179,521019392,4117,4117
1715667016.2593293,521019392,5638,5638
1715667017.260736,521019392,3973,3973
1715667018.2622664,521019392,1531,1531
1715667019.262852,521019392,328,328
1715667020.2641006,521019392,662,662
1715667021.2654142,521019392,157,157
1715667022.2667863,521019392,10392510,10392510
1715667023.2681334,521019392,5475,5475
1715667024.2693856,521019392,1922,1922
1715667025.270681,521019392,2103,2103
1715667026.2719305,521019392,1112,1112
1715667027.2733881,521019392,1655,1655
1715667028.274809,521019392,896,896
1715667029.2762506,521019392,1269,1269
1715667030.277688,521019392,1653,1653
1715667031.2790904,521019392,1106,1106
1715667032.2804425,521019392,1650,1650
1715667033.2817066,521019392,1105,1105
1715667034.2827702,521019392,1349,1349
1715667035.2840922,521019392,1066,1066
1715667036.2855139,521019392,1171,1171
1715667037.2868218,521019392,1649,1649
1715667038.288067,521019392,1107,1107
1715667039.289511,521019392,1352,1352
1715667040.290699,521019392,1120,1120
1715667041.29199,521019392,1739,1739
1715667042.2935483,521019392,1054,1054
1715667043.2946935,521019392,1485,1485
1715667044.2960598,521019392,1401,1401
1715667045.2973275,521019392,1364,1364
1715667046.2987602,521019392,1509,1509
1715667047.300237,521019392,1075,1075
1715667048.3016422,521019392,1109,1109
1715667049.3029585,521019392,1585,1585
1715667050.304253,521019392,1314,1314
1715667051.305649,521019392,1562,1562
1715667052.3066328,521019392,1254,1254
1715667053.3080523,521019392,1505,1505
1715667054.3095071,521019392,777,777
1715667055.3107913,521019392,1301,1301
1715667056.3121498,521019392,974,974
1715667057.313405,521019392,2146,2146
1715667058.3148592,521019392,1505,1505
1715667059.3162918,521019392,759,759
1715667060.3177195,521019392,1794,1794
1715667061.3191879,521019392,1397,1397
1715667062.320592,521019392,1690,1690
1715667063.3219872,521019392,1548,1548
1715667064.3226416,521019392,957,957
1715667065.3240476,521019392,1752,1752
1715667066.325366,521019392,922,922
1715667067.3267853,521019392,1266,1266
1715667068.328088,521019392,1502,1502
1715667069.3293307,521019392,1269,1269
1715667070.3307767,521019392,1126,1126
1715667071.3323228,521019392,1833,1833
1715667072.3337648,521019392,1565,1565
1715667073.3350635,521019392,1179,1179
1715667074.3363652,521019392,953,953
1715667075.3376782,521019392,1751,1751
1715667076.3389354,521019392,1110,1110
1715667077.3402555,521019392,1554,1554
1715667078.3417103,521019392,966,966
1715667079.342771,521019392,950,950
1715667080.3441772,521019392,1743,1743
1715667081.3454704,521019392,1532,1532
1715667082.346834,521019392,1717,1717
1715667083.348102,521019392,1094,1094
1715667084.3495245,521019392,1339,1339
1715667085.3508952,521019392,1128,1128
1715667086.3523166,521019392,1703,1703
1715667087.3536346,521019392,1069,1069
1715667088.3550675,521019392,1105,1105
1715667089.356419,521019392,1845,1845
1715667090.357718,521019392,1342,1342
1715667091.3586931,521019392,1515,1515
1715667092.3601453,521019392,1062,1062
1715667093.3614507,521019392,1104,1104
1715667094.3626695,521019392,1346,1346
1715667095.3640716,521019392,1316,1316
1715667096.3654983,521019392,1560,1560
1715667097.3668835,521019392,1053,1053
1715667098.368479,521019392,1689,1689
1715667099.369841,521019392,768,768
1715667100.371228,521019392,2008,2008
1715667101.3725774,521019392,1197,1197
1715667102.373848,521019392,1265,1265
1715667103.3752713,521019392,1511,1511
1715667104.3767052,521019392,1071,1071
1715667105.3779728,521019392,1948,1948
1715667106.378816,521019392,909,909
1715667107.3802273,521019392,1263,1263
1715667108.3816848,521019392,1508,1508
1715667109.3822055,521019392,943,943
1715667110.3835573,521019392,1752,1752
1715667111.3851244,521019392,923,923
1715667112.386581,521019392,1255,1255
1715667113.3880136,521019392,1514,1514
1715667114.3892803,521019392,953,953
1715667115.3907144,521019392,1750,1750
1715667116.3921497,521019392,922,922
1715667117.3935983,521019392,1259,1259
1715667118.394712,521019392,1790,1790
1715667119.3959963,521019392,1465,1465
1715667120.3973045,521019392,1665,1665
1715667121.3987305,521019392,341,341
1715667122.4000406,521019392,2142,2142
1715667123.4013164,521019392,1199,1199
1715667124.4026155,521019392,960,960
1715667125.4040275,521019392,1898,1898
1715667126.4055042,521019392,10390519,10390519
1715667127.4066737,521019392,1235,1235
1715667128.4081318,521019392,452,452
1715667129.4097497,521019392,153,153
1715667130.411255,521019392,603,603
1715667131.412516,521019392,409,409
1715667132.413921,521019392,304,304
1715667133.4153473,521019392,303,303
1715667134.4165905,521019392,0,0
1715667135.4179466,521019392,500,500
1715667136.419216,521019392,0,0
1715667137.420487,521019392,304,304
1715667138.4218454,521019392,152,152
1715667139.4231524,521019392,0,0
1715667140.4243994,521019392,496,496
1715667141.425698,521019392,0,0
1715667142.4271562,521019392,304,304
1715667143.4284637,521019392,152,152
1715667144.4299238,521019392,0,0
1715667145.4313738,521019392,496,496
1715667146.4319599,521019392,0,0
1715667147.4333704,521019392,304,304
1715667148.4347417,521019392,152,152
1715667149.4360924,521019392,0,0
1715667150.4375207,521019392,600,600
1715667151.4389503,521019392,0,0
1715667152.4403894,521019392,304,304
1715667153.4417887,521019392,152,152
1715667154.4430919,521019392,0,0
1715667155.4445617,521019392,496,496
1715667156.4458954,783855616,10393123,10393123
1715667157.4468257,876679168,304,304
1715667158.4482207,807718912,303,303
1715667159.4497628,752599040,152,152
1715667160.4506996,1077637120,502,502
1715667161.4519377,783810560,0,0
1715667162.4532633,897040384,304,304
1715667163.454751,1096265728,152,152
1715667164.4559965,739823616,358,358
1715667165.4573145,876310528,553,553
1715667166.4586253,1136332800,0,0
1715667167.4598646,802947072,304,304
1715667168.4611638,876503040,152,152
1715667169.4616754,1167777792,0,0
1715667170.4626455,740159488,496,496
1715667171.4640737,908660736,10388505,10388505
1715667172.4654837,938565632,674,674
1715667173.4669096,1012387840,2900,2900
1715667174.4683163,822857728,948,948
1715667175.469627,959344640,1278,1278
1715667176.4706671,854306816,1003,1003
1715667177.4720783,1232547840,1951,1951
1715667178.4734704,860491776,944,944
1715667179.4747915,1052020736,1258,1258
1715667180.476202,829272064,1892,1892
1715667181.4775805,963096576,949,949
1715667182.4787426,937054208,1070,1070
1715667183.4801328,869822464,520,520
1715667184.481602,1044070400,1120,1120
1715667185.4826105,822796288,2136,2136
1715667186.4840477,951009280,1352,1352
1715667187.4852471,854511616,1249,1249
1715667188.4867177,1206411264,922,922
1715667189.4882128,816656384,1343,1343
1715667190.4896371,1059110912,1799,1799
1715667191.4908018,829767680,1457,1457
1715667192.492265,1002631168,1306,1306
1715667193.493578,923414528,1508,1508
1715667194.494746,829411328,947,947
1715667195.496146,963973120,1917,1917
1715667196.497373,804085760,739,739
1715667197.4986901,1238331392,1657,1657
1715667198.5001354,839397376,917,917
1715667199.5014539,1238335488,1256,1256
1715667200.5028481,804302848,970,970
1715667201.504271,897519616,1028,1028
1715667202.5057626,849182720,488,488
1715667203.5071075,896253952,2001,2001
1715667204.5085657,901820416,1352,1352
1715667205.50981,854245376,876,876
1715667206.5111234,940453888,185,185
1715667207.5124173,822960128,1365,1365
1715667208.5138702,1129590784,950,950
1715667209.51487,847970304,1638,1638
1715667210.5155694,1074552832,1635,1635
1715667211.5170183,879448064,1554,1554
1715667212.518501,1082425344,1272,1272
1715667213.519935,854392832,1496,1496
1715667214.5213807,933015552,955,955
1715667215.5228772,879456256,1810,1810
1715667216.5243638,986157056,943,943
1715667217.5257714,982548480,1659,1659
1715667218.5269887,823017472,1099,1099
1715667219.5284138,968142848,773,773
1715667220.5296304,860643328,1978,1978
1715667221.5309124,1196445696,762,762
1715667222.5322375,841728000,1648,1648
1715667223.533653,1187643392,527,527
1715667224.5351443,854364160,1101,1101
1715667225.5366118,991051776,2001,2001
1715667226.5380166,804204544,1394,1394
1715667227.5393746,982261760,670,670
1715667228.540711,940462080,1912,1912
1715667229.5419436,804061184,1240,1240
1715667230.542839,1016799232,1335,1335
1715667231.5431747,848138240,945,945
1715667232.5445533,1164865536,1105,1105
1715667233.5460386,804360192,920,920
1715667234.5473506,1167175680,1580,1580
1715667235.5488193,854351872,1315,1315
1715667236.5502617,1072525312,1261,1261
1715667237.551637,854323200,1226,1226
1715667238.5529792,976097280,1531,1531
1715667239.554287,904527872,1652,1652
1715667240.554749,829116416,1346,1346
1715667241.5560472,915599360,770,770
1715667242.5572824,848326656,1988,1988
1715667243.5587347,963969024,774,774
1715667244.560048,804315136,951,951
1715667245.5615067,1102114816,1797,1797
1715667246.5627685,848461824,1196,1196
1715667247.563394,1064538112,836,836
1715667248.5648496,816746496,864,864
1715667249.5663404,1023778816,1292,1292
1715667250.5667202,848330752,978,978
1715667251.5681906,979394560,1864,1864
1715667252.5696678,999235584,1566,1566
1715667253.570584,867201024,939,939
1715667254.5720441,924147712,1632,1632
1715667255.5733323,804323328,1515,1515
1715667256.5747795,1106526208,772,772
1715667257.5762668,854556672,1807,1807
1715667258.5775394,1146228736,1264,1264
1715667259.5786982,816545792,1053,1053
1715667260.5800083,875495424,1465,1465
1715667261.581559,847998976,1415,1415
1715667262.582975,949338112,1401,1401
1715667263.5844316,953692160,1367,1367
1715667264.5856814,848023552,957,957
1715667265.586669,934039552,2250,2250
1715667266.5878966,822829056,957,957
1715667267.589209,1009897472,1822,1822
1715667268.590696,848048128,770,770
1715667269.592007,1198493696,1765,1765
1715667270.5934308,808042496,1613,1613
1715667271.5948112,909807616,945,945
1715667272.596143,885841920,10393087,10393087
1715667273.5973918,885841920,0,0
1715667274.5988038,885841920,154,154
1715667275.6001222,885841920,655,655
1715667276.6013765,885841920,0,0
1715667277.6026623,885841920,456,456
1715667278.604081,885841920,0,0
1715667279.6052983,885841920,0,0
1715667280.6062834,885841920,496,496
1715667281.6077585,885841920,0,0
1715667282.6090415,885841920,456,456
1715667283.6103518,885841920,0,0
1715667284.6108134,885841920,354,354
1715667285.612092,885841920,502,502
1715667286.6134367,885841920,0,0
1715667287.614853,885841920,456,456
1715667288.616151,885841920,0,0
1715667289.6174579,885841920,0,0
1715667290.61881,885841920,600,600
1715667291.6200564,885841920,0,0
1715667292.6214945,885841920,456,456
1715667293.622822,885841920,0,0
1715667294.6241086,885841920,0,0
1715667295.6254284,885841920,496,496
1715667296.626822,885841920,0,0
1715667297.6280868,885841920,810,810
1715667298.629565,885841920,0,0
1715667299.6310136,885841920,504,504
1715667300.6318455,885841920,502,502
1715667301.6333458,885841920,0,0
1715667302.6346202,885841920,10389947,10389947
1715667303.6361108,885841920,0,0
1715667304.6377416,885841920,304,304
1715667305.6386213,885841920,502,502
1715667306.640049,885841920,0,0
1715667307.6413076,885841920,456,456
1715667308.6425793,885841920,87558,87558
1715667309.644127,885841920,0,0
1715667310.6455996,885841920,501,501
1715667311.647032,885841920,0,0
1715667312.6482942,885841920,456,456
1715667313.6496005,885841920,0,0
1715667314.6510935,885841920,0,0
1715667315.6523814,885841920,496,496
1715667316.653703,892657664,10388228,10388228
1715667317.6552653,1132822528,857,857
1715667318.656722,897748992,1694,1694
1715667319.658095,1076408320,1356,1356
1715667320.658875,891609088,1489,1489
1715667321.660179,925315072,943,943
1715667322.661489,877436928,1794,1794
1715667323.6627648,982269952,1332,1332
1715667324.6641707,976674816,1398,1398
1715667325.665463,965009408,866,866
1715667326.6668932,885620736,841,841
1715667327.6681476,923115520,821,821
1715667328.669599,1099337728,1824,1824
1715667329.6707067,897859584,1527,1527
1715667330.6721244,990863360,1273,1273
1715667331.6735601,891387904,998,998
1715667332.6748936,1329446912,2327,2327
1715667333.6762848,897634304,763,763
1715667334.6777842,1307365376,1531,1531
1715667335.6792521,922755072,1308,1308
1715667336.680619,1099014144,1505,1505
1715667337.6820629,853585920,1217,1217
1715667338.682818,1190809600,1255,1255
1715667339.6842418,874991616,1040,1040
1715667340.685712,1090019328,1514,1514
1715667341.6870675,929095680,766,766
1715667342.6883898,940843008,2249,2249
1715667343.689831,1049288704,1348,1348
1715667344.6906278,897740800,1246,1246
1715667345.6920848,955351040,1916,1916
1715667346.693321,885334016,931,931
1715667347.6947427,866635776,1807,1807
1715667348.695974,897925120,955,955
1715667349.6973891,1174704128,1350,1350
1715667350.697741,922972160,1510,1510
1715667351.6987772,1235148800,1348,1348
1715667352.7001936,897720320,1223,1223
1715667353.7017956,1092755456,954,954
1715667354.702701,941965312,1345,1345
1715667355.7040558,1099091968,1793,1793
1715667356.705654,853852160,469,469
1715667357.7067428,881135616,2592,2592
1715667358.708175,880640000,1045,1045
1715667359.7095845,1018179584,1688,1688
1715667360.710743,1004105728,1051,1051
1715667361.71212,869302272,1750,1750
1715667362.713569,1048854528,1760,1760
1715667363.7147973,897982464,948,948
1715667364.7163208,916897792,1350,1350
1715667365.7176163,922951680,814,814
1715667366.718774,1184653312,797,797
1715667367.7200012,916684800,1988,1988
1715667368.7212994,1137111040,766,766
1715667369.722539,923033600,950,950
1715667370.7239532,1154859008,1906,1906
1715667371.7253828,898031616,1351,1351
1715667372.7268043,1183350784,1415,1415
1715667373.7281497,891785216,1348,1348
1715667374.729432,1135636480,953,953
1715667375.7308917,916586496,1912,1912
1715667376.7322814,1075953664,935,935
1715667377.733638,891084800,1539,1539
1715667378.7351115,1019641856,1165,1165
1715667379.7364855,891150336,1353,1353
1715667380.7378314,1011138560,1515,1515
1715667381.739244,1021804544,1356,1356
1715667382.740603,964640768,1412,1412
1715667383.7419274,1027743744,1357,1357
1715667384.743177,922546176,950,950
1715667385.744572,897544192,1863,1863
1715667386.7459588,897642496,957,957
1715667387.746791,1161904128,1811,1811
1715667388.7480667,922767360,768,768
1715667389.7494361,1299304448,1448,1448
1715667390.750774,853803008,1429,1429
1715667391.7522178,1258401792,1543,1543
1715667392.7536862,913223680,1522,1522
1715667393.7547097,1026187264,954,954
1715667394.756002,860725248,1515,1515
1715667395.757424,1022967808,1356,1356
1715667396.7587395,973328384,1843,1843
1715667397.7600515,897830912,1400,1400
1715667398.7614758,1090695168,758,758
1715667399.762746,891437056,1656,1656
1715667400.764056,1009057792,1023,1023
1715667401.7653272,897617920,955,955
1715667402.7667289,1126301696,2389,2389
1715667403.7680469,922836992,961,961
1715667404.769319,1141395456,1760,1760
1715667405.7707734,883834880,1230,1230
1715667406.7721334,1076187136,1244,1244
1715667407.773469,916598784,925,925
1715667408.7748024,1059328000,1774,1774
1715667409.7759783,1026994176,1515,1515
1715667410.777402,967495680,1307,1307
1715667411.77872,1017339904,774,774
1715667412.779941,897794048,834,834
1715667413.7812502,1078198272,2184,2184
1715667414.782505,891666432,1491,1491
1715667415.7837894,950816768,1176,1176
1715667416.785034,902926336,10389581,10389581
1715667417.786511,902926336,1959,1959
1715667418.7877693,902926336,0,0
1715667419.7891948,902926336,657,657
1715667420.7906723,902926336,352,352
1715667421.7919273,902926336,0,0
1715667422.793226,902926336,607,607
1715667423.7946994,902926336,0,0
1715667424.7959423,902926336,152,152
1715667425.7972443,902926336,345,345
1715667426.798681,902926336,0,0
1715667427.7999463,902926336,456,456
1715667428.8013537,902926336,0,0
1715667429.8027663,902926336,152,152
1715667430.804042,902926336,674,674
1715667431.8054185,902926336,0,0
1715667432.806774,902926336,456,456
1715667433.8080182,902926336,151,151
1715667434.8094249,902926336,152,152
1715667435.8106124,902926336,348,348
1715667436.8118892,902926336,0,0
1715667437.8131733,902926336,456,456
1715667438.8146193,902926336,0,0
1715667439.8158684,902926336,152,152
1715667440.817262,902926336,344,344
1715667441.8185296,902926336,0,0
1715667442.8197873,902926336,456,456
1715667443.8211956,902926336,0,0
1715667444.8217936,902926336,152,152
1715667445.822635,902926336,344,344
1715667446.8239632,1235927040,10388300,10388300
1715667447.8253458,886657024,1054,1054
1715667448.8259883,910008320,334,334
1715667449.8267787,1273720832,554,554
1715667450.8280146,871923712,507,507
1715667451.8293889,950157312,0,0
1715667452.8307228,1071460352,456,456
1715667453.832094,954109952,0,0
1715667454.833621,899223552,152,152
1715667455.8348427,907300864,448,448
1715667456.8364408,997933056,0,0
1715667457.8376868,861814784,456,456
1715667458.8386896,1035771904,0,0
1715667459.8399894,1243729920,152,152
1715667460.841413,944574464,344,344
1715667461.8428242,918310912,10390002,10390002
1715667462.8442724,918310912,1713,1713
1715667463.8457549,918310912,1046,1046
1715667464.8467646,918310912,1399,1399
1715667465.8481667,918310912,1746,1746
1715667466.849565,918310912,939,939
1715667467.850998,918310912,1795,1795
1715667468.8522642,918310912,937,937
1715667469.853584,918310912,1497,1497
1715667470.854853,918310912,1186,1186
1715667471.856271,918310912,760,760
1715667472.8577034,918310912,2186,2186
1715667473.8590944,918310912,1349,1349
1715667474.860468,918310912,1198,1198
1715667475.8618357,918310912,721,721
1715667476.8626833,918310912,2278,2278
1715667477.864084,918310912,5858,5858
1715667478.865495,918310912,2335,2335
1715667479.866763,918310912,2176,2176
1715667480.8680737,918310912,2741,2741
1715667481.8693564,918310912,4138,4138
1715667482.8707762,918310912,2018,2018
1715667483.8721359,918310912,774,774
1715667484.8735433,918310912,1411,1411
1715667485.8750057,918310912,1461,1461
1715667486.8763719,918310912,943,943
1715667487.8777497,918310912,1810,1810
1715667488.8786118,918310912,367,367
1715667489.8798537,918310912,848,848
1715667490.8812726,918310912,2061,2061
1715667491.8825521,918310912,1954,1954
1715667492.8838885,918310912,1234,1234
1715667493.8852007,918310912,946,946
1715667494.8867168,918310912,1513,1513
1715667495.8881238,918310912,1350,1350
1715667496.8894644,918310912,1349,1349
1715667497.890646,918310912,1396,1396
1715667498.8920724,918310912,1349,1349
1715667499.8933535,918310912,1096,1096
1715667500.8947766,918310912,1164,1164
1715667501.8961227,918310912,757,757
1715667502.8973978,918310912,2292,2292
1715667503.8989153,918310912,464,464
1715667504.900221,918310912,1684,1684
1715667505.9015403,918310912,1470,1470
1715667506.902924,918310912,666,666
1715667507.9042768,918310912,1817,1817
1715667508.9055052,918310912,1225,1225
1715667509.906688,918310912,2362,2362
1715667510.9079828,918310912,1290,1290
1715667511.9093864,918310912,240,240
1715667512.9107454,918310912,2057,2057
1715667513.9121249,918310912,947,947
1715667514.9135916,918310912,1505,1505
1715667515.9149053,918310912,1253,1253
1715667516.9161973,918310912,1343,1343
1715667517.9175305,918310912,1402,1402
1715667518.918788,918310912,1343,1343
1715667519.920092,918310912,1104,1104
1715667520.921425,918310912,1755,1755
1715667521.9227006,918310912,1074,1074
1715667522.9239998,918310912,1661,1661
1715667523.9252558,918310912,760,760
1715667524.9266343,918310912,1694,1694
1715667525.9281,918310912,1164,1164
1715667526.9295092,918310912,1440,1440
1715667527.9308245,918310912,1729,1729
1715667528.932129,918310912,1003,1003
1715667529.9335167,918310912,1505,1505
1715667530.9349315,918310912,722,722
1715667531.9362607,918310912,2897,2897
1715667532.9375167,918310912,7489,7489
1715667533.9387836,918310912,9067,9067
1715667534.940036,918310912,2231,2231
1715667535.9414723,918310912,1364,1364
1715667536.942842,918310912,1985,1985
1715667537.944174,918310912,1567,1567
1715667538.9455671,918310912,1049,1049
1715667539.9467845,918310912,829,829
1715667540.9481766,918310912,537,537
1715667541.949564,918310912,866,866
1715667542.9508615,918310912,2078,2078
1715667543.9521596,918310912,947,947
1715667544.9535809,918310912,1505,1505
1715667545.9546149,918310912,730,730
1715667546.9560268,918310912,1285,1285
1715667547.9574068,918310912,1869,1869
1715667548.9586682,918310912,1538,1538
1715667549.9600468,918310912,926,926
1715667550.9613645,918310912,1356,1356
1715667551.9627497,918310912,924,924
1715667552.964121,918310912,3186,3186
1715667553.965397,918310912,2761,2761
1715667554.9666085,918310912,2264,2264
1715667555.967978,918310912,2096,2096
1715667556.969227,918310912,1120,1120
1715667557.9705067,918310912,1072,1072
1715667558.971869,918310912,808,808
1715667559.9732244,918310912,1805,1805
1715667560.9746199,918310912,1034,1034
1715667561.9759395,918310912,1095,1095
1715667562.977172,918310912,10390775,10390775
1715667563.978436,918310912,0,0
1715667564.9799438,918310912,608,608
1715667565.9812887,918310912,155,155
1715667566.9825182,918310912,152,152
1715667567.9838743,918310912,304,304
1715667568.9851103,918310912,0,0
1715667569.9863198,918310912,691,691
1715667570.986721,918310912,348,348
1715667571.987993,918310912,152,152
1715667572.9893622,918310912,455,455
1715667573.9907403,918310912,0,0
1715667574.992071,918310912,345,345
1715667575.9934428,918310912,152,152
1715667576.994817,918310912,152,152
1715667577.9960554,918310912,663,663
1715667578.9973743,918310912,0,0
1715667579.9988456,918310912,496,496
1715667581.0000913,918310912,155,155
1715667582.0014782,918310912,152,152
1715667583.0026205,918310912,304,304
1715667584.0039065,918310912,0,0
1715667585.0053072,918310912,697,697
1715667586.0067265,918310912,155,155
1715667587.007994,918310912,152,152
1715667588.0093365,918310912,455,455
1715667589.010719,918310912,334,334
1715667590.0119712,918310912,347,347
1715667591.0132904,918310912,155,155
1715667592.0147505,918310912,152,152
1715667593.0161314,918310912,10391823,10391823
1715667594.0174308,918310912,975,975
1715667595.0186896,918310912,354,354
1715667596.0199902,918310912,155,155
1715667597.0213478,918310912,505,505
1715667598.0226014,918310912,304,304
1715667599.0239913,918310912,99,99
1715667600.0252736,918310912,803,803
1715667601.0265005,918310912,155,155
1715667602.0278456,918310912,152,152
1715667603.0292003,918310912,304,304
1715667604.030474,918310912,0,0
1715667605.031995,918310912,396,396
1715667606.033222,918310912,152,152
1715667607.0346782,918310912,152,152
1715667608.0360572,918310912,10392021,10392021
1715667609.0374258,918310912,1263,1263
1715667610.0387807,918310912,537,537
1715667611.0402262,918310912,1436,1436
1715667612.040786,918310912,1810,1810
1715667613.042049,918310912,1251,1251
1715667614.0427153,918310912,1347,1347
1715667615.043925,918310912,967,967
1715667616.0452275,918310912,1778,1778
1715667617.0464778,918310912,1076,1076
1715667618.047818,918310912,89106,89106
1715667619.049051,918310912,243,243
1715667620.050485,918310912,717,717
1715667621.0517986,918310912,340,340
1715667622.0530987,918310912,525,525
1715667623.0544844,918310912,489,489
1715667624.055739,918310912,367,367
1715667625.0571494,918310912,532,532
1715667626.058433,918310912,519,519
1715667627.0597918,918310912,330,330
1715667628.0612042,918310912,2561,2561
1715667629.0624254,918310912,1253,1253
1715667630.0637789,918310912,1716,1716
1715667631.06507,918310912,1151,1151
1715667632.0665052,918310912,1505,1505
1715667633.0678568,918310912,672,672
1715667634.0691102,918310912,1930,1930
1715667635.0703192,918310912,1252,1252
1715667636.0707479,918310912,1225,1225
1715667637.0720053,918310912,1373,1373
1715667638.073312,918310912,1653,1653
1715667639.074763,918310912,777,777
1715667640.076052,918310912,1656,1656
1715667641.077348,918310912,1210,1210
1715667642.0786707,918310912,1103,1103
1715667643.0800655,918310912,2148,2148
1715667644.0814128,918310912,950,950
1715667645.082682,918310912,2019,2019
1715667646.0839424,918310912,1151,1151
1715667647.085272,918310912,1213,1213
1715667648.0865777,918310912,1534,1534
1715667649.087945,918310912,1360,1360
1715667650.089266,918310912,1123,1123
1715667651.090673,918310912,1471,1471
1715667652.0914493,918310912,620,620
1715667653.0927544,918310912,1288,1288
1715667654.0941522,918310912,1365,1365
1715667655.0954287,918310912,1248,1248
1715667656.096829,918310912,1512,1512
1715667657.098104,918310912,825,825
1715667658.099499,918310912,1112,1112
1715667659.1008606,918310912,1355,1355
1715667660.102277,918310912,2518,2518
1715667661.1028092,918310912,1130,1130
1715667662.1042397,918310912,1107,1107
1715667663.1055777,918310912,1655,1655
1715667664.1069305,918310912,952,952
1715667665.1083093,918310912,1744,1744
1715667666.1095846,918310912,1158,1158
1715667667.1109512,918310912,1508,1508
1715667668.112218,918310912,1231,1231
1715667669.113619,918310912,773,773
1715667670.1150558,918310912,1700,1700
1715667671.1166334,918310912,1916,1916
1715667672.1180851,918310912,966,966
1715667673.119485,918310912,1564,1564
1715667674.1208549,918310912,1044,1044
1715667675.122147,918310912,1248,1248
1715667676.1234376,918310912,1554,1554
1715667677.1247563,918310912,1095,1095
1715667678.1261709,918310912,1658,1658
1715667679.1274817,918310912,1225,1225
1715667680.1288288,918310912,1681,1681
1715667681.1301055,918310912,1193,1193
1715667682.130761,918310912,1680,1680
1715667683.1321583,918310912,1079,1079
1715667684.1335008,918310912,956,956
1715667685.1347926,918310912,1755,1755
1715667686.1361535,918310912,530,530
1715667687.1375754,918310912,953,953
1715667688.1388288,918310912,1844,1844
1715667689.1401854,918310912,1355,1355
1715667690.1414497,918310912,1782,1782
1715667691.1428607,918310912,1552,1552
1715667692.1441565,918310912,926,926
1715667693.1455464,918310912,1251,1251
1715667694.1467793,918310912,772,772
1715667695.1480937,918310912,1839,1839
1715667696.1495137,918310912,770,770
1715667697.1508274,918310912,1691,1691
1715667698.152226,918310912,2089,2089
1715667699.1534865,918310912,944,944
1715667700.1547682,918310912,1709,1709
1715667701.1560032,918310912,1113,1113
1715667702.1573842,918310912,923,923
1715667703.158686,918310912,1608,1608
1715667704.16005,918310912,1255,1255
1715667705.1614554,918310912,1127,1127
1715667706.1627617,918310912,1193,1193
1715667707.164114,918310912,960,960
1715667708.1653569,918310912,1249,1249
1715667709.1659496,918310912,10390536,10390536
1715667710.1668317,918310912,352,352
1715667711.1679258,918310912,155,155
1715667712.1693583,918310912,152,152
1715667713.1706493,918310912,304,304
1715667714.172015,918310912,0,0
1715667715.173308,918310912,344,344
1715667716.1746361,918310912,152,152
1715667717.1760585,918310912,506,506
1715667718.1773458,918310912,304,304
1715667719.1787362,918310912,152,152
1715667720.180084,918310912,699,699
1715667721.1813476,918310912,155,155
1715667722.1827605,918310912,152,152
1715667723.1841476,918310912,304,304
1715667724.1855333,918310912,0,0
1715667725.186903,918310912,344,344
1715667726.1882586,918310912,152,152
1715667727.1896348,918310912,152,152
1715667728.1907847,918310912,304,304
1715667729.1922684,918310912,0,0
1715667730.1935563,918310912,344,344
1715667731.1948829,918310912,152,152
1715667732.1961532,918310912,152,152
1715667733.1973915,918310912,304,304
1715667734.1987116,918310912,0,0
1715667735.200085,918310912,344,344
1715667736.201409,918310912,152,152
1715667737.2027078,918310912,152,152
1715667738.2030988,918310912,304,304
1715667739.2043855,918310912,10392224,10392224
1715667740.2057495,918310912,350,350
1715667741.2067802,918310912,155,155
1715667742.208055,918310912,152,152
1715667743.2093983,918310912,304,304
1715667744.2106614,918310912,0,0
1715667745.2121463,918310912,344,344
1715667746.2135565,918310912,152,152
1715667747.2148063,918310912,152,152
1715667748.2160866,918310912,304,304
1715667749.2174637,918310912,0,0
1715667750.2187648,918310912,700,700
1715667751.2202065,918310912,155,155
1715667752.2214196,918310912,152,152
1715667753.2227683,918310912,304,304
