Timestamp,MemoryUsage,NetSent,NetRecv
1715660687.7550275,513454080,345,345
1715660688.756508,520794112,8066,8066
1715660689.7577384,520794112,4441,4441
1715660690.7587903,520794112,357,357
1715660691.7602015,520794112,619,619
1715660692.7618117,520794112,1410,1410
1715660693.762646,520794112,570,570
1715660694.7638974,520794112,295,295
1715660695.7651963,520794112,208,208
1715660696.7664974,520794112,496,496
1715660697.767916,520794112,0,0
1715660698.769345,520794112,473,473
1715660699.7709038,520794112,508,508
1715660700.7721996,520794112,152,152
1715660701.773477,520794112,475,475
1715660702.7750137,520794112,0,0
1715660703.7764401,520794112,724,724
1715660704.777706,520794112,352,352
1715660705.7787855,520794112,631,631
1715660706.7801924,520794112,0,0
1715660707.7814927,520794112,156,156
1715660708.7830167,520794112,0,0
1715660709.7842834,1000341504,10394410,10394410
1715660710.7856443,755957760,1227,1227
1715660711.7871919,890302464,952,952
1715660712.788823,807006208,1749,1749
1715660713.7902734,776056832,1008,1008
1715660714.7915792,903389184,1746,1746
1715660715.7928479,785854464,1103,1103
1715660716.7941613,854224896,1347,1347
1715660717.7955387,704823296,940,940
1715660718.7969584,1005785088,1352,1352
1715660719.7984326,741072896,1116,1116
1715660720.799839,957333504,1742,1742
1715660721.8013964,734994432,771,771
1715660722.8028004,1112698880,1254,1254
1715660723.804307,747622400,1043,1043
1715660724.805753,953614336,1811,1811
1715660725.806687,822222848,1195,1195
1715660726.8081577,893378560,949,949
1715660727.809695,878886912,1347,1347
1715660728.8110316,697360384,945,945
1715660729.8123472,934146048,2181,2181
1715660730.813633,698351616,1326,1326
1715660731.81507,1015521280,1351,1351
1715660732.8164744,730726400,758,758
1715660733.8168423,970039296,1353,1353
1715660734.8181477,758317056,1396,1396
1715660735.819564,943398912,1165,1165
1715660736.8208656,789536768,1352,1352
1715660737.8221076,745869312,955,955
1715660738.8234763,814481408,1345,1345
1715660739.8247077,697278464,1259,1259
1715660740.826056,996614144,1499,1499
1715660741.8268955,784457728,762,762
1715660742.8283436,953966592,1260,1260
1715660743.8297834,719826944,1044,1044
1715660744.8310957,877486080,1308,1308
1715660745.8325043,885710848,1542,1542
1715660746.8337376,704958464,954,954
1715660747.8347268,839983104,2022,2022
1715660748.8359127,702865408,954,954
1715660749.8372152,1130512384,1757,1757
1715660750.8386843,778887168,915,915
1715660751.8401203,1045872640,956,956
1715660752.8414118,697266176,1352,1352
1715660753.8427002,801894400,963,963
1715660754.844115,820822016,1750,1750
1715660755.8454795,697163776,1116,1116
1715660756.846896,832286720,1345,1345
1715660757.8482254,741064704,959,959
1715660758.8496993,827650048,1347,1347
1715660759.850918,697327616,1318,1318
1715660760.8524213,1182171136,1554,1554
1715660761.85385,724623360,767,767
1715660762.8548071,963092480,1255,1255
1715660763.8562448,747450368,1353,1353
1715660764.8576548,932544512,1701,1701
1715660765.8591206,802410496,1556,1556
1715660766.8604436,820858880,948,948
1715660767.8619144,944381952,1354,1354
1715660768.8625875,697200640,955,955
1715660769.8640006,870342656,1695,1695
1715660770.8653634,741232640,925,925
1715660771.866766,990674944,1545,1545
1715660772.8682413,754032640,766,766
1715660773.8696318,776937472,961,961
1715660774.871043,715931648,1702,1702
1715660775.8724792,934965248,1168,1168
1715660776.8737955,827101184,1348,1348
1715660777.8746088,715493376,955,955
1715660778.876033,901804032,1355,1355
1715660779.877247,741060608,1308,1308
1715660780.8785605,997097472,1560,1560
1715660781.8799906,749080576,1144,1144
1715660782.881023,1012916224,1647,1647
1715660783.8824823,737341440,559,559
1715660784.883905,964665344,1968,1968
1715660785.8853447,874631168,1201,1201
1715660786.886279,722145280,959,959
1715660787.8866649,839680000,1347,1347
1715660788.8879094,714256384,954,954
1715660789.8893573,862654464,1749,1749
1715660790.8905785,740876288,1114,1114
1715660791.8921947,939667456,1346,1346
1715660792.8935742,755257344,576,576
1715660793.8950095,874950656,1259,1259
1715660794.8959436,789671936,1706,1706
1715660795.8971963,741462016,1168,1168
1715660796.8986926,955711488,1355,1355
1715660797.8999276,728862720,954,954
1715660798.901181,884686848,1668,1668
1715660799.9024189,781246464,1528,1528
1715660800.9038405,1025028096,1569,1569
1715660801.9051642,733077504,766,766
1715660802.9065664,984363008,1543,1543
1715660803.9080453,739188736,770,770
1715660804.9094577,984563712,1661,1661
1715660805.9107726,718262272,1212,1212
1715660806.9120636,910897152,961,961
1715660807.9129584,769740800,1660,1660
1715660808.914395,955002880,962,962
1715660809.9158392,788783104,1657,1657
1715660810.9170725,780656640,10389972,10389972
1715660811.9185078,780656640,1773,1773
1715660812.9198453,780656640,0,0
1715660813.9212477,780656640,304,304
1715660814.9225833,780656640,347,347
1715660815.9237206,780656640,155,155
1715660816.9251537,780656640,0,0
1715660817.92664,780656640,0,0
1715660818.9279783,780656640,0,0
1715660819.9292896,780656640,344,344
1715660820.9305549,780656640,152,152
1715660821.931813,780656640,0,0
1715660822.9333055,780656640,0,0
1715660823.9347634,780656640,356,356
1715660824.9361753,780656640,347,347
1715660825.9375882,780656640,155,155
1715660826.9386182,780656640,0,0
1715660827.9400342,780656640,0,0
1715660828.9413455,780656640,0,0
1715660829.9427264,780656640,344,344
1715660830.9440556,780656640,152,152
1715660831.9453168,780656640,0,0
1715660832.9465878,780656640,0,0
1715660833.9480095,780656640,0,0
1715660834.9496355,780656640,344,344
1715660835.9511042,780656640,152,152
1715660836.9523916,780656640,0,0
1715660837.953623,780656640,269,269
1715660838.9546692,780656640,10392373,10392373
1715660839.9561007,780656640,357,357
1715660840.957406,780656640,155,155
1715660841.9586523,780656640,0,0
1715660842.959986,780656640,0,0
1715660843.9613974,780656640,353,353
1715660844.9626265,780656640,347,347
1715660845.964086,780656640,155,155
1715660846.9655287,780656640,0,0
1715660847.9669642,780656640,0,0
1715660848.9682574,780656640,335,335
1715660849.9696937,780656640,347,347
1715660850.9711199,780656640,155,155
1715660851.9723358,780656640,0,0
1715660852.973557,780656640,10388214,10388214
1715660853.9750004,780656640,2797,2797
1715660854.9764187,780656640,1708,1708
1715660855.9778683,780656640,1449,1449
1715660856.9787602,780656640,1050,1050
1715660857.9796846,780656640,948,948
1715660858.981124,780656640,1345,1345
1715660859.9824948,780656640,1296,1296
1715660860.9838843,780656640,1550,1550
1715660861.985158,780656640,951,951
1715660862.9864979,780656640,1343,1343
1715660863.9877994,780656640,943,943
1715660864.9892411,780656640,1743,1743
1715660865.9905093,780656640,1105,1105
1715660866.9918642,780656640,1778,1778
1715660867.9932764,780656640,1065,1065
1715660868.9945865,780656640,1537,1537
1715660869.9958963,780656640,1117,1117
1715660870.9971962,780656640,2554,2554
1715660871.997947,780656640,4064,4064
1715660872.9988015,780656640,2738,2738
1715660874.0002475,780656640,1058,1058
1715660875.0016713,780656640,1557,1557
1715660876.0026906,780656640,1205,1205
1715660877.0040097,780656640,951,951
1715660878.0053911,780656640,1347,1347
1715660879.0068157,780656640,953,953
1715660880.008266,780656640,1701,1701
1715660881.009546,780656640,1105,1105
1715660882.0107696,780656640,1349,1349
1715660883.0120368,780656640,959,959
1715660884.0134583,780656640,2038,2038
1715660885.0147197,780656640,1302,1302
1715660886.0161495,780656640,1561,1561
1715660887.0173774,780656640,953,953
1715660888.0187793,780656640,1352,1352
1715660889.020173,780656640,763,763
1715660890.0215368,780656640,1933,1933
1715660891.0230005,780656640,919,919
1715660892.0244493,780656640,1255,1255
1715660893.0258327,780656640,1048,1048
1715660894.0271578,780656640,957,957
1715660895.0286238,780656640,1550,1550
1715660896.0301783,780656640,1114,1114
1715660897.0316784,780656640,1345,1345
1715660898.0331216,780656640,948,948
1715660899.034519,780656640,1353,1353
1715660900.0357904,780656640,1303,1303
1715660901.0372162,780656640,1987,1987
1715660902.0385268,780656640,939,939
1715660903.039999,780656640,1349,1349
1715660904.041285,780656640,950,950
1715660905.0427036,780656640,1753,1753
1715660906.0439348,780656640,1105,1105
1715660907.045351,780656640,1346,1346
1715660908.04677,780656640,804,804
1715660909.0481992,780656640,1524,1524
1715660910.0496573,780656640,1115,1115
1715660911.0508008,780656640,1461,1461
1715660912.0523305,780656640,1054,1054
1715660913.0536442,780656640,942,942
1715660914.054846,780656640,1843,1843
1715660915.0563262,780656640,1305,1305
1715660916.0576527,780656640,1557,1557
1715660917.059043,780656640,952,952
1715660918.060493,780656640,1786,1786
1715660919.0617523,780656640,946,946
1715660920.0627785,780656640,1757,1757
1715660921.0640256,780656640,1111,1111
1715660922.0653903,780656640,1351,1351
1715660923.0666118,780656640,966,966
1715660924.0680692,780656640,1349,1349
1715660925.0693183,780656640,1354,1354
1715660926.070642,780656640,1512,1512
1715660927.0720015,780656640,1067,1067
1715660928.073263,780656640,4193,4193
1715660929.0746448,780656640,8678,8678
1715660930.076013,780656640,6068,6068
1715660931.077592,780656640,991,991
1715660932.078813,780656640,956,956
1715660933.0802095,780656640,1357,1357
1715660934.0816402,780656640,1483,1483
1715660935.082916,780656640,1677,1677
1715660936.0842223,780656640,1117,1117
1715660937.0855327,780656640,1352,1352
1715660938.086671,780656640,950,950
1715660939.0879765,780656640,1357,1357
1715660940.0893006,780656640,1313,1313
1715660941.0906892,780656640,7473,7473
1715660942.0919375,780656640,4743,4743
1715660943.093412,780656640,1412,1412
1715660944.094632,780656640,1269,1269
1715660945.095994,780656640,1758,1758
1715660946.0972524,780656640,1117,1117
1715660947.0987892,780656640,1361,1361
1715660948.1000953,780656640,1215,1215
1715660949.1013644,780656640,1600,1600
1715660950.1027625,780656640,1558,1558
1715660951.1041503,780656640,2054,2054
1715660952.1047385,780656640,1255,1255
1715660953.1059916,780656640,10391875,10391875
1715660954.1068163,780656640,619,619
1715660955.108216,780656640,782,782
1715660956.1095738,780656640,155,155
1715660957.1107671,780656640,476,476
1715660958.1120267,780656640,0,0
1715660959.113501,780656640,158,158
1715660960.1148016,780656640,349,349
1715660961.116262,780656640,152,152
1715660962.117569,780656640,0,0
1715660963.1187923,780656640,0,0
1715660964.1200652,780656640,357,357
1715660965.1214573,780656640,347,347
1715660966.1227052,780656640,155,155
1715660967.124243,780656640,0,0
1715660968.125678,780656640,0,0
1715660969.126933,780656640,0,0
1715660970.1281502,780656640,1453,1453
1715660971.1297972,780656640,157,157
1715660972.1309617,780656640,9477,9477
1715660973.1323862,780656640,2702,2702
1715660974.1337998,780656640,408,408
1715660975.1350708,780656640,359,359
1715660976.1365058,780656640,155,155
1715660977.1379561,780656640,187,187
1715660978.1392424,780656640,87545,87545
1715660979.14074,780656640,0,0
1715660980.1425054,811982848,10388194,10388194
1715660981.1438272,1232527360,1678,1678
1715660982.1452527,920797184,1691,1691
1715660983.1467874,819175424,3858,3858
1715660984.1480832,827727872,1282,1282
1715660985.1495042,1080524800,620,620
1715660986.150598,844386304,156,156
1715660987.1511476,844423168,671,671
1715660988.1524992,1272205312,0,0
1715660989.1540947,989282304,0,0
1715660990.1547337,819335168,497,497
1715660991.156237,819101696,155,155
1715660992.1570456,1130086400,0,0
1715660993.1584897,887848960,0,0
1715660994.1599584,844107776,0,0
1715660995.1613271,825008128,10391260,10391260
1715660996.162828,825008128,1109,1109
1715660997.164182,825008128,1341,1341
1715660998.1656263,825008128,1256,1256
1715660999.167023,825008128,1029,1029
1715661000.1682804,825008128,1934,1934
1715661001.1695976,825008128,915,915
1715661002.1709068,825008128,1516,1516
1715661003.1721647,825008128,942,942
1715661004.173597,825008128,1640,1640
1715661005.174634,825008128,6197,6197
1715661006.1759412,825008128,8382,8382
1715661007.1772015,825008128,1883,1883
1715661008.1787121,825008128,1392,1392
1715661009.1801372,825008128,935,935
1715661010.1815588,825008128,1747,1747
1715661011.1828716,825008128,1095,1095
1715661012.184226,825008128,1335,1335
1715661013.1856837,825008128,1243,1243
1715661014.1870887,825008128,1035,1035
1715661015.1883495,825008128,1935,1935
1715661016.1897016,825008128,924,924
1715661017.190735,825008128,1531,1531
1715661018.1921735,825008128,757,757
1715661019.1935806,825008128,2014,2014
1715661020.1946118,825008128,1258,1258
1715661021.1959267,825008128,1883,1883
1715661022.1971722,825008128,5081,5081
1715661023.1986215,825008128,12073,12073
1715661024.1998866,825008128,4591,4591
1715661025.2015076,825008128,2429,2429
1715661026.2027903,825008128,2998,2998
1715661027.2040944,825008128,2463,2463
1715661028.205348,825008128,2042,2042
1715661029.2067726,825008128,1678,1678
1715661030.2080202,825008128,1271,1271
1715661031.209394,825008128,1544,1544
1715661032.2106512,825008128,960,960
1715661033.212114,825008128,1650,1650
1715661034.2133677,825008128,952,952
1715661035.2147048,825008128,1749,1749
1715661036.2160757,825008128,1101,1101
1715661037.2175047,825008128,1360,1360
1715661038.2188797,825008128,944,944
1715661039.2204309,825008128,1832,1832
1715661040.2218707,825008128,13915,13915
1715661041.222663,825008128,12303,12303
1715661042.2240908,825008128,3362,3362
1715661043.2254562,825008128,1048,1048
1715661044.2268782,825008128,1251,1251
1715661045.228275,825008128,1456,1456
1715661046.2296565,825008128,1418,1418
1715661047.230933,825008128,1356,1356
1715661048.232357,825008128,1570,1570
1715661049.2336988,825008128,3035,3035
1715661050.2348216,825008128,1939,1939
1715661051.2361271,825008128,925,925
1715661052.2376573,825008128,1547,1547
1715661053.2383304,825008128,3907,3907
1715661054.23878,825008128,8378,8378
1715661055.2400744,825008128,8705,8705
1715661056.2413383,825008128,3272,3272
1715661057.2426226,825008128,1270,1270
1715661058.2440271,825008128,1351,1351
1715661059.2452815,825008128,3650,3650
1715661060.2466927,825008128,1756,1756
1715661061.2479563,825008128,1117,1117
1715661062.2493143,825008128,4286,4286
1715661063.2506003,825008128,1871,1871
1715661064.2518933,825008128,1345,1345
1715661065.2533288,825008128,1468,1468
1715661066.2548087,825008128,2975,2975
1715661067.2561917,825008128,2699,2699
1715661068.2576184,825008128,1579,1579
1715661069.2590275,825008128,1229,1229
1715661070.2603343,825008128,1917,1917
1715661071.2619784,825008128,953,953
1715661072.2626593,825008128,1848,1848
1715661073.2635195,825008128,942,942
1715661074.2649558,825008128,1364,1364
1715661075.2664165,825008128,1773,1773
1715661076.2677438,825008128,1058,1058
1715661077.269193,825008128,1247,1247
1715661078.2697272,825008128,1056,1056
1715661079.271089,825008128,11149,11149
1715661080.2725682,825008128,6040,6040
1715661081.2739942,825008128,1545,1545
1715661082.2753625,825008128,2267,2267
1715661083.2767668,825008128,2917,2917
1715661084.2780244,825008128,1257,1257
1715661085.2793708,825008128,2107,2107
1715661086.2806385,825008128,967,967
1715661087.2818954,825008128,1361,1361
1715661088.2826304,825008128,1398,1398
1715661089.2840824,825008128,1413,1413
1715661090.2853258,825008128,1489,1489
1715661091.2865806,825008128,1354,1354
1715661092.287842,825008128,10390307,10390307
1715661093.2891707,825008128,304,304
1715661094.29065,825008128,1809,1809
1715661095.2920413,825008128,2659,2659
1715661096.2933676,825008128,166,166
1715661097.2946706,825008128,612,612
1715661098.2960663,825008128,159,159
1715661099.2973804,825008128,152,152
1715661100.29867,825008128,507,507
1715661101.2999487,825008128,0,0
1715661102.3012083,825008128,0,0
1715661103.3025203,825008128,0,0
1715661104.3039474,825008128,0,0
1715661105.3054106,825008128,600,600
1715661106.3066192,825008128,0,0
1715661107.3078806,825008128,349,349
1715661108.3093038,825008128,0,0
1715661109.3106804,825008128,99,99
1715661110.3122883,825008128,552,552
1715661111.3137035,825008128,0,0
1715661112.3146317,825008128,0,0
1715661113.3156676,825008128,0,0
1715661114.3171163,825008128,0,0
1715661115.31854,825008128,496,496
1715661116.319968,825008128,0,0
1715661117.321357,825008128,0,0
1715661118.3226476,825008128,0,0
1715661119.324069,1230475264,10389408,10389408
1715661120.3252935,855101440,557,557
1715661121.3267157,880218112,1148,1148
1715661122.328135,1210740736,4486,4486
1715661123.3296247,1030524928,3598,3598
1715661124.3316083,840511488,3272,3272
1715661125.3328948,930770944,2453,2453
1715661126.334319,1110462464,0,0
1715661127.3347945,855212032,159,159
1715661128.3364024,855113728,622,622
1715661129.3378122,981393408,0,0
1715661130.3387783,1105985536,508,508
1715661131.3399954,855117824,0,0
1715661132.3414454,1008869376,0,0
1715661133.3426661,858836992,10387702,10387702
1715661134.3441014,1024237568,2659,2659
1715661135.3455143,993988608,1911,1911
1715661136.346774,907005952,1473,1473
1715661137.3481722,996175872,1354,1354
1715661138.3494227,896294912,947,947
1715661139.350691,1007648768,8579,8579
1715661140.3520114,921575424,3873,3873
1715661141.353417,1047453696,1723,1723
1715661142.354597,896503808,956,956
1715661143.356074,932204544,1848,1848
1715661144.3573012,865402880,953,953
1715661145.3585758,1062588416,1930,1930
1715661146.3598351,896630784,767,767
1715661147.3611465,1247182848,1541,1541
1715661148.362014,921821184,763,763
1715661149.3627646,1131503616,1257,1257
1715661150.3642101,852647936,9054,9054
1715661151.3656616,1207296000,4621,4621
1715661152.366783,865259520,1742,1742
1715661153.3682246,1072082944,1312,1312
1715661154.369673,940720128,4574,4574
1715661155.3708262,974471168,3857,3857
1715661156.3722034,972152832,1559,1559
1715661157.3736107,960888832,1331,1331
1715661158.3750498,869294080,1392,1392
1715661159.3778553,840200192,1339,1339
1715661160.378861,1067405312,2350,2350
1715661161.3801165,896737280,3272,3272
1715661162.3814275,968085504,1721,1721
1715661163.3827932,921923584,1288,1288
1715661164.38409,1184022528,1352,1352
1715661165.385519,896667648,1322,1322
1715661166.3869731,1211592704,1545,1545
1715661167.3883243,890269696,1066,1066
1715661168.3897638,1146753024,958,958
1715661169.3908107,872214528,1347,1347
1715661170.3922322,940875776,1756,1756
1715661171.3935635,896536576,1040,1040
1715661172.394769,985759744,954,954
1715661173.396165,959311872,1338,1338
1715661174.39743,882774016,952,952
1715661175.3988554,1108271104,1902,1902
1715661176.4000936,896700416,950,950
1715661177.4015467,962949120,1839,1839
1715661178.4029489,921763840,3013,3013
1715661179.4043553,1271554048,3240,3240
1715661180.4058514,896512000,1822,1822
1715661181.4068112,1243275264,1482,1482
1715661182.4081278,921821184,814,814
1715661183.4095705,1247244288,1554,1554
1715661184.4108021,840196096,1044,1044
1715661185.412095,873721856,1647,1647
1715661186.413582,944128000,1212,1212
1715661187.414998,1009119232,2049,2049
1715661188.4163806,932339712,3014,3014
1715661189.4176865,917794816,1171,1171
1715661190.418675,980619264,2024,2024
1715661191.4198856,896729088,955,955
1715661192.4213204,1051963392,1349,1349
1715661193.4225447,883916800,948,948
1715661194.4239788,960139264,1802,1802
1715661195.425332,896544768,1513,1513
1715661196.4266322,1045954560,1356,1356
1715661197.4278607,921796608,957,957
1715661198.429253,1174073344,1364,1364
1715661199.430602,915542016,772,772
1715661200.4319725,1075015680,2101,2101
1715661201.4334059,890400768,768,768
1715661202.434837,1014898688,963,963
1715661203.4361298,876294144,1350,1350
1715661204.4375217,974442496,967,967
1715661205.4387412,972107776,1912,1912
1715661206.4401612,1004228608,955,955
1715661207.4416156,950915072,1348,1348
1715661208.4429605,846061568,1246,1246
1715661209.4443944,1107730432,1363,1363
1715661210.4458597,896425984,1512,1512
1715661211.4467626,966205440,1840,1840
1715661212.448025,921616384,949,949
1715661213.4495368,1030647808,1848,1848
1715661214.450732,896520192,950,950
1715661215.452142,1164382208,3663,3663
1715661216.4534068,921710592,2823,2823
1715661217.4547026,1134354432,1605,1605
1715661218.456109,861704192,772,772
1715661219.4574704,1075179520,1548,1548
1715661220.458736,890433536,1331,1331
1715661221.4600317,997240832,962,962
1715661222.4613245,840134656,1072,1072
1715661223.4627259,974348288,1250,1250
1715661224.4641504,985792512,1356,1356
1715661225.4654045,896671744,3444,3444
1715661226.466665,919900160,2251,2251
1715661227.4679346,921739264,1266,1266
1715661228.4694188,1097310208,1792,1792
1715661229.4706545,896724992,953,953
1715661230.4719484,932585472,1880,1880
1715661231.4732277,921927680,991,991
1715661232.474685,1271328768,1356,1356
1715661233.475933,825368576,7081127,7081127
1715661234.477346,825368576,3309324,3309324
1715661235.4786713,825368576,508,508
1715661236.4799206,825368576,0,0
1715661237.4813728,825368576,0,0
1715661238.4827936,825368576,0,0
1715661239.4840953,825368576,0,0
1715661240.4855182,825368576,496,496
1715661241.486792,825368576,424,424
1715661242.4881852,825368576,0,0
1715661243.4894881,825368576,504,504
1715661244.4907706,825368576,0,0
1715661245.4920971,825368576,504,504
1715661246.493369,825368576,0,0
1715661247.4948208,825368576,1656,1656
1715661248.4961991,825368576,8357,8357
1715661249.4966328,825368576,4051,4051
1715661250.4980686,825368576,1049,1049
1715661251.4993243,825368576,0,0
1715661252.5006208,825368576,486,486
1715661253.502096,825368576,0,0
1715661254.502801,825368576,151,151
1715661255.5040543,825368576,505,505
1715661256.5054479,825368576,0,0
1715661257.5066688,825368576,0,0
1715661258.507978,825368576,0,0
1715661259.5092754,825368576,0,0
1715661260.5105543,825368576,4113,4113
1715661261.511818,825368576,10401110,10401110
1715661262.5131142,825368576,2838,2838
1715661263.5144057,825368576,0,0
1715661264.5159512,825368576,310,310
1715661265.5173867,825368576,507,507
1715661266.518775,825368576,0,0
1715661267.5200276,825368576,0,0
1715661268.5215113,825368576,0,0
1715661269.5226681,825368576,328,328
1715661270.5241675,825368576,502,502
1715661271.5255945,825368576,0,0
1715661272.526616,825368576,0,0
1715661273.5279958,825368576,355,355
1715661274.5294275,825368576,0,0
1715661275.5307338,1220689920,10391305,10391305
1715661276.5322433,945782784,831,831
1715661277.533612,1155465216,1545,1545
1715661278.534829,876507136,88254,88254
1715661279.5362558,1234780160,1471,1471
1715661280.5372841,949882880,1609,1609
1715661281.53861,1015037952,943,943
1715661282.5399916,1030987776,1780,1780
1715661283.5413952,945713152,1011,1011
1715661284.542697,1130303488,1346,1346
1715661285.5439947,920711168,1406,1406
1715661286.5453515,956157952,1357,1357
1715661287.5467684,945643520,1011,1011
1715661288.5483909,1205547008,1349,1349
1715661289.5498455,920383488,770,770
1715661290.5511012,1141252096,2029,2029
1715661291.5524297,945528832,761,761
1715661292.5538557,1356062720,1247,1247
1715661293.5549083,876404736,1093,1093
1715661294.556353,1154007040,1253,1253
1715661295.557792,888909824,1600,1600
1715661296.5588088,1121669120,951,951
1715661297.5601242,950128640,1342,1342
1715661298.5615582,1112801280,951,951
1715661299.562685,974680064,1774,1774
1715661300.5641613,1006645248,1458,1458
1715661301.5655882,1021526016,1347,1347
1715661302.5666094,920727552,960,960
1715661303.5681543,956559360,1351,1351
1715661304.5693681,946049024,953,953
1715661305.5707555,1006788608,1909,1909
1715661306.5723379,920633344,953,953
1715661307.57366,1172344832,1349,1349
1715661308.5747323,945725440,4128,4128
1715661309.5760348,1316880384,4287,4287
1715661310.5774493,877473792,2578,2578
1715661311.578893,1137881088,948,948
1715661312.5802147,923394048,1140,1140
1715661313.5815773,1054838784,946,946
1715661314.5827844,936120320,1352,1352
1715661315.5842679,1045049344,1517,1517
1715661316.5856097,920567808,1735,1735
1715661317.5869343,920440832,857,857
1715661318.5884788,1096511488,1353,1353
1715661319.5897224,920350720,1119,1119
1715661320.591161,1097400320,1562,1562
1715661321.5924027,945733632,961,961
1715661322.5938394,1035001856,1354,1354
1715661323.595305,920416256,957,957
1715661324.5966198,1159753728,1509,1509
1715661325.597993,945668096,1171,1171
1715661326.5992131,1277108224,1551,1551
1715661327.6004832,863907840,771,771
1715661328.6019003,928583680,959,959
1715661329.6028063,989323264,1509,1509
1715661330.6041882,1054478336,2365,2365
1715661331.6055377,958304256,2971,2971
1715661332.607007,1037078528,1176,1176
1715661333.6084542,1011556352,2255,2255
1715661334.610003,920199168,1221,1221
1715661335.6114244,1075228672,1553,1553
1715661336.612752,945451008,959,959
1715661337.6141944,1089818624,1353,1353
1715661338.6145911,945553408,962,962
1715661339.615978,1031876608,1506,1506
1715661340.617312,945594368,1367,1367
1715661341.6186125,920580096,1355,1355
1715661342.619875,920600576,951,951
1715661343.621304,1172340736,1359,1359
1715661344.6226983,945614848,914,914
1715661345.6240835,1355493376,1665,1665
1715661346.6255252,876376064,1050,1050
1715661347.6266592,939393024,1253,1253
1715661348.6280782,942510080,1785,1785
1715661349.6295247,992858112,3101,3101
1715661350.6308537,895700992,2681,2681
1715661351.6320865,945606656,1020,1020
1715661352.633452,995868672,1360,1360
1715661353.634697,920440832,949,949
1715661354.6360993,996163584,1506,1506
1715661355.6373763,945786880,1357,1357
1715661356.6387892,1215029248,1353,1353
1715661357.6403685,920702976,1062,1062
1715661358.6417809,1099010048,1742,1742
1715661359.6431088,914305024,972,972
1715661360.6445053,954130432,1360,1360
1715661361.6459124,964665344,1354,1354
1715661362.6472483,1109372928,957,957
1715661363.6486628,1012555776,1357,1357
1715661364.650113,959610880,1111,1111
1715661365.6507702,1024794624,1719,1719
1715661366.6521773,920457216,959,959
1715661367.6536448,1074515968,1630,1630
1715661368.654621,945475584,1175,1175
1715661369.6560295,1034682368,1516,1516
1715661370.6573064,920256512,1369,1369
1715661371.6587744,1192710144,1358,1358
1715661372.6602085,945455104,769,769
1715661373.6616492,1320808448,988,988
1715661374.6631117,939196416,1504,1504
1715661375.6643739,838701056,10391181,10391181
1715661376.665662,838701056,0,0
1715661377.667084,838701056,153,153
1715661378.6685383,838701056,152,152
1715661379.6698413,838701056,153,153
1715661380.6706057,838701056,349,349
1715661381.6720684,838701056,0,0
1715661382.6730413,838701056,0,0
1715661383.67449,838701056,1559,1559
1715661384.6757607,838701056,2046,2046
1715661385.677013,838701056,578,578
1715661386.6785889,838701056,0,0
1715661387.6798875,838701056,161,161
1715661388.68133,838701056,333,333
1715661389.6827393,838701056,154,154
1715661390.6840243,838701056,350,350
1715661391.6853497,838701056,10386,10386
1715661392.6867902,838701056,4788,4788
1715661393.6881824,838701056,4711,4711
1715661394.6894686,838701056,3734,3734
1715661395.6907833,838701056,356,356
1715661396.6922271,838701056,0,0
1715661397.6935267,838701056,0,0
1715661398.6946785,838701056,0,0
1715661399.6959193,838701056,488,488
1715661400.6973443,838701056,402,402
1715661401.6987753,838701056,0,0
1715661402.7000523,838701056,0,0
1715661403.7013671,926695424,10391909,10391909
1715661404.7027822,996872192,153,153
1715661405.7041948,1054904320,352,352
1715661406.7054787,951914496,0,0
1715661407.7066636,1002299392,355,355
1715661408.7081065,1080766464,0,0
1715661409.7093449,926699520,304,304
1715661410.7108219,1051238400,348,348
1715661411.7122304,1285160960,0,0
1715661412.713539,979300352,0,0
1715661413.7150755,951910400,0,0
1715661414.7163527,1082122240,152,152
1715661415.7176516,960229376,344,344
1715661416.7186027,926810112,0,0
