Timestamp,MemoryUsage,NetSent,NetRecv
1715669842.3699927,512929792,0,0
1715669843.3706462,520400896,4141,4141
1715669844.3719144,520400896,644,644
1715669845.373357,520400896,308,308
1715669846.3747814,520400896,154,154
1715669847.376252,520400896,151,151
1715669848.3776653,520400896,0,0
1715669849.3786213,520400896,0,0
1715669850.3799255,520400896,661,661
1715669851.3814802,520400896,0,0
1715669852.3827434,520400896,193,193
1715669853.3840418,520400896,0,0
1715669854.3854413,520400896,152,152
1715669855.386885,520400896,304,304
1715669856.3881614,520400896,0,0
1715669857.389425,520400896,193,193
1715669858.3908136,520400896,0,0
1715669859.3922217,520400896,0,0
1715669860.3934615,520400896,304,304
1715669861.3948586,520400896,0,0
1715669862.3961704,520400896,192,192
1715669863.3975794,520400896,0,0
1715669864.398766,686936064,10391427,10391427
1715669865.4000235,735891456,1647,1647
1715669866.4013138,911859712,178,178
1715669867.4027267,750235648,661,661
1715669868.4041536,1023655936,668,668
1715669869.4054601,767569920,514,514
1715669870.406893,799686656,968,968
1715669871.4082808,861380608,182,182
1715669872.4095073,733741056,860,860
1715669873.4109015,948326400,498,498
1715669874.412258,752799744,531,531
1715669875.4137254,829784064,977,977
1715669876.415027,768200704,178,178
1715669877.4163966,813191168,1160,1160
1715669878.417837,779816960,503,503
1715669879.4190545,783110144,706,706
1715669880.420449,1125367808,1123,1123
1715669881.4219213,761937920,497,497
1715669882.4233222,940556288,790,790
1715669883.4246213,741003264,517,517
1715669884.4259546,967483392,681,681
1715669885.426661,797659136,805,805
1715669886.4280462,808747008,346,346
1715669887.4294431,839725056,630,630
1715669888.430593,743514112,699,699
1715669889.432029,920125440,507,507
1715669890.4332476,770289664,1059,1059
1715669891.4346638,864444416,171,171
1715669892.43589,743174144,860,860
1715669893.4374,1179901952,499,499
1715669894.4387774,768536576,791,791
1715669895.4400215,984526848,706,706
1715669896.4414263,770088960,634,634
1715669897.4427898,1044586496,350,350
1715669898.4442754,781066240,642,642
1715669899.4455957,904921088,684,684
1715669900.44688,823066624,971,971
1715669901.448235,781254656,352,352
1715669902.4496276,866246656,171,171
1715669903.4508624,743555072,343,343
1715669904.4522471,849141760,324,324
1715669905.453789,747520000,511,511
1715669906.4546504,841711616,174,174
1715669907.456229,766070784,179,179
1715669908.4575882,956006400,352,352
1715669909.4587922,745787392,325,325
1715669910.460144,877666304,505,505
1715669911.4614966,824758272,173,173
1715669912.4626176,736559104,354,354
1715669913.4639254,932032512,180,180
1715669914.4651623,743165952,506,506
1715669915.4665186,845983744,325,325
1715669916.467716,752685056,349,349
1715669917.4691298,1026453504,169,169
1715669918.4706423,762990592,174,174
1715669919.4719954,940494848,514,514
1715669920.4733162,855302144,327,327
1715669921.474562,731725824,343,343
1715669922.4759736,854896640,176,176
1715669923.4772127,747065344,354,354
1715669924.4786124,1115779072,325,325
1715669925.4799907,750026752,334,334
1715669926.4814053,935718912,347,347
1715669927.4829218,772042752,177,177
1715669928.48415,732266496,348,348
1715669929.485479,816635904,334,334
1715669930.4866242,755634176,324,324
1715669931.488066,958832640,361,361
1715669932.4895535,814190592,179,179
1715669933.49101,868335616,345,345
1715669934.4923382,908988416,328,328
1715669935.493665,719978496,501,501
1715669936.4951067,924184576,184,184
1715669937.496376,743903232,352,352
1715669938.4977179,1020686336,177,177
1715669939.4985814,792465408,497,497
1715669940.4998395,956936192,330,330
1715669941.501201,806633472,174,174
1715669942.5019412,839974912,354,354
1715669943.5027587,994115584,183,183
1715669944.503984,738439168,506,506
1715669945.5052757,1138384896,328,328
1715669946.5066142,766443520,172,172
1715669947.5080295,824758272,355,355
1715669948.5094724,890568704,185,185
1715669949.5108037,751292416,330,330
1715669950.5120354,1040666624,499,499
1715669951.513469,735797248,178,178
1715669952.5148091,958631936,346,346
1715669953.5155187,755904512,173,173
1715669954.516705,753053696,511,511
1715669955.5180304,824299520,329,329
1715669956.5186617,790802432,172,172
1715669957.52,982757376,4462,4462
1715669958.5213218,750002176,180,180
1715669959.5227096,884314112,502,502
1715669960.5241451,813977600,334,334
1715669961.5253785,746090496,352,352
1715669962.5266824,812453888,175,175
1715669963.5280378,783040512,343,343
1715669964.5293188,1117212672,326,326
1715669965.5307674,741113856,325,325
1715669966.5320745,798068736,10387826,10387826
1715669967.5333695,798068736,0,0
1715669968.5346754,798068736,0,0
1715669969.535944,798068736,153,153
1715669970.5374904,798068736,152,152
1715669971.5389066,798068736,0,0
1715669972.5403652,798068736,0,0
1715669973.5416,798068736,0,0
1715669974.542764,798068736,152,152
1715669975.5443282,798068736,152,152
1715669976.5456448,798068736,0,0
1715669977.5470695,798068736,0,0
1715669978.5483694,798068736,0,0
1715669979.5496528,798068736,152,152
1715669980.5509179,798068736,152,152
1715669981.5524895,798068736,0,0
1715669982.5539598,798068736,0,0
1715669983.5552928,798068736,0,0
1715669984.556569,798068736,152,152
1715669985.558049,798068736,152,152
1715669986.5593596,798068736,0,0
1715669987.5607803,798068736,0,0
1715669988.5623162,798068736,0,0
1715669989.5637505,798068736,152,152
1715669990.565058,798068736,152,152
1715669991.56633,798068736,0,0
1715669992.5666585,798068736,0,0
1715669993.5679674,798068736,0,0
1715669994.5692549,798068736,152,152
1715669995.5706363,798068736,10390727,10390727
1715669996.5719519,798068736,0,0
1715669997.573376,798068736,0,0
1715669998.5747082,798068736,0,0
1715669999.575961,798068736,153,153
1715670000.5773122,798068736,152,152
1715670001.5786352,798068736,0,0
1715670002.5800905,798068736,0,0
1715670003.5814018,798068736,0,0
1715670004.5826936,798068736,152,152
1715670005.5839114,798068736,152,152
1715670006.5853808,798068736,0,0
1715670007.5867891,798068736,0,0
1715670008.5880704,798068736,0,0
1715670009.589374,798068736,152,152
1715670010.590682,1087320064,10388399,10388399
1715670011.5920758,826834944,332,332
1715670012.5933595,1000865792,180,180
1715670013.5946183,858091520,351,351
1715670014.5960402,996204544,328,328
1715670015.597316,826572800,501,501
1715670016.5987725,1057845248,176,176
1715670017.599995,864378880,3081,3081
1715670018.601388,820510720,392,392
1715670019.602802,1013698560,498,498
1715670020.6041286,858030080,330,330
1715670021.6055512,1034182656,348,348
1715670022.6066694,876675072,172,172
1715670023.608067,976547840,340,340
1715670024.609594,832540672,324,324
1715670025.6108034,980111360,498,498
1715670026.6122231,825778176,171,171
1715670027.613673,980561920,348,348
1715670028.6147492,832782336,166,166
1715670029.6161757,1150738432,487,487
1715670030.6175556,832815104,324,324
1715670031.6187847,1086283776,351,351
1715670032.6202772,832851968,170,170
1715670033.621666,1067814912,344,344
1715670034.6228359,864350208,320,320
1715670035.6242518,1150701568,501,501
1715670036.6256745,832774144,171,171
1715670037.6266198,1153716224,339,339
1715670038.6279924,845234176,174,174
1715670039.6294065,1098559488,489,489
1715670040.630801,864260096,320,320
1715670041.6321065,1195573248,344,344
1715670042.6335962,832860160,170,170
1715670043.6348798,1093476352,346,346
1715670044.6361065,832774144,496,496
1715670045.637494,931282944,317,317
1715670046.6387265,845398016,347,347
1715670047.6401517,954150912,174,174
1715670048.6413898,845340672,349,349
1715670049.6428113,1045291008,320,320
1715670050.6441336,857972736,499,499
1715670051.6455824,859852800,176,176
1715670052.6468067,845410304,348,348
1715670053.6482098,956096512,171,171
1715670054.6494422,832843776,504,504
1715670055.6508079,908255232,324,324
1715670056.652044,864182272,347,347
1715670057.6534898,1035960320,170,170
1715670058.6546016,832761856,343,343
1715670059.6559877,1008840704,606,606
1715670060.657219,883093504,12649,12649
1715670061.6585615,1073983488,8726,8726
1715670062.6598585,845279232,5402,5402
1715670063.6612022,960659456,7197,7197
1715670064.6624424,839004160,5267,5267
1715670065.6638613,996220928,2122,2122
1715670066.665182,838950912,2350,2350
1715670067.6666503,1013161984,1466,1466
1715670068.6679509,864256000,934,934
1715670069.6694143,1049124864,1801,1801
1715670070.670635,864288768,1338,1338
1715670071.6719384,1044717568,1588,1588
1715670072.6725032,832819200,962,962
1715670073.6739087,938754048,1221,1221
1715670074.674713,1038311424,1310,1310
1715670075.6759465,857812992,1207,1207
1715670076.6773546,1160687616,1033,1033
1715670077.6783485,931377152,1027,1027
1715670078.6785882,832688128,916,916
1715670079.6799915,1140133888,1720,1720
1715670080.6815517,901910528,905,905
1715670081.6825902,857886720,921,921
1715670082.6839905,1267318784,754,754
1715670083.6853974,807583744,1311,1311
1715670084.6867592,941408256,1322,1322
1715670085.688084,908185600,1904,1904
1715670086.6895573,864141312,758,758
1715670087.6906583,946167808,1218,1218
1715670088.6920943,985255936,1010,1010
1715670089.6934185,826388480,1047,1047
1715670090.694737,925081600,1658,1658
1715670091.696149,1002258432,1309,1309
1715670092.696494,826241024,937,937
1715670093.6978955,1070145536,755,755
1715670094.698695,883232768,1466,1466
1715670095.6999297,832778240,1315,1315
1715670096.7006466,1179025408,1042,1042
1715670097.7021608,857956352,1009,1009
1715670098.7035928,832770048,918,918
1715670099.7049303,912416768,1051,1051
1715670100.7062416,832827392,1581,1581
1715670101.7067773,1005965312,87949,87949
1715670102.708262,952315904,174,174
1715670103.7096963,864206848,325,325
1715670104.7106662,1025814528,1557,1557
1715670105.7120123,902037504,1524,1524
1715670106.713595,845414400,757,757
1715670107.7149105,1013186560,912,912
1715670108.716307,982478848,1325,1325
1715670109.7176354,857935872,1308,1308
1715670110.7186742,1222807552,1470,1470
1715670111.7202163,830201856,738,738
1715670112.7217577,840613888,10389731,10389731
1715670113.7230413,840613888,0,0
1715670114.7245476,840613888,654,654
1715670115.7259586,840613888,155,155
1715670116.7273772,840613888,0,0
1715670117.7280564,840613888,355,355
1715670118.729529,840613888,0,0
1715670119.730892,840613888,446,446
1715670120.7321572,840613888,511,511
1715670121.7336597,840613888,0,0
1715670122.7349129,840613888,153,153
1715670123.7363424,840613888,0,0
1715670124.7377355,840613888,345,345
1715670125.738754,840613888,155,155
1715670126.7401943,840613888,0,0
1715670127.7416105,840613888,0,0
1715670128.7426944,840613888,0,0
1715670129.744124,840613888,344,344
1715670130.7455192,840613888,152,152
1715670131.7466614,840613888,0,0
1715670132.74806,840613888,0,0
1715670133.7493303,840613888,0,0
1715670134.750643,840613888,833,833
1715670135.7518692,840613888,152,152
1715670136.753139,840613888,474,474
1715670137.754479,840613888,0,0
1715670138.755353,840613888,473,473
1715670139.7566164,840613888,350,350
1715670140.758049,840613888,469,469
1715670141.7593284,840613888,157,157
1715670142.7606442,840613888,0,0
1715670143.7619925,840613888,635,635
1715670144.7627056,840613888,10389903,10389903
1715670145.7639992,840613888,155,155
1715670146.7654169,840613888,0,0
1715670147.76671,840613888,151,151
1715670148.7679982,840613888,0,0
1715670149.7689142,840613888,345,345
1715670150.7702682,840613888,510,510
1715670151.7706811,840613888,0,0
1715670152.772091,840613888,151,151
1715670153.7735188,840613888,336,336
1715670154.774928,840613888,656,656
1715670155.77632,840613888,798,798
1715670156.7775478,840613888,0,0
1715670157.7789795,840613888,153,153
1715670158.780276,840613888,0,0
1715670159.781667,840613888,345,345
1715670160.7826302,840613888,10390058,10390058
1715670161.783561,840613888,1608,1608
1715670162.784814,840613888,953,953
1715670163.7862208,840613888,1346,1346
1715670164.7876754,840613888,1170,1170
1715670165.7890742,840613888,1114,1114
1715670166.789986,840613888,1616,1616
1715670167.791341,840613888,980,980
1715670168.7918541,840613888,1252,1252
1715670169.7931716,840613888,810,810
1715670170.794464,840613888,1729,1729
1715670171.7956264,840613888,1340,1340
1715670172.7970853,840613888,185,185
1715670173.7984266,840613888,1535,1535
1715670174.7998497,840613888,1698,1698
1715670175.801132,840613888,1159,1159
1715670176.8024912,840613888,1346,1346
1715670177.8038208,840613888,764,764
1715670178.8052437,840613888,948,948
1715670179.8067153,840613888,1729,1729
1715670180.8079374,840613888,1411,1411
1715670181.809349,840613888,3193,3193
1715670182.8108015,840613888,2035,2035
1715670183.8122108,840613888,1074,1074
1715670184.813521,840613888,2029,2029
1715670185.8148124,840613888,924,924
1715670186.8162694,840613888,1784,1784
1715670187.8177097,840613888,1047,1047
1715670188.818974,840613888,1719,1719
1715670189.8203118,840613888,7501,7501
1715670190.8217325,840613888,2812,2812
1715670191.8231614,840613888,1446,1446
1715670192.8245697,840613888,1350,1350
1715670193.8258448,840613888,960,960
1715670194.8272526,840613888,1764,1764
1715670195.8286653,840613888,929,929
1715670196.8300018,840613888,754,754
1715670197.8307006,840613888,1354,1354
1715670198.8319786,840613888,935,935
1715670199.8333902,840613888,1759,1759
1715670200.8348012,840613888,921,921
1715670201.8363853,840613888,959,959
1715670202.8377132,840613888,1349,1349
1715670203.8386526,840613888,957,957
1715670204.84009,840613888,1470,1470
1715670205.8415177,840613888,1783,1783
1715670206.8427956,840613888,1230,1230
1715670207.8441148,840613888,1351,1351
1715670208.8454642,840613888,1236,1236
1715670209.8467202,840613888,3873,3873
1715670210.8481271,840613888,5651,5651
1715670211.8488364,840613888,1955,1955
1715670212.8502355,840613888,2031,2031
1715670213.850721,840613888,782,782
1715670214.8519835,840613888,1542,1542
1715670215.8533485,840613888,1723,1723
1715670216.8547473,840613888,769,769
1715670217.856054,840613888,1255,1255
1715670218.8574066,840613888,1046,1046
1715670219.8586032,840613888,1324,1324
1715670220.860118,840613888,4651,4651
1715670221.8614957,840613888,1643,1643
1715670222.8628917,840613888,963,963
1715670223.8641763,840613888,1353,1353
1715670224.8654418,840613888,1691,1691
1715670225.866734,840613888,1934,1934
1715670226.8682983,840613888,822,822
1715670227.8697314,840613888,953,953
1715670228.8711426,840613888,1354,1354
1715670229.8724313,840613888,1341,1341
1715670230.8737175,840613888,1561,1561
1715670231.8748624,840613888,775,775
1715670232.8761075,840613888,956,956
1715670233.8775067,840613888,1342,1342
1715670234.878833,840613888,1118,1118
1715670235.8801966,840613888,1174,1174
1715670236.881657,840613888,1355,1355
1715670237.8830674,840613888,1091,1091
1715670238.8843305,840613888,1490,1490
1715670239.8856456,840613888,1156,1156
1715670240.886754,840613888,1472,1472
1715670241.888134,840613888,1354,1354
1715670242.8895702,840613888,776,776
1715670243.8906841,840613888,966,966
1715670244.8920841,840613888,2024,2024
1715670245.8934705,840613888,1038,1038
1715670246.8947911,840613888,1268,1268
1715670247.896114,840613888,469,469
1715670248.897395,840613888,1518,1518
1715670249.8988147,840613888,1711,1711
1715670250.900176,840613888,924,924
1715670251.9015083,840613888,1563,1563
1715670252.9029274,840613888,759,759
1715670253.904224,840613888,967,967
1715670254.9055605,840613888,1746,1746
1715670255.9068341,840613888,932,932
1715670256.9082649,840613888,963,963
1715670257.9096067,840613888,1331,1331
1715670258.9106698,840613888,955,955
1715670259.9120886,840613888,1750,1750
1715670260.913639,840613888,925,925
1715670261.9150612,840613888,963,963
1715670262.916408,840613888,1354,1354
1715670263.917751,840613888,1203,1203
1715670264.919068,840613888,1370,1370
1715670265.9204967,840613888,1554,1554
1715670266.9218361,840613888,10391409,10391409
1715670267.922772,840613888,1517,1517
1715670268.9240499,840613888,0,0
1715670269.925451,840613888,654,654
1715670270.9266932,840613888,155,155
1715670271.9280126,840613888,0,0
1715670272.9295535,840613888,0,0
1715670273.9306908,840613888,0,0
1715670274.9320023,840613888,344,344
1715670275.9334328,840613888,152,152
1715670276.93467,840613888,0,0
1715670277.9360447,840613888,477,477
1715670278.9374747,840613888,0,0
1715670279.9387498,840613888,982,982
1715670280.9401898,840613888,152,152
1715670281.941508,840613888,630,630
1715670282.942803,840613888,420,420
1715670283.9441004,840613888,1339,1339
1715670284.9453726,840613888,1814,1814
1715670285.9467332,840613888,13999,13999
1715670286.948033,840613888,7701,7701
1715670287.9494584,840613888,0,0
1715670288.9507906,840613888,159,159
1715670289.9520671,840613888,501,501
1715670290.9533865,840613888,156,156
1715670291.9548464,840613888,0,0
1715670292.9561133,840613888,0,0
1715670293.9576604,840613888,0,0
1715670294.959093,840613888,344,344
1715670295.9603813,840613888,152,152
1715670296.9619403,840613888,0,0
1715670297.9626527,900390912,10389879,10389879
1715670298.9641595,856449024,0,0
1715670299.9655573,989302784,449,449
1715670300.96699,1171337216,507,507
1715670301.9684095,953204736,0,0
1715670302.9692547,881537024,151,151
1715670303.9708056,1032593408,0,0
1715670304.9721308,1078153216,345,345
1715670305.9734128,881373184,155,155
1715670306.9746938,879419392,0,0
1715670307.9761143,1056600064,0,0
1715670308.9775717,1237639168,0,0
1715670309.9788558,881508352,344,344
1715670310.9803054,881156096,152,152
1715670311.9816072,987213824,10393119,10393119
1715670312.9829767,1152638976,962,962
1715670313.984484,970244096,1346,1346
1715670314.9857914,951554048,1302,1302
1715670315.986884,951631872,1545,1545
1715670316.9882114,991678464,951,951
1715670317.989523,895311872,1337,1337
1715670318.9909577,1289576448,1256,1256
1715670319.9924204,920305664,1224,1224
1715670320.993851,1305243648,1401,1401
1715670321.9947972,914083840,1041,1041
1715670322.9960752,1155579904,2085,2085
1715670323.9974492,951635968,753,753
1715670324.9988608,1203154944,1946,1946
1715670326.000086,951574528,1097,1097
1715670327.001633,1203081216,1358,1358
1715670328.002594,951533568,941,941
1715670329.003912,1033285632,1333,1333
1715670330.0051506,951472128,4302,4302
1715670331.0065973,1068220416,5985,5985
1715670332.0078924,951562240,400,400
1715670333.0093489,1108799488,5296,5296
1715670334.010593,951631872,1226,1226
1715670335.0119846,1036378112,3896,3896
1715670336.0134249,1067806720,2164,2164
1715670337.0147748,970919936,1355,1355
1715670338.016196,1060577280,921,921
1715670339.0175433,1062985728,1352,1352
1715670340.0189693,1113608192,2743,2743
1715670341.0203018,930861056,7803,7803
1715670342.0210743,963325952,5925,5925
1715670343.0226185,920297472,2204,2204
1715670344.0236301,1268031488,1369,1369
1715670345.0250273,920248320,3187,3187
1715670346.026414,1153146880,2633,2633
1715670347.0277734,951455744,470,470
1715670348.029148,1153097728,1840,1840
1715670349.030578,951607296,1058,1058
1715670350.0319862,1180307456,1373,1373
1715670351.0334566,951578624,1504,1504
1715670352.034764,1245892608,1542,1542
1715670353.0360007,951767040,948,948
1715670354.0372813,954445824,1362,1362
1715670355.0385504,951701504,1236,1236
1715670356.0400124,988762112,1612,1612
1715670357.0413501,951922688,938,938
1715670358.0426672,1033678848,1869,1869
1715670359.0439534,951742464,959,959
1715670360.0454538,1104789504,1762,1762
1715670361.046673,951693312,1396,1396
1715670362.0479681,1006551040,1355,1355
1715670363.0492907,951717888,2241,2241
1715670364.050734,992329728,3425,3425
1715670365.0521617,1061040128,4505,4505
1715670366.0534954,989413376,2750,2750
1715670367.0547864,1018658816,2963,2963
1715670368.0561924,1101750272,1626,1626
1715670369.057489,1086169088,1179,1179
1715670370.0588112,981250048,1760,1760
1715670371.0602226,1063182336,1111,1111
1715670372.0616674,1055223808,1353,1353
1715670373.0628023,986902528,934,934
1715670374.0641675,1027231744,1360,1360
1715670375.0654924,1113468928,2586,2586
1715670376.0669062,1004769280,2476,2476
1715670377.0683687,1089363968,5084,5084
1715670378.0699968,970543104,3405,3405
1715670379.071312,1079889920,1014,1014
1715670380.0728357,970657792,1762,1762
1715670381.0742836,1075503104,1250,1250
1715670382.0758479,920137728,1229,1229
1715670383.0771763,1274839040,1255,1255
1715670384.0786386,940445696,1039,1039
1715670385.0800753,1275711488,1886,1886
1715670386.081616,951918592,962,962
1715670387.0827973,1230573568,1557,1557
1715670388.0840309,951881728,946,946
1715670389.0854597,979931136,776,776
1715670390.0867026,951689216,1739,1739
1715670391.088119,951656448,2014,2014
1715670392.0897126,951910400,361,361
1715670393.0910327,1069572096,1657,1657
1715670394.0922568,951980032,1163,1163
1715670395.0937104,1075281920,1764,1764
1715670396.0949602,952066048,1098,1098
1715670397.0963128,1046503424,1359,1359
1715670398.0975397,951857152,946,946
1715670399.0986874,1138581504,1361,1361
1715670400.10016,951791616,1289,1289
1715670401.1014755,993968128,1545,1545
1715670402.10278,1015209984,953,953
1715670403.1042404,968482816,1357,1357
1715670404.1055567,1046360064,951,951
1715670405.106817,1040531456,88878,88878
1715670406.1081903,1018908672,525,525
1715670407.109519,1027280896,186,186
1715670408.1109605,1098993664,354,354
1715670409.1122198,917880832,10387614,10387614
1715670410.1136885,917880832,1358,1358
1715670411.1150563,917880832,155,155
1715670412.1164727,917880832,309,309
1715670413.1177897,917880832,0,0
1715670414.119197,917880832,0,0
1715670415.120489,917880832,347,347
1715670416.121798,917880832,152,152
1715670417.1226652,917880832,0,0
1715670418.1240764,917880832,361,361
1715670419.1255105,917880832,0,0
1715670420.1267874,917880832,496,496
1715670421.1282492,917880832,458,458
1715670422.129502,917880832,0,0
1715670423.1308444,917880832,151,151
1715670424.1322997,917880832,0,0
1715670425.1337132,917880832,345,345
1715670426.1351557,917880832,155,155
1715670427.136414,917880832,0,0
1715670428.1377316,917880832,0,0
1715670429.139146,917880832,0,0
1715670430.1404078,917880832,344,344
1715670431.141834,917880832,152,152
1715670432.1431863,917880832,0,0
1715670433.144431,917880832,0,0
1715670434.145877,917880832,0,0
1715670435.147184,917880832,496,496
1715670436.1485882,917880832,0,0
1715670437.1498468,917880832,0,0
1715670438.1509259,1121615872,10388999,10388999
1715670439.1522863,897658880,1033,1033
1715670440.1536043,1084211200,509,509
1715670441.1548226,1098350592,0,0
1715670442.1562018,897605632,0,0
1715670443.1575055,1021460480,0,0
1715670444.158946,1260220416,0,0
1715670445.1602197,954245120,496,496
1715670446.161707,922574848,0,0
1715670447.1627905,941674496,0,0
1715670448.1641653,1031860224,0,0
1715670449.1653924,953917440,0,0
1715670450.1668932,1060749312,802,802
1715670451.1683483,1179938816,52,52
1715670452.1695886,953782272,0,0
1715670453.1708004,926756864,10390375,10390375
1715670454.172171,1159680000,1243,1243
1715670455.1737263,926846976,1589,1589
1715670456.174814,1197899776,946,946
1715670457.1761434,958361600,1332,1332
1715670458.177474,1241993216,1524,1524
1715670459.178849,958406656,753,753
1715670460.1801758,1332068352,881,881
1715670461.18145,902045696,828,828
1715670462.1828568,1117880320,1539,1539
1715670463.184316,958451712,754,754
1715670464.1857548,1257545728,1543,1543
1715670465.1866949,958341120,1308,1308
1715670466.1880093,1243979776,1533,1533
1715670467.1895192,958337024,748,748
1715670468.1900656,1237360640,1538,1538
1715670469.190736,958164992,1178,1178
1715670470.1921492,1217802240,2084,2084
1715670471.1935582,958230528,812,812
1715670472.1950893,1388916736,940,940
1715670473.1964107,958443520,1519,1519
1715670474.1978388,1314807808,768,768
1715670475.1991765,958513152,1884,1884
1715670476.2006466,1231785984,1527,1527
1715670477.2019386,958210048,1131,1131
1715670478.203243,1119911936,486,486
1715670479.2045612,958275584,1751,1751
1715670480.2058768,1164144640,1949,1949
1715670481.2073147,958324736,995,995
1715670482.2087424,1161584640,769,769
1715670483.2099876,958377984,1528,1528
1715670484.210715,1209905152,767,767
1715670485.211995,958337024,1529,1529
1715670486.212482,1040666624,771,771
1715670487.2138112,958214144,359,359
1715670488.215139,1197424640,2012,2012
1715670489.2164693,958451712,1585,1585
1715670490.2178125,1210089472,1913,1913
1715670491.2191947,958517248,943,943
1715670492.2205238,1220616192,1352,1352
1715670493.22189,958566400,760,760
1715670494.2232232,1360015360,1537,1537
1715670495.2247417,958500864,1507,1507
1715670496.2261567,1172512768,1347,1347
1715670497.2268076,958558208,753,753
1715670498.2282286,1241665536,1528,1528
1715670499.229816,983523328,777,777
1715670500.230719,1159659520,1812,1812
1715670501.232057,958287872,1051,1051
1715670502.2335165,1286402048,950,950
1715670503.2350152,958029824,188,188
1715670504.236326,1321160704,2610,2610
1715670505.2377336,958185472,1488,1488
1715670506.239143,1189335040,1505,1505
1715670507.2406197,958222336,775,775
1715670508.2419488,1209987072,1523,1523
1715670509.2426257,958345216,947,947
1715670510.2439826,1153605632,2165,2165
1715670511.2452636,952098816,948,948
1715670512.2466087,1184772096,1353,1353
1715670513.2478492,958398464,1231,1231
1715670514.2491832,1084059648,1336,1336
1715670515.2505283,958279680,1503,1503
1715670516.2518792,1033740288,1359,1359
1715670517.2531312,958095360,961,961
1715670518.2546186,1216147456,1360,1360
1715670519.2561514,958251008,773,773
1715670520.2575903,1227726848,2070,2070
1715670521.2588649,958341120,182,182
1715670522.2602992,1174978560,1648,1648
1715670523.2615685,958279680,1753,1753
1715670524.2628102,1183268864,488,488
1715670525.2640429,958304256,1896,1896
1715670526.2653701,1243525120,1060,1060
1715670527.2666416,958291968,1235,1235
1715670528.2679844,964415488,558,558
1715670529.269216,958230528,951,951
1715670530.2705476,968941568,1662,1662
1715670531.2717898,958189568,1243,1243
1715670532.2734182,1040068608,1349,1349
1715670533.2746768,958259200,951,951
1715670534.2761242,998567936,1344,1344
1715670535.277557,958181376,1457,1457
1715670536.278782,1071509504,824,824
1715670537.2800598,958136320,1460,1460
1715670538.281538,1179574272,807,807
1715670539.2827969,958324736,374,374
1715670540.2841008,1065209856,1050,1050
1715670541.2855017,958439424,2404,2404
1715670542.286963,962949120,1351,1351
1715670543.2881887,958332928,958,958
1715670544.2895494,958521344,1357,1357
1715670545.2906232,983527424,1526,1526
1715670546.292194,1209851904,1363,1363
1715670547.2934384,958435328,373,373
1715670548.2947822,1058729984,1106,1106
1715670549.2960265,958140416,1057,1057
1715670550.2973163,913399808,2084,2084
1715670551.2986639,924241920,10389977,10389977
1715670552.3000972,924241920,0,0
1715670553.3014917,924241920,151,151
1715670554.302981,924241920,153,153
1715670555.3042374,924241920,502,502
1715670556.3055422,924241920,0,0
1715670557.3071308,924241920,0,0
1715670558.3085756,924241920,0,0
1715670559.3099911,924241920,0,0
1715670560.3106322,924241920,496,496
1715670561.312246,924241920,0,0
1715670562.3137004,924241920,0,0
1715670563.3146644,924241920,0,0
1715670564.3159764,924241920,0,0
1715670565.3172538,924241920,532,532
1715670566.3187249,924241920,0,0
1715670567.3203056,924241920,0,0
1715670568.3216264,924241920,0,0
1715670569.3226874,924241920,0,0
1715670570.324241,924241920,854,854
1715670571.3256998,924241920,0,0
1715670572.3271587,924241920,0,0
1715670573.3284392,924241920,151,151
1715670574.3298998,924241920,0,0
1715670575.3311832,924241920,500,500
1715670576.3324735,924241920,0,0
1715670577.3339074,924241920,0,0
1715670578.3348095,924241920,0,0
1715670579.3363569,924241920,0,0
1715670580.3379085,1000529920,10391633,10391633
1715670581.3386853,1080565760,0,0
1715670582.3400602,909099008,151,151
1715670583.3415363,956493824,151,151
1715670584.3428204,1110990848,0,0
1715670585.3443928,902529024,499,499
1715670586.3457134,978223104,0,0
1715670587.3470178,1036931072,0,0
1715670588.3486388,978104320,0,0
1715670589.350066,915378176,0,0
1715670590.3514192,1158615040,496,496
1715670591.3529058,921698304,0,0
1715670592.3542595,1089773568,0,0
1715670593.3556914,1030631424,0,0
1715670594.3570511,927887360,0,0
