Timestamp,MemoryUsage,NetSent,NetRecv
1715656207.3392603,512761856,0,0
1715656208.340657,520364032,6469,6469
1715656209.3419838,520364032,155,155
1715656210.343242,520364032,422,422
1715656211.344522,520364032,0,0
1715656212.345837,520364032,475,475
1715656213.3466687,520364032,350,350
1715656214.3478994,520364032,470,470
1715656215.3491488,520364032,157,157
1715656216.3505461,520364032,0,0
1715656217.3514502,520364032,156,156
1715656218.3527837,520364032,349,349
1715656219.3541207,520364032,152,152
1715656220.354792,520364032,0,0
1715656221.3561826,520364032,0,0
1715656222.3574204,520364032,0,0
1715656223.3588068,520364032,448,448
1715656224.360217,520364032,152,152
1715656225.3614714,520364032,0,0
1715656226.362769,520364032,0,0
1715656227.3639722,520364032,10389907,10389907
1715656228.3653617,520364032,3925,3925
1715656229.366642,520364032,1265,1265
1715656230.3678932,520364032,1226,1226
1715656231.3691056,520364032,960,960
1715656232.3704257,520364032,1855,1855
1715656233.3717048,520364032,1281,1281
1715656234.3730338,520364032,1100,1100
1715656235.37436,520364032,1354,1354
1715656236.374621,520364032,943,943
1715656237.376121,520364032,1343,1343
1715656238.3775494,520364032,1083,1083
1715656239.3787644,520364032,1101,1101
1715656240.3796866,520364032,1350,1350
1715656241.380529,520364032,937,937
1715656242.3819032,520364032,1337,1337
1715656243.3828115,520364032,1065,1065
1715656244.3840983,520364032,1117,1117
1715656245.38567,520364032,1345,1345
1715656246.3869565,520364032,1061,1061
1715656247.3878384,520364032,1544,1544
1715656248.3891208,520364032,1359,1359
1715656249.3903377,520364032,1110,1110
1715656250.3906527,520364032,1360,1360
1715656251.3920693,520364032,750,750
1715656252.3929431,520364032,950,950
1715656253.3942637,520364032,1983,1983
1715656254.3955328,520364032,1217,1217
1715656255.3969557,520364032,1334,1334
1715656256.398486,520364032,769,769
1715656257.3999183,520364032,939,939
1715656258.4012191,520364032,1760,1760
1715656259.402667,520364032,918,918
1715656260.4041288,520364032,1241,1241
1715656261.4054518,520364032,463,463
1715656262.4066124,520364032,1597,1597
1715656263.4080153,520364032,1217,1217
1715656264.408528,520364032,1402,1402
1715656265.4099696,520364032,1242,1242
1715656266.4109137,520364032,1054,1054
1715656267.4121966,520364032,953,953
1715656268.41351,520364032,1655,1655
1715656269.4148457,520364032,908,908
1715656270.4161885,520364032,949,949
1715656271.4176064,520364032,1364,1364
1715656272.418881,520364032,947,947
1715656273.4203827,520364032,1646,1646
1715656274.4212265,520364032,1346,1346
1715656275.4218836,520364032,1309,1309
1715656276.4232914,520364032,1053,1053
1715656277.424557,520364032,1431,1431
1715656278.4259586,520364032,1640,1640
1715656279.4273598,520364032,1405,1405
1715656280.428752,520364032,954,954
1715656281.43008,520364032,1833,1833
1715656282.431342,520364032,955,955
1715656283.4326632,520364032,2063,2063
1715656284.4340448,520364032,988,988
1715656285.4354193,520364032,1795,1795
1715656286.4368095,520364032,981,981
1715656287.4382234,520364032,945,945
1715656288.4396358,520364032,1748,1748
1715656289.440901,520364032,1117,1117
1715656290.4421573,520364032,1352,1352
1715656291.4427447,520364032,777,777
1715656292.444157,520364032,1244,1244
1715656293.4455063,520364032,1602,1602
1715656294.4466095,520364032,1109,1109
1715656295.4480295,520364032,1836,1836
1715656296.4487329,520364032,775,775
1715656297.4499862,520364032,1514,1514
1715656298.4507968,520364032,1125,1125
1715656299.452214,520364032,1105,1105
1715656300.4536152,520364032,1355,1355
1715656301.4548776,520364032,955,955
1715656302.4561396,520364032,1349,1349
1715656303.4576252,520364032,1174,1174
1715656304.4586954,520364032,1421,1421
1715656305.4600284,520364032,1050,1050
1715656306.4613674,520364032,1257,1257
1715656307.4629474,520364032,1341,1341
1715656308.4642055,520364032,1380,1380
1715656309.4658194,520364032,1514,1514
1715656310.4667826,520364032,767,767
1715656311.467825,520364032,1242,1242
1715656312.469218,520364032,1045,1045
1715656313.470599,520364032,1268,1268
1715656314.4720068,520364032,1939,1939
1715656315.473247,520364032,997,997
1715656316.4747458,520364032,1352,1352
1715656317.4760525,520364032,956,956
1715656318.4773161,520364032,1653,1653
1715656319.4786603,520364032,910,910
1715656320.479874,520364032,957,957
1715656321.4811704,520364032,1360,1360
1715656322.4825137,520364032,1082,1082
1715656323.4839315,520364032,1545,1545
1715656324.4853058,520364032,1506,1506
1715656325.4865513,520364032,955,955
1715656326.4878566,520364032,1348,1348
1715656327.4892716,520364032,772,772
1715656328.490732,520364032,1537,1537
1715656329.4920466,520364032,1209,1209
1715656330.4934778,520364032,955,955
1715656331.4947822,520364032,1358,1358
1715656332.4959981,520364032,10389285,10389285
1715656333.4973931,520364032,3256,3256
1715656334.498629,520364032,156,156
1715656335.5000246,520364032,0,0
1715656336.5014303,520364032,0,0
1715656337.5026155,520364032,0,0
1715656338.5039024,520364032,292,292
1715656339.505352,520364032,152,152
1715656340.5066397,520364032,0,0
1715656341.507932,520364032,0,0
1715656342.5093596,520364032,0,0
1715656343.5106423,520364032,292,292
1715656344.5119393,520364032,152,152
1715656345.5133321,520364032,0,0
1715656346.5146108,520364032,0,0
1715656347.516018,520364032,0,0
1715656348.5174384,520364032,773,773
1715656349.5186255,520364032,152,152
1715656350.5200403,520364032,423,423
1715656351.5213394,520364032,0,0
1715656352.522583,520364032,782,782
1715656353.5238683,520364032,353,353
1715656354.5252945,520364032,579,579
1715656355.526545,520364032,0,0
1715656356.5278037,520364032,474,474
1715656357.5290523,520364032,157,157
1715656358.5302963,520364032,350,350
1715656359.5315833,520364032,152,152
1715656360.53299,520364032,0,0
1715656361.5342247,520364032,0,0
1715656362.5355265,764813312,10392872,10392872
1715656363.5369205,851349504,1194,1194
1715656364.5383935,976941056,155,155
1715656365.5398645,837640192,0,0
1715656366.541285,1169506304,307,307
1715656367.5425732,756396032,0,0
1715656368.5439785,876781568,295,295
1715656369.5454142,999608320,155,155
1715656370.5468407,806465536,0,0
1715656371.548146,1188524032,0,0
1715656372.549408,756207616,0,0
1715656373.5506709,911556608,292,292
1715656374.5521126,1012064256,152,152
1715656375.5538728,800186368,0,0
1715656376.554827,908546048,0,0
1715656377.5562608,899227648,0,0
1715656378.5576065,784109568,10391925,10391925
1715656379.5586925,988418048,1116,1116
1715656380.5600355,963334144,1343,1343
1715656381.5612657,787546112,941,941
1715656382.5626242,1082961920,1632,1632
1715656383.5642078,869126144,1360,1360
1715656384.5654912,858628096,1239,1239
1715656385.5668325,812814336,1211,1211
1715656386.5684273,831414272,932,932
1715656387.5698059,887980032,1616,1616
1715656388.5706117,787673088,1146,1146
1715656389.5720205,1196204032,1503,1503
1715656390.5735724,887853056,1185,1185
1715656391.5748672,978980864,997,997
1715656392.5761752,833667072,1336,1336
1715656393.577392,831430656,1241,1241
1715656394.5787146,1135501312,1507,1507
1715656395.5801783,862973952,752,752
1715656396.5816042,1182498816,1236,1236
1715656397.582851,844136448,1038,1038
1715656398.5842388,787783680,1250,1250
1715656399.5857077,932184064,1505,1505
1715656400.5871017,812871680,765,765
1715656401.5885725,1047474176,1244,1244
1715656402.5900538,881324032,1050,1050
1715656403.5907216,898514944,1254,1254
1715656404.5921261,922439680,1503,1503
1715656405.5933297,787546112,930,930
1715656406.5948918,1281662976,1339,1339
1715656407.596346,837779456,767,767
1715656408.5977635,987734016,1242,1242
1715656409.599098,980320256,1481,1481
1715656410.6003206,831414272,951,951
1715656411.6016383,1133375488,1834,1834
1715656412.6027565,804331520,1077,1077
1715656413.6042058,1088479232,1669,1669
1715656414.6056101,943984640,1192,1192
1715656415.6069,797577216,943,943
1715656416.6083014,899485696,1400,1400
1715656417.6095119,831426560,940,940
1715656418.6109347,1177030656,1641,1641
1715656419.6124163,825159680,1408,1408
1715656420.613785,1030545408,953,953
1715656421.614689,902557696,1829,1829
1715656422.61592,787460096,951,951
1715656423.6172473,1082994688,2129,2129
1715656424.618651,831143936,923,923
1715656425.61998,1011494912,1227,1227
1715656426.621294,927670272,1818,1818
1715656427.6225219,831201280,950,950
1715656428.6238103,907042816,2119,2119
1715656429.6251633,787595264,915,915
1715656430.6265736,1032548352,2372,2372
1715656431.6278841,848302080,1266,1266
1715656432.6291976,906792960,934,934
1715656433.6305718,984186880,1656,1656
1715656434.6318111,831324160,1103,1103
1715656435.633229,1131335680,1355,1355
1715656436.6346629,787550208,773,773
1715656437.6359684,992817152,719,719
1715656438.6373782,942428160,1656,1656
1715656439.6386037,787361792,1104,1104
1715656440.6399052,1083023360,1359,1359
1715656441.641255,835772416,751,751
1715656442.6427062,1072484352,1557,1557
1715656443.6442533,862711808,1357,1357
1715656444.6456819,933113856,1106,1106
1715656445.6470854,950353920,1365,1365
1715656446.6482818,787509248,930,930
1715656447.649669,1032560640,1074,1074
1715656448.6509922,879783936,1342,1342
1715656449.6524034,922669056,1098,1098
1715656450.653836,1001783296,1353,1353
1715656451.6546333,831365120,1378,1378
1715656452.6560464,1221947392,1403,1403
1715656453.6573484,823156736,1069,1069
1715656454.6588187,1000128512,1113,1113
1715656455.6602643,982327296,1356,1356
1715656456.661488,787447808,942,942
1715656457.6628938,1243029504,1365,1365
1715656458.6644042,837689344,357,357
1715656459.6657515,1015959552,1587,1587
1715656460.6667175,892088320,1344,1344
1715656461.6679606,831393792,88483,88483
1715656462.6692703,845893632,1239,1239
1715656463.6707027,787652608,1090,1090
1715656464.6721127,1179799552,1675,1675
1715656465.6735895,900022272,776,776
1715656466.6750212,879349760,942,942
1715656467.6763504,944537600,1358,1358
1715656468.6775515,831143936,1231,1231
1715656469.6789658,1139011584,1508,1508
1715656470.6803105,862511104,767,767
1715656471.681759,1036300288,1485,1485
1715656472.6832147,884850688,1808,1808
1715656473.6845636,787337216,1192,1192
1715656474.686058,881795072,1523,1523
1715656475.686857,855670784,770,770
1715656476.6883066,984506368,1264,1264
1715656477.689667,837361664,1049,1049
1715656478.6907356,831217664,1285,1285
1715656479.6920798,887660544,1505,1505
1715656480.6933026,787353600,955,955
1715656481.6948793,1237884928,1348,1348
1715656482.6962132,783618048,10391371,10391371
1715656483.6975164,783618048,301,301
1715656484.698657,783618048,155,155
1715656485.7000566,783618048,0,0
1715656486.7013445,783618048,299,299
1715656487.70265,783618048,0,0
1715656488.7041543,783618048,295,295
1715656489.7054336,783618048,155,155
1715656490.7067976,783618048,0,0
1715656491.708042,783618048,0,0
1715656492.709486,783618048,0,0
1715656493.7107759,783618048,292,292
1715656494.7116017,783618048,152,152
1715656495.7129858,783618048,0,0
1715656496.7144291,783618048,0,0
1715656497.715743,783618048,0,0
1715656498.71716,783618048,292,292
1715656499.7184274,783618048,152,152
1715656500.7198358,783618048,306,306
1715656501.721178,783618048,0,0
1715656502.72245,783618048,300,300
1715656503.7238438,783618048,649,649
1715656504.7253003,783618048,155,155
1715656505.72657,783618048,151,151
1715656506.728008,783618048,0,0
1715656507.7294383,783618048,0,0
1715656508.7306015,783618048,345,345
1715656509.7320228,783618048,152,152
1715656510.7334313,783618048,0,0
1715656511.7346735,803672064,10387388,10387388
1715656512.7361147,1221984256,1790,1790
1715656513.7373421,885727232,300,300
1715656514.7387674,1087508480,155,155
1715656515.7402503,988655616,0,0
1715656516.741766,942419968,0,0
1715656517.7432253,1170976768,0,0
1715656518.7445211,885760000,292,292
1715656519.7458987,895561728,152,152
1715656520.7467237,1117442048,0,0
1715656521.747942,854470656,0,0
1715656522.7492568,980033536,0,0
1715656523.7506392,921116672,292,292
1715656524.7518947,839409664,152,152
1715656525.7531998,1049239552,0,0
1715656526.7546313,941510656,0,0
1715656527.7559516,803983360,10390788,10390788
1715656528.757369,803983360,1837,1837
1715656529.7587466,803983360,923,923
1715656530.7600408,803983360,952,952
1715656531.7614276,803983360,1329,1329
1715656532.7627833,803983360,1673,1673
1715656533.76417,803983360,1798,1798
1715656534.765416,803983360,1097,1097
1715656535.7667773,803983360,1272,1272
1715656536.7680252,803983360,943,943
1715656537.7694335,803983360,1336,1336
1715656538.7707849,803983360,1063,1063
1715656539.772179,803983360,1678,1678
1715656540.7735622,803983360,754,754
1715656541.7748194,803983360,1246,1246
1715656542.7761014,803983360,1050,1050
1715656543.7775116,803983360,1282,1282
1715656544.7788007,803983360,1495,1495
1715656545.7800426,803983360,949,949
1715656546.7812903,803983360,1655,1655
1715656547.7827427,803983360,774,774
1715656548.7834146,803983360,1827,1827
1715656549.7847703,803983360,908,908
1715656550.7862282,803983360,1256,1256
1715656551.7867203,803983360,1479,1479
1715656552.7881246,803983360,1002,1002
1715656553.7894366,803983360,1638,1638
1715656554.790684,803983360,1102,1102
1715656555.7921221,803983360,1339,1339
1715656556.7933383,803983360,947,947
1715656557.7946844,803983360,1331,1331
1715656558.7961776,803983360,1069,1069
1715656559.7976549,803983360,1411,1411
1715656560.7988555,803983360,1055,1055
1715656561.8002882,803983360,944,944
1715656562.8015919,803983360,1638,1638
1715656563.8028321,803983360,1545,1545
1715656564.8042517,803983360,1519,1519
1715656565.8055384,803983360,951,951
1715656566.8068986,803983360,1572,1572
1715656567.8083172,803983360,771,771
1715656568.8097062,803983360,1757,1757
1715656569.8110912,803983360,916,916
1715656570.8124683,803983360,952,952
1715656571.8137445,803983360,1768,1768
1715656572.815138,803983360,1006,1006
1715656573.8164454,803983360,1663,1663
1715656574.8176825,803983360,1105,1105
1715656575.8190017,803983360,1345,1345
1715656576.8202374,803983360,950,950
1715656577.821684,803983360,1364,1364
1715656578.8230116,803983360,1325,1325
1715656579.8243904,803983360,1247,1247
1715656580.8256638,803983360,1049,1049
1715656581.8268034,803983360,755,755
1715656582.828104,803983360,1359,1359
1715656583.8293178,803983360,1406,1406
1715656584.830713,803983360,1336,1336
1715656585.8319836,803983360,960,960
1715656586.8332715,803983360,1358,1358
1715656587.834633,803983360,761,761
1715656588.8360229,803983360,1408,1408
1715656589.8373358,803983360,1339,1339
1715656590.8387175,803983360,957,957
1715656591.8400712,803983360,1729,1729
1715656592.8413002,803983360,1377,1377
1715656593.8426893,803983360,1795,1795
1715656594.843956,803983360,954,954
1715656595.8452888,803983360,1345,1345
1715656596.8466945,803983360,761,761
1715656597.8480506,803983360,1252,1252
1715656598.849409,803983360,1512,1512
1715656599.8507254,803983360,938,938
1715656600.8519998,803983360,1354,1354
1715656601.853225,803983360,956,956
1715656602.8546069,803983360,1352,1352
1715656603.8558676,803983360,1315,1315
1715656604.8570929,803983360,1524,1524
1715656605.8584015,803983360,774,774
1715656606.859742,803983360,953,953
1715656607.8609898,803983360,1336,1336
1715656608.8622508,803983360,1403,1403
1715656609.8629618,803983360,1393,1393
1715656610.8641906,803983360,958,958
1715656611.8654344,803983360,1601,1601
1715656612.8667297,803983360,984,984
1715656613.867986,803983360,1993,1993
1715656614.869411,803983360,825,825
1715656615.870689,803983360,937,937
1715656616.8721538,803983360,1341,1341
1715656617.873368,803983360,950,950
1715656618.8748152,803983360,1815,1815
1715656619.8760505,803983360,944,944
1715656620.877539,803983360,1342,1342
1715656621.878709,803983360,775,775
1715656622.880128,803983360,1742,1742
1715656623.8815918,803983360,1569,1569
1715656624.8828797,803983360,947,947
1715656625.8843322,803983360,1338,1338
1715656626.8855624,803983360,946,946
1715656627.886754,803983360,1352,1352
1715656628.8879623,803983360,10389887,10389887
1715656629.8893313,803983360,1773,1773
1715656630.890551,803983360,0,0
1715656631.8915038,803983360,306,306
1715656632.8929048,803983360,0,0
1715656633.894132,803983360,502,502
1715656634.8948834,803983360,0,0
1715656635.8962703,803983360,0,0
1715656636.897515,803983360,0,0
1715656637.8988557,803983360,0,0
1715656638.9001603,803983360,444,444
1715656639.901563,803983360,0,0
1715656640.9030209,803983360,0,0
1715656641.9042885,803983360,0,0
1715656642.9055214,803983360,0,0
1715656643.906671,803983360,444,444
1715656644.9079263,803983360,0,0
1715656645.9092398,803983360,0,0
1715656646.910689,803983360,0,0
1715656647.9122567,803983360,0,0
1715656648.9138117,803983360,444,444
1715656649.9150357,803983360,0,0
1715656650.9163032,803983360,0,0
1715656651.917667,803983360,0,0
1715656652.9188979,803983360,0,0
1715656653.9201512,803983360,444,444
1715656654.921534,803983360,0,0
1715656655.9227622,803983360,0,0
1715656656.9242551,803983360,0,0
1715656657.92556,803983360,0,0
1715656658.9268458,803983360,10390507,10390507
1715656659.9281502,803983360,0,0
1715656660.9293852,803983360,309,309
1715656661.9307005,803983360,0,0
1715656662.931954,803983360,0,0
1715656663.9332218,803983360,502,502
1715656664.9347434,803983360,0,0
1715656665.9361837,803983360,0,0
1715656666.9374712,803983360,303,303
1715656667.9387672,803983360,0,0
1715656668.9401596,803983360,450,450
1715656669.9416542,803983360,0,0
1715656670.9430711,803983360,0,0
1715656671.9445062,803983360,0,0
1715656672.9460244,803983360,0,0
1715656673.94668,803983360,10393838,10393838
1715656674.947906,803983360,966,966
1715656675.9493926,803983360,1343,1343
1715656676.9507115,803983360,758,758
1715656677.9520679,803983360,1231,1231
1715656678.953439,803983360,1493,1493
1715656679.9546154,803983360,948,948
1715656680.955995,803983360,1350,1350
1715656681.957235,803983360,930,930
1715656682.9586668,803983360,1361,1361
1715656683.9600782,803983360,1709,1709
1715656684.9614894,803983360,940,940
1715656685.962798,803983360,1347,1347
1715656686.964002,803983360,938,938
1715656687.9654028,803983360,1340,1340
1715656688.9667563,803983360,1207,1207
1715656689.968147,803983360,965,965
1715656690.9694674,803983360,1351,1351
1715656691.9706156,803983360,1313,1313
1715656692.972096,803983360,1396,1396
1715656693.9734392,803983360,1228,1228
1715656694.974759,803983360,956,956
1715656695.9760451,803983360,1348,1348
1715656696.9772863,803983360,931,931
1715656697.9786031,803983360,1348,1348
1715656698.9799027,803983360,1218,1218
1715656699.9812407,803983360,951,951
1715656700.9825177,803983360,1335,1335
1715656701.9837675,803983360,958,958
1715656702.9852524,803983360,1349,1349
1715656703.9865866,803983360,1224,1224
1715656704.9870844,803983360,950,950
1715656705.9884923,803983360,1349,1349
1715656706.989796,803983360,761,761
1715656707.9911594,803983360,1553,1553
1715656708.992689,803983360,1214,1214
1715656709.9941633,803983360,958,958
1715656710.995527,803983360,1343,1343
1715656711.9967651,803983360,955,955
1715656712.9980938,803983360,2136,2136
1715656713.9994543,803983360,1227,1227
1715656715.0007305,803983360,941,941
1715656716.0021272,803983360,1360,1360
1715656717.0033636,803983360,951,951
1715656718.004577,803983360,1359,1359
1715656719.0059073,803983360,1230,1230
1715656720.006766,803983360,1248,1248
1715656721.0080352,803983360,1050,1050
1715656722.0094018,803983360,959,959
1715656723.0107048,803983360,1358,1358
1715656724.0119548,803983360,1391,1391
1715656725.0132413,803983360,1354,1354
1715656726.0145862,803983360,769,769
1715656727.0158916,803983360,1245,1245
1715656728.0173225,803983360,1336,1336
1715656729.0185714,803983360,1501,1501
1715656730.0200546,803983360,1357,1357
1715656731.0213854,803983360,756,756
1715656732.0228016,803983360,958,958
1715656733.0240934,803983360,1649,1649
1715656734.024472,803983360,1516,1516
1715656735.0257232,803983360,1360,1360
1715656736.0272248,803983360,759,759
1715656737.028529,803983360,1175,1175
1715656738.029943,803983360,1340,1340
1715656739.0306046,803983360,1411,1411
1715656740.0320585,803983360,1346,1346
1715656741.0334933,803983360,766,766
1715656742.034724,803983360,1768,1768
1715656743.0361266,803983360,1123,1123
1715656744.037531,803983360,1406,1406
1715656745.0387568,803983360,1350,1350
1715656746.04,803983360,949,949
1715656747.0414822,803983360,1649,1649
1715656748.0426965,803983360,756,756
1715656749.044109,803983360,1722,1722
1715656750.0452135,803983360,1048,1048
1715656751.0464787,803983360,946,946
1715656752.0477743,803983360,1342,1342
1715656753.0491161,803983360,4727,4727
1715656754.0505757,803983360,1913,1913
1715656755.0520356,803983360,1057,1057
1715656756.053342,803983360,1361,1361
1715656757.0547967,803983360,1403,1403
1715656758.0561364,803983360,763,763
1715656759.0575113,803983360,2007,2007
1715656760.058959,803983360,773,773
1715656761.0602026,803983360,936,936
1715656762.0614953,803983360,1354,1354
1715656763.062812,803983360,88285,88285
1715656764.064201,803983360,1943,1943
1715656765.0655298,803983360,1038,1038
1715656766.0667796,803983360,961,961
1715656767.0681717,803983360,1362,1362
1715656768.069554,803983360,772,772
1715656769.0707703,803983360,1988,1988
1715656770.0720613,803983360,773,773
1715656771.0733619,803983360,955,955
1715656772.0748973,803983360,1842,1842
1715656773.0761423,803983360,954,954
1715656774.0775418,803983360,2284,2284
1715656775.0786552,803983360,768,768
1715656776.080114,803983360,957,957
1715656777.0814915,803983360,1363,1363
1715656778.0828247,803983360,10389557,10389557
1715656779.0843349,803983360,1708,1708
1715656780.0855598,803983360,0,0
1715656781.0870378,803983360,305,305
1715656782.0883322,803983360,0,0
1715656783.0896962,803983360,0,0
1715656784.090656,803983360,498,498
1715656785.0921056,803983360,0,0
1715656786.0935054,803983360,0,0
1715656787.0938919,803983360,303,303
1715656788.0952044,803983360,0,0
1715656789.096542,803983360,450,450
1715656790.097792,803983360,0,0
1715656791.0988033,803983360,0,0
1715656792.1000457,803983360,0,0
1715656793.101288,803983360,0,0
1715656794.102598,803983360,444,444
1715656795.1038501,803983360,0,0
1715656796.1050913,803983360,0,0
1715656797.1065142,803983360,0,0
1715656798.1079142,803983360,0,0
1715656799.1091518,803983360,444,444
1715656800.1105258,803983360,0,0
1715656801.1119235,803983360,0,0
1715656802.1132216,803983360,303,303
1715656803.1145751,803983360,304,304
1715656804.1159842,803983360,451,451
1715656805.1172369,803983360,0,0
1715656806.1187055,803983360,152,152
1715656807.1201947,803983360,0,0
1715656808.1214905,924794880,10392026,10392026
1715656809.1228817,1101324288,455,455
1715656810.1241605,858030080,0,0
1715656811.125538,1089986560,0,0
1715656812.1268363,1057185792,0,0
1715656813.1282747,889204736,140,140
1715656814.1296296,1003044864,304,304
1715656815.1310642,995815424,0,0
1715656816.1324992,947879936,0,0
1715656817.1337922,1086476288,0,0
1715656818.1346474,889180160,140,140
1715656819.1359475,914649088,304,304
1715656820.137216,1247932416,0,0
1715656821.138445,879054848,0,0
1715656822.139711,924848128,0,0
1715656823.1411707,807718912,10392563,10392563
1715656824.1424625,807718912,1273,1273
1715656825.1437678,807718912,1353,1353
1715656826.1450632,807718912,768,768
1715656827.1463172,807718912,945,945
1715656828.146806,807718912,1634,1634
1715656829.148031,807718912,1108,1108
1715656830.1494322,807718912,1353,1353
1715656831.1507692,807718912,754,754
1715656832.1521702,807718912,1537,1537
1715656833.1535618,807718912,1339,1339
1715656834.1547947,807718912,1527,1527
1715656835.1562126,807718912,1402,1402
1715656836.157453,807718912,938,938
1715656837.1588387,807718912,1340,1340
1715656838.1603162,807718912,1095,1095
1715656839.1616669,807718912,1111,1111
1715656840.1627996,807718912,1335,1335
1715656841.1640704,807718912,943,943
1715656842.1653128,807718912,1344,1344
1715656843.1666534,807718912,1169,1169
1715656844.167938,807718912,1111,1111
1715656845.1693451,807718912,1354,1354
1715656846.1705956,807718912,937,937
1715656847.171926,807718912,1655,1655
1715656848.1733122,807718912,1170,1170
1715656849.1747756,807718912,1410,1410
1715656850.1761658,807718912,1024,1024
1715656851.1774046,807718912,946,946
1715656852.1788173,807718912,1340,1340
1715656853.180228,807718912,1167,1167
1715656854.1814935,807718912,1932,1932
1715656855.1826997,807718912,974,974
1715656856.184063,807718912,948,948
1715656857.1855159,807718912,1353,1353
1715656858.1866217,807718912,1351,1351
1715656859.1880236,807718912,1211,1211
1715656860.189439,807718912,1034,1034
1715656861.1908593,807718912,958,958
1715656862.1922305,807718912,1648,1648
1715656863.1934817,807718912,1544,1544
1715656864.1947587,807718912,1493,1493
1715656865.196074,807718912,767,767
1715656866.1973875,807718912,955,955
1715656867.1987643,807718912,1357,1357
1715656868.2000096,807718912,912,912
1715656869.2013774,807718912,1837,1837
1715656870.2026856,807718912,770,770
1715656871.2040927,807718912,957,957
1715656872.2054079,807718912,1356,1356
1715656873.2066426,807718912,1236,1236
1715656874.2080388,807718912,918,918
1715656875.2094247,807718912,1784,1784
1715656876.2107298,807718912,1005,1005
1715656877.2121642,807718912,1351,1351
1715656878.2133987,807718912,1248,1248
1715656879.2147777,807718912,1518,1518
1715656880.2161994,807718912,757,757
1715656881.2174897,807718912,958,958
1715656882.2188737,807718912,1335,1335
1715656883.2201333,807718912,1258,1258
1715656884.2214139,807718912,1516,1516
1715656885.2227776,807718912,753,753
1715656886.2241998,807718912,1257,1257
1715656887.225518,807718912,1040,1040
1715656888.2269099,807718912,1375,1375
1715656889.228301,807718912,1505,1505
1715656890.229636,807718912,771,771
1715656891.2307527,807718912,1519,1519
1715656892.2320828,807718912,1073,1073
1715656893.2333875,807718912,1254,1254
1715656894.2346678,807718912,1500,1500
1715656895.2358797,807718912,1380,1380
1715656896.2372231,807718912,1409,1409
1715656897.2385192,807718912,749,749
1715656898.2398853,807718912,1264,1264
1715656899.2411447,807718912,1514,1514
1715656900.2419486,807718912,947,947
1715656901.2426012,807718912,1342,1342
1715656902.2439117,807718912,767,767
1715656903.24521,807718912,1278,1278
1715656904.2466135,807718912,1514,1514
1715656905.2478461,807718912,942,942
1715656906.2493389,807718912,1349,1349
1715656907.2506871,807718912,1062,1062
1715656908.2519767,807718912,1565,1565
1715656909.253405,807718912,1203,1203
1715656910.2546618,807718912,931,931
1715656911.2559707,807718912,1361,1361
1715656912.257332,807718912,770,770
1715656913.2587867,807718912,1561,1561
1715656914.2603471,807718912,1197,1197
1715656915.2616024,807718912,958,958
1715656916.2628305,807718912,1842,1842
1715656917.2642677,807718912,770,770
1715656918.265669,807718912,1934,1934
1715656919.2669566,807718912,929,929
1715656920.2683308,807718912,955,955
1715656921.269751,807718912,1355,1355
1715656922.2705686,807718912,1261,1261
1715656923.2719753,807718912,918,918
1715656924.2732484,807718912,1484,1484
1715656925.2746904,807718912,953,953
1715656926.2759695,807718912,1359,1359
1715656927.2772005,807718912,10389467,10389467
1715656928.2785804,807718912,1602,1602
1715656929.2798393,807718912,156,156
1715656930.2815402,807718912,0,0
1715656931.283011,807718912,0,0
1715656932.2842503,807718912,0,0
1715656933.285659,807718912,292,292
1715656934.2870145,807718912,152,152
1715656935.288364,807718912,0,0
1715656936.2897851,807718912,0,0
1715656937.2906096,807718912,0,0
1715656938.291901,807718912,292,292
1715656939.293363,807718912,152,152
1715656940.294775,807718912,0,0
1715656941.296126,807718912,0,0
1715656942.2974718,807718912,0,0
1715656943.2986524,807718912,292,292
1715656944.2999396,807718912,152,152
1715656945.3011885,807718912,0,0
1715656946.3024943,807718912,0,0
1715656947.3038046,807718912,0,0
1715656948.3050642,807718912,292,292
1715656949.3063598,807718912,152,152
1715656950.3077908,807718912,0,0
1715656951.3090363,807718912,0,0
1715656952.3104563,807718912,302,302
1715656953.3118324,807718912,296,296
1715656954.3130832,807718912,155,155
1715656955.313715,807718912,0,0
1715656956.3148036,807718912,0,0
1715656957.3162365,941916160,10392240,10392240
1715656958.3176825,1035997184,402,402
1715656959.3191354,858836992,155,155
1715656960.3205283,917778432,0,0
1715656961.3219364,1023332352,0,0
1715656962.3231683,883638272,0,0
1715656963.3239894,935501824,292,292
1715656964.3253903,943280128,152,152
1715656965.3267734,871424000,0,0
1715656966.3282685,1318694912,0,0
1715656967.3294892,890167296,301,301
1715656968.3306594,963473408,295,295
1715656969.331383,1267986432,155,155
1715656970.3326037,915349504,0,0
1715656971.3339021,925855744,0,0
