Timestamp,MemoryUsage,NetSent,NetRecv
1715669842.6663115,512991232,0,0
1715669843.6668758,520593408,2520,2520
1715669844.668181,520593408,153,153
1715669845.6694133,520593408,309,309
1715669846.6706738,520593408,151,151
1715669847.6719265,520593408,0,0
1715669848.6731718,520593408,0,0
1715669849.6746597,520593408,152,152
1715669850.6759646,520593408,509,509
1715669851.6773508,520593408,193,193
1715669852.678722,520593408,0,0
1715669853.6800044,520593408,152,152
1715669854.6814697,520593408,152,152
1715669855.6827943,520593408,152,152
1715669856.6840973,520593408,193,193
1715669857.6855164,520593408,0,0
1715669858.6869416,520593408,0,0
1715669859.6882703,520593408,152,152
1715669860.6896508,520593408,152,152
1715669861.690615,520593408,192,192
1715669862.6920278,520593408,0,0
1715669863.6932628,520593408,10389788,10389788
1715669864.6945145,520593408,2945,2945
1715669865.6959436,520593408,341,341
1715669866.697432,520593408,667,667
1715669867.6987517,520593408,669,669
1715669868.7002988,520593408,512,512
1715669869.7015548,520593408,814,814
1715669870.7029786,520593408,327,327
1715669871.7042365,520593408,869,869
1715669872.7055473,520593408,498,498
1715669873.706718,520593408,529,529
1715669874.7080548,520593408,816,816
1715669875.7091522,520593408,336,336
1715669876.7106006,520593408,848,848
1715669877.7119298,520593408,815,815
1715669878.7131765,520593408,707,707
1715669879.714443,520593408,660,660
1715669880.7159111,520593408,967,967
1715669881.7172725,520593408,783,783
1715669882.7186115,520593408,526,526
1715669883.7200308,520593408,673,673
1715669884.7213557,520593408,652,652
1715669885.722626,520593408,500,500
1715669886.723965,520593408,634,634
1715669887.7252278,520593408,695,695
1715669888.7266908,520593408,498,498
1715669889.7279067,520593408,910,910
1715669890.7293258,520593408,333,333
1715669891.7306082,520593408,857,857
1715669892.731892,520593408,496,496
1715669893.7332468,520593408,515,515
1715669894.7345672,520593408,817,817
1715669895.7359543,520593408,342,342
1715669896.7373965,520593408,810,810
1715669897.7388856,520593408,486,486
1715669898.7403038,520593408,686,686
1715669899.741605,520593408,648,648
1715669900.7426138,520593408,830,830
1715669901.744034,520593408,173,173
1715669902.7452788,520593408,342,342
1715669903.7467065,520593408,172,172
1715669904.7479858,520593408,505,505
1715669905.7491958,520593408,330,330
1715669906.7506585,520593408,174,174
1715669907.7521021,520593408,356,356
1715669908.753519,520593408,175,175
1715669909.7546885,520593408,501,501
1715669910.7559588,520593408,329,329
1715669911.7572384,520593408,349,349
1715669912.7586682,520593408,178,178
1715669913.7598913,520593408,357,357
1715669914.7611713,520593408,329,329
1715669915.76246,520593408,496,496
1715669916.7640858,520593408,178,178
1715669917.7655108,520593408,169,169
1715669918.7668116,520593408,361,361
1715669919.7682762,520593408,327,327
1715669920.7696686,520593408,499,499
1715669921.7710195,520593408,171,171
1715669922.7723866,520593408,176,176
1715669923.7738464,520593408,354,354
1715669924.7752542,520593408,325,325
1715669925.7765093,520593408,511,511
1715669926.7779202,520593408,170,170
1715669927.7793572,520593408,351,351
1715669928.7806423,520593408,174,174
1715669929.78194,520593408,334,334
1715669930.7827783,520593408,503,503
1715669931.7841883,520593408,182,182
1715669932.7854922,520593408,348,348
1715669933.7870572,520593408,176,176
1715669934.7883277,520593408,499,499
1715669935.7897017,520593408,330,330
1715669936.7910047,520593408,355,355
1715669937.7924774,520593408,181,181
1715669938.793882,520593408,177,177
1715669939.7952614,520593408,497,497
1715669940.7967753,520593408,330,330
1715669941.798155,520593408,353,353
1715669942.7988145,520593408,175,175
1715669943.8000581,520593408,354,354
1715669944.801465,520593408,335,335
1715669945.8027759,520593408,328,328
1715669946.803598,520593408,347,347
1715669947.8049214,520593408,180,180
1715669948.80632,520593408,185,185
1715669949.8077455,520593408,508,508
1715669950.8091505,520593408,321,321
1715669951.8105004,520593408,352,352
1715669952.8119261,520593408,172,172
1715669953.8132012,520593408,347,347
1715669954.8146844,520593408,337,337
1715669955.8161206,520593408,329,329
1715669956.8175247,520593408,345,345
1715669957.8187943,520593408,4289,4289
1715669958.82023,520593408,354,354
1715669959.8216577,520593408,328,328
1715669960.8229105,520593408,517,517
1715669961.8241613,520593408,169,169
1715669962.8254292,520593408,347,347
1715669963.8266892,520593408,171,171
1715669964.8280032,520593408,326,326
1715669965.8294363,520593408,494,494
1715669966.8307629,520593408,10387657,10387657
1715669967.8321714,520593408,0,0
1715669968.8335812,520593408,0,0
1715669969.834563,520593408,153,153
1715669970.83599,520593408,152,152
1715669971.8372834,520593408,0,0
1715669972.8387234,520593408,0,0
1715669973.8399835,520593408,0,0
1715669974.8413537,520593408,152,152
1715669975.8426304,520593408,152,152
1715669976.844061,520593408,0,0
1715669977.8454812,520593408,0,0
1715669978.84688,520593408,0,0
1715669979.8482614,520593408,152,152
1715669980.8495662,520593408,152,152
1715669981.8510046,520593408,0,0
1715669982.852249,520593408,0,0
1715669983.8532517,520593408,0,0
1715669984.8547812,520593408,152,152
1715669985.8561578,520593408,152,152
1715669986.857415,520593408,0,0
1715669987.8589005,520593408,0,0
1715669988.8603125,520593408,0,0
1715669989.861602,520593408,152,152
1715669990.8630774,520593408,152,152
1715669991.864513,520593408,0,0
1715669992.8661084,520593408,0,0
1715669993.8673723,520593408,0,0
1715669994.8686981,520593408,152,152
1715669995.8701766,769146880,10390727,10390727
1715669996.8714795,1162571776,0,0
1715669997.8727484,780595200,0,0
1715669998.8743215,855887872,0,0
1715669999.8747869,1077047296,153,153
1715670000.876079,824561664,152,152
1715670001.877671,805859328,0,0
1715670002.8786144,1043259392,0,0
1715670003.8798823,780570624,0,0
1715670004.8813043,780734464,152,152
1715670005.882749,1234341888,152,152
1715670006.8840003,824688640,0,0
1715670007.885568,831004672,0,0
1715670008.8867805,1219866624,0,0
1715670009.8882258,908144640,152,152
1715670010.8894632,790024192,10388399,10388399
1715670011.890795,790024192,332,332
1715670012.8920527,790024192,357,357
1715670013.8933558,790024192,174,174
1715670014.8946576,790024192,505,505
1715670015.8960855,790024192,324,324
1715670016.8973382,790024192,344,344
1715670017.8988109,790024192,3129,3129
1715670018.9000678,790024192,352,352
1715670019.9015658,790024192,322,322
1715670020.9029663,790024192,504,504
1715670021.904396,790024192,174,174
1715670022.9060512,790024192,336,336
1715670023.907478,790024192,176,176
1715670024.909091,790024192,496,496
1715670025.9104578,790024192,326,326
1715670026.9118676,790024192,345,345
1715670027.9132113,790024192,174,174
1715670028.9148564,790024192,332,332
1715670029.9163134,790024192,321,321
1715670030.917621,790024192,499,499
1715670031.9188492,790024192,176,176
1715670032.920308,790024192,342,342
1715670033.9216495,790024192,172,172
1715670034.9227684,790024192,495,495
1715670035.9242666,790024192,326,326
1715670036.92565,790024192,341,341
1715670037.9267406,790024192,169,169
1715670038.9281132,790024192,342,342
1715670039.9295208,790024192,321,321
1715670040.9309483,790024192,491,491
1715670041.9323733,790024192,173,173
1715670042.933796,790024192,340,340
1715670043.9347115,790024192,176,176
1715670044.9361255,790024192,496,496
1715670045.9374924,790024192,317,317
1715670046.9386258,790024192,347,347
1715670047.9398808,790024192,351,351
1715670048.9411697,790024192,172,172
1715670049.9424407,790024192,495,495
1715670050.943864,790024192,324,324
1715670051.945129,790024192,353,353
1715670052.9465523,790024192,171,171
1715670053.9478168,790024192,345,345
1715670054.9490707,790024192,330,330
1715670055.9503691,790024192,498,498
1715670056.9518108,790024192,173,173
1715670057.9530778,790024192,344,344
1715670058.954409,790024192,169,169
1715670059.9556625,790024192,8799,8799
1715670060.9569721,790024192,6446,6446
1715670061.958225,790024192,7195,7195
1715670062.9588232,790024192,8992,8992
1715670063.960088,790024192,5690,5690
1715670064.9615624,790024192,3496,3496
1715670065.9626427,790024192,1935,1935
1715670066.9639554,790024192,1766,1766
1715670067.9652178,790024192,1647,1647
1715670068.9666917,790024192,1330,1330
1715670069.9679534,790024192,1606,1606
1715670070.96939,790024192,1529,1529
1715670071.970651,790024192,1356,1356
1715670072.9719017,790024192,1368,1368
1715670073.9733696,790024192,750,750
1715670074.9746656,790024192,1273,1273
1715670075.9760613,790024192,1543,1543
1715670076.9774542,790024192,734,734
1715670077.9786296,790024192,926,926
1715670078.9799194,790024192,741,741
1715670079.9813383,790024192,1720,1720
1715670080.9827406,790024192,1079,1079
1715670081.984047,790024192,747,747
1715670082.985394,790024192,1329,1329
1715670083.986765,790024192,909,909
1715670084.9880793,790024192,1942,1942
1715670085.9893358,790024192,1292,1292
1715670086.990759,790024192,1046,1046
1715670087.9920201,790024192,1025,1025
1715670088.9932992,790024192,909,909
1715670089.9947503,790024192,1449,1449
1715670090.9961708,790024192,1650,1650
1715670091.9974322,790024192,917,917
1715670092.9988365,790024192,1286,1286
1715670094.0001867,790024192,802,802
1715670095.0015872,790024192,1257,1257
1715670096.0029786,790024192,1525,1525
1715670097.0044577,790024192,744,744
1715670098.0057597,790024192,906,906
1715670099.0071568,790024192,1316,1316
1715670100.0084326,790024192,1333,1333
1715670101.0096796,790024192,1194,1194
1715670102.0110948,790024192,87483,87483
1715670103.012354,790024192,174,174
1715670104.0137722,790024192,500,500
1715670105.0150697,790024192,2002,2002
1715670106.0164611,790024192,904,904
1715670107.017897,790024192,1215,1215
1715670108.0194523,790024192,1027,1027
1715670109.020747,790024192,924,924
1715670110.0221205,790024192,1702,1702
1715670111.0226948,790024192,904,904
1715670112.023977,790024192,10389274,10389274
1715670113.0254042,790024192,1195,1195
1715670114.0268488,790024192,0,0
1715670115.028142,790024192,654,654
1715670116.0295634,790024192,155,155
1715670117.0306728,790024192,0,0
1715670118.0320816,790024192,355,355
1715670119.0334768,790024192,0,0
1715670120.0346622,790024192,446,446
1715670121.0359206,790024192,511,511
1715670122.0371673,790024192,0,0
1715670123.0385675,790024192,153,153
1715670124.0398266,790024192,0,0
1715670125.041292,790024192,345,345
1715670126.0425518,790024192,155,155
1715670127.0438144,790024192,0,0
1715670128.0451837,790024192,0,0
1715670129.0465953,790024192,0,0
1715670130.0475132,790024192,344,344
1715670131.0489125,790024192,152,152
1715670132.0501742,790024192,0,0
1715670133.0507646,790024192,0,0
1715670134.0522888,790024192,430,430
1715670135.0535276,790024192,403,403
1715670136.0547528,790024192,469,469
1715670137.0560505,790024192,157,157
1715670138.0574553,790024192,0,0
1715670139.0586414,790024192,473,473
1715670140.0600526,790024192,350,350
1715670141.0613353,790024192,469,469
1715670142.0627916,790024192,157,157
1715670143.0640562,790024192,0,0
1715670144.065461,790024192,635,635
1715670145.0667882,807010304,10389903,10389903
1715670146.0680566,1182720000,155,155
1715670147.0696175,863481856,151,151
1715670148.0706353,964333568,0,0
1715670149.0719287,863621120,0,0
1715670150.0731745,964325376,345,345
1715670151.0741172,954220544,510,510
1715670152.075516,987680768,0,0
1715670153.076837,1096200192,487,487
1715670154.0771377,806780928,0,0
1715670155.0786123,1006854144,1299,1299
1715670156.080026,857092096,155,155
1715670157.0814211,1140056064,0,0
1715670158.0826035,863326208,153,153
1715670159.0839162,947281920,0,0
1715670160.0851572,889856000,345,345
1715670161.0863266,976224256,10390058,10390058
1715670162.0877225,920526848,1794,1794
1715670163.089025,1291956224,1353,1353
1715670164.090512,930009088,760,760
1715670165.0920596,987697152,1357,1357
1715670166.0933652,1054994432,1511,1511
1715670167.094618,920637440,1377,1377
1715670168.0960302,1181310976,1126,1126
1715670169.0973692,949874688,1040,1040
1715670170.098604,895291392,1338,1338
1715670171.1000237,955617280,1505,1505
1715670172.101544,920326144,757,757
1715670173.1029596,1260433408,956,956
1715670174.1042407,970575872,1343,1343
1715670175.1063035,838860800,1306,1306
1715670176.1076126,979300352,1549,1549
1715670177.1089315,876498944,769,769
1715670178.1100743,977543168,947,947
1715670179.1108344,1120612352,1344,1344
1715670180.1119783,895303680,1288,1288
1715670181.11357,1121882112,1853,1853
1715670182.1146576,859803648,3003,3003
1715670183.116125,1095884800,1945,1945
1715670184.1174066,1019133952,1635,1635
1715670185.1186366,920551424,1355,1355
1715670186.1201413,1270665216,1547,1547
1715670187.120553,1019158528,1254,1254
1715670188.121926,920469504,952,952
1715670189.122667,855527424,4248,4248
1715670190.1242385,920408064,6016,6016
1715670191.1255875,1103101952,2094,2094
1715670192.1269379,1018793984,1516,1516
1715670193.1282556,895074304,958,958
1715670194.1296556,1310928896,1355,1355
1715670195.1309166,838627328,1180,1180
1715670196.132221,1054625792,1115,1115
1715670197.1336198,980627456,1155,1155
1715670198.1346686,922431488,943,943
1715670199.1362772,1129881600,1343,1343
1715670200.137762,914030592,1331,1331
1715670201.1387994,1052704768,951,951
1715670202.1400895,1031913472,1361,1361
1715670203.1414185,895475712,948,948
1715670204.1427705,1150369792,1354,1354
1715670205.1440625,895373312,1323,1323
1715670206.1453626,936550400,1692,1692
1715670207.1467745,1011994624,884,884
1715670208.148043,838819840,1620,1620
1715670209.1494298,939458560,1463,1463
1715670210.1507266,1006415872,5711,5711
1715670211.1521297,945471488,4032,4032
1715670212.1535378,1130250240,2064,2064
1715670213.1549876,889282560,1207,1207
1715670214.1564252,1021550592,971,971
1715670215.1578667,1085181952,2196,2196
1715670216.1592686,895246336,880,880
1715670217.1606493,1121701888,959,959
1715670218.1620107,939184128,1347,1347
1715670219.1626174,920457216,954,954
1715670220.1641304,1380876288,1926,1926
1715670221.1657162,926785536,4499,4499
1715670222.1670558,1057067008,1191,1191
1715670223.168467,1049264128,1368,1368
1715670224.1697083,916480000,953,953
1715670225.1708837,1289109504,2508,2508
1715670226.1721706,899760128,976,976
1715670227.1735883,1000476672,961,961
1715670228.1749806,1016258560,1346,1346
1715670229.1762264,895410176,960,960
1715670230.1776266,1216499712,1936,1936
1715670231.1790605,867143680,776,776
1715670232.1805017,942645248,961,961
1715670233.181859,895393792,1350,1350
1715670234.1829433,926797824,762,762
1715670235.1842635,996118528,1462,1462
1715670236.1855576,904036352,1417,1417
1715670237.1867957,882937856,957,957
1715670238.1882102,1170751488,1676,1676
1715670239.189695,939606016,768,768
1715670240.1910083,996241408,1749,1749
1715670241.1924598,1062174720,1415,1415
1715670242.1945271,920576000,766,766
1715670243.1957905,939560960,1273,1273
1715670244.197206,1037406208,1053,1053
1715670245.1984692,920707072,1837,1837
1715670246.1998556,1130377216,1416,1416
1715670247.2011867,964907008,775,775
1715670248.2025824,895594496,952,952
1715670249.2039742,1014849536,1337,1337
1715670250.205439,895647744,1283,1283
1715670251.2067568,1122144256,959,959
1715670252.2082357,938463232,1372,1372
1715670253.2101598,838991872,949,949
1715670254.2114842,1161973760,1362,1362
1715670255.2128165,926920704,1317,1317
1715670256.2141912,942075904,1272,1272
1715670257.2156088,943050752,1049,1049
1715670258.2168899,920715264,933,933
1715670259.2183099,1130668032,1356,1356
1715670260.2188036,889217024,1321,1321
1715670261.2202182,979398656,959,959
1715670262.221692,1129406464,1356,1356
1715670263.2226987,845037568,771,771
1715670264.2241366,1097609216,1745,1745
1715670265.2255733,942096384,1618,1618
1715670266.226592,927027200,941,941
1715670267.2280135,923172864,10392749,10392749
1715670268.229461,923172864,0,0
1715670269.2307148,923172864,154,154
1715670270.2319782,923172864,655,655
1715670271.233364,923172864,0,0
1715670272.2348385,923172864,0,0
1715670273.235931,923172864,0,0
1715670274.2372735,923172864,0,0
1715670275.2385948,923172864,496,496
1715670276.2400033,923172864,0,0
1715670277.2413054,923172864,320,320
1715670278.2427697,923172864,157,157
1715670279.2440856,923172864,0,0
1715670280.245397,923172864,1134,1134
1715670281.246676,923172864,0,0
1715670282.2480059,923172864,630,630
1715670283.2493258,923172864,840,840
1715670284.2505963,923172864,971,971
1715670285.2519555,923172864,6996,6996
1715670286.253217,923172864,12272,12272
1715670287.2546015,923172864,4194,4194
1715670288.2559342,923172864,0,0
1715670289.257467,923172864,310,310
1715670290.2588,923172864,506,506
1715670291.2602053,923172864,0,0
1715670292.2616215,923172864,0,0
1715670293.263021,923172864,0,0
1715670294.2643414,923172864,0,0
1715670295.26561,923172864,496,496
1715670296.2667725,923172864,0,0
1715670297.2680056,923172864,10388275,10388275
1715670298.269447,923172864,1604,1604
1715670299.2706244,923172864,0,0
1715670300.2718933,923172864,956,956
1715670301.2733078,923172864,0,0
1715670302.2747922,923172864,0,0
1715670303.2763057,923172864,151,151
1715670304.2778983,923172864,0,0
1715670305.2788637,923172864,500,500
1715670306.2801745,923172864,0,0
1715670307.2816124,923172864,0,0
1715670308.2829146,923172864,0,0
1715670309.2844064,923172864,0,0
1715670310.285806,923172864,496,496
1715670311.2870343,923172864,573,573
1715670312.2883375,923172864,10392737,10392737
1715670313.289758,923172864,1354,1354
1715670314.2910745,923172864,948,948
1715670315.2925203,923172864,1905,1905
1715670316.2939477,923172864,944,944
1715670317.2947946,923172864,1342,1342
1715670318.29611,923172864,947,947
1715670319.297501,923172864,1347,1347
1715670320.2987888,923172864,1579,1579
1715670321.300202,923172864,1047,1047
1715670322.3015623,923172864,1691,1691
1715670323.3029945,923172864,1155,1155
1715670324.3043077,923172864,1527,1527
1715670325.3057497,923172864,1328,1328
1715670326.3067825,923172864,1527,1527
1715670327.3080554,923172864,772,772
1715670328.3094673,923172864,1523,1523
1715670329.310771,923172864,935,935
1715670330.3122342,923172864,7400,7400
1715670331.313485,923172864,2901,2901
1715670332.314825,923172864,2375,2375
1715670333.3160794,923172864,3306,3306
1715670334.317512,923172864,1630,1630
1715670335.3186328,923172864,4444,4444
1715670336.3199298,923172864,1613,1613
1715670337.320244,923172864,941,941
1715670338.3216794,923172864,1330,1330
1715670339.3230805,923172864,954,954
1715670340.3245125,923172864,3298,3298
1715670341.3258734,923172864,8753,8753
1715670342.3267858,923172864,5428,5428
1715670343.328075,923172864,1482,1482
1715670344.329519,923172864,1353,1353
1715670345.3309479,923172864,3392,3392
1715670346.3322988,923172864,2257,2257
1715670347.333739,923172864,957,957
1715670348.3347788,923172864,1355,1355
1715670349.3361695,923172864,967,967
1715670350.337541,923172864,1921,1921
1715670351.338785,923172864,1258,1258
1715670352.340239,923172864,1049,1049
1715670353.3416266,923172864,1533,1533
1715670354.342651,923172864,956,956
1715670355.343988,923172864,1265,1265
1715670356.3452373,923172864,1580,1580
1715670357.3465464,923172864,1503,1503
1715670358.347812,923172864,1311,1311
1715670359.3492336,923172864,1082,1082
1715670360.350525,923172864,2090,2090
1715670361.3519535,923172864,1345,1345
1715670362.3532457,923172864,952,952
1715670363.3545823,923172864,2550,2550
1715670364.3558433,923172864,4588,4588
1715670365.3571928,923172864,3173,3173
1715670366.3586304,923172864,4082,4082
1715670367.359982,923172864,1311,1311
1715670368.3612268,923172864,1820,1820
1715670369.3627026,923172864,1567,1567
1715670370.3640945,923172864,1520,1520
1715670371.3655505,923172864,1351,1351
1715670372.3668272,923172864,947,947
1715670373.368121,923172864,1339,1339
1715670374.368648,923172864,2208,2208
1715670375.3701243,923172864,1899,1899
1715670376.3715503,923172864,2956,2956
1715670377.3729768,923172864,5564,5564
1715670378.3744092,923172864,1898,1898
1715670379.375894,923172864,1403,1403
1715670380.3773384,923172864,1524,1524
1715670381.378794,923172864,1354,1354
1715670382.3802145,923172864,965,965
1715670383.381527,923172864,1349,1349
1715670384.382963,923172864,1245,1245
1715670385.3843703,923172864,1608,1608
1715670386.3857915,923172864,1251,1251
1715670387.3867028,923172864,1060,1060
1715670388.3881123,923172864,946,946
1715670389.38934,923172864,961,961
1715670390.390768,923172864,2207,2207
1715670391.3920147,923172864,1534,1534
1715670392.393451,923172864,799,799
1715670393.394738,923172864,1392,1392
1715670394.3960288,923172864,1404,1404
1715670395.3972812,923172864,1512,1512
1715670396.3986197,923172864,1349,1349
1715670397.3998778,923172864,953,953
1715670398.4011726,923172864,1350,1350
1715670399.4024572,923172864,959,959
1715670400.4039056,923172864,1885,1885
1715670401.4051683,923172864,952,952
1715670402.4065027,923172864,1351,1351
1715670403.4077442,923172864,956,956
1715670404.4090636,923172864,88993,88993
1715670405.4103196,923172864,997,997
1715670406.411625,923172864,182,182
1715670407.4128764,923172864,365,365
1715670408.4142818,923172864,175,175
1715670409.4146848,923172864,10387614,10387614
1715670410.4161458,923172864,1513,1513
1715670411.4169621,923172864,0,0
1715670412.4182043,923172864,309,309
1715670413.4187653,923172864,0,0
1715670414.4202588,923172864,0,0
1715670415.4215183,923172864,499,499
1715670416.4229405,923172864,0,0
1715670417.4234893,923172864,361,361
1715670418.42496,923172864,0,0
1715670419.426441,923172864,0,0
1715670420.4277568,923172864,954,954
1715670421.429187,923172864,0,0
1715670422.4304726,923172864,99,99
1715670423.4318655,923172864,52,52
1715670424.4332635,923172864,0,0
1715670425.4347963,923172864,500,500
1715670426.4361057,923172864,0,0
1715670427.4375918,923172864,0,0
1715670428.438882,923172864,0,0
1715670429.440299,923172864,0,0
1715670430.4417229,923172864,496,496
1715670431.44282,923172864,0,0
1715670432.4440804,923172864,0,0
1715670433.4453845,923172864,0,0
1715670434.4468007,923172864,0,0
1715670435.4480827,923172864,496,496
1715670436.4494088,923172864,0,0
1715670437.4508328,923172864,0,0
1715670438.4522493,923172864,10389875,10389875
1715670439.4537601,923172864,157,157
1715670440.4546435,923172864,509,509
1715670441.4559414,923172864,0,0
1715670442.4573693,923172864,0,0
1715670443.4588072,923172864,0,0
1715670444.4603086,923172864,152,152
1715670445.4615624,923172864,344,344
1715670446.462839,923172864,0,0
1715670447.46409,923172864,0,0
1715670448.465539,923172864,0,0
1715670449.4669526,923172864,152,152
1715670450.46835,923172864,702,702
1715670451.469783,923172864,0,0
1715670452.4705648,923172864,10387906,10387906
1715670453.4720004,923172864,2654,2654
1715670454.4735668,923172864,1490,1490
1715670455.475014,923172864,1341,1341
1715670456.4765198,923172864,1339,1339
1715670457.4778383,923172864,1242,1242
1715670458.478829,923172864,1037,1037
1715670459.4802682,923172864,1091,1091
1715670460.4817512,923172864,1200,1200
1715670461.4827986,923172864,352,352
1715670462.4841447,923172864,1358,1358
1715670463.4855347,923172864,1245,1245
1715670464.4867601,923172864,1205,1205
1715670465.4880216,923172864,1644,1644
1715670466.4893699,923172864,1044,1044
1715670467.490744,923172864,1239,1239
1715670468.4921403,923172864,1047,1047
1715670469.4935298,923172864,1829,1829
1715670470.4950957,923172864,1485,1485
1715670471.4964473,923172864,1236,1236
1715670472.4979115,923172864,464,464
1715670473.4988089,923172864,1519,1519
1715670474.5002792,923172864,921,921
1715670475.501537,923172864,2497,2497
1715670476.502783,923172864,761,761
1715670477.5042005,923172864,1433,1433
1715670478.505569,923172864,184,184
1715670479.5067797,923172864,1904,1904
1715670480.5081346,923172864,1848,1848
1715670481.5095644,923172864,1521,1521
1715670482.5107946,923172864,191,191
1715670483.51201,923172864,2108,2108
1715670484.5134246,923172864,340,340
1715670485.5148582,923172864,1959,1959
1715670486.5162034,923172864,188,188
1715670487.5176344,923172864,512,512
1715670488.5190694,923172864,2495,2495
1715670489.5206537,923172864,1687,1687
1715670490.5214367,923172864,1175,1175
1715670491.5229774,923172864,1524,1524
1715670492.5235367,923172864,771,771
1715670493.5249481,923172864,1524,1524
1715670494.5265079,923172864,926,926
1715670495.5281026,923172864,1771,1771
1715670496.5295186,923172864,930,930
1715670497.5306847,923172864,1519,1519
1715670498.5320415,923172864,762,762
1715670499.5334766,923172864,1118,1118
1715670500.534902,923172864,1751,1751
1715670501.5363789,923172864,1257,1257
1715670502.5379128,923172864,464,464
1715670503.538691,923172864,467,467
1715670504.5401635,923172864,2645,2645
1715670505.541591,923172864,1915,1915
1715670506.5427213,923172864,764,764
1715670507.5440273,923172864,1536,1536
1715670508.5454712,923172864,762,762
1715670509.5467796,923172864,1679,1679
1715670510.5482674,923172864,1433,1433
1715670511.5496926,923172864,1527,1527
1715670512.5509613,923172864,774,774
1715670513.552364,923172864,1819,1819
1715670514.55359,923172864,1081,1081
1715670515.5547092,923172864,1756,1756
1715670516.5559685,923172864,961,961
1715670517.5572703,923172864,1362,1362
1715670518.558677,923172864,771,771
1715670519.5601203,923172864,1101,1101
1715670520.5617466,923172864,1742,1742
1715670521.562781,923172864,951,951
1715670522.5641825,923172864,1675,1675
1715670523.565595,923172864,957,957
1715670524.5668297,923172864,1036,1036
1715670525.5682366,923172864,1348,1348
1715670526.5695734,923172864,1344,1344
1715670527.5709019,923172864,951,951
1715670528.572182,923172864,1325,1325
1715670529.573531,923172864,337,337
1715670530.5746615,923172864,1982,1982
1715670531.5759833,923172864,1067,1067
1715670532.5772576,923172864,1238,1238
1715670533.5787172,923172864,1337,1337
1715670534.5799985,923172864,1108,1108
1715670535.5813012,923172864,1173,1173
1715670536.5825672,923172864,1548,1548
1715670537.5830424,923172864,684,684
1715670538.584362,923172864,992,992
1715670539.5858042,923172864,342,342
1715670540.5866709,923172864,2370,2370
1715670541.5879755,923172864,1522,1522
1715670542.5892587,923172864,946,946
1715670543.5908577,923172864,1358,1358
1715670544.5921178,923172864,1115,1115
1715670545.5933886,923172864,1768,1768
1715670546.5947046,923172864,777,777
1715670547.5960157,923172864,373,373
1715670548.5972433,923172864,1577,1577
1715670549.5985382,923172864,1515,1515
1715670550.599782,923172864,1408,1408
1715670551.6011229,923172864,10389724,10389724
1715670552.602449,923172864,0,0
1715670553.6033988,923172864,304,304
1715670554.6048236,923172864,153,153
1715670555.6060731,923172864,349,349
1715670556.607442,923172864,0,0
1715670557.6088576,923172864,0,0
1715670558.6101246,923172864,0,0
1715670559.6116064,923172864,152,152
1715670560.6129367,923172864,344,344
1715670561.6143477,923172864,0,0
1715670562.6148012,923172864,0,0
1715670563.6162398,923172864,0,0
1715670564.6176875,923172864,152,152
1715670565.618636,923172864,380,380
1715670566.619926,923172864,0,0
1715670567.6211998,923172864,0,0
1715670568.6214995,923172864,0,0
1715670569.6226861,923172864,152,152
1715670570.6241162,923172864,702,702
1715670571.6254132,923172864,0,0
1715670572.6268263,923172864,151,151
1715670573.6281772,923172864,0,0
1715670574.6295915,923172864,152,152
1715670575.6308582,923172864,348,348
1715670576.6321704,923172864,0,0
1715670577.6337729,923172864,0,0
1715670578.634644,923172864,0,0
1715670579.635975,923172864,152,152
1715670580.637268,923172864,10391481,10391481
1715670581.6386917,923172864,0,0
1715670582.6400988,923172864,302,302
1715670583.641369,923172864,0,0
1715670584.6426766,923172864,153,153
1715670585.6442711,923172864,346,346
1715670586.6455245,923172864,0,0
1715670587.6469135,923172864,0,0
1715670588.6483328,923172864,0,0
1715670589.6496081,923172864,152,152
1715670590.6511452,923172864,344,344
1715670591.6525505,923172864,0,0
1715670592.6538045,923172864,0,0
1715670593.6548395,923172864,0,0
