Timestamp,MemoryUsage,NetSent,NetRecv
1715656207.3888333,512651264,0,0
1715656208.3902574,520253440,4823,4823
1715656209.3905904,520253440,155,155
1715656210.3919864,520253440,422,422
1715656211.3933814,520253440,0,0
1715656212.394771,520253440,475,475
1715656213.3960514,520253440,350,350
1715656214.3972917,520253440,470,470
1715656215.3985996,520253440,157,157
1715656216.4000006,520253440,0,0
1715656217.401284,520253440,156,156
1715656218.402743,520253440,349,349
1715656219.4040182,520253440,152,152
1715656220.4055064,520253440,0,0
1715656221.4067683,520253440,0,0
1715656222.4080613,520253440,0,0
1715656223.4094548,520253440,448,448
1715656224.4108732,520253440,152,152
1715656225.4120915,520253440,0,0
1715656226.4133625,520253440,0,0
1715656227.4457073,552800256,10390514,10390514
1715656228.4469368,702861312,3512,3512
1715656229.4483511,1059123200,1516,1516
1715656230.4497724,752939008,781,781
1715656231.4511724,918949888,960,960
1715656232.4526138,936468480,1960,1960
1715656233.4538476,754397184,1359,1359
1715656234.4546478,977661952,1218,1218
1715656235.4561086,789422080,1053,1053
1715656236.4573793,771735552,943,943
1715656237.458804,864997376,1343,1343
1715656238.4602196,760659968,1083,1083
1715656239.4616625,1128140800,1405,1405
1715656240.462477,784273408,1046,1046
1715656241.4638982,815214592,937,937
1715656242.4651945,992530432,1337,1337
1715656243.4667041,791318528,1065,1065
1715656244.4680173,803045376,1421,1421
1715656245.4693203,853590016,1041,1041
1715656246.4705536,715153408,1534,1534
1715656247.4720087,1174700032,1350,1350
1715656248.473553,754769920,1080,1080
1715656249.4747713,879091712,1110,1110
1715656250.476047,821080064,1360,1360
1715656251.477351,791547904,932,932
1715656252.478593,1039646720,1355,1355
1715656253.4799023,759422976,1448,1448
1715656254.4812684,753074176,1165,1165
1715656255.4827113,1004290048,1334,1334
1715656256.4840002,780431360,769,769
1715656257.4854,812146688,1244,1244
1715656258.4866612,835829760,1455,1455
1715656259.4878783,726355968,1095,1095
1715656260.4892404,1006125056,1343,1343
1715656261.4905238,741834752,184,184
1715656262.4917393,732807168,1597,1597
1715656263.4930878,874168320,1687,1687
1715656264.4944572,759525376,1112,1112
1715656265.4958055,1030643712,1343,1343
1715656266.4973314,748339200,773,773
1715656267.4987156,878481408,953,953
1715656268.500069,832880640,1655,1655
1715656269.5013096,775294976,1091,1091
1715656270.5027094,1114816512,1072,1072
1715656271.503966,753168384,1058,1058
1715656272.505321,762884096,947,947
1715656273.5060136,886280192,1646,1646
1715656274.507341,733421568,1531,1531
1715656275.5088274,959881216,1404,1404
1715656276.510248,742809600,1044,1044
1715656277.5116363,888238080,1160,1160
1715656278.5129094,843485184,1640,1640
1715656279.5143044,736350208,1405,1405
1715656280.514643,931770368,1541,1541
1715656281.5161366,763179008,1246,1246
1715656282.5174878,798842880,955,955
1715656283.518739,909389824,2063,2063
1715656284.519962,731459584,1173,1173
1715656285.5212655,992301056,1610,1610
1715656286.5227797,759341056,981,981
1715656287.5241325,799309824,1235,1235
1715656288.5255022,826359808,1458,1458
1715656289.526648,855465984,1117,1117
1715656290.5280218,879439872,1352,1352
1715656291.5293047,770822144,955,955
1715656292.5306756,977129472,1649,1649
1715656293.5319982,749838336,1019,1019
1715656294.53331,857423872,1109,1109
1715656295.5347137,931151872,1836,1836
1715656296.5359507,733212672,948,948
1715656297.5372777,980881408,1341,1341
1715656298.538809,759189504,1125,1125
1715656299.5401056,794804224,1405,1405
1715656300.5414712,884531200,1055,1055
1715656301.542748,836177920,955,955
1715656302.5440774,878051328,1349,1349
1715656303.5454288,760729600,1360,1360
1715656304.5467334,1159933952,1517,1517
1715656305.5481153,771911680,768,768
1715656306.5494795,1114890240,1553,1553
1715656307.5506744,744288256,1045,1045
1715656308.552032,732512256,1380,1380
1715656309.5533495,815407104,1514,1514
1715656310.5545948,773312512,945,945
1715656311.5559273,1210122240,1346,1346
1715656312.5571952,774918144,763,763
1715656313.5586116,1118945280,1571,1571
1715656314.5599494,774160384,1636,1636
1715656315.5614004,923193344,997,997
1715656316.5626721,802074624,1352,1352
1715656317.5639038,763269120,956,956
1715656318.5653079,1030471680,1653,1653
1715656319.5666971,700166144,910,910
1715656320.5680842,885231616,957,957
1715656321.5693698,898932736,1360,1360
1715656322.570913,740319232,1082,1082
1715656323.572226,950206464,1841,1841
1715656324.5734928,736874496,1210,1210
1715656325.5747662,820379648,955,955
1715656326.5760288,917147648,1348,1348
1715656327.5772345,764039168,955,955
1715656328.5786366,1066901504,1634,1634
1715656329.5800745,737910784,929,929
1715656330.58148,982806528,1255,1255
1715656331.5827377,779059200,1058,1058
1715656332.583994,776855552,10389910,10389910
1715656333.585349,776855552,2631,2631
1715656334.5866277,776855552,156,156
1715656335.5879,776855552,0,0
1715656336.589198,776855552,0,0
1715656337.590576,776855552,0,0
1715656338.5918593,776855552,292,292
1715656339.5933108,776855552,152,152
1715656340.594612,776855552,0,0
1715656341.5958886,776855552,0,0
1715656342.5966673,776855552,0,0
1715656343.5979142,776855552,292,292
1715656344.5988622,776855552,152,152
1715656345.600214,776855552,0,0
1715656346.6014342,776855552,0,0
1715656347.602902,776855552,266,266
1715656348.604198,776855552,507,507
1715656349.605574,776855552,152,152
1715656350.606896,776855552,423,423
1715656351.6081383,776855552,0,0
1715656352.6095479,776855552,782,782
1715656353.61091,776855552,353,353
1715656354.6122024,776855552,579,579
1715656355.6136174,776855552,0,0
1715656356.614929,776855552,474,474
1715656357.616163,776855552,157,157
1715656358.6175268,776855552,350,350
1715656359.6189122,776855552,152,152
1715656360.6203241,776855552,0,0
1715656361.6216078,776855552,0,0
1715656362.622983,776855552,10393423,10393423
1715656363.6243744,776855552,643,643
1715656364.6257722,776855552,155,155
1715656365.6266394,776855552,0,0
1715656366.6280131,776855552,307,307
1715656367.6293404,776855552,0,0
1715656368.6307788,776855552,295,295
1715656369.6321635,776855552,155,155
1715656370.6334198,776855552,0,0
1715656371.6346827,776855552,0,0
1715656372.6361554,776855552,0,0
1715656373.6375718,776855552,292,292
1715656374.6386695,776855552,152,152
1715656375.639921,776855552,0,0
1715656376.6413145,776855552,0,0
1715656377.6426213,776855552,0,0
1715656378.6440458,776855552,10391925,10391925
1715656379.6452901,776855552,1696,1696
1715656380.646596,776855552,763,763
1715656381.6479776,776855552,941,941
1715656382.6492698,776855552,1632,1632
1715656383.650548,776855552,1546,1546
1715656384.651835,776855552,1501,1501
1715656385.6531715,776855552,763,763
1715656386.65447,776855552,932,932
1715656387.6558416,776855552,1616,1616
1715656388.6570783,776855552,1146,1146
1715656389.6584313,776855552,1503,1503
1715656390.659789,776855552,1185,1185
1715656391.661175,776855552,1290,1290
1715656392.6625957,776855552,1043,1043
1715656393.6639345,776855552,1241,1241
1715656394.6652362,776855552,1507,1507
1715656395.666493,776855552,934,934
1715656396.667731,776855552,1332,1332
1715656397.6690993,776855552,760,760
1715656398.6704848,776855552,1250,1250
1715656399.671786,776855552,1505,1505
1715656400.6730332,776855552,947,947
1715656401.6744373,776855552,1340,1340
1715656402.675835,776855552,772,772
1715656403.6772623,776855552,1552,1552
1715656404.678669,776855552,1205,1205
1715656405.6799164,776855552,930,930
1715656406.681278,776855552,1339,1339
1715656407.682538,776855552,950,950
1715656408.6839113,776855552,1638,1638
1715656409.6851952,776855552,902,902
1715656410.6866422,776855552,951,951
1715656411.687907,776855552,1834,1834
1715656412.6891305,776855552,1261,1261
1715656413.6906052,776855552,1766,1766
1715656414.691991,776855552,911,911
1715656415.6932483,776855552,943,943
1715656416.6945853,776855552,1400,1400
1715656417.6958342,776855552,940,940
1715656418.6971054,776855552,1641,1641
1715656419.6984816,776855552,1408,1408
1715656420.6998363,776855552,1542,1542
1715656421.7011766,776855552,1240,1240
1715656422.7025352,776855552,951,951
1715656423.7039125,776855552,2129,2129
1715656424.7051625,776855552,1110,1110
1715656425.7065287,776855552,1786,1786
1715656426.7078521,776855552,1072,1072
1715656427.7091424,776855552,1219,1219
1715656428.7104254,776855552,1850,1850
1715656429.7116814,776855552,1102,1102
1715656430.713025,776855552,2466,2466
1715656431.7144544,776855552,985,985
1715656432.7157886,776855552,1235,1235
1715656433.7170584,776855552,1355,1355
1715656434.7183266,776855552,1103,1103
1715656435.719705,776855552,1355,1355
1715656436.7211046,776855552,773,773
1715656437.7214723,776855552,1303,1303
1715656438.7228334,776855552,1072,1072
1715656439.7241933,776855552,1104,1104
1715656440.7255256,776855552,1359,1359
1715656441.7266257,776855552,932,932
1715656442.72801,776855552,1658,1658
1715656443.7294385,776855552,1075,1075
1715656444.7308033,776855552,1106,1106
1715656445.7321713,776855552,1365,1365
1715656446.7334075,776855552,930,930
1715656447.7347128,776855552,1354,1354
1715656448.7360172,776855552,1062,1062
1715656449.7373142,776855552,1098,1098
1715656450.7387118,776855552,1353,1353
1715656451.739973,776855552,1378,1378
1715656452.7412753,776855552,1403,1403
1715656453.7426136,776855552,1069,1069
1715656454.7440293,776855552,1416,1416
1715656455.744489,776855552,1053,1053
1715656456.7457986,776855552,942,942
1715656457.7466688,776855552,1365,1365
1715656458.7479155,776855552,1014,1014
1715656459.7493122,776855552,1234,1234
1715656460.750595,776855552,1040,1040
1715656461.7518919,776855552,88483,88483
1715656462.7529712,776855552,1239,1239
1715656463.7542133,776855552,1270,1270
1715656464.7546916,776855552,1495,1495
1715656465.7561224,776855552,776,776
1715656466.7575455,776855552,1246,1246
1715656467.759014,776855552,1054,1054
1715656468.7603993,776855552,1231,1231
1715656469.7618387,776855552,1508,1508
1715656470.7626417,776855552,950,950
1715656471.764016,776855552,1636,1636
1715656472.7653565,776855552,1474,1474
1715656473.766682,776855552,1192,1192
1715656474.768108,776855552,1523,1523
1715656475.769364,776855552,959,959
1715656476.7707446,776855552,1355,1355
1715656477.772127,776855552,769,769
1715656478.7733924,776855552,1285,1285
1715656479.7748015,776855552,1505,1505
1715656480.7760344,776855552,955,955
1715656481.7774074,776855552,1348,1348
1715656482.778766,776855552,10391371,10391371
1715656483.7800558,776855552,301,301
1715656484.7813315,776855552,155,155
1715656485.7828877,776855552,0,0
1715656486.784176,776855552,299,299
1715656487.785619,776855552,0,0
1715656488.787023,776855552,295,295
1715656489.7883623,776855552,155,155
1715656490.7896028,776855552,0,0
1715656491.7906637,776855552,0,0
1715656492.7920573,776855552,0,0
1715656493.7933154,776855552,292,292
1715656494.7947638,776855552,152,152
1715656495.7960165,776855552,0,0
1715656496.7972753,776855552,0,0
1715656497.7986736,776855552,0,0
1715656498.7999263,776855552,292,292
1715656499.8011684,776855552,152,152
1715656500.8027093,776855552,306,306
1715656501.8039815,776855552,0,0
1715656502.805227,776855552,300,300
1715656503.806603,776855552,649,649
1715656504.8079505,776855552,155,155
1715656505.8091943,776855552,151,151
1715656506.81066,776855552,0,0
1715656507.8120425,776855552,0,0
1715656508.813296,776855552,497,497
1715656509.8147151,776855552,0,0
1715656510.8159642,776855552,0,0
1715656511.8171792,776855552,10387584,10387584
1715656512.8184428,776855552,1594,1594
1715656513.8196754,776855552,455,455
1715656514.820981,776855552,0,0
1715656515.8223984,776855552,0,0
1715656516.823662,776855552,0,0
1715656517.8250499,776855552,0,0
1715656518.8265085,776855552,444,444
1715656519.8278236,776855552,0,0
1715656520.829127,776855552,0,0
1715656521.8304894,776855552,0,0
1715656522.8319306,776855552,0,0
1715656523.83331,776855552,444,444
1715656524.8345935,776855552,0,0
1715656525.8360183,776855552,0,0
1715656526.8372388,776855552,543,543
1715656527.8384955,840306688,10390436,10390436
1715656528.8398938,919162880,1801,1801
1715656529.841117,865538048,954,954
1715656530.8425663,1100521472,1342,1342
1715656531.843884,796196864,753,753
1715656532.8452938,968593408,2025,2025
1715656533.8466828,954269696,1602,1602
1715656534.8480701,974192640,941,941
1715656535.849361,869888000,1272,1272
1715656536.8505929,834027520,943,943
1715656537.8520021,1006768128,1336,1336
1715656538.8534362,840339456,1396,1396
1715656539.854717,932618240,1345,1345
1715656540.8553007,843448320,754,754
1715656541.8566165,1048924160,1473,1473
1715656542.8579218,833708032,823,823
1715656543.8587859,919072768,1688,1688
1715656544.8603168,865415168,1089,1089
1715656545.861628,882405376,949,949
1715656546.8627853,949047296,1655,1655
1715656547.864015,840282112,952,952
1715656548.8654473,837267456,1805,1805
1715656549.8669214,834007040,932,932
1715656550.8683426,1106669568,1353,1353
1715656551.8698192,834011136,1202,1202
1715656552.8707173,1089503232,1306,1306
1715656553.8719966,949542912,1490,1490
1715656554.873336,957009920,946,946
1715656555.8747368,991391744,1339,1339
1715656556.8759809,840314880,947,947
1715656557.877263,982392832,1331,1331
1715656558.8785236,834174976,1407,1407
1715656559.879916,1081548800,1354,1354
1715656560.8813128,834068480,774,774
1715656561.882623,1197133824,1251,1251
1715656562.8839223,863739904,1331,1331
1715656563.8851914,978907136,1701,1701
1715656564.8866138,923385856,1363,1363
1715656565.8879495,833871872,951,951
1715656566.889305,915783680,1572,1572
1715656567.890681,840183808,958,958
1715656568.8920228,911495168,1726,1726
1715656569.8932347,827748352,944,944
1715656570.8946202,1142489088,1353,1353
1715656571.8959599,821616640,1183,1183
1715656572.8973143,1048403968,1313,1313
1715656573.8986397,884482048,1512,1512
1715656574.9000769,980611072,949,949
1715656575.9014935,865787904,1345,1345
1715656576.9027078,827740160,950,950
1715656577.903693,957558784,1364,1364
1715656578.9049098,844148736,1512,1512
1715656579.9064496,1312243712,1340,1340
1715656580.9078465,848052224,769,769
1715656581.9092152,1018613760,1348,1348
1715656582.9105759,833470464,766,766
1715656583.9118633,976699392,1406,1406
1715656584.913134,941096960,1336,1336
1715656585.9142268,840404992,960,960
1715656586.9155235,844595200,1358,1358
1715656587.9167652,834134016,761,761
1715656588.9180815,1075433472,1980,1980
1715656589.9194818,821538816,767,767
1715656590.9208503,998330368,1260,1260
1715656591.9222422,840564736,1478,1478
1715656592.9227467,914100224,1325,1325
1715656593.9240856,997769216,1795,1795
1715656594.9253116,846647296,954,954
1715656595.9266,915849216,1345,1345
1715656596.927834,840376320,944,944
1715656597.9291766,1123778560,1350,1350
1715656598.930648,834232320,1231,1231
1715656599.9320688,1058930688,1237,1237
1715656600.9333906,865701888,1055,1055
1715656601.9347873,895537152,956,956
1715656602.9361556,1007263744,1352,1352
1715656603.9373696,840450048,1495,1495
1715656604.9387403,846348288,1344,1344
1715656605.9403422,865501184,960,960
1715656606.9417033,1124605952,1348,1348
1715656607.9427726,815267840,755,755
1715656608.9434993,869851136,1740,1740
1715656609.944795,916037632,1056,1056
1715656610.9461436,890724352,958,958
1715656611.9467432,1012256768,1706,1706
1715656612.9479544,840597504,1061,1061
1715656613.9493265,916271104,1863,1863
1715656614.9506552,833970176,773,773
1715656615.9520214,1157877760,1507,1507
1715656616.9533548,859033600,771,771
1715656617.9547453,974278656,950,950
1715656618.9561162,973135872,1815,1815
1715656619.9573426,833994752,944,944
1715656620.9587348,909139968,1342,1342
1715656621.9599576,849600512,959,959
1715656622.9611847,1096855552,1892,1892
1715656623.9626029,836681728,1235,1235
1715656624.9640274,1164791808,1237,1237
1715656625.9653137,836444160,1048,1048
1715656626.9667723,974708736,946,946
1715656627.9680846,888852480,1352,1352
1715656628.9693162,818524160,10390361,10390361
1715656629.9707575,818524160,1299,1299
1715656630.9720225,818524160,0,0
1715656631.97347,818524160,306,306
1715656632.974832,818524160,0,0
1715656633.9763377,818524160,502,502
1715656634.9776058,818524160,0,0
1715656635.9789093,818524160,0,0
1715656636.9803338,818524160,0,0
1715656637.981648,818524160,0,0
1715656638.982757,818524160,444,444
1715656639.9841778,818524160,0,0
1715656640.985449,818524160,0,0
1715656641.9868343,818524160,0,0
1715656642.9881892,818524160,0,0
1715656643.989425,818524160,444,444
1715656644.990837,818524160,0,0
1715656645.9922683,818524160,0,0
1715656646.993506,818524160,0,0
1715656647.994929,818524160,0,0
1715656648.9964197,818524160,444,444
1715656649.9976847,818524160,0,0
1715656650.9989593,818524160,0,0
1715656652.0003133,818524160,0,0
1715656653.0017571,818524160,0,0
1715656654.0031703,818524160,444,444
1715656655.0045795,818524160,0,0
1715656656.0059469,818524160,0,0
1715656657.0071943,818524160,0,0
1715656658.0086038,818524160,0,0
1715656659.0098174,825630720,10390507,10390507
1715656660.011123,947240960,0,0
1715656661.0124342,1043550208,309,309
1715656662.013861,869601280,0,0
1715656663.0152667,929509376,0,0
1715656664.0166576,935063552,502,502
1715656665.018,806834176,0,0
1715656666.0188637,1269735424,0,0
1715656667.020079,889901056,303,303
1715656668.0213223,831803392,0,0
1715656669.0226161,1280335872,450,450
1715656670.0238636,822112256,0,0
1715656671.0252876,977489920,0,0
1715656672.0267274,1189404672,0,0
1715656673.027969,888119296,0,0
1715656674.029405,911564800,10393838,10393838
1715656675.0307732,949837824,966,966
1715656676.0320945,1052659712,1343,1343
1715656677.0333126,908210176,941,941
1715656678.034565,1132560384,1326,1326
1715656679.0361428,876789760,1215,1215
1715656680.0375428,1042337792,948,948
1715656681.0388184,936169472,1350,1350
1715656682.0400233,933298176,1234,1234
1715656683.041249,1074003968,1057,1057
1715656684.0425904,851562496,1709,1709
1715656685.0440176,1140940800,1243,1243
1715656686.0452957,983597056,1044,1044
1715656687.0465899,908128256,938,938
1715656688.0479085,1035948032,1340,1340
1715656689.0490956,933302272,1207,1207
1715656690.0504239,1143123968,1274,1274
1715656691.0518708,932413440,1042,1042
1715656692.053192,985387008,1313,1313
1715656693.054571,1058988032,1396,1396
1715656694.0558279,908001280,1417,1417
1715656695.0571475,1248092160,1344,1344
1715656696.0585034,950501376,771,771
1715656697.0598474,908062720,931,931
1715656698.0614064,1087033344,1348,1348
1715656699.062613,932888576,1403,1403
1715656700.064021,1216606208,1349,1349
1715656701.0653794,951672832,752,752
1715656702.0667703,943427584,958,958
1715656703.0681758,1043644416,1349,1349
1715656704.0694857,907706368,1406,1406
1715656705.070791,1116336128,1344,1344
1715656706.0721412,901459968,773,773
1715656707.0733645,908038144,947,947
1715656708.0746953,960573440,1367,1367
1715656709.0760267,933146624,1214,1214
1715656710.0774724,1105235968,1254,1254
1715656711.0789428,908128256,1047,1047
1715656712.0802839,985743360,1264,1264
1715656713.0816863,1022509056,1827,1827
1715656714.0825844,851582976,1408,1408
1715656715.084004,1181728768,1343,1343
1715656716.0853374,952168448,777,777
1715656717.0866113,975257600,951,951
1715656718.0880275,1038880768,1359,1359
1715656719.0892777,933367808,1412,1412
1715656720.0906906,1268879360,1346,1346
1715656721.092138,901898240,770,770
1715656722.0934172,979865600,1260,1260
1715656723.0948162,994619392,1057,1057
1715656724.0960362,908005376,1391,1391
1715656725.0972776,1159876608,1354,1354
1715656726.0988162,901820416,769,769
1715656727.1002123,1109315584,1245,1245
1715656728.101505,1017479168,1336,1336
1715656729.102921,851824640,1501,1501
1715656730.104352,1036963840,1357,1357
1715656731.10578,908238848,756,756
1715656732.1068118,1095897088,1543,1543
1715656733.1081636,952184832,1116,1116
1715656734.1094792,1013022720,1464,1464
1715656735.1108272,1038831616,1360,1360
1715656736.112061,933171200,950,950
1715656737.1134655,1199345664,1557,1557
1715656738.1149406,926924800,767,767
1715656739.1163473,1013559296,1411,1411
1715656740.11787,1059307520,1346,1346
1715656741.1190965,908189696,953,953
1715656742.120409,1103429632,1633,1633
1715656743.1218698,933396480,1071,1071
1715656744.1233108,1080320000,1708,1708
1715656745.124603,908132352,1048,1048
1715656746.1259181,946319360,949,949
1715656747.1268742,983613440,1649,1649
1715656748.1280966,907837440,1091,1091
1715656749.1296282,1086316544,1668,1668
1715656750.1307917,882843648,767,767
1715656751.1320865,1042116608,946,946
1715656752.1334813,1007562752,1342,1342
1715656753.1346788,933117952,5218,5218
1715656754.1361952,1368113152,1704,1704
1715656755.1377316,901718016,775,775
1715656756.1386843,1019408384,1361,1361
1715656757.1401875,893390848,1403,1403
1715656758.141409,908087296,1099,1099
1715656759.142956,1137016832,1671,1671
1715656760.144391,901931008,773,773
1715656761.1457925,1042341888,936,936
1715656762.1471267,893497344,1354,1354
1715656763.1483452,933228544,88841,88841
1715656764.1496582,1354719232,1670,1670
1715656765.1507876,901689344,755,755
1715656766.1522222,1084661760,961,961
1715656767.1535187,953987072,1362,1362
1715656768.1546304,907870208,1263,1263
1715656769.1560714,990519296,1497,1497
1715656770.1575491,951947264,773,773
1715656771.15871,941486080,1252,1252
1715656772.1600597,981663744,1545,1545
1715656773.161301,933310464,1255,1255
1715656774.1626058,991981568,1983,1983
1715656775.163967,908161024,768,768
1715656776.1653826,1086382080,1544,1544
1715656777.1668234,951971840,776,776
1715656778.168047,900935680,10390263,10390263
1715656779.169385,900935680,1002,1002
1715656780.170819,900935680,0,0
1715656781.1720796,900935680,305,305
1715656782.1735058,900935680,0,0
1715656783.1749635,900935680,346,346
1715656784.1752586,900935680,152,152
1715656785.176706,900935680,0,0
1715656786.1779957,900935680,0,0
1715656787.1792862,900935680,303,303
1715656788.1805773,900935680,295,295
1715656789.1818383,900935680,155,155
1715656790.1832526,900935680,0,0
1715656791.1845756,900935680,0,0
1715656792.185931,900935680,0,0
1715656793.1873643,900935680,292,292
1715656794.1889145,900935680,152,152
1715656795.1903608,900935680,0,0
1715656796.1908188,900935680,0,0
1715656797.1922195,900935680,0,0
1715656798.1934922,900935680,292,292
1715656799.1946685,900935680,152,152
1715656800.1961253,900935680,0,0
1715656801.197425,900935680,0,0
1715656802.1986086,900935680,303,303
1715656803.2000413,900935680,600,600
1715656804.2013915,900935680,155,155
1715656805.2026587,900935680,152,152
1715656806.2040226,900935680,0,0
1715656807.2053542,900935680,0,0
1715656808.2067175,900935680,10392326,10392326
1715656809.2081742,900935680,155,155
1715656810.2094374,900935680,0,0
1715656811.2106545,900935680,0,0
1715656812.211891,900935680,0,0
1715656813.213124,900935680,292,292
1715656814.2145662,900935680,152,152
1715656815.2159917,900935680,0,0
1715656816.2173038,900935680,0,0
1715656817.2186127,900935680,0,0
1715656818.2200015,900935680,292,292
1715656819.2214382,900935680,152,152
1715656820.2228374,900935680,0,0
1715656821.224255,900935680,0,0
1715656822.2257493,900935680,0,0
1715656823.2268214,990814208,10392716,10392716
1715656824.2281024,852414464,1120,1120
1715656825.2295394,1011470336,1353,1353
1715656826.2310526,908857344,768,768
1715656827.2325006,1248821248,1516,1516
1715656828.234105,902864896,1063,1063
1715656829.2348514,1066409984,1108,1108
1715656830.236117,997253120,1353,1353
1715656831.2374063,934264832,935,935
1715656832.238691,1319972864,1634,1634
1715656833.2400875,884682752,1061,1061
1715656834.241522,1024163840,1885,1885
1715656835.242666,984555520,1044,1044
1715656836.2438562,909078528,938,938
1715656837.245333,997613568,1340,1340
1715656838.246808,934158336,1095,1095
1715656839.2480786,1226268672,1413,1413
1715656840.2495837,938528768,1033,1033
1715656841.2507613,919805952,943,943
1715656842.25222,1072705536,1344,1344
1715656843.2535384,909119488,1357,1357
1715656844.2548366,1209225216,1226,1226
1715656845.2564044,934215680,1051,1051
1715656846.257829,1035571200,937,937
1715656847.2592661,1056436224,1655,1655
1715656848.2604885,934264832,1359,1359
1715656849.2620199,1143947264,1499,1499
1715656850.2627861,902852608,746,746
1715656851.264226,1082294272,946,946
1715656852.26555,1020489728,1340,1340
1715656853.2667658,909225984,1350,1350
1715656854.2681777,1183121408,1749,1749
1715656855.2696726,921194496,974,974
1715656856.2705245,1009922048,948,948
1715656857.271936,1021779968,1353,1353
1715656858.2734203,934232064,1351,1351
1715656859.2746108,1197088768,1488,1488
1715656860.2759225,908718080,757,757
1715656861.2773657,1095864320,1263,1263
1715656862.278796,1000255488,1343,1343
1715656863.2800016,909045760,1544,1544
1715656864.281105,1140568064,1493,1493
1715656865.2825475,902799360,767,767
1715656866.283849,1037139968,955,955
1715656867.2852108,982548480,1357,1357
1715656868.2864275,934326272,1245,1245
1715656869.2876956,1154605056,1504,1504
1715656870.289002,871919616,770,770
1715656871.2904608,1275924480,1258,1258
1715656872.2918847,1005289472,1055,1055
1715656873.2931845,908976128,1236,1236
1715656874.2946563,997900288,918,918
1715656875.2958689,933953536,1969,1969
1715656876.2970998,1186217984,1243,1243
1715656877.29857,927715328,928,928
1715656878.2999609,943271936,1248,1248
1715656879.3013132,984506368,1518,1518
1715656880.3025775,908992512,757,757
1715656881.3039932,1154764800,1546,1546
1715656882.3055623,902651904,747,747
1715656883.3068016,1001332736,1258,1258
1715656884.3080971,1072680960,1516,1516
1715656885.3093247,934137856,943,943
1715656886.3107243,1185288192,1349,1349
1715656887.3121867,902643712,758,758
1715656888.3134723,953090048,1509,1509
1715656889.3149943,908992512,1371,1371
1715656890.3162234,909004800,957,957
1715656891.3175163,1148416000,1333,1333
1715656892.3187714,915599360,1073,1073
1715656893.320155,962244608,1551,1551
1715656894.3215647,999538688,1203,1203
1715656895.32259,934281216,1380,1380
1715656896.3238268,1035386880,1409,1409
1715656897.32514,857063424,749,749
1715656898.3266,1021861888,1566,1566
1715656899.327966,984444928,1212,1212
1715656900.3292646,908963840,947,947
1715656901.33072,927375360,1342,1342
1715656902.3322778,934166528,767,767
1715656903.3337104,1288953856,1579,1579
1715656904.3350244,945283072,1213,1213
1715656905.336442,971976704,942,942
1715656906.337854,989081600,1349,1349
1715656907.3385093,909381632,1251,1251
1715656908.3397563,1150382080,1656,1656
1715656909.3410485,913469440,923,923
1715656910.342554,1077334016,931,931
1715656911.3439467,965967872,1361,1361
1715656912.3446028,934121472,957,957
1715656913.3460248,1260326912,1656,1656
1715656914.3474216,887513088,915,915
1715656915.3488488,1042829312,958,958
1715656916.3502448,984563712,1842,1842
1715656917.350577,909074432,954,954
1715656918.3518405,939130880,1750,1750
1715656919.3533092,902705152,929,929
1715656920.354736,1009647616,955,955
1715656921.3561153,1057951744,1355,1355
1715656922.3597753,852578304,1261,1261
1715656923.36112,938373120,918,918
1715656924.3625112,908861440,1484,1484
1715656925.3638928,1087475712,1539,1539
1715656926.3653324,953196544,773,773
1715656927.3665814,902029312,10389820,10389820
1715656928.3679862,902029312,1249,1249
1715656929.3693795,902029312,156,156
1715656930.3707745,902029312,0,0
1715656931.372167,902029312,0,0
1715656932.3734365,902029312,0,0
1715656933.3746264,902029312,292,292
1715656934.375923,902029312,152,152
1715656935.3768654,902029312,0,0
1715656936.3781197,902029312,0,0
1715656937.379039,902029312,0,0
1715656938.380447,902029312,292,292
1715656939.381703,902029312,152,152
1715656940.382738,902029312,0,0
1715656941.3839946,902029312,0,0
1715656942.3852482,902029312,0,0
1715656943.3865626,902029312,292,292
1715656944.387961,902029312,152,152
1715656945.389218,902029312,0,0
1715656946.3907802,902029312,0,0
1715656947.3920488,902029312,0,0
1715656948.39269,902029312,292,292
1715656949.3941748,902029312,152,152
1715656950.3946962,902029312,0,0
1715656951.3960745,902029312,0,0
1715656952.3975315,902029312,302,302
1715656953.3987854,902029312,296,296
1715656954.4001577,902029312,155,155
1715656955.4014547,902029312,0,0
1715656956.4026792,902029312,0,0
1715656957.4039729,902029312,10392240,10392240
1715656958.4053154,902029312,402,402
1715656959.4065878,902029312,155,155
1715656960.408044,902029312,0,0
1715656961.4094691,902029312,0,0
1715656962.4107137,902029312,0,0
1715656963.4120102,902029312,292,292
1715656964.4134357,902029312,152,152
1715656965.414611,902029312,0,0
1715656966.4160414,902029312,301,301
1715656967.4174514,902029312,0,0
1715656968.4188986,902029312,295,295
1715656969.4203176,902029312,155,155
1715656970.421601,902029312,0,0
1715656971.4227824,902029312,0,0
