Timestamp,MemoryUsage,NetSent,NetRecv
1715671479.629581,512999424,0,0
1715671480.630669,520601600,5793,5793
1715671481.6318874,520601600,1385,1385
1715671482.6333425,520601600,0,0
1715671483.6347938,520601600,151,151
1715671484.6362011,520601600,304,304
1715671485.636929,520601600,349,349
1715671486.638164,520601600,0,0
1715671487.6394637,520601600,0,0
1715671488.640888,520601600,0,0
1715671489.6423533,520601600,152,152
1715671490.642825,520601600,344,344
1715671491.6432366,520601600,0,0
1715671492.6446464,520601600,0,0
1715671493.6459098,520601600,0,0
1715671494.647256,520601600,152,152
1715671495.6485195,520601600,448,448
1715671496.6497536,520601600,0,0
1715671497.6511476,520601600,0,0
1715671498.6517963,520601600,0,0
1715671499.6528127,520601600,152,152
1715671500.654197,520601600,344,344
1715671501.654768,759889920,10393704,10393704
1715671502.65614,744153088,1227,1227
1715671503.657578,922439680,1024,1024
1715671504.65813,789434368,1510,1510
1715671505.658779,780931072,1360,1360
1715671506.660097,904916992,184,184
1715671507.6613529,736616448,1565,1565
1715671508.662788,1067483136,189,189
1715671509.6640873,697032704,1207,1207
1715671510.6655226,904052736,5338,5338
1715671511.6667888,864092160,2377,2377
1715671512.668032,728317952,3379,3379
1715671513.6694224,988143616,2588,2588
1715671514.6708612,754733056,1669,1669
1715671515.6723893,810065920,1749,1749
1715671516.6736863,806731776,1652,1652
1715671517.6749072,776916992,960,960
1715671518.6763296,1096626176,769,769
1715671519.6776779,705339392,1071,1071
1715671520.6787896,858697728,1824,1824
1715671521.6800885,912252928,772,772
1715671522.6813238,715153408,2011,2011
1715671523.6827416,958750720,188,188
1715671524.6840386,759201792,1105,1105
1715671525.6853602,873521152,1240,1240
1715671526.6866767,901488640,771,771
1715671527.6881425,727818240,981,981
1715671528.689559,1019576320,768,768
1715671529.6907377,703512576,918,918
1715671530.692048,915288064,1378,1378
1715671531.693357,842596352,186,186
1715671532.6946192,777351168,1570,1570
1715671533.6960332,1056325632,774,774
1715671534.697434,719417344,1170,1170
1715671535.6988552,793378816,1696,1696
1715671536.7002122,821239808,1344,1344
1715671537.7014527,715087872,374,374
1715671538.7028902,1034797056,964,964
1715671539.7041943,724746240,1131,1131
1715671540.7056441,897028096,1210,1210
1715671541.706688,798158848,1824,1824
1715671542.7080061,826818560,960,960
1715671543.709404,837353472,770,770
1715671544.7106235,748154880,1838,1838
1715671545.712049,1030586368,1614,1614
1715671546.7134342,701865984,768,768
1715671547.7148075,868114432,901,901
1715671548.7161195,776781824,1336,1336
1715671549.7173588,779022336,1300,1300
1715671550.7187831,875110400,1277,1277
1715671551.7202291,735862784,466,466
1715671552.7216494,1013641216,1535,1535
1715671553.7227032,818749440,1348,1348
1715671554.7239642,736043008,725,725
1715671555.7254193,824131584,2094,2094
1715671556.726655,785666048,950,950
1715671557.7280405,971583488,1061,1061
1715671558.7296476,777121792,1040,1040
1715671559.7309644,801005568,1314,1314
1715671560.732282,945721344,2085,2085
1715671561.733565,740564992,951,951
1715671562.7348547,832892928,186,186
1715671563.7361953,762728448,967,967
1715671564.7375245,935395328,2248,2248
1715671565.7387266,834789376,1544,1544
1715671566.7400606,748740608,954,954
1715671567.7413821,1009491968,1340,1340
1715671568.7427433,761581568,765,765
1715671569.7441883,897290240,1313,1313
1715671570.7454827,809848832,1559,1559
1715671571.7466147,736743424,961,961
1715671572.7478747,1042178048,1290,1290
1715671573.7492044,722583552,235,235
1715671574.7505696,939294720,1892,1892
1715671575.7518709,918261760,1566,1566
1715671576.7531507,736292864,948,948
1715671577.7545865,1165090816,1361,1361
1715671578.7561438,774578176,763,763
1715671579.7574482,896995328,1724,1724
1715671580.7588882,910557184,1286,1286
1715671581.76011,787156992,950,950
1715671582.761444,1014374400,1366,1366
1715671583.762819,748113920,766,766
1715671584.7641563,1138155520,1508,1508
1715671585.7655106,833970176,1370,1370
1715671586.7667227,918106112,965,965
1715671587.7681541,963670016,1337,1337
1715671588.769534,738127872,617,617
1715671589.7707605,852066304,1451,1451
1715671590.7715843,768364544,1503,1503
1715671591.7729084,977465344,1259,1259
1715671592.774468,786817024,1055,1055
1715671593.7758718,879181824,1202,1202
1715671594.7773035,821080064,1714,1714
1715671595.7785378,778854400,1167,1167
1715671596.7798657,1066926080,1345,1345
1715671597.7813945,775553024,769,769
1715671598.7826912,930529280,1443,1443
1715671599.7839787,885612544,1779,1779
1715671600.78537,763461632,1162,1162
1715671601.7867067,843612160,770,770
1715671602.7882535,762195968,1355,1355
1715671603.7896643,1112588288,1269,1269
1715671604.791081,844849152,1362,1362
1715671605.7923238,784965632,10393148,10393148
1715671606.7935705,784965632,2060,2060
1715671607.794699,784965632,0,0
1715671608.7962048,784965632,304,304
1715671609.797473,784965632,347,347
1715671610.7988305,784965632,972,972
1715671611.80029,784965632,166,166
1715671612.8015382,784965632,0,0
1715671613.8028831,784965632,158,158
1715671614.8045397,784965632,347,347
1715671615.8058398,784965632,154,154
1715671616.8066819,784965632,0,0
1715671617.807898,784965632,0,0
1715671618.8092947,784965632,0,0
1715671619.810714,784965632,344,344
1715671620.811946,784965632,152,152
1715671621.813353,784965632,0,0
1715671622.8147936,784965632,0,0
1715671623.816044,784965632,0,0
1715671624.8173578,784965632,344,344
1715671625.8186097,784965632,152,152
1715671626.8199806,784965632,0,0
1715671627.821276,784965632,87548,87548
1715671628.822704,784965632,0,0
1715671629.824092,784965632,349,349
1715671630.8253896,784965632,152,152
1715671631.8266823,784965632,0,0
1715671632.8279772,784965632,157,157
1715671633.8293662,784965632,0,0
1715671634.8307743,784965632,454,454
1715671635.8321567,784965632,10393210,10393210
1715671636.8334498,784965632,0,0
1715671637.8347614,784965632,151,151
1715671638.8361537,784965632,151,151
1715671639.837548,784965632,347,347
1715671640.8390086,784965632,155,155
1715671641.840393,784965632,0,0
1715671642.8416262,784965632,0,0
1715671643.8427167,784965632,0,0
1715671644.8441849,784965632,344,344
1715671645.8454533,784965632,152,152
1715671646.846875,784965632,0,0
1715671647.8483593,784965632,0,0
1715671648.8496892,784965632,0,0
1715671649.851226,784965632,344,344
1715671650.8526254,784965632,10390769,10390769
1715671651.8540351,784965632,1677,1677
1715671652.8548074,784965632,1015,1015
1715671653.8562481,784965632,1349,1349
1715671654.8574736,784965632,1353,1353
1715671655.85893,784965632,920,920
1715671656.8601713,784965632,1528,1528
1715671657.861477,784965632,1345,1345
1715671658.862734,784965632,933,933
1715671659.864018,784965632,1101,1101
1715671660.8652823,784965632,1556,1556
1715671661.8667426,784965632,951,951
1715671662.8681874,784965632,1351,1351
1715671663.869494,784965632,901,901
1715671664.8706586,784965632,1170,1170
1715671665.8719695,784965632,1736,1736
1715671666.8734262,784965632,1346,1346
1715671667.8746796,784965632,949,949
1715671668.8760865,784965632,759,759
1715671669.8773453,784965632,1334,1334
1715671670.878751,784965632,2037,2037
1715671671.8800378,784965632,944,944
1715671672.8814223,784965632,770,770
1715671673.882799,784965632,183,183
1715671674.8841648,784965632,2469,2469
1715671675.885494,784965632,1202,1202
1715671676.886798,784965632,1257,1257
1715671677.8881426,784965632,1026,1026
1715671678.8895938,784965632,949,949
1715671679.8909166,784965632,1120,1120
1715671680.891382,784965632,1743,1743
1715671681.8928196,784965632,1066,1066
1715671682.8934972,784965632,1234,1234
1715671683.8948193,784965632,1348,1348
1715671684.8963175,784965632,1168,1168
1715671685.8977556,784965632,963,963
1715671686.8986669,784965632,1329,1329
1715671687.8999612,784965632,957,957
1715671688.901259,784965632,1713,1713
1715671689.9025555,784965632,1423,1423
1715671690.9040236,784965632,1543,1543
1715671691.9052775,784965632,966,966
1715671692.9065988,784965632,1341,1341
1715671693.907854,784965632,961,961
1715671694.9092636,784965632,1467,1467
1715671695.910614,784965632,1206,1206
1715671696.9118726,784965632,942,942
1715671697.9134438,784965632,769,769
1715671698.9147978,784965632,997,997
1715671699.916195,784965632,1705,1705
1715671700.9174294,784965632,1120,1120
1715671701.918787,784965632,769,769
1715671702.920012,784965632,1528,1528
1715671703.9214385,784965632,1341,1341
1715671704.922642,784965632,719,719
1715671705.9238784,784965632,953,953
1715671706.9252229,784965632,1409,1409
1715671707.9265494,784965632,1740,1740
1715671708.9279113,784965632,1047,1047
1715671709.929277,784965632,1257,1257
1715671710.9306436,784965632,1503,1503
1715671711.931944,784965632,972,972
1715671712.9334226,784965632,1349,1349
1715671713.9346192,784965632,962,962
1715671714.9359217,784965632,1161,1161
1715671715.937187,784965632,1145,1145
1715671716.9384704,784965632,1388,1388
1715671717.9398272,784965632,326,326
1715671718.9412377,784965632,1985,1985
1715671719.9426336,784965632,1115,1115
1715671720.9439857,784965632,1739,1739
1715671721.9453876,784965632,774,774
1715671722.946773,784965632,1265,1265
1715671723.9481988,784965632,1052,1052
1715671724.9495766,784965632,1321,1321
1715671725.9507823,784965632,1912,1912
1715671726.9520466,784965632,1070,1070
1715671727.9534135,784965632,1357,1357
1715671728.9546857,784965632,959,959
1715671729.9560223,784965632,1753,1753
1715671730.9574172,784965632,927,927
1715671731.9586933,784965632,1548,1548
1715671732.9600964,784965632,767,767
1715671733.9615197,784965632,1251,1251
1715671734.9627311,784965632,811,811
1715671735.9640677,784965632,1750,1750
1715671736.9654691,784965632,1349,1349
1715671737.966825,784965632,959,959
1715671738.9681423,784965632,1351,1351
1715671739.969413,784965632,1309,1309
1715671740.9707282,784965632,1561,1561
1715671741.9719799,784965632,963,963
1715671742.9735723,784965632,1341,1341
1715671743.9749708,784965632,767,767
1715671744.9763968,784965632,2047,2047
1715671745.977878,784965632,1208,1208
1715671746.9787781,784965632,965,965
1715671747.980069,784965632,1353,1353
1715671748.981329,784965632,964,964
1715671749.9827626,784965632,1755,1755
1715671750.9840183,784965632,1109,1109
1715671751.985485,784965632,10392557,10392557
1715671752.986804,784965632,0,0
1715671753.9882863,784965632,0,0
1715671754.989701,784965632,652,652
1715671755.9906175,784965632,155,155
1715671756.9920218,784965632,0,0
1715671757.9933453,784965632,0,0
1715671758.9946811,784965632,0,0
1715671759.9959154,784965632,344,344
1715671760.997322,784965632,152,152
1715671761.9987328,784965632,0,0
1715671763.0001216,784965632,0,0
1715671764.0015628,784965632,0,0
1715671765.00288,784965632,344,344
1715671766.0043125,784965632,152,152
1715671767.005553,784965632,0,0
1715671768.0066588,784965632,0,0
1715671769.007914,784965632,0,0
1715671770.0092347,784965632,344,344
1715671771.010528,784965632,152,152
1715671772.0119135,784965632,0,0
1715671773.0133471,784965632,335,335
1715671774.0146117,784965632,0,0
1715671775.0161302,784965632,3420,3420
1715671776.017433,784965632,3720,3720
1715671777.0188465,784965632,2028,2028
1715671778.0200984,784965632,1360,1360
1715671779.0213945,784965632,1043,1043
1715671780.0226688,784965632,408,408
1715671781.0240977,761421824,10389423,10389423
1715671782.0256193,1245171712,0,0
1715671783.026667,912179200,152,152
1715671784.028168,811413504,151,151
1715671785.029168,999776256,347,347
1715671786.0305855,1097621504,155,155
1715671787.0318427,830038016,0,0
1715671788.0332863,817737728,0,0
1715671789.0347884,1003782144,0,0
1715671790.0362372,1007603712,344,344
1715671791.0374553,817750016,152,152
1715671792.0388787,809115648,0,0
1715671793.0401547,1151406080,0,0
1715671794.0415685,914001920,0,0
1715671795.0426748,845799424,10389034,10389034
1715671796.044088,1003614208,1805,1805
1715671797.0453415,908812288,953,953
1715671798.0466754,1045192704,763,763
1715671799.048018,908845056,1538,1538
1715671800.0494778,960032768,1746,1746
1715671801.0506265,908742656,1101,1101
1715671802.0519443,1114390528,1827,1827
1715671803.0532582,902533120,940,940
1715671804.0546203,1324199936,748,748
1715671805.0558438,908771328,1837,1837
1715671806.057203,1154199552,1502,1502
1715671807.0584447,908906496,953,953
1715671808.059861,1266298880,764,764
1715671809.0613272,870809600,768,768
1715671810.0629303,1086869504,1682,1682
1715671811.0643713,902127616,1200,1200
1715671812.0657945,1203163136,1520,1520
1715671813.0672655,927330304,750,750
1715671814.0686536,1143422976,1526,1526
1715671815.0701926,870772736,1114,1114
1715671816.0707467,1116237824,1400,1400
1715671817.0723271,927559680,1050,1050
1715671818.0737646,990060544,1251,1251
1715671819.0750763,892329984,462,462
1715671820.0763855,1070317568,2148,2148
1715671821.0777385,977694720,1624,1624
1715671822.0791752,967675904,933,933
1715671823.0804791,983965696,1347,1347
1715671824.0817592,870711296,953,953
1715671825.0831873,1110401024,1763,1763
1715671826.0845273,870785024,1111,1111
1715671827.0859485,1027837952,1347,1347
1715671828.087167,908529664,620,620
1715671829.0886014,957476864,1099,1099
1715671830.0898402,902262784,1881,1881
1715671831.0914578,1143263232,1115,1115
1715671832.0928771,908316672,826,826
1715671833.094297,1183473664,1526,1526
1715671834.0948322,902094848,774,774
1715671835.09617,1306931200,1931,1931
1715671836.0976582,893734912,926,926
1715671837.0990958,1134870528,1254,1254
1715671838.1006186,902541312,1477,1477
1715671839.1020548,1156104192,1306,1306
1715671840.103515,882356224,1444,1444
1715671841.1049204,929775616,1103,1103
1715671842.1063135,901517312,1351,1351
1715671843.1076162,1009397760,948,948
1715671844.1089537,952688640,1346,1346
1715671845.1103475,912023552,1492,1492
1715671846.1118183,913907712,1696,1696
1715671847.1131551,1070264320,960,960
1715671848.1146867,944082944,1348,1348
1715671849.1159978,1065963520,936,936
1715671850.1174192,1000730624,1762,1762
1715671851.1188037,1053544448,1109,1109
1715671852.1202416,986071040,1350,1350
1715671853.1216593,1051336704,956,956
1715671854.122923,977833984,1341,1341
1715671855.124365,1029734400,1312,1312
1715671856.125673,944308224,1778,1778
1715671857.1270595,975634432,1167,1167
1715671858.1283765,1013407744,1332,1332
1715671859.1297393,934891520,959,959
1715671860.1307857,1032089600,1758,1758
1715671861.13213,912408576,1125,1125
1715671862.13354,902135808,1350,1350
1715671863.1347463,902123520,946,946
1715671864.1360776,908451840,1339,1339
1715671865.1374745,951046144,1324,1324
1715671866.1387691,944103424,1549,1549
1715671867.1399882,902144000,964,964
1715671868.1412992,1036369920,1343,1343
1715671869.1424668,908427264,946,946
1715671870.1437752,977588224,1647,1647
1715671871.1450844,902074368,1117,1117
1715671872.1465604,1100705792,1349,1349
1715671873.1478157,908525568,954,954
1715671874.149243,1011335168,1567,1567
1715671875.1504722,902356992,888,888
1715671876.151923,1015926784,1560,1560
1715671877.1531796,908541952,976,976
1715671878.154672,980557824,1339,1339
1715671879.1559,902148096,954,954
1715671880.157203,908513280,1752,1752
1715671881.1584704,908455936,1115,1115
1715671882.15978,1275666432,1357,1357
1715671883.1605353,927490048,185,185
1715671884.1621718,1143586816,2123,2123
1715671885.162691,908771328,1166,1166
1715671886.1643105,1103695872,1095,1095
1715671887.1657043,902430720,1357,1357
1715671888.1666608,1300779008,1539,1539
1715671889.1682072,908554240,777,777
1715671890.169533,1229635584,1308,1308
1715671891.171017,902422528,1560,1560
1715671892.172468,1174224896,1735,1735
1715671893.173915,927088640,1056,1056
1715671894.1746416,837378048,10390066,10390066
1715671895.1760921,837378048,357,357
1715671896.1776042,837378048,871,871
1715671897.1790545,837378048,0,0
1715671898.1805236,837378048,303,303
1715671899.1818695,837378048,0,0
1715671900.1832922,837378048,346,346
1715671901.1845348,837378048,155,155
1715671902.1859891,837378048,0,0
1715671903.187316,837378048,0,0
1715671904.1887333,837378048,0,0
1715671905.190133,837378048,344,344
1715671906.1914437,837378048,152,152
1715671907.1928656,837378048,0,0
1715671908.1941261,837378048,0,0
1715671909.194864,837378048,0,0
1715671910.1962616,837378048,344,344
1715671911.1976728,837378048,152,152
1715671912.1991065,837378048,0,0
1715671913.2005467,837378048,0,0
1715671914.2020054,837378048,0,0
1715671915.20265,837378048,344,344
1715671916.204051,837378048,152,152
1715671917.2055845,837378048,0,0
1715671918.2069936,837378048,0,0
1715671919.2083056,837378048,0,0
1715671920.2097642,837378048,344,344
1715671921.2112305,837378048,152,152
1715671922.2116222,837378048,0,0
1715671923.2131467,837378048,10388641,10388641
1715671924.2144523,837378048,631,631
1715671925.2159069,837378048,351,351
1715671926.2172742,837378048,155,155
1715671927.218744,837378048,0,0
1715671928.2202253,837378048,0,0
1715671929.2216535,837378048,0,0
1715671930.223272,837378048,344,344
1715671931.2246997,837378048,152,152
1715671932.2260466,837378048,0,0
1715671933.2268007,837378048,87564,87564
1715671934.2280912,837378048,0,0
1715671935.22953,837378048,349,349
1715671936.2307096,837378048,152,152
1715671937.2320647,837378048,0,0
1715671938.2333486,919298048,10391448,10391448
1715671939.2348123,1315749888,379,379
1715671940.236283,919322624,1512,1512
1715671941.2376916,1161506816,1676,1676
1715671942.2388334,913059840,758,758
1715671943.2401252,1276076032,1519,1519
1715671944.2416139,919113728,767,767
1715671945.2427876,1193672704,1298,1298
1715671946.244423,937885696,1528,1528
1715671947.2458744,1339850752,1250,1250
1715671948.2472503,874864640,1042,1042
1715671949.248578,1114034176,1481,1481
1715671950.2500217,937934848,1548,1548
1715671951.2508183,1145294848,1107,1107
1715671952.2523553,938254336,766,766
1715671953.2538123,1098891264,1709,1709
1715671954.2547297,915722240,1351,1351
1715671955.256125,1087823872,1339,1339
1715671956.257607,950784000,1495,1495
1715671957.258942,1091276800,953,953
1715671958.2603817,913051648,1341,1341
1715671959.2616968,1047113728,946,946
1715671960.262703,954998784,1907,1907
1715671961.2641053,1043599360,663,663
1715671962.2655494,1057923072,1622,1622
1715671963.2667475,986484736,947,947
1715671964.2681665,992571392,1334,1334
1715671965.269422,925437952,1507,1507
1715671966.2707167,954724352,1355,1355
1715671967.2723296,912752640,952,952
1715671968.2737508,934830080,1837,1837
1715671969.2749794,919326720,951,951
1715671970.276392,970121216,1331,1331
1715671971.2776434,919363584,981,981
1715671972.278766,998731776,1348,1348
1715671973.2800987,913092608,931,931
1715671974.2815316,1217261568,1354,1354
1715671975.282604,919277568,1319,1319
1715671976.2839017,1254637568,955,955
1715671977.2852335,912744448,1347,1347
1715671978.2866688,1231863808,1550,1550
1715671979.288185,919195648,770,770
1715671980.2894895,1288368128,874,874
1715671981.2909694,944386048,187,187
1715671982.2924333,1159614464,1953,1953
1715671983.2939503,919220224,1054,1054
1715671984.2953916,1151967232,1247,1247
1715671985.2967348,912982016,1504,1504
1715671986.2981591,1122631680,1326,1326
1715671987.2997942,875225088,1413,1413
1715671988.3011894,1114263552,1250,1250
1715671989.3026135,912805888,1055,1055
1715671990.303931,1019875328,1508,1508
1715671991.3053532,909295616,1342,1342
1715671992.3067677,1084260352,952,952
1715671993.308116,973807616,188,188
1715671994.3094394,1049300992,517,517
1715671995.3107798,912818176,686,686
1715671996.312122,1047257088,1994,1994
1715671997.3135617,1036025856,1360,1360
1715671998.3148086,990912512,953,953
1715671999.3161223,879525888,1352,1352
1715672000.3206902,862883840,866,866
1715672001.322058,1070284800,1975,1975
1715672002.3225834,963452928,957,957
1715672003.3239753,1145438208,1627,1627
1715672004.325191,938188800,1160,1160
1715672005.3265078,1124888576,1909,1909
1715672006.3277366,919199744,955,955
1715672007.329182,1194799104,768,768
1715672008.330463,912928768,1545,1545
1715672009.3317616,1299013632,1353,1353
1715672010.3331757,925405184,1326,1326
1715672011.3344715,1236115456,945,945
1715672012.335824,875229184,1345,1345
1715672013.3372717,1266569216,955,955
1715672014.3386533,947339264,1349,1349
1715672015.3399613,952946688,1411,1411
1715672016.3413594,862953472,1353,1353
1715672017.3426845,1053511680,953,953
1715672018.3441117,919334912,1353,1353
1715672019.3455436,1081143296,944,944
1715672020.346981,912875520,1898,1898
1715672021.348449,1074741248,950,950
1715672022.3497953,994754560,188,188
1715672023.3512282,1114685440,2096,2096
1715672024.3526447,1022050304,777,777
1715672025.3541336,1051664384,1542,1542
1715672026.3555887,1060614144,1358,1358
1715672027.35695,919183360,952,952
1715672028.3582358,950534144,1338,1338
1715672029.3587801,967966720,952,952
1715672030.360189,1031704576,1909,1909
1715672031.3616354,938631168,962,962
1715672032.3629982,1038786560,1354,1354
1715672033.3642156,919224320,960,960
1715672034.3655782,1063845888,1350,1350
1715672035.366797,912826368,1227,1227
1715672036.3682652,885526528,1611,1611
1715672037.3696876,837599232,10389880,10389880
1715672038.3706536,837599232,0,0
1715672039.3720872,837599232,304,304
1715672040.3733604,837599232,502,502
1715672041.3748186,837599232,0,0
1715672042.3762484,837599232,0,0
1715672043.377489,837599232,0,0
1715672044.3789043,837599232,0,0
1715672045.3803139,837599232,496,496
1715672046.3816965,837599232,0,0
1715672047.3826215,837599232,0,0
1715672048.3842149,837599232,0,0
1715672049.3856199,837599232,0,0
1715672050.3868625,837599232,496,496
1715672051.3882627,837599232,0,0
1715672052.3898582,837599232,0,0
1715672053.3906732,837599232,0,0
1715672054.3919146,837599232,0,0
1715672055.393367,837599232,600,600
1715672056.394814,837599232,0,0
1715672057.3960884,837599232,0,0
1715672058.3976045,837599232,0,0
1715672059.3988974,837599232,0,0
1715672060.4003413,837599232,496,496
1715672061.4017773,837599232,0,0
1715672062.40324,837599232,0,0
1715672063.4045463,837599232,0,0
1715672064.405802,837599232,0,0
1715672065.4071403,837599232,496,496
1715672066.4083984,837599232,10392222,10392222
1715672067.4099648,837599232,0,0
1715672068.4114046,837599232,302,302
1715672069.4127946,837599232,0,0
1715672070.4142568,837599232,502,502
1715672071.4155762,837599232,0,0
1715672072.4169817,837599232,0,0
1715672073.4185495,837599232,0,0
1715672074.4197922,837599232,0,0
1715672075.4211917,837599232,496,496
1715672076.4226086,837599232,0,0
1715672077.424137,837599232,0,0
1715672078.4255598,837599232,0,0
1715672079.4267914,837599232,0,0
1715672080.4280128,837599232,10389995,10389995
1715672081.4293323,837599232,2924,2924
1715672082.4308004,837599232,1353,1353
1715672083.4322364,837599232,947,947
1715672084.4337184,837599232,1343,1343
1715672085.4349747,837599232,1510,1510
1715672086.4362757,837599232,1343,1343
1715672087.4377534,837599232,765,765
1715672088.4388065,837599232,1247,1247
1715672089.4401236,837599232,460,460
1715672090.4414718,837599232,2073,2073
1715672091.4426649,837599232,1341,1341
1715672092.4439037,837599232,946,946
1715672093.4454026,837599232,1282,1282
1715672094.4466007,837599232,958,958
1715672095.4478557,837599232,1365,1365
1715672096.4493499,837599232,1053,1053
1715672097.450621,837599232,1247,1247
1715672098.4520116,837599232,1475,1475
1715672099.4533808,837599232,993,993
1715672100.4547591,837599232,1858,1858
1715672101.456025,837599232,952,952
1715672102.4574673,837599232,1344,1344
1715672103.4586315,837599232,951,951
1715672104.459927,837599232,1343,1343
1715672105.4613748,837599232,1323,1323
1715672106.4627585,837599232,1244,1244
1715672107.464083,837599232,464,464
1715672108.4653857,837599232,1523,1523
1715672109.4668314,837599232,759,759
1715672110.4680748,837599232,2098,2098
1715672111.469526,837599232,514,514
1715672112.4706361,837599232,1246,1246
1715672113.472044,837599232,1401,1401
1715672114.4734752,837599232,3008,3008
1715672115.4747953,837599232,1917,1917
1715672116.4761026,837599232,1058,1058
1715672117.4775202,837599232,1361,1361
1715672118.4787586,837599232,821,821
1715672119.4800076,837599232,1533,1533
1715672120.4810154,837599232,1869,1869
1715672121.4825423,837599232,1724,1724
1715672122.4836686,837599232,2186,2186
1715672123.485023,837599232,1047,1047
1715672124.486493,837599232,957,957
1715672125.487795,837599232,1920,1920
1715672126.4890463,837599232,945,945
1715672127.4903564,837599232,1348,1348
1715672128.4918015,837599232,758,758
1715672129.49307,837599232,958,958
1715672130.4944758,837599232,1357,1357
1715672131.4958317,837599232,965,965
1715672132.4971848,837599232,770,770
1715672133.4986384,837599232,1824,1824
1715672134.500132,837599232,1646,1646
1715672135.5014029,837599232,1732,1732
1715672136.5027637,837599232,1388,1388
1715672137.5040274,837599232,777,777
1715672138.505428,837599232,1533,1533
1715672139.5067246,837599232,933,933
1715672140.5081465,837599232,1352,1352
1715672141.5094645,837599232,1351,1351
1715672142.5105977,837599232,960,960
1715672143.5119443,837599232,1349,1349
1715672144.5132663,837599232,1104,1104
1715672145.5146735,837599232,1692,1692
1715672146.5160863,837599232,774,774
1715672147.5175412,837599232,1276,1276
1715672148.519024,837599232,1056,1056
1715672149.52034,837599232,1110,1110
1715672150.5217805,837599232,1742,1742
1715672151.5230315,837599232,954,954
1715672152.524299,837599232,770,770
1715672153.5256248,837599232,1365,1365
1715672154.527023,837599232,1589,1589
1715672155.5284631,837599232,1815,1815
1715672156.5299869,837599232,946,946
1715672157.5309148,837599232,1344,1344
1715672158.5321662,837599232,954,954
1715672159.5336053,837599232,1501,1501
1715672160.53487,837599232,1363,1363
1715672161.5362964,837599232,1350,1350
1715672162.5377443,837599232,777,777
1715672163.5386415,837599232,1254,1254
1715672164.5400074,837599232,1213,1213
1715672165.541449,837599232,1333,1333
1715672166.5428386,837599232,1353,1353
1715672167.5440814,837599232,952,952
1715672168.5454755,837599232,1354,1354
1715672169.5467253,837599232,951,951
1715672170.54836,837599232,1706,1706
1715672171.5497828,837599232,823,823
1715672172.551224,837599232,963,963
1715672173.552581,837599232,1846,1846
1715672174.5539267,837599232,1098,1098
1715672175.5547895,837599232,1021,1021
1715672176.5561638,837599232,1544,1544
1715672177.557603,837599232,1355,1355
1715672178.5586133,837599232,955,955
1715672179.5600004,837599232,1509,1509
1715672180.5612688,837599232,729,729
1715672181.5627308,837599232,1401,1401
1715672182.5640078,837599232,1280,1280
1715672183.5654,837599232,10387949,10387949
1715672184.5666401,837599232,1502,1502
1715672185.5680697,837599232,355,355
1715672186.5695016,837599232,0,0
1715672187.5706136,837599232,0,0
1715672188.5720582,837599232,0,0
1715672189.573402,837599232,152,152
1715672190.5748203,837599232,344,344
1715672191.5762348,837599232,0,0
1715672192.5775483,837599232,0,0
1715672193.5788054,837599232,0,0
1715672194.580062,837599232,152,152
1715672195.5815542,837599232,344,344
1715672196.5830684,837599232,0,0
1715672197.5845008,837599232,0,0
1715672198.585988,837599232,0,0
1715672199.5873091,837599232,152,152
1715672200.5887241,837599232,344,344
1715672201.5899453,837599232,0,0
1715672202.5914512,837599232,0,0
1715672203.5928743,837599232,0,0
1715672204.5941455,837599232,152,152
1715672205.5948474,837599232,448,448
1715672206.5962992,837599232,0,0
1715672207.5977354,837599232,0,0
1715672208.5991473,837599232,0,0
1715672209.6005735,837599232,152,152
1715672210.6019893,837599232,344,344
1715672211.6032069,837599232,10390380,10390380
1715672212.604632,837599232,1617,1617
1715672213.6060283,837599232,0,0
1715672214.6066756,837599232,459,459
1715672215.608086,837599232,349,349
1715672216.609389,837599232,0,0
1715672217.6108413,837599232,0,0
1715672218.6121328,837599232,0,0
1715672219.6135688,837599232,152,152
1715672220.6148307,837599232,344,344
1715672221.6162486,837599232,0,0
1715672222.6177657,837599232,0,0
1715672223.61878,837599232,0,0
1715672224.6201959,837599232,152,152
1715672225.6216192,837599232,344,344
