Timestamp,MemoryUsage,NetSent,NetRecv
1715660688.5840914,513048576,0,0
1715660689.5855906,520257536,6933,6933
1715660690.5866232,520257536,357,357
1715660691.5878646,520257536,0,0
1715660692.5892568,520257536,1465,1465
1715660693.5904999,520257536,1134,1134
1715660694.5917962,520257536,152,152
1715660695.593221,520257536,351,351
1715660696.5946884,520257536,338,338
1715660697.596075,520257536,158,158
1715660698.5973105,520257536,0,0
1715660699.5986962,520257536,786,786
1715660700.6002488,520257536,347,347
1715660701.6016746,520257536,475,475
1715660702.6029396,520257536,0,0
1715660703.60415,520257536,724,724
1715660704.6053965,520257536,154,154
1715660705.6067579,520257536,829,829
1715660706.6081452,520257536,0,0
1715660707.6095498,520257536,156,156
1715660708.6107635,520257536,0,0
1715660709.612011,520257536,10392829,10392829
1715660710.6134686,520257536,2808,2808
1715660711.6146176,520257536,952,952
1715660712.6160538,520257536,1591,1591
1715660713.61748,520257536,979,979
1715660714.6187418,520257536,1403,1403
1715660715.6201022,520257536,1444,1444
1715660716.621539,520257536,1257,1257
1715660717.6228757,520257536,1033,1033
1715660718.624281,520257536,955,955
1715660719.6255724,520257536,1501,1501
1715660720.6268268,520257536,1358,1358
1715660721.62824,520257536,1353,1353
1715660722.6294837,520257536,947,947
1715660723.6309123,520257536,1350,1350
1715660724.6321611,520257536,1260,1260
1715660725.6335447,520257536,1746,1746
1715660726.634634,520257536,759,759
1715660727.636051,520257536,1537,1537
1715660728.6376092,520257536,758,758
1715660729.638761,520257536,1419,1419
1715660730.640256,520257536,2086,2086
1715660731.6406276,520257536,958,958
1715660732.6419947,520257536,1340,1340
1715660733.6425903,520257536,1049,1049
1715660734.64392,520257536,1501,1501
1715660735.645165,520257536,1364,1364
1715660736.646533,520257536,1352,1352
1715660737.6479702,520257536,769,769
1715660738.649337,520257536,954,954
1715660739.6506822,520257536,1498,1498
1715660740.6520927,520257536,1258,1258
1715660741.6533277,520257536,1341,1341
1715660742.6545572,520257536,957,957
1715660743.6558466,520257536,1067,1067
1715660744.6570919,520257536,1389,1389
1715660745.6584973,520257536,1741,1741
1715660746.659955,520257536,771,771
1715660747.6612308,520257536,1576,1576
1715660748.6625743,520257536,1400,1400
1715660749.6638522,520257536,1103,1103
1715660750.6651738,520257536,1752,1752
1715660751.6664612,520257536,956,956
1715660752.6678853,520257536,1352,1352
1715660753.6691186,520257536,963,963
1715660754.6705468,520257536,1051,1051
1715660755.6719353,520257536,1628,1628
1715660756.673347,520257536,1251,1251
1715660757.6747544,520257536,1053,1053
1715660758.675999,520257536,952,952
1715660759.6773589,520257536,1513,1513
1715660760.6787488,520257536,1359,1359
1715660761.6801414,520257536,1349,1349
1715660762.681358,520257536,953,953
1715660763.6826262,520257536,1655,1655
1715660764.683863,520257536,1502,1502
1715660765.6852214,520257536,1755,1755
1715660766.6866207,520257536,767,767
1715660767.6880248,520257536,1253,1253
1715660768.689346,520257536,1053,1053
1715660769.6907501,520257536,1101,1101
1715660770.6921482,520257536,1703,1703
1715660771.6934323,520257536,961,961
1715660772.6946685,520257536,1350,1350
1715660773.6959248,520257536,961,961
1715660774.6973345,520257536,1503,1503
1715660775.6985793,520257536,1367,1367
1715660776.699971,520257536,1348,1348
1715660777.7012894,520257536,771,771
1715660778.7025404,520257536,1257,1257
1715660779.7038405,520257536,1204,1204
1715660780.7052188,520257536,1362,1362
1715660781.70668,520257536,1676,1676
1715660782.7079132,520257536,1116,1116
1715660783.7093084,520257536,768,768
1715660784.7105582,520257536,1790,1790
1715660785.7119372,520257536,1753,1753
1715660786.7133832,520257536,775,775
1715660787.7147348,520257536,951,951
1715660788.7160943,520257536,1349,1349
1715660789.7174065,520257536,1103,1103
1715660790.7187896,520257536,1759,1759
1715660791.7201505,520257536,950,950
1715660792.7214527,520257536,1158,1158
1715660793.7225926,520257536,1259,1259
1715660794.72392,520257536,1505,1505
1715660795.7252452,520257536,1181,1181
1715660796.7266593,520257536,960,960
1715660797.727983,520257536,1350,1350
1715660798.729392,520257536,999,999
1715660799.7308588,520257536,1992,1992
1715660800.732137,520257536,1371,1371
1715660801.7335339,520257536,1356,1356
1715660802.7346287,520257536,958,958
1715660803.7359405,520257536,1355,1355
1715660804.7371771,520257536,1112,1112
1715660805.738593,520257536,1761,1761
1715660806.7398465,520257536,961,961
1715660807.7411532,520257536,1660,1660
1715660808.7424088,520257536,962,962
1715660809.743816,520257536,1459,1459
1715660810.7450268,520257536,1429,1429
1715660811.746403,520257536,10390514,10390514
1715660812.7476501,520257536,0,0
1715660813.7488804,520257536,304,304
1715660814.750225,520257536,153,153
1715660815.7514727,520257536,349,349
1715660816.7528195,520257536,0,0
1715660817.7541387,520257536,0,0
1715660818.7553537,520257536,0,0
1715660819.7566059,520257536,152,152
1715660820.757018,520257536,344,344
1715660821.7583115,520257536,0,0
1715660822.7597005,520257536,0,0
1715660823.7611217,520257536,356,356
1715660824.7623696,520257536,152,152
1715660825.7637997,520257536,350,350
1715660826.7650478,520257536,0,0
1715660827.7662652,520257536,0,0
1715660828.7676332,520257536,0,0
1715660829.7688634,520257536,344,344
1715660830.7703044,520257536,152,152
1715660831.7707362,520257536,0,0
1715660832.7722304,520257536,0,0
1715660833.773474,520257536,0,0
1715660834.7745876,520257536,344,344
1715660835.7759683,520257536,152,152
1715660836.7774382,520257536,0,0
1715660837.7788017,520257536,0,0
1715660838.7801754,820338688,10392642,10392642
1715660839.7815657,898531328,357,357
1715660840.7825484,762159104,155,155
1715660841.7839975,956866560,0,0
1715660842.7853363,1048055808,0,0
1715660843.786522,787120128,0,0
1715660844.7879658,812179456,648,648
1715660845.7892191,831156224,207,207
1715660846.7904847,948838400,0,0
1715660847.7916708,762363904,0,0
1715660848.7930536,912482304,335,335
1715660849.7944238,1151131648,295,295
1715660850.795603,787415040,207,207
1715660851.79709,862920704,0,0
1715660852.7982662,777658368,528,528
1715660853.7985563,810971136,10390483,10390483
1715660854.7999122,960593920,1708,1708
1715660855.801095,865574912,1147,1147
1715660856.8014226,1124106240,1352,1352
1715660857.8027637,811102208,770,770
1715660858.8041325,1159647232,1523,1523
1715660859.8054664,855040000,1114,1114
1715660860.8068395,1237098496,1453,1453
1715660861.8082483,823402496,1048,1048
1715660862.8096445,1171636224,1247,1247
1715660863.8106635,911527936,1040,1040
1715660864.812116,1051656192,1297,1297
1715660865.8135855,911577088,1545,1545
1715660866.8147674,993632256,1331,1331
1715660867.8162475,897212416,1699,1699
1715660868.817479,832475136,957,957
1715660869.8187912,870785024,1697,1697
1715660870.82014,855040000,1169,1169
1715660871.8214347,1028964352,4651,4651
1715660872.8226116,810991616,3235,3235
1715660873.8240135,1015132160,1359,1359
1715660874.8253922,854822912,1262,1262
1715660875.8266442,956624896,1500,1500
1715660876.8279579,810967040,951,951
1715660877.8292608,1106489344,1347,1347
1715660878.830706,854921216,775,775
1715660879.8320527,1220194304,1827,1827
1715660880.832937,846700544,974,974
1715660881.8343575,1056264192,1251,1251
1715660882.8348942,861618176,1051,1051
1715660883.836189,1056509952,1946,1946
1715660884.8377368,886439936,1400,1400
1715660885.8390648,1012404224,1158,1158
1715660886.8404093,1003794432,1355,1355
1715660887.841755,903147520,951,951
1715660888.8427553,965177344,1348,1348
1715660889.8441978,821264384,1304,1304
1715660890.8454838,1005658112,1548,1548
1715660891.8467655,854642688,954,954
1715660892.8481123,950272000,1349,1349
1715660893.8493335,811048960,957,957
1715660894.8506768,955568128,1550,1550
1715660895.851899,854925312,1114,1114
1715660896.85337,1308725248,1345,1345
1715660897.8547144,811155456,763,763
1715660898.8562424,1056423936,1538,1538
1715660899.857546,855179264,1120,1120
1715660900.8586612,1232773120,1890,1890
1715660901.859994,835960832,1039,1039
1715660902.8614213,1003057152,1080,1080
1715660903.86289,861302784,1214,1214
1715660904.8642964,973778944,1307,1307
1715660905.8655806,880046080,1549,1549
1715660906.8668535,949522432,953,953
1715660907.8682888,836071424,1384,1384
1715660908.869485,810913792,947,947
1715660909.8706582,997752832,1692,1692
1715660910.8718781,854876160,1161,1161
1715660911.8733382,916033536,1354,1354
1715660912.874578,821366784,942,942
1715660913.8758667,989138944,1843,1843
1715660914.877239,855068672,1122,1122
1715660915.8785005,1113227264,1740,1740
1715660916.8798187,848572416,767,767
1715660917.8812182,1165471744,1971,1971
1715660918.8825471,861327360,766,766
1715660919.8839536,977182720,1655,1655
1715660920.885335,859295744,1204,1204
1715660921.88661,989147136,960,960
1715660922.8879354,860880896,1358,1358
1715660923.8892741,993247232,958,958
1715660924.8907804,999333888,1748,1748
1715660925.8920593,984879104,1113,1113
1715660926.8933635,923906048,1346,1346
1715660927.894737,883904512,3370,3370
1715660928.8960168,947286016,8661,8661
1715660929.8972108,810999808,6368,6368
1715660930.8985984,1083133952,1836,1836
1715660931.8998091,811139072,956,956
1715660932.9011605,992215040,1357,1357
1715660933.902358,854937600,955,955
1715660934.902597,962519040,2205,2205
1715660935.9038155,810991616,1117,1117
1715660936.9052098,1110519808,1352,1352
1715660937.9066632,854753280,766,766
1715660938.9079483,1070739456,1541,1541
1715660939.9092622,898818048,1122,1122
1715660940.9106545,1213329408,5824,5824
1715660941.912098,886603776,6384,6384
1715660942.9134665,1071001600,1329,1329
1715660943.9147096,861216768,1361,1361
1715660944.9160936,1013780480,1320,1320
1715660945.9174669,954466304,1559,1559
1715660946.9187896,903368704,963,963
1715660947.9201388,987807744,1799,1799
1715660948.921342,855093248,1017,1017
1715660949.922645,987144192,1983,1983
1715660950.923849,899022848,1356,1356
1715660951.925261,921038848,1841,1841
1715660952.9264872,931655680,10391714,10391714
1715660953.9278216,931655680,1050,1050
1715660954.9290624,931655680,782,782
1715660955.930281,931655680,155,155
1715660956.9315164,931655680,476,476
1715660957.9329562,931655680,0,0
1715660958.9342124,931655680,158,158
1715660959.9347677,931655680,349,349
1715660960.9360464,931655680,152,152
1715660961.9372487,931655680,0,0
1715660962.9378388,931655680,0,0
1715660963.9387932,931655680,0,0
1715660964.9402416,931655680,704,704
1715660965.9416633,931655680,155,155
1715660966.9420156,931655680,0,0
1715660967.942644,931655680,0,0
1715660968.9440606,931655680,0,0
1715660969.9453638,931655680,1453,1453
1715660970.9467907,931655680,157,157
1715660971.948152,931655680,8321,8321
1715660972.9494114,931655680,3751,3751
1715660973.950862,931655680,515,515
1715660974.9521744,931655680,359,359
1715660975.9534528,931655680,155,155
1715660976.9548333,931655680,0,0
1715660977.9560747,931655680,87574,87574
1715660978.9573407,931655680,158,158
1715660979.9588122,931655680,456,456
1715660980.9600685,931655680,10389416,10389416
1715660981.9615147,931655680,0,0
1715660982.962857,931655680,5198,5198
1715660983.9642155,931655680,1268,1268
1715660984.9654887,931655680,985,985
1715660985.9667633,931655680,156,156
1715660986.968102,931655680,369,369
1715660987.9693422,931655680,302,302
1715660988.9705913,931655680,0,0
1715660989.971944,931655680,497,497
1715660990.9732814,931655680,155,155
1715660991.974547,931655680,0,0
1715660992.9760122,931655680,0,0
1715660993.9773006,931655680,0,0
1715660994.9786928,1333399552,10391260,10391260
1715660995.979907,936775680,1109,1109
1715660996.9813387,1070927872,1341,1341
1715660997.9825892,936812544,955,955
1715660998.9840422,1126359040,1330,1330
1715660999.9855936,949374976,1305,1305
1715661000.9870834,968167424,1544,1544
1715661001.9883895,1071951872,942,942
1715661002.989398,936697856,1331,1331
1715661003.9907417,1049915392,1244,1244
1715661004.992071,935403520,5308,5308
1715661005.9934616,1242853376,8595,8595
1715661006.99486,936714240,2936,2936
1715661007.9962502,1249402880,1596,1596
1715661008.9977212,936607744,750,750
1715661009.9991417,1396330496,1932,1932
1715661011.0004058,936845312,1095,1095
1715661012.0017054,1070993408,1335,1335
1715661013.0026355,936714240,940,940
1715661014.0039513,1047912448,1338,1338
1715661015.005292,936464384,1359,1359
1715661016.0066967,1123020800,1500,1500
1715661017.0078793,936595456,947,947
1715661018.0083804,1159307264,1341,1341
1715661019.0097923,1008934912,1379,1379
1715661020.0106902,1012219904,1708,1708
1715661021.0120816,1101471744,1381,1381
1715661022.0134,1012236288,3717,3717
1715661023.0149076,1070931968,11776,11776
1715661024.0163074,944472064,6691,6691
1715661025.0176554,988717056,2104,2104
1715661026.018636,936890368,3073,3073
1715661027.0199413,1071091712,2125,2125
1715661028.0212207,986959872,2684,2684
1715661029.0226393,1037385728,1295,1295
1715661030.0241058,936701952,1657,1657
1715661031.0253787,1043697664,1159,1159
1715661032.0267851,948711424,1344,1344
1715661033.028169,1119064064,1255,1255
1715661034.0295503,936652800,1355,1355
1715661035.03079,1253777408,1599,1599
1715661036.0320623,968142848,1248,1248
1715661037.0335076,1171628032,1547,1547
1715661038.0346122,949268480,755,755
1715661039.035866,1142288384,2021,2021
1715661040.037087,936841216,11554,11554
1715661041.0384884,938463232,12223,12223
1715661042.0397043,936710144,5500,5500
1715661043.0411026,1086443520,1351,1351
1715661044.0424094,936775680,949,949
1715661045.0437746,1053601792,1758,1758
1715661046.0449872,936841216,1112,1112
1715661047.046423,1150918656,1354,1354
1715661048.0476582,936710144,1290,1290
1715661049.0490577,1087860736,3623,3623
1715661050.050426,984154112,1301,1301
1715661051.0518613,936853504,1563,1563
1715661052.0531552,1003945984,965,965
1715661053.0545604,1087541248,3070,3070
1715661054.0559292,1013510144,7890,7890
1715661055.057354,1019301888,10455,10455
1715661056.058715,1035554816,2538,2538
1715661057.0599692,1048285184,1668,1668
1715661058.061272,1071333376,1263,1263
1715661059.06271,975667200,3924,3924
1715661060.063945,970514432,1434,1434
1715661061.0653057,919379968,1553,1553
1715661062.066699,1335975936,4012,4012
1715661063.0682335,936660992,1651,1651
1715661064.0695972,1205268480,2032,2032
1715661065.070963,936620032,1123,1123
1715661066.0723188,1251598336,2909,2909
1715661067.0737512,936681472,2920,2920
1715661068.0747588,1342541824,1769,1769
1715661069.0760598,936800256,1038,1038
1715661070.077276,1238732800,1951,1951
1715661071.0786994,968052736,921,921
1715661072.0801482,1398272000,2037,2037
1715661073.081353,968003584,942,942
1715661074.082638,981045248,1364,1364
1715661075.083835,936824832,1313,1313
1715661076.0852299,1059561472,1518,1518
1715661077.0865521,936841216,945,945
1715661078.0878963,1035448320,1358,1358
1715661079.0891385,968036352,9407,9407
1715661080.0904105,1123405824,7302,7302
1715661081.0916228,936689664,1434,1434
1715661082.092957,1087660032,2858,2858
1715661083.0943012,978186240,2275,2275
1715661084.095682,955133952,1899,1899
1715661085.097083,1076105216,1316,1316
1715661086.0983381,1043755008,1565,1565
1715661087.0986242,1096216576,967,967
1715661088.0998669,972636160,1796,1796
1715661089.1012592,1145241600,1017,1017
1715661090.1026244,936480768,1733,1733
1715661091.1039765,1243611136,1111,1111
1715661092.1053345,955977728,10390891,10390891
1715661093.1066723,955977728,0,0
1715661094.1080043,955977728,1408,1408
1715661095.109225,955977728,2842,2842
1715661096.1106184,955977728,688,688
1715661097.1118743,955977728,612,612
1715661098.1132388,955977728,159,159
1715661099.114636,955977728,152,152
1715661100.1158652,955977728,352,352
1715661101.1173422,955977728,155,155
1715661102.1186016,955977728,0,0
1715661103.1199317,955977728,0,0
1715661104.1213224,955977728,0,0
1715661105.1225803,955977728,448,448
1715661106.1238203,955977728,152,152
1715661107.1251497,955977728,349,349
1715661108.1264143,955977728,0,0
1715661109.127669,955977728,0,0
1715661110.1289349,955977728,496,496
1715661111.1303124,955977728,155,155
1715661112.1308587,955977728,0,0
1715661113.1322362,955977728,0,0
1715661114.1335309,955977728,0,0
1715661115.1347644,955977728,344,344
1715661116.1360393,955977728,152,152
1715661117.1374369,955977728,0,0
1715661118.1386616,955977728,0,0
1715661119.139898,955977728,10388117,10388117
1715661120.141273,955977728,1693,1693
1715661121.1425655,955977728,155,155
1715661122.1439419,955977728,4619,4619
1715661123.1453454,955977728,4206,4206
1715661124.146737,955977728,2731,2731
1715661125.1481245,955977728,3245,3245
1715661126.1493845,955977728,156,156
1715661127.1507668,955977728,159,159
1715661128.1521654,955977728,337,337
1715661129.1535938,955977728,285,285
1715661130.1548517,955977728,353,353
1715661131.1563473,955977728,155,155
1715661132.157734,955977728,0,0
1715661133.1587718,955977728,0,0
1715661134.1601603,955977728,10390169,10390169
1715661135.1615562,955977728,1948,1948
1715661136.162753,955977728,1450,1450
1715661137.1641269,955977728,1251,1251
1715661138.1654522,955977728,1050,1050
1715661139.1667218,955977728,7700,7700
1715661140.1680758,955977728,4011,4011
1715661141.169458,955977728,2362,2362
1715661142.1707704,955977728,1050,1050
1715661143.1721387,955977728,1586,1586
1715661144.1734366,955977728,1211,1211
1715661145.174697,955977728,1325,1325
1715661146.1760664,955977728,1562,1562
1715661147.1773605,955977728,957,957
1715661148.1787343,955977728,1347,1347
1715661149.1799965,955977728,951,951
1715661150.1813245,955977728,6925,6925
1715661151.1826038,955977728,6701,6701
1715661152.1839974,955977728,1940,1940
1715661153.1852596,955977728,1164,1164
1715661154.186551,955977728,4604,4604
1715661155.1877933,955977728,3661,3661
1715661156.1892636,955977728,2030,2030
1715661157.1906269,955977728,1146,1146
1715661158.1919644,955977728,1577,1577
1715661159.1933067,955977728,1045,1045
1715661160.19474,955977728,1853,1853
1715661161.1960833,955977728,3543,3543
1715661162.1974254,955977728,2241,2241
1715661163.1986341,955977728,1096,1096
1715661164.1999218,955977728,961,961
1715661165.2013197,955977728,1749,1749
1715661166.2025595,955977728,1115,1115
1715661167.203004,955977728,1652,1652
1715661168.2042615,955977728,958,958
1715661169.205602,955977728,1347,1347
1715661170.2066283,955977728,1300,1300
1715661171.2079203,955977728,1496,1496
1715661172.2093449,955977728,774,774
1715661173.2107468,955977728,1518,1518
1715661174.2120514,955977728,768,768
1715661175.2134376,955977728,1301,1301
1715661176.214807,955977728,1555,1555
1715661177.2160902,955977728,1384,1384
1715661178.2174563,955977728,2827,2827
1715661179.2188213,955977728,3204,3204
1715661180.220223,955977728,2523,2523
1715661181.2214587,955977728,1109,1109
1715661182.2227743,955977728,1343,1343
1715661183.223672,955977728,952,952
1715661184.2250988,955977728,1646,1646
1715661185.2263548,955977728,1359,1359
1715661186.2277606,955977728,1500,1500
1715661187.2291179,955977728,1388,1388
1715661188.2307239,955977728,3362,3362
1715661189.2320735,955977728,1304,1304
1715661190.2333276,955977728,1768,1768
1715661191.2347183,955977728,1211,1211
1715661192.2360816,955977728,1249,1249
1715661193.237479,955977728,1045,1045
1715661194.2387564,955977728,1344,1344
1715661195.2400842,955977728,1815,1815
1715661196.2414544,955977728,1110,1110
1715661197.2426877,955977728,1355,1355
1715661198.2439566,955977728,963,963
1715661199.245238,955977728,1360,1360
1715661200.2465122,955977728,1358,1358
1715661201.2478771,955977728,1511,1511
1715661202.249122,955977728,963,963
1715661203.2506447,955977728,1350,1350
1715661204.2516904,955977728,967,967
1715661205.2532506,955977728,1756,1756
1715661206.254719,955977728,929,929
1715661207.2560985,955977728,1530,1530
1715661208.2578015,955977728,1062,1062
1715661209.2587724,955977728,1264,1264
1715661210.2600343,955977728,1610,1610
1715661211.261415,955977728,1743,1743
1715661212.262781,955977728,1048,1048
1715661213.264079,955977728,1448,1448
1715661214.2653682,955977728,1350,1350
1715661215.2666633,955977728,2853,2853
1715661216.267991,955977728,3652,3652
1715661217.268562,955977728,1179,1179
1715661218.2697692,955977728,1362,1362
1715661219.271018,955977728,960,960
1715661220.2724516,955977728,1919,1919
1715661221.2737336,955977728,962,962
1715661222.2746956,955977728,1072,1072
1715661223.2759402,955977728,1250,1250
1715661224.2775054,955977728,1356,1356
1715661225.2788022,955977728,2817,2817
1715661226.2801406,955977728,2595,2595
1715661227.2814841,955977728,1362,1362
1715661228.282874,955977728,1696,1696
1715661229.2841313,955977728,1053,1053
1715661230.2855146,955977728,1423,1423
1715661231.2867742,955977728,1411,1411
1715661232.288164,955977728,989,989
1715661233.2895684,955977728,1353,1353
1715661234.290608,955977728,10389685,10389685
1715661235.2912242,955977728,508,508
1715661236.2926073,955977728,0,0
1715661237.293925,955977728,0,0
1715661238.2946286,955977728,0,0
1715661239.295986,955977728,0,0
1715661240.2972298,955977728,496,496
1715661241.2985873,955977728,424,424
1715661242.2992682,955977728,0,0
1715661243.3004825,955977728,504,504
1715661244.3017282,955977728,0,0
1715661245.3026125,955977728,504,504
1715661246.3039117,955977728,0,0
1715661247.3052692,955977728,1023,1023
1715661248.3066902,955977728,7289,7289
1715661249.3079689,955977728,5298,5298
1715661250.3092213,955977728,1503,1503
1715661251.310598,955977728,0,0
1715661252.311876,955977728,486,486
1715661253.3131506,955977728,0,0
1715661254.3144472,955977728,151,151
1715661255.3158445,955977728,505,505
1715661256.3172326,955977728,0,0
1715661257.3185847,955977728,0,0
1715661258.3198493,955977728,0,0
1715661259.3211107,955977728,0,0
1715661260.3224416,955977728,1263,1263
1715661261.3236341,965939200,10402460,10402460
1715661262.325034,988372992,4286,4286
1715661263.3263645,1172643840,52,52
1715661264.3272963,1271783424,310,310
1715661265.3286676,1149063168,507,507
1715661266.329874,988389376,0,0
1715661267.3313153,1032458240,0,0
1715661268.3326793,1020411904,0,0
1715661269.33401,1193226240,328,328
1715661270.3347607,988037120,502,502
1715661271.3361325,969322496,0,0
1715661272.3373847,1044856832,0,0
1715661273.3387113,1225965568,355,355
1715661274.3400722,1125105664,0,0
1715661275.3413117,969256960,10389909,10389909
1715661276.3425946,969256960,2227,2227
1715661277.3438196,969256960,960,960
1715661278.345157,969256960,88839,88839
1715661279.3464046,969256960,842,842
1715661280.3477452,969256960,2238,2238
1715661281.349102,969256960,758,758
1715661282.3504736,969256960,1807,1807
1715661283.3517144,969256960,983,983
1715661284.3530896,969256960,1252,1252
1715661285.3545754,969256960,1507,1507
1715661286.3559399,969256960,951,951
1715661287.3572087,969256960,1415,1415
1715661288.3586755,969256960,949,949
1715661289.3600485,969256960,1351,1351
1715661290.361286,969256960,1448,1448
1715661291.3625753,969256960,1342,1342
1715661292.3637993,969256960,948,948
1715661293.365143,969256960,1392,1392
1715661294.366391,969256960,949,949
1715661295.3678238,969256960,1904,1904
1715661296.3690608,969256960,951,951
1715661297.3703122,969256960,1342,1342
1715661298.371656,969256960,768,768
1715661299.373083,969256960,1799,1799
1715661300.3745975,969256960,1427,1427
1715661301.3758242,969256960,1252,1252
1715661302.37725,969256960,1062,1062
1715661303.3784804,969256960,1253,1253
1715661304.379985,969256960,1051,1051
1715661305.3812852,969256960,1507,1507
1715661306.3826332,969256960,1357,1357
1715661307.3839478,969256960,945,945
1715661308.3853195,969256960,3864,3864
1715661309.3865366,969256960,4496,4496
1715661310.3879008,969256960,2908,2908
1715661311.3891087,969256960,1257,1257
1715661312.3905764,969256960,1140,1140
1715661313.3917916,969256960,946,946
1715661314.3931022,969256960,1352,1352
1715661315.3944821,969256960,1330,1330
1715661316.3958066,969256960,1816,1816
1715661317.3972461,969256960,776,776
1715661318.3985653,969256960,1258,1258
1715661319.3998759,969256960,1061,1061
1715661320.401314,969256960,1619,1619
1715661321.402635,969256960,1060,1060
1715661322.404004,969256960,953,953
1715661323.4052477,969256960,1362,1362
1715661324.4065294,969256960,948,948
1715661325.4077785,969256960,1912,1912
1715661326.408979,969256960,963,963
1715661327.409755,969256960,1359,1359
1715661328.4105945,969256960,959,959
1715661329.4119785,969256960,1356,1356
1715661330.413321,969256960,1965,1965
1715661331.4146965,969256960,3211,3211
1715661332.4160671,969256960,1299,1299
1715661333.4174018,969256960,2058,2058
1715661334.4187088,969256960,1267,1267
1715661335.4201102,969256960,1613,1613
1715661336.4214163,969256960,1052,1052
1715661337.422764,969256960,1260,1260
1715661338.424168,969256960,1052,1052
1715661339.4255474,969256960,1263,1263
1715661340.4266565,969256960,1614,1614
1715661341.4280329,969256960,958,958
1715661342.4293313,969256960,1347,1347
1715661343.4307253,969256960,960,960
1715661344.432081,969256960,1348,1348
1715661345.433328,969256960,1514,1514
1715661346.4347343,969256960,1354,1354
1715661347.4359698,969256960,950,950
1715661348.4371824,969256960,1356,1356
1715661349.4385455,969256960,3485,3485
1715661350.4399421,969256960,2871,2871
1715661351.4412477,969256960,995,995
1715661352.4425526,969256960,953,953
1715661353.4437976,969256960,1353,1353
1715661354.4451814,969256960,950,950
1715661355.4464753,969256960,1916,1916
1715661356.447741,969256960,952,952
1715661357.4490857,969256960,1359,1359
1715661358.4503322,969256960,1496,1496
1715661359.4506505,969256960,1352,1352
1715661360.4518945,969256960,1513,1513
1715661361.4531808,969256960,1354,1354
1715661362.4544919,969256960,772,772
1715661363.4558172,969256960,1542,1542
1715661364.4570732,969256960,771,771
1715661365.458295,969256960,1774,1774
1715661366.458739,969256960,1055,1055
1715661367.4600964,969256960,1484,1484
1715661368.4615033,969256960,1324,1324
1715661369.462668,969256960,959,959
1715661370.4640274,969256960,1924,1924
1715661371.465325,969256960,960,960
1715661372.466715,969256960,1355,1355
1715661373.4679577,969256960,988,988
1715661374.4692483,969256960,1351,1351
1715661375.4704785,969256960,10390032,10390032
1715661376.471852,969256960,1302,1302
1715661377.4731224,969256960,0,0
1715661378.474354,969256960,305,305
1715661379.475236,969256960,0,0
1715661380.4759872,969256960,502,502
1715661381.4773068,969256960,0,0
1715661382.478698,969256960,0,0
1715661383.4799054,969256960,1051,1051
1715661384.4811156,969256960,2021,2021
1715661385.4824872,969256960,1111,1111
1715661386.4839382,969256960,0,0
1715661387.4851649,969256960,161,161
1715661388.4863844,969256960,333,333
1715661389.4877114,969256960,0,0
1715661390.4880946,969256960,504,504
1715661391.4894962,969256960,8244,8244
1715661392.490626,969256960,6620,6620
1715661393.491964,969256960,4015,4015
1715661394.4933195,969256960,4580,4580
1715661395.4947133,969256960,516,516
1715661396.4960675,969256960,0,0
1715661397.4972892,969256960,0,0
1715661398.4981434,969256960,0,0
1715661399.499185,969256960,336,336
1715661400.500606,969256960,554,554
1715661401.5020006,969256960,0,0
1715661402.5026276,969256960,0,0
1715661403.5039985,969256960,10391909,10391909
1715661404.5053644,969256960,0,0
1715661405.506632,969256960,505,505
1715661406.5079699,969256960,0,0
1715661407.5090263,969256960,355,355
1715661408.5102577,969256960,0,0
1715661409.51078,969256960,152,152
1715661410.512148,969256960,500,500
1715661411.5133927,969256960,0,0
1715661412.514689,969256960,0,0
1715661413.5160599,969256960,0,0
1715661414.5174258,969256960,0,0
1715661415.5186236,969256960,496,496
1715661416.519874,969256960,0,0
