Timestamp,MemoryUsage,NetSent,NetRecv
1715671480.5803483,513150976,0,0
1715671481.5818942,520622080,2807,2807
1715671482.582676,520622080,0,0
1715671483.5839295,520622080,151,151
1715671484.5853531,520622080,304,304
1715671485.5867758,520622080,349,349
1715671486.5882185,520622080,0,0
1715671487.5895233,520622080,0,0
1715671488.59077,520622080,0,0
1715671489.592181,520622080,152,152
1715671490.5934308,520622080,344,344
1715671491.5946672,520622080,0,0
1715671492.5960605,520622080,0,0
1715671493.5975237,520622080,0,0
1715671494.5988004,520622080,152,152
1715671495.5998375,520622080,448,448
1715671496.6010818,520622080,0,0
1715671497.6023862,520622080,0,0
1715671498.6038008,520622080,0,0
1715671499.6051917,520622080,152,152
1715671500.6064382,520622080,344,344
1715671501.6077445,520622080,10393405,10393405
1715671502.60917,520622080,1526,1526
1715671503.61062,520622080,1024,1024
1715671504.612056,520622080,1510,1510
1715671505.6133475,520622080,1360,1360
1715671506.6146414,520622080,184,184
1715671507.6160347,520622080,1380,1380
1715671508.617329,520622080,374,374
1715671509.6186626,520622080,1207,1207
1715671510.6199625,520622080,5218,5218
1715671511.621284,520622080,2329,2329
1715671512.6225717,520622080,3547,3547
1715671513.623907,520622080,2588,2588
1715671514.6252215,520622080,1669,1669
1715671515.6264787,520622080,1749,1749
1715671516.627508,520622080,1652,1652
1715671517.6287708,520622080,774,774
1715671518.6302009,520622080,955,955
1715671519.630673,520622080,921,921
1715671520.631965,520622080,1974,1974
1715671521.633285,520622080,772,772
1715671522.63475,520622080,1829,1829
1715671523.6361144,520622080,370,370
1715671524.6377301,520622080,957,957
1715671525.6386166,520622080,1388,1388
1715671526.6399193,520622080,771,771
1715671527.6414337,520622080,793,793
1715671528.6427627,520622080,956,956
1715671529.6440737,520622080,918,918
1715671530.6454377,520622080,1378,1378
1715671531.6467807,520622080,186,186
1715671532.648069,520622080,1570,1570
1715671533.649346,520622080,774,774
1715671534.6507423,520622080,918,918
1715671535.6521494,520622080,1948,1948
1715671536.6535466,520622080,1344,1344
1715671537.6546686,520622080,187,187
1715671538.6559598,520622080,1151,1151
1715671539.6574934,520622080,983,983
1715671540.6587915,520622080,1358,1358
1715671541.6602347,520622080,1492,1492
1715671542.6614997,520622080,1292,1292
1715671543.662775,520622080,770,770
1715671544.6641836,520622080,1457,1457
1715671545.6655302,520622080,1715,1715
1715671546.6668866,520622080,1048,1048
1715671547.668308,520622080,901,901
1715671548.6696234,520622080,1336,1336
1715671549.6706352,520622080,1101,1101
1715671550.6720264,520622080,1171,1171
1715671551.6734707,520622080,771,771
1715671552.6747093,520622080,1535,1535
1715671553.676103,520622080,1348,1348
1715671554.6773503,520622080,673,673
1715671555.678765,520622080,2146,2146
1715671556.6802058,520622080,762,762
1715671557.6815925,520622080,953,953
1715671558.682892,520622080,1336,1336
1715671559.6841495,520622080,1262,1262
1715671560.685546,520622080,2137,2137
1715671561.6866744,520622080,951,951
1715671562.6880364,520622080,186,186
1715671563.6894736,520622080,967,967
1715671564.6908941,520622080,2196,2196
1715671565.6921995,520622080,1596,1596
1715671566.6934755,520622080,954,954
1715671567.6949685,520622080,1340,1340
1715671568.6962721,520622080,765,765
1715671569.6976771,520622080,1261,1261
1715671570.6987028,520622080,1611,1611
1715671571.700029,520622080,680,680
1715671572.7014341,520622080,1343,1343
1715671573.7027593,520622080,463,463
1715671574.7042716,520622080,1840,1840
1715671575.7055852,520622080,1618,1618
1715671576.7068985,520622080,763,763
1715671577.7082334,520622080,1266,1266
1715671578.7096646,520622080,1043,1043
1715671579.7110326,520622080,1724,1724
1715671580.712313,520622080,1286,1286
1715671581.7135482,520622080,950,950
1715671582.7146418,520622080,1366,1366
1715671583.7159536,520622080,766,766
1715671584.717372,520622080,1269,1269
1715671585.7187634,520622080,1609,1609
1715671586.7200832,520622080,965,965
1715671587.7214727,520622080,1337,1337
1715671588.7226205,520622080,369,369
1715671589.723288,520622080,1699,1699
1715671590.7247658,520622080,1503,1503
1715671591.726167,520622080,959,959
1715671592.7274728,520622080,1355,1355
1715671593.728127,520622080,1202,1202
1715671594.7294388,520622080,1714,1714
1715671595.7306473,520622080,1167,1167
1715671596.731952,520622080,1345,1345
1715671597.7332597,520622080,769,769
1715671598.7346053,520622080,1443,1443
1715671599.7360559,520622080,1779,1779
1715671600.737316,520622080,1162,1162
1715671601.7386744,520622080,770,770
1715671602.7399652,520622080,1355,1355
1715671603.7412734,520622080,965,965
1715671604.7426188,520622080,1518,1518
1715671605.7438748,520622080,10393024,10393024
1715671606.7453012,520622080,2332,2332
1715671607.7465982,520622080,0,0
1715671608.7470815,520622080,304,304
1715671609.7484894,520622080,347,347
1715671610.7497544,520622080,722,722
1715671611.7510662,520753152,416,416
1715671612.7524,520753152,0,0
1715671613.7536511,520753152,158,158
1715671614.754948,520753152,347,347
1715671615.7562416,520753152,154,154
1715671616.757657,520753152,0,0
1715671617.758714,520753152,0,0
1715671618.76002,520753152,0,0
1715671619.7614405,520753152,344,344
1715671620.762654,520753152,152,152
1715671621.764076,520753152,0,0
1715671622.7655163,520753152,0,0
1715671623.7667787,520753152,0,0
1715671624.7682197,520753152,344,344
1715671625.7696304,520753152,152,152
1715671626.7708874,520753152,0,0
1715671627.7722661,520753152,87548,87548
1715671628.773509,520753152,0,0
1715671629.7746615,520753152,349,349
1715671630.7760844,520753152,152,152
1715671631.7774963,520753152,0,0
1715671632.7786071,520753152,157,157
1715671633.7800405,520753152,0,0
1715671634.7814758,520753152,454,454
1715671635.7827847,798666752,10393210,10393210
1715671636.784184,796987392,0,0
1715671637.7854977,706310144,151,151
1715671638.7869155,1043247104,151,151
1715671639.7882807,750559232,347,347
1715671640.7897146,876339200,155,155
1715671641.7910457,1142611968,0,0
1715671642.7924743,722100224,0,0
1715671643.7939243,768114688,0,0
1715671644.795364,799645696,344,344
1715671645.7968636,750772224,152,152
1715671646.79831,907698176,0,0
1715671647.79976,901451776,0,0
1715671648.8012989,785367040,0,0
1715671649.8026443,1140146176,344,344
1715671650.8040254,860340224,10390140,10390140
1715671651.8055093,961994752,2254,2254
1715671652.8066418,842448896,1067,1067
1715671653.8080838,928366592,1349,1349
1715671654.8093388,842493952,1353,1353
1715671655.8106391,905490432,920,920
1715671656.811913,842420224,1528,1528
1715671657.8134177,1285672960,1061,1061
1715671658.8148022,763809792,1042,1042
1715671659.8162234,1126653952,1276,1276
1715671660.817622,788029440,1556,1556
1715671661.8187478,925392896,951,951
1715671662.8202562,886755328,1351,1351
1715671663.8216286,905236480,674,674
1715671664.8226867,886677504,1397,1397
1715671665.8239229,811089920,1736,1736
1715671666.8252485,1023201280,1346,1346
1715671667.8268058,811245568,949,949
1715671668.828216,906473472,759,759
1715671669.8294997,811159552,1334,1334
1715671670.8308902,1109827584,2037,2037
1715671671.8322427,811200512,759,759
1715671672.8336124,1140723712,955,955
1715671673.8345664,825978880,183,183
1715671674.8359518,811282432,2117,2117
1715671675.8374565,876199936,1554,1554
1715671676.838752,906883072,952,952
1715671677.840182,886751232,1331,1331
1715671678.8414016,811151360,949,949
1715671679.8428009,959315968,1120,1120
1715671680.8441846,836431872,1743,1743
1715671681.845421,1099194368,767,767
1715671682.846592,855302144,1533,1533
1715671683.847891,1174294528,1348,1348
1715671684.8493142,818122752,1168,1168
1715671685.8507571,923754496,963,963
1715671686.8521786,828776448,1329,1329
1715671687.8534908,838627328,957,957
1715671688.8548965,929939456,1608,1608
1715671689.8561187,814968832,1528,1528
1715671690.8574438,836411392,1543,1543
1715671691.8587441,811114496,782,782
1715671692.860188,1220407296,1245,1245
1715671693.8615794,838656000,1054,1054
1715671694.8629653,1012695040,1304,1304
1715671695.8643553,759197696,1556,1556
1715671696.8656437,855556096,942,942
1715671697.8667917,951316480,769,769
1715671698.8681157,811339776,997,997
1715671699.869403,935165952,1705,1705
1715671700.8706408,840003584,1120,1120
1715671701.8718843,1099186176,769,769
1715671702.8734813,846974976,1528,1528
1715671703.8747423,1099104256,1341,1341
1715671704.8760977,811261952,539,539
1715671705.8774703,1158053888,895,895
1715671706.878661,825876480,1647,1647
1715671707.8799875,911716352,1388,1388
1715671708.8814156,848723968,1399,1399
1715671709.8827405,1011912704,1257,1257
1715671710.8840013,947716096,1503,1503
1715671711.8852372,811175936,972,972
1715671712.8865225,935129088,1349,1349
1715671713.8877401,836534272,681,681
1715671714.8891628,789291008,1442,1442
1715671715.890392,838410240,1145,1145
1715671716.8917305,1129275392,1388,1388
1715671717.8930793,792481792,188,188
1715671718.8944266,1037815808,1843,1843
1715671719.895855,792522752,1395,1395
1715671720.897253,963031040,1460,1460
1715671721.8986142,827830272,1053,1053
1715671722.9000294,964382720,960,960
1715671723.9013789,886874112,1357,1357
1715671724.9025757,811515904,1321,1321
1715671725.9038792,956276736,1805,1805
1715671726.9051845,836718592,1177,1177
1715671727.906449,867602432,1357,1357
1715671728.9076738,844611584,959,959
1715671729.9091623,1046429696,1753,1753
1715671730.9105542,830504960,927,927
1715671731.9119473,1231163392,1267,1267
1715671732.9133322,787816448,1048,1048
1715671733.914633,855703552,959,959
1715671734.9159057,922869760,1103,1103
1715671735.9173355,932573184,1750,1750
1715671736.9187276,968577024,1349,1349
1715671737.9199479,765292544,959,959
1715671738.9211853,859791360,1351,1351
1715671739.922664,836571136,1309,1309
1715671740.9241045,1285816320,1561,1561
1715671741.9255004,842711040,779,779
1715671742.926632,1140862976,1245,1245
1715671743.928003,761757696,1047,1047
1715671744.929402,996126720,1693,1693
1715671745.9307299,912302080,1562,1562
1715671746.9319532,811532288,965,965
1715671747.9333394,1009418240,1353,1353
1715671748.9346743,798756864,964,964
1715671749.9360595,1139806208,1755,1755
1715671750.9373064,842874880,929,929
1715671751.938549,833597440,10392737,10392737
1715671752.9399786,833597440,0,0
1715671753.9413264,833597440,0,0
1715671754.942723,833597440,652,652
1715671755.9439926,833597440,155,155
1715671756.9452503,833597440,0,0
1715671757.9466662,833597440,0,0
1715671758.9480457,833597440,0,0
1715671759.9494317,833597440,344,344
1715671760.9508138,833597440,152,152
1715671761.9520364,833597440,0,0
1715671762.9533024,833597440,0,0
1715671763.9545977,833597440,0,0
1715671764.9559748,833597440,344,344
1715671765.9573426,833597440,152,152
1715671766.9586036,833597440,0,0
1715671767.9599304,833597440,0,0
1715671768.961287,833597440,0,0
1715671769.9627585,833597440,344,344
1715671770.9641402,833597440,152,152
1715671771.965442,833597440,0,0
1715671772.9667668,833597440,0,0
1715671773.968009,833597440,335,335
1715671774.9693153,833597440,2723,2723
1715671775.9707003,833597440,4417,4417
1715671776.9719763,833597440,2028,2028
1715671777.9733572,833597440,1360,1360
1715671778.974637,833597440,937,937
1715671779.9760058,833597440,514,514
1715671780.9775589,833597440,10389423,10389423
1715671781.9787471,833597440,0,0
1715671782.979972,833597440,152,152
1715671783.9812317,833597440,151,151
1715671784.9826453,833597440,347,347
1715671785.9840164,833597440,155,155
1715671786.9852645,833597440,0,0
1715671787.9866393,833597440,0,0
1715671788.988044,833597440,0,0
1715671789.989451,833597440,344,344
1715671790.990614,833597440,152,152
1715671791.9919906,833597440,0,0
1715671792.9933703,833597440,0,0
1715671793.9946785,833597440,0,0
1715671794.9959188,833597440,10388452,10388452
1715671795.9972963,833597440,2109,2109
1715671796.9985774,833597440,1231,1231
1715671797.9999309,833597440,763,763
1715671799.0012617,833597440,1538,1538
1715671800.002552,833597440,1746,1746
1715671801.0039437,833597440,917,917
1715671802.0053227,833597440,1733,1733
1715671803.0066688,833597440,1042,1042
1715671804.00807,833597440,924,924
1715671805.0094333,833597440,1652,1652
1715671806.010591,833597440,1408,1408
1715671807.0120199,833597440,1052,1052
1715671808.013384,833597440,944,944
1715671809.0148025,833597440,768,768
1715671810.0160697,833597440,1382,1382
1715671811.0175164,833597440,1500,1500
1715671812.0188062,833597440,1242,1242
1715671813.020159,833597440,1028,1028
1715671814.021578,833597440,1248,1248
1715671815.0227802,833597440,1392,1392
1715671816.0241766,833597440,1099,1099
1715671817.0256584,833597440,1351,1351
1715671818.0266733,833597440,948,948
1715671819.0280287,833597440,765,765
1715671820.0294049,833597440,2148,2148
1715671821.0307887,833597440,1624,1624
1715671822.0320578,833597440,933,933
1715671823.0333416,833597440,1347,1347
1715671824.034624,833597440,953,953
1715671825.035996,833597440,1763,1763
1715671826.0372467,833597440,1111,1111
1715671827.0386052,833597440,1347,1347
1715671828.039848,833597440,368,368
1715671829.0412035,833597440,1351,1351
1715671830.0426686,833597440,1708,1708
1715671831.0439506,833597440,1049,1049
1715671832.0453777,833597440,1065,1065
1715671833.046742,833597440,1242,1242
1715671834.0481753,833597440,1058,1058
1715671835.049613,833597440,1650,1650
1715671836.0507367,833597440,1207,1207
1715671837.0521615,833597440,951,951
1715671838.0535045,833597440,1780,1780
1715671839.0549307,833597440,1009,1009
1715671840.0562484,833597440,1741,1741
1715671841.0576546,833597440,1103,1103
1715671842.058799,833597440,1351,1351
1715671843.0602493,833597440,948,948
1715671844.0616615,833597440,1346,1346
1715671845.0629659,833597440,1362,1362
1715671846.0644,833597440,1826,1826
1715671847.065769,833597440,960,960
1715671848.0668013,833597440,1348,1348
1715671849.0681686,833597440,936,936
1715671850.069672,833597440,1762,1762
1715671851.070927,833597440,1109,1109
1715671852.072324,833597440,1350,1350
1715671853.0735753,833597440,956,956
1715671854.0746844,833597440,1341,1341
1715671855.0759697,833597440,1312,1312
1715671856.077439,833597440,1778,1778
1715671857.078592,833597440,1167,1167
1715671858.0799468,833597440,1332,1332
1715671859.081178,833597440,959,959
1715671860.0825937,833597440,1758,1758
1715671861.0838213,833597440,1125,1125
1715671862.0851464,833597440,1350,1350
1715671863.0863845,833597440,946,946
1715671864.0878465,833597440,1339,1339
1715671865.0890834,833597440,1324,1324
1715671866.09041,833597440,1549,1549
1715671867.091643,833597440,964,964
1715671868.0930684,833597440,1343,1343
1715671869.0943222,833597440,946,946
1715671870.0947487,833597440,1647,1647
1715671871.0959961,833597440,1117,1117
1715671872.0972843,833597440,1349,1349
1715671873.0985444,833597440,954,954
1715671874.0999432,833597440,1567,1567
1715671875.101214,833597440,888,888
1715671876.102458,833597440,1560,1560
1715671877.1036797,833597440,976,976
1715671878.105016,833597440,1339,1339
1715671879.106261,833597440,954,954
1715671880.1068509,833597440,1752,1752
1715671881.108231,833597440,924,924
1715671882.1096354,833597440,1267,1267
1715671883.110834,833597440,466,466
1715671884.1121297,833597440,1841,1841
1715671885.1135402,833597440,1448,1448
1715671886.1147435,833597440,1095,1095
1715671887.1162326,833597440,1357,1357
1715671888.1176388,833597440,1256,1256
1715671889.118736,833597440,1060,1060
1715671890.1201966,833597440,1308,1308
1715671891.1214733,833597440,1560,1560
1715671892.1227868,833597440,1735,1735
1715671893.124318,833597440,1056,1056
1715671894.1255584,833597440,10389778,10389778
1715671895.12674,833597440,645,645
1715671896.1280901,833597440,871,871
1715671897.1293194,833597440,0,0
1715671898.1307645,833597440,303,303
1715671899.1320834,833597440,0,0
1715671900.133491,833597440,346,346
1715671901.1347451,833597440,155,155
1715671902.1361413,833597440,0,0
1715671903.1375346,833597440,0,0
1715671904.1385944,833597440,0,0
1715671905.1400237,833597440,344,344
1715671906.1414158,833597440,152,152
1715671907.1428435,833597440,0,0
1715671908.144067,833597440,0,0
1715671909.1454864,833597440,0,0
1715671910.1467564,833597440,344,344
1715671911.1480117,833597440,152,152
1715671912.1494637,833597440,0,0
1715671913.1506417,833597440,0,0
1715671914.1520715,833597440,0,0
1715671915.1533022,833597440,344,344
1715671916.154611,833597440,152,152
1715671917.1559634,833597440,0,0
1715671918.1571987,833597440,0,0
1715671919.1586287,833597440,0,0
1715671920.1600428,833597440,344,344
1715671921.161345,833597440,152,152
1715671922.1625438,833597440,0,0
1715671923.163752,1105137664,10388641,10388641
1715671924.1649687,893345792,631,631
1715671925.1663206,938057728,351,351
1715671926.1675785,1225019392,155,155
1715671927.1688015,868286464,0,0
1715671928.170328,912289792,0,0
1715671929.1708288,1283317760,0,0
1715671930.1721356,893456384,344,344
1715671931.1736963,872579072,152,152
1715671932.1747282,954503168,0,0
1715671933.1761165,991170560,87564,87564
1715671934.177519,837189632,0,0
1715671935.1788,1025597440,349,349
1715671936.1800852,1036177408,152,152
1715671937.1815016,918642688,0,0
1715671938.1827276,846970880,10391448,10391448
1715671939.1841176,846970880,379,379
1715671940.185491,846970880,1512,1512
1715671941.1867871,846970880,1399,1399
1715671942.1881955,846970880,1035,1035
1715671943.1896045,846970880,1073,1073
1715671944.1909864,846970880,1213,1213
1715671945.1924305,846970880,1298,1298
1715671946.1937764,846970880,1528,1528
1715671947.195131,846970880,945,945
1715671948.1965525,846970880,1347,1347
1715671949.1979012,846970880,953,953
1715671950.1989582,846970880,2076,2076
1715671951.2004263,846970880,1107,1107
1715671952.2018452,846970880,766,766
1715671953.2032297,846970880,1709,1709
1715671954.2047772,846970880,1351,1351
1715671955.2062416,846970880,1339,1339
1715671956.20681,846970880,1495,1495
1715671957.2081192,846970880,953,953
1715671958.2094915,846970880,1341,1341
1715671959.2107513,846970880,946,946
1715671960.2120738,846970880,1751,1751
1715671961.213341,846970880,523,523
1715671962.214757,846970880,1918,1918
1715671963.2160304,846970880,947,947
1715671964.217333,846970880,1334,1334
1715671965.2186017,846970880,1351,1351
1715671966.219906,846970880,1511,1511
1715671967.2211995,846970880,952,952
1715671968.2227442,846970880,1837,1837
1715671969.224049,846970880,769,769
1715671970.2255242,846970880,1357,1357
1715671971.226787,846970880,954,954
1715671972.2281592,846970880,1531,1531
1715671973.2295268,846970880,745,745
1715671974.230655,846970880,1261,1261
1715671975.2320528,846970880,1442,1442
1715671976.2334726,846970880,1111,1111
1715671977.2347794,846970880,1347,1347
1715671978.2360666,846970880,1268,1268
1715671979.2374415,846970880,1052,1052
1715671980.238793,846970880,719,719
1715671981.2401886,846970880,342,342
1715671982.2416077,846970880,1953,1953
1715671983.2427213,846970880,1054,1054
1715671984.2441561,846970880,942,942
1715671985.2455747,846970880,1653,1653
1715671986.246681,846970880,1482,1482
1715671987.2481837,846970880,1413,1413
1715671988.2495763,846970880,946,946
1715671989.2509189,846970880,1359,1359
1715671990.2522848,846970880,1352,1352
1715671991.2536988,846970880,1498,1498
1715671992.2550917,846970880,671,671
1715671993.2565074,846970880,469,469
1715671994.257899,846970880,465,465
1715671995.2588034,846970880,738,738
1715671996.260154,846970880,1994,1994
1715671997.261581,846970880,1360,1360
1715671998.2626264,846970880,953,953
1715671999.264087,846970880,1352,1352
1715672000.2653525,846970880,866,866
1715672001.266789,846970880,1975,1975
1715672002.2680457,846970880,957,957
1715672003.2695556,846970880,1627,1627
1715672004.2708123,846970880,1160,1160
1715672005.272139,846970880,1909,1909
1715672006.2736208,846970880,771,771
1715672007.2748199,846970880,952,952
1715672008.2763276,846970880,1363,1363
1715672009.2777257,846970880,1535,1535
1715672010.2791731,846970880,1326,1326
1715672011.2805135,846970880,945,945
1715672012.2819402,846970880,1345,1345
1715672013.2828,846970880,955,955
1715672014.2841847,846970880,1349,1349
1715672015.2856283,846970880,1411,1411
1715672016.286938,846970880,1353,1353
1715672017.2883599,846970880,953,953
1715672018.2896652,846970880,1353,1353
1715672019.2907794,846970880,944,944
1715672020.292103,846970880,1898,1898
1715672021.293497,846970880,950,950
1715672022.2947776,846970880,188,188
1715672023.2961972,846970880,2096,2096
1715672024.2975008,846970880,777,777
1715672025.2988389,846970880,1542,1542
1715672026.3002505,846970880,1358,1358
1715672027.3014944,846970880,952,952
1715672028.3027568,846970880,1286,1286
1715672029.3040464,846970880,1004,1004
1715672030.3054566,846970880,1857,1857
1715672031.3067343,846970880,1014,1014
1715672032.3081458,846970880,1354,1354
1715672033.3094077,846970880,960,960
1715672034.310804,846970880,1350,1350
1715672035.3120694,846970880,875,875
1715672036.3134775,846970880,1963,1963
1715672037.3148568,846970880,10389880,10389880
1715672038.3162746,846970880,0,0
1715672039.3175929,846970880,151,151
1715672040.3188145,846970880,655,655
1715672041.3201342,846970880,0,0
1715672042.3214712,846970880,0,0
1715672043.3225758,846970880,0,0
1715672044.3240144,846970880,0,0
1715672045.3254342,846970880,496,496
1715672046.3268614,846970880,0,0
1715672047.328107,846970880,0,0
1715672048.3293767,846970880,0,0
1715672049.330806,846970880,0,0
1715672050.3320458,846970880,496,496
1715672051.3334274,846970880,0,0
1715672052.3347626,846970880,0,0
1715672053.3361495,846970880,0,0
1715672054.3374372,846970880,0,0
1715672055.3388739,846970880,600,600
1715672056.340226,846970880,0,0
1715672057.3415039,846970880,0,0
1715672058.342897,846970880,0,0
1715672059.3441246,846970880,0,0
1715672060.3453882,846970880,496,496
1715672061.3468227,846970880,0,0
1715672062.3481057,846970880,0,0
1715672063.3495188,846970880,0,0
1715672064.350536,846970880,0,0
1715672065.3519871,846970880,496,496
1715672066.3532093,822419456,10392222,10392222
1715672067.3546562,993906688,0,0
1715672068.3559394,1148604416,302,302
1715672069.3571894,837210112,0,0
1715672070.358573,951668736,502,502
1715672071.3595033,1185316864,0,0
1715672072.3608294,893243392,0,0
1715672073.3622332,979922944,0,0
1715672074.3634846,1150386176,0,0
1715672075.364457,868556800,496,496
1715672076.3659055,890609664,0,0
1715672077.3672743,1131216896,0,0
1715672078.368495,868466688,0,0
1715672079.3699107,817639424,0,0
1715672080.3724234,852287488,10389943,10389943
1715672081.3737319,964251648,2976,2976
1715672082.374874,993243136,1077,1077
1715672083.3760872,894799872,1223,1223
1715672084.3773708,953597952,1065,1065
1715672085.3790116,869683200,1609,1609
1715672086.3802478,1090502656,1522,1522
1715672087.381827,863592448,765,765
1715672088.3832679,1024024576,947,947
1715672089.3845432,970317824,760,760
1715672090.3859508,907665408,2073,2073
1715672091.3868468,945348608,1341,1341
1715672092.3881924,869883904,946,946
1715672093.3894649,1188794368,1282,1282
1715672094.3907094,895148032,958,958
1715672095.3921223,1139957760,1065,1065
1715672096.3935382,813133824,1353,1353
1715672097.3947086,913776640,944,944
1715672098.3960156,999694336,1726,1726
1715672099.3973172,869699584,1045,1045
1715672100.3986347,993353728,1858,1858
1715672101.3999586,894771200,952,952
1715672102.401263,1154641920,1344,1344
1715672103.402654,869511168,772,772
1715672104.4035676,1047994368,1522,1522
1715672105.4051127,863256576,1323,1323
1715672106.406575,1023688704,943,943
1715672107.4079103,1035382784,765,765
1715672108.4093745,880332800,1523,1523
1715672109.410769,1020506112,759,759
1715672110.4119895,869629952,2098,2098
1715672111.4133463,921620480,192,192
1715672112.4148397,894775296,1386,1386
1715672113.4160802,1171566592,1531,1531
1715672114.4176188,888520704,3060,3060
1715672115.418792,932802560,1616,1616
1715672116.4201052,995786752,1359,1359
1715672117.4213192,869965824,1361,1361
1715672118.4226787,1121763328,821,821
1715672119.4242392,895254528,1533,1533
1715672120.425468,1107525632,1869,1869
1715672121.4269419,850997248,1724,1724
1715672122.4283679,1011421184,1885,1885
1715672123.4298196,937283584,1348,1348
1715672124.4310706,869666816,957,957
1715672125.4324794,955973632,1920,1920
1715672126.4336987,894738432,945,945
1715672127.4346604,1149112320,1296,1296
1715672128.4360251,850870272,810,810
1715672129.4373343,913633280,958,958
1715672130.4386322,980795392,1064,1064
1715672131.4400644,912318464,1258,1258
1715672132.4407308,944803840,770,770
1715672133.4419532,894468096,1824,1824
1715672134.4431908,955981824,1493,1493
1715672135.4445388,869601280,1704,1704
1715672136.4459517,1226317824,1288,1288
1715672137.4468064,863354880,1058,1058
1715672138.4480662,903176192,953,953
1715672139.4494762,869642240,1355,1355
1715672140.4507844,1016717312,1510,1510
1715672141.4520066,1038135296,1351,1351
1715672142.4532142,869703680,960,960
1715672143.454599,837169152,1349,1349
1715672144.4558158,895078400,951,951
1715672145.457249,1141866496,1845,1845
1715672146.4585989,863588352,774,774
1715672147.4600723,947544064,976,976
1715672148.4615057,955441152,1356,1356
1715672149.462577,869998592,957,957
1715672150.4638605,874221568,1895,1895
1715672151.4650915,895066112,770,770
1715672152.4665687,1112875008,954,954
1715672153.4681196,851062784,1365,1365
1715672154.4694014,874229760,1432,1432
1715672155.4707534,968282112,1972,1972
1715672156.4720013,869728256,946,946
1715672157.4733744,917897216,1344,1344
1715672158.4747443,894930944,954,954
1715672159.4760633,1134215168,1348,1348
1715672160.4773173,813436928,1334,1334
1715672161.4786422,1048412160,1364,1364
1715672162.4801111,914006016,945,945
1715672163.4813786,960372736,954,954
1715672164.4827101,926748672,1360,1360
1715672165.4840043,907825152,1486,1486
1715672166.4854615,1037783040,1353,1353
1715672167.486586,869814272,952,952
1715672168.487876,1073291264,1354,1354
1715672169.4892776,894865408,765,765
1715672170.4907107,1200234496,1662,1662
1715672171.492077,888598528,1053,1053
1715672172.493493,973901824,963,963
1715672173.4948316,873508864,1846,1846
1715672174.49635,936873984,941,941
1715672175.497653,842280960,1178,1178
1715672176.4988825,894664704,1544,1544
1715672177.5003395,903065600,1355,1355
1715672178.5020247,869576704,770,770
1715672179.5034401,1085808640,1694,1694
1715672180.5048623,894779392,540,540
1715672181.5063214,953737216,1590,1590
1715672182.5076544,879079424,1280,1280
1715672183.5089338,873144320,10387949,10387949
1715672184.5104468,873144320,1502,1502
1715672185.5117817,873144320,355,355
1715672186.513116,873144320,0,0
1715672187.514364,873144320,0,0
1715672188.5159082,873144320,0,0
1715672189.517241,873144320,152,152
1715672190.5185049,873144320,344,344
1715672191.5199332,873144320,0,0
1715672192.5211704,873144320,0,0
1715672193.5225413,873144320,0,0
1715672194.5237842,873144320,152,152
1715672195.5250652,873144320,344,344
1715672196.5264366,873144320,0,0
1715672197.5276477,873144320,0,0
1715672198.5289536,873144320,0,0
1715672199.5304103,873144320,152,152
1715672200.5317154,873144320,344,344
1715672201.5329933,873144320,0,0
1715672202.5342858,873144320,0,0
1715672203.5348191,873144320,0,0
1715672204.5360558,873144320,152,152
1715672205.5373526,873144320,448,448
1715672206.538842,873144320,0,0
1715672207.540075,873144320,0,0
1715672208.541339,873144320,0,0
1715672209.5425622,873144320,152,152
1715672210.5438714,873144320,344,344
1715672211.5452693,873144320,0,0
1715672212.546629,1031184384,10391997,10391997
1715672213.5479078,823730176,0,0
1715672214.5493324,1162776576,459,459
1715672215.5505908,848924672,349,349
1715672216.5519,867102720,0,0
1715672217.5533338,1207521280,0,0
1715672218.554581,848859136,0,0
1715672219.5560234,907735040,152,152
1715672220.557442,1220190208,344,344
1715672221.5586636,880132096,0,0
1715672222.5601351,919089152,0,0
1715672223.5616333,1108758528,0,0
1715672224.5628507,905408512,152,152
1715672225.5642967,880271360,344,344
