Timestamp,MemoryUsage,NetSent,NetRecv
1715672339.7711241,516435968,267,267
1715672340.7715764,520105984,11711,11711
1715672341.772978,520105984,2083,2083
1715672342.774271,520105984,0,0
1715672343.774938,520105984,315,315
1715672344.7762215,520105984,502,502
1715672345.777531,520105984,155,155
1715672346.7786076,520105984,0,0
1715672347.7800376,520105984,0,0
1715672348.7814221,520105984,0,0
1715672349.7825866,520105984,448,448
1715672350.7840428,520105984,152,152
1715672351.7853312,520105984,0,0
1715672352.7866325,520105984,0,0
1715672353.7880318,520105984,0,0
1715672354.7892826,520105984,344,344
1715672355.790588,520105984,152,152
1715672356.7919586,520105984,0,0
1715672357.7935688,520105984,0,0
1715672358.7947922,520105984,0,0
1715672359.7960541,520105984,344,344
1715672360.7974677,520105984,152,152
1715672361.7985866,520105984,20779275,20779275
1715672362.7999353,520105984,4788,4788
1715672363.8012984,520105984,1268,1268
1715672364.8028193,520105984,1852,1852
1715672365.8042352,520105984,1694,1694
1715672366.805567,520105984,1190,1190
1715672367.806655,520105984,1790,1790
1715672368.8080146,520105984,1496,1496
1715672369.8093662,520105984,1289,1289
1715672370.8107708,520105984,1476,1476
1715672371.8120778,520105984,1785,1785
1715672372.8133829,520105984,1497,1497
1715672373.8147006,520105984,1180,1180
1715672374.8159728,520105984,1797,1797
1715672375.8173065,520105984,1722,1722
1715672376.8188198,520105984,1508,1508
1715672377.8203518,520105984,1494,1494
1715672378.8217216,520105984,1498,1498
1715672379.8228364,520105984,1291,1291
1715672380.8242712,520105984,1647,1647
1715672381.8256557,520105984,2160,2160
1715672382.8267787,520105984,1560,1560
1715672383.8280716,520105984,1519,1519
1715672384.8294356,520105984,1916,1916
1715672385.830795,520105984,1912,1912
1715672386.8321762,520105984,643,643
1715672387.833567,520105984,1744,1744
1715672388.8346791,520105984,866,866
1715672389.8361094,520105984,1594,1594
1715672390.8375058,520105984,1968,1968
1715672391.8387954,520105984,1522,1522
1715672392.840132,520105984,1738,1738
1715672393.8404832,520105984,1449,1449
1715672394.841814,520105984,1590,1590
1715672395.8427887,520105984,1186,1186
1715672396.8442235,520105984,2085,2085
1715672397.845637,520105984,948,948
1715672398.8466604,520105984,1999,1999
1715672399.8479302,520105984,1576,1576
1715672400.849334,520105984,1169,1169
1715672401.850772,520105984,1272,1272
1715672402.852078,520105984,1515,1515
1715672403.8535032,520105984,1952,1952
1715672404.8548248,520105984,1554,1554
1715672405.856191,520105984,2111,2111
1715672406.8574686,520105984,807,807
1715672407.8586555,520105984,1036,1036
1715672408.860027,520105984,1576,1576
1715672409.86134,520105984,1876,1876
1715672410.8626528,520105984,1736,1736
1715672411.8640068,520105984,1533,1533
1715672412.865365,520105984,965,965
1715672413.8667407,520105984,1523,1523
1715672414.8681319,520105984,1553,1553
1715672415.8694205,520105984,1722,1722
1715672416.8707228,520105984,1528,1528
1715672417.8722,520105984,1511,1511
1715672418.8735747,520105984,1528,1528
1715672419.8746977,520105984,1596,1596
1715672420.8761103,520105984,2373,2373
1715672421.8773994,520105984,1513,1513
1715672422.878832,520105984,1516,1516
1715672423.8802612,520105984,1265,1265
1715672424.8816934,520105984,1877,1877
1715672425.8828833,520105984,1160,1160
1715672426.8842723,520105984,1739,1739
1715672427.8855264,520105984,1520,1520
1715672428.8868012,520105984,1522,1522
1715672429.8882706,520105984,1876,1876
1715672430.889635,520105984,2081,2081
1715672431.890899,520105984,10389145,10389145
1715672432.8923423,520105984,1169,1169
1715672433.8941147,520105984,753,753
1715672434.8946204,520105984,2111,2111
1715672435.89587,520105984,10392360,10392360
1715672436.897281,520105984,0,0
1715672437.8985543,520105984,151,151
1715672438.899804,520105984,153,153
1715672439.901244,520105984,451,451
1715672440.9025202,520105984,155,155
1715672441.9038122,520105984,0,0
1715672442.9051166,520105984,0,0
1715672443.9066117,520105984,0,0
1715672444.9079072,520105984,448,448
1715672445.9091911,520105984,152,152
1715672446.909716,520105984,0,0
1715672447.9108021,520105984,0,0
1715672448.9120617,520105984,0,0
1715672449.9133666,520105984,448,448
1715672450.9146698,520105984,152,152
1715672451.915914,520105984,0,0
1715672452.9172525,520105984,0,0
1715672453.9179804,520105984,0,0
1715672454.9193003,520105984,344,344
1715672455.9207518,520105984,152,152
1715672456.92224,520105984,0,0
1715672457.9227507,520105984,0,0
1715672458.923127,520105984,0,0
1715672459.92455,520105984,344,344
1715672460.9258535,520105984,152,152
1715672461.926604,520105984,0,0
1715672462.9280372,520105984,0,0
1715672463.9292977,520105984,0,0
1715672464.9305785,604082176,20780079,20780079
1715672465.931941,688898048,991,991
1715672466.9332647,750931968,0,0
1715672467.9341364,935817216,304,304
1715672468.9347157,1132703744,0,0
1715672469.9359913,1006612480,347,347
1715672470.9373164,856555520,152,152
1715672471.9389906,798785536,0,0
1715672472.940276,881258496,0,0
1715672473.9416745,778170368,0,0
1715672474.9425952,746582016,851,851
1715672475.9438148,762503168,20778183,20778183
1715672476.9451258,739184640,4024,4024
1715672477.946569,804478976,1929,1929
1715672478.9479825,795848704,1549,1549
1715672479.949367,965189632,1308,1308
1715672480.9507103,908185600,1626,1626
1715672481.9520843,768323584,1481,1481
1715672482.9535413,846983168,1486,1486
1715672483.954807,861896704,1486,1486
1715672484.9561179,868212736,1347,1347
1715672485.9574735,880922624,1932,1932
1715672486.9586542,854757376,1215,1215
1715672487.9599547,882896896,1503,1503
1715672488.9612892,1202900992,1326,1326
1715672489.9627585,1100259328,1689,1689
1715672490.9640336,1101717504,1559,1559
1715672491.9654121,1189093376,1973,1973
1715672492.9666882,775843840,1504,1504
1715672493.9678245,848379904,1503,1503
1715672494.9690826,775450624,1559,1559
1715672495.9704144,765956096,1167,1167
1715672496.971689,805355520,1517,1517
1715672497.9731095,758050816,1502,1502
1715672498.9744322,786460672,1449,1449
1715672499.9758403,758046720,1667,1667
1715672500.9772053,783306752,1701,1701
1715672501.9785783,768253952,1502,1502
1715672502.9800117,831131648,1239,1239
1715672503.9812973,734777344,1237,1237
1715672504.9827256,873041920,1163,1163
1715672505.9841902,849170432,1645,1645
1715672506.9855876,887840768,1511,1511
1715672507.9868047,818921472,1503,1503
1715672508.988242,952508416,1497,1497
1715672509.9896753,987258880,1863,1863
1715672510.990669,919019520,1713,1713
1715672511.9920053,904073216,1501,1501
1715672512.9933388,958734336,1500,1500
1715672513.9947746,843689984,1493,1493
1715672514.9961493,850006016,1812,1812
1715672515.9975517,1135054848,1111,1111
1715672516.9988525,998367232,958,958
1715672518.0002854,1061269504,1502,1502
1715672519.0017185,863358976,1870,1870
1715672520.0026796,1174757376,1588,1588
1715672521.0041268,1044467712,1649,1649
1715672522.0055804,1050009600,965,965
1715672523.0068274,1179217920,1444,1444
1715672524.0082295,1046327296,1493,1493
1715672525.009604,1002622976,1892,1892
1715672526.0107872,1002749952,1598,1598
1715672527.0121136,928931840,1497,1497
1715672528.0135605,932626432,1395,1395
1715672529.0149376,841109504,1103,1103
1715672530.0161397,797483008,1103,1103
1715672531.0175164,761597952,1710,1710
1715672532.01862,795279360,921,921
1715672533.0197995,766238720,1713,1713
1715672534.021207,759832576,1555,1555
1715672535.0223932,825618432,1854,1854
1715672536.0237331,786046976,1696,1696
1715672537.0249224,792821760,1321,1321
1715672538.0263703,765710336,1505,1505
1715672539.0273597,900866048,1505,1505
1715672540.0278265,879362048,1376,1376
1715672541.0291507,755515392,1670,1670
1715672542.0304744,1032339456,1510,1510
1715672543.0319798,973770752,1507,1507
1715672544.0332713,904200192,88189,88189
1715672545.0347285,945750016,715,715
1715672546.0362308,977059840,512,512
1715672547.0376365,937738240,352,352
1715672548.03871,941555712,1856,1856
1715672549.0401685,980910080,1389,1389
1715672550.0415003,975929344,1911,1911
1715672551.0426953,960888832,1883,1883
1715672552.0430095,750534656,10391719,10391719
1715672553.0444179,782856192,10391403,10391403
1715672554.045728,782856192,0,0
1715672555.0468235,782856192,451,451
1715672556.0482283,782856192,156,156
1715672557.0496192,782856192,0,0
1715672558.0507045,782856192,0,0
1715672559.0520113,782856192,0,0
1715672560.0529554,782856192,344,344
1715672561.0543678,782856192,152,152
1715672562.055603,782856192,0,0
1715672563.05692,782856192,0,0
1715672564.0582156,782856192,0,0
1715672565.0594537,782856192,344,344
1715672566.0607777,782856192,152,152
1715672567.0623608,782856192,0,0
1715672568.063611,782856192,0,0
1715672569.0650427,782856192,0,0
1715672570.066302,782856192,344,344
1715672571.066922,782856192,152,152
1715672572.0682783,782856192,0,0
1715672573.0696933,782856192,0,0
1715672574.070579,782856192,0,0
1715672575.071986,782856192,344,344
1715672576.0733893,782856192,152,152
1715672577.0745797,782856192,0,0
1715672578.0759912,782856192,0,0
1715672579.0774949,782856192,0,0
1715672580.0787563,782856192,344,344
1715672581.0802133,782856192,152,152
1715672582.0810726,797536256,20775961,20775961
1715672583.0814705,832069632,874,874
1715672584.0826864,920514560,0,0
1715672585.084102,1198518272,500,500
1715672586.0853977,1222635520,155,155
1715672587.086818,955121664,0,0
1715672588.0880818,928669696,0,0
1715672589.0885992,832749568,0,0
1715672590.0899243,857272320,344,344
1715672591.0906053,850739200,152,152
1715672592.0921247,857063424,0,0
1715672593.093323,832102400,947,947
1715672594.094908,860659712,20780080,20780080
1715672595.0962367,917544960,1570,1570
1715672596.0976038,969633792,2060,2060
1715672597.0987616,935854080,889,889
1715672598.099212,1086341120,345,345
1715672599.1006346,1229299712,1898,1898
1715672600.1020231,1181511680,705,705
1715672601.1027017,1070153728,1736,1736
1715672602.1041083,1058226176,1514,1514
1715672603.105609,1219584000,1476,1476
1715672604.1066704,1076207616,1445,1445
1715672605.1079452,1019711488,1785,1785
1715672606.1092875,1204035584,1654,1654
1715672607.1106887,1019883520,1502,1502
1715672608.1119907,1220976640,1499,1499
1715672609.1132882,1086369792,1500,1500
1715672610.114733,1144053760,2179,2179
1715672611.1161513,1037598720,1701,1701
1715672612.1176362,1013850112,1503,1503
1715672613.118702,958930944,1501,1501
1715672614.1201062,1024495616,1496,1496
1715672615.1215584,942858240,1539,1539
1715672616.1227436,841342976,1377,1377
1715672617.1239858,866648064,1509,1509
1715672618.1252232,841515008,1506,1506
1715672619.126526,856203264,1505,1505
1715672620.1278682,822525952,1687,1687
1715672621.129299,856219648,1667,1667
1715672622.1307397,785268736,1514,1514
1715672623.1313815,955265024,1515,1515
1715672624.132753,938459136,1882,1882
1715672625.1340504,945942528,1858,1858
1715672626.1348333,1065857024,1657,1657
1715672627.1362603,965464064,1497,1497
1715672628.1377215,1007280128,1249,1249
1715672629.1387181,969674752,1511,1511
1715672630.140176,1054228480,1229,1229
1715672631.1415606,1032876032,1371,1371
1715672632.1426668,875360256,1243,1243
1715672633.1440883,822153216,1515,1515
1715672634.1453753,1086996480,1509,1509
1715672635.1466813,1070112768,1912,1912
1715672636.148073,1113636864,1670,1670
1715672637.149102,1205923840,361,361
1715672638.1505356,1037246464,2339,2339
1715672639.1519203,1076207616,1511,1511
1715672640.1532552,1019846656,1916,1916
1715672641.1546474,1118679040,1667,1667
1715672642.15598,1221087232,953,953
1715672643.1572526,1078792192,2082,2082
1715672644.158801,958488576,1508,1508
1715672645.1601977,1041256448,1857,1857
1715672646.161535,937443328,1719,1719
1715672647.1628652,946896896,357,357
1715672648.164343,1160937472,2138,2138
1715672649.1657321,907198464,955,955
1715672650.1668065,1059389440,2481,2481
1715672651.1682615,971456512,2049,2049
1715672652.169681,1038434304,1569,1569
1715672653.1708171,943693824,1513,1513
1715672654.172086,1051709440,1510,1510
1715672655.1735342,944381952,1816,1816
1715672656.1747422,1068146688,1664,1664
1715672657.1761441,1050214400,1512,1512
1715672658.1774738,1150349312,1243,1243
1715672659.1787918,1144094720,1254,1254
1715672660.180125,1192329216,1484,1484
1715672661.181475,1208991744,980,980
1715672662.1826909,990765056,372,372
1715672663.184118,1164742656,1861,1861
1715672664.1855404,926453760,1508,1508
1715672665.186686,1126760448,1934,1934
1715672666.188037,1070280704,1408,1408
1715672667.1894858,975773696,10390027,10390027
1715672668.1907961,806912000,10391305,10391305
1715672669.192201,806912000,0,0
1715672670.1936197,806912000,352,352
1715672671.1946282,806912000,156,156
1715672672.1960196,806912000,0,0
1715672673.1973722,806912000,334,334
1715672674.1986094,806912000,0,0
1715672675.1999135,806912000,347,347
1715672676.2013352,806912000,155,155
1715672677.2026396,806912000,0,0
1715672678.2041533,806912000,0,0
1715672679.205417,806912000,0,0
1715672680.2067785,806912000,344,344
1715672681.208335,806912000,152,152
1715672682.2097595,806912000,0,0
1715672683.210623,806912000,0,0
1715672684.2120688,806912000,0,0
1715672685.2133362,806912000,590,590
1715672686.2147954,806912000,152,152
1715672687.216227,806912000,0,0
1715672688.2174947,806912000,0,0
1715672689.2188113,806912000,0,0
1715672690.2200942,806912000,448,448
1715672691.221427,806912000,152,152
1715672692.222783,806912000,0,0
1715672693.2242908,806912000,0,0
1715672694.2256143,806912000,0,0
1715672695.2268178,806912000,448,448
1715672696.228249,806912000,152,152
1715672697.2295616,806912000,0,0
1715672698.2308106,806912000,20777479,20777479
1715672699.2321856,806912000,0,0
1715672700.233178,806912000,402,402
1715672701.2344592,806912000,155,155
1715672702.2357984,806912000,0,0
1715672703.237175,806912000,0,0
1715672704.2384858,806912000,0,0
1715672705.239778,806912000,344,344
1715672706.2412193,806912000,152,152
1715672707.24275,806912000,0,0
1715672708.244085,806912000,0,0
1715672709.2455237,806912000,20782065,20782065
1715672710.2467108,806912000,1506,1506
1715672711.2480555,806912000,949,949
1715672712.2494404,806912000,1230,1230
1715672713.2507727,806912000,1639,1639
1715672714.2520778,806912000,1217,1217
1715672715.2534566,806912000,1891,1891
1715672716.2547033,806912000,1643,1643
1715672717.2561948,806912000,1491,1491
1715672718.2576323,806912000,1471,1471
1715672719.258892,806912000,1433,1433
1715672720.2601836,806912000,1571,1571
1715672721.2617319,806912000,1379,1379
1715672722.2627594,806912000,1228,1228
1715672723.2642007,806912000,792,792
1715672724.2655385,806912000,956,956
1715672725.2667363,806912000,1150,1150
1715672726.2681377,806912000,347,347
1715672727.269565,806912000,1930,1930
1715672728.2707415,806912000,792,792
1715672729.2721639,806912000,1412,1412
1715672730.2735758,806912000,1395,1395
1715672731.2747862,806912000,1001,1001
1715672732.2760553,806912000,994,994
1715672733.277383,806912000,797,797
1715672734.2786498,806912000,800,800
1715672735.2799375,806912000,1358,1358
1715672736.2812023,806912000,1378,1378
1715672737.2824798,806912000,1228,1228
1715672738.2839003,806912000,1021,1021
1715672739.28534,806912000,1229,1229
1715672740.2867377,806912000,2274,2274
1715672741.287283,806912000,1033,1033
1715672742.288757,806912000,965,965
1715672743.2900836,806912000,1742,1742
1715672744.2907393,806912000,1278,1278
1715672745.2921476,806912000,1906,1906
1715672746.2935677,806912000,1382,1382
1715672747.2948587,806912000,1218,1218
1715672748.2961469,806912000,1517,1517
1715672749.2974594,806912000,1506,1506
1715672750.2986708,806912000,1805,1805
1715672751.2999864,806912000,1657,1657
1715672752.3012803,806912000,1768,1768
1715672753.302714,806912000,1712,1712
1715672754.3040347,806912000,1507,1507
1715672755.3054633,806912000,1801,1801
1715672756.306776,806912000,1935,1935
1715672757.3081927,806912000,1022,1022
1715672758.3094609,806912000,1504,1504
1715672759.3107173,806912000,1504,1504
1715672760.3120155,806912000,1803,1803
1715672761.3134491,806912000,1658,1658
1715672762.3147259,806912000,1795,1795
1715672763.3160594,806912000,1507,1507
1715672764.3174164,806912000,1221,1221
1715672765.318764,806912000,1805,1805
1715672766.3200822,806912000,2034,2034
1715672767.321377,806912000,1948,1948
1715672768.3228223,806912000,524,524
1715672769.3241866,806912000,2377,2377
1715672770.325523,806912000,1632,1632
1715672771.3267958,806912000,1417,1417
1715672772.328165,806912000,1805,1805
1715672773.3296173,806912000,1516,1516
1715672774.330696,806912000,1515,1515
1715672775.3321586,806912000,2013,2013
1715672776.3335369,806912000,1511,1511
1715672777.3348157,806912000,1504,1504
1715672778.336181,806912000,1507,1507
1715672779.3375685,806912000,943,943
1715672780.3387082,806912000,3003,3003
1715672781.3401237,806912000,628,628
1715672782.3413923,806912000,20779353,20779353
1715672783.3428106,806912000,0,0
1715672784.344238,806912000,152,152
1715672785.345492,806912000,660,660
1715672786.3468041,806912000,0,0
1715672787.3482375,806912000,0,0
1715672788.34964,806912000,0,0
1715672789.3507621,806912000,0,0
1715672790.3523703,806912000,496,496
1715672791.353811,806912000,0,0
1715672792.3548086,806912000,0,0
1715672793.35611,806912000,0,0
1715672794.357521,806912000,0,0
1715672795.3589318,806912000,496,496
1715672796.3602817,806912000,0,0
1715672797.3616476,806912000,0,0
1715672798.362956,806912000,0,0
1715672799.364346,806912000,0,0
1715672800.3657243,806912000,496,496
1715672801.3671389,806912000,0,0
1715672802.368529,806912000,0,0
1715672803.3700666,806912000,0,0
1715672804.3707266,806912000,0,0
1715672805.3719635,806912000,496,496
1715672806.373391,806912000,0,0
1715672807.374688,806912000,0,0
1715672808.375928,806912000,0,0
1715672809.3773482,806912000,0,0
1715672810.3787653,806912000,496,496
1715672811.379989,806912000,20780218,20780218
1715672812.3813334,806912000,2136,2136
1715672813.3826234,806912000,0,0
1715672814.3838906,806912000,303,303
1715672815.385213,806912000,502,502
1715672816.3866239,806912000,0,0
1715672817.3880472,806912000,0,0
1715672818.3894193,806912000,0,0
1715672819.390846,806912000,0,0
1715672820.392284,806912000,496,496
1715672821.3935533,806912000,0,0
1715672822.3946168,806912000,624,624
1715672823.3954847,806912000,20780255,20780255
1715672824.3967857,806912000,1493,1493
1715672825.3981514,806912000,1727,1727
1715672826.3987293,806912000,1211,1211
1715672827.400106,806912000,802,802
1715672828.4014077,806912000,1227,1227
1715672829.402774,806912000,1602,1602
1715672830.4040115,806912000,1247,1247
1715672831.4054275,806912000,963,963
1715672832.4067864,806912000,782,782
1715672833.4081726,806912000,796,796
1715672834.4095564,806912000,1222,1222
1715672835.4106958,806912000,1987,1987
1715672836.4120815,806912000,1178,1178
1715672837.4136384,806912000,1491,1491
1715672838.4148114,806912000,1216,1216
1715672839.416157,806912000,1495,1495
1715672840.417553,806912000,1886,1886
1715672841.4187684,806912000,804,804
1715672842.4201157,806912000,1556,1556
1715672843.4213872,806912000,1749,1749
1715672844.4226673,806912000,1500,1500
1715672845.424064,806912000,1905,1905
1715672846.425337,806912000,1503,1503
1715672847.4266624,806912000,1503,1503
1715672848.4280946,806912000,88894,88894
1715672849.4294226,806912000,1072,1072
1715672850.4307706,806912000,2073,2073
1715672851.4320662,806912000,1510,1510
1715672852.4334736,806912000,1449,1449
1715672853.4347057,806912000,1731,1731
1715672854.436182,806912000,1499,1499
1715672855.4375935,806912000,1685,1685
1715672856.4387755,806912000,1616,1616
1715672857.4395254,806912000,1297,1297
1715672858.440855,806912000,1237,1237
1715672859.4421427,806912000,1236,1236
1715672860.4426942,806912000,1945,1945
1715672861.4439836,806912000,1499,1499
1715672862.445314,806912000,1221,1221
1715672863.446733,806912000,1237,1237
1715672864.4480233,806912000,1224,1224
1715672865.4493308,806912000,1958,1958
1715672866.4508226,806912000,1499,1499
1715672867.4522626,806912000,1500,1500
1715672868.4537508,806912000,1498,1498
1715672869.4546893,806912000,1970,1970
1715672870.456098,806912000,1523,1523
1715672871.4574926,806912000,1501,1501
1715672872.458731,806912000,1507,1507
1715672873.4601374,806912000,1457,1457
1715672874.461601,806912000,1500,1500
1715672875.4626448,806912000,1803,1803
1715672876.4640582,806912000,1495,1495
1715672877.465433,806912000,1503,1503
1715672878.4668539,806912000,1719,1719
1715672879.467405,806912000,1511,1511
1715672880.4689631,806912000,2070,2070
1715672881.4702535,806912000,1507,1507
1715672882.4708111,806912000,1941,1941
1715672883.472114,806912000,1573,1573
1715672884.4735863,806912000,1515,1515
1715672885.4749656,806912000,2082,2082
1715672886.4763196,806912000,1516,1516
1715672887.4777446,806912000,1510,1510
1715672888.478681,806912000,1457,1457
1715672889.4801254,806912000,361,361
1715672890.4814682,806912000,2065,2065
1715672891.482787,806912000,1509,1509
1715672892.4841273,806912000,1504,1504
1715672893.4854567,806912000,1508,1508
1715672894.4868946,806912000,1491,1491
1715672895.4882793,806912000,2053,2053
1715672896.48953,806912000,20777452,20777452
1715672897.4908617,806912000,0,0
1715672898.4922917,806912000,153,153
1715672899.4937732,806912000,153,153
1715672900.4951644,806912000,611,611
1715672901.4966104,806912000,0,0
1715672902.4980555,806912000,0,0
1715672903.499442,806912000,0,0
1715672904.500865,806912000,0,0
1715672905.5022755,806912000,600,600
1715672906.5037007,806912000,0,0
1715672907.5051568,806912000,0,0
1715672908.5066345,806912000,0,0
1715672909.5079525,806912000,0,0
1715672910.509203,806912000,496,496
1715672911.5106416,806912000,0,0
1715672912.5119174,806912000,0,0
1715672913.513155,806912000,0,0
1715672914.5146747,806912000,0,0
1715672915.5160782,806912000,496,496
1715672916.5173547,806912000,0,0
1715672917.518836,806912000,0,0
1715672918.5202246,806912000,0,0
1715672919.5215294,806912000,0,0
1715672920.5229795,806912000,600,600
1715672921.5243776,806912000,0,0
1715672922.525614,806912000,0,0
1715672923.5271986,806912000,0,0
1715672924.5286014,806912000,152,152
1715672925.5298371,806912000,344,344
1715672926.5306108,806912000,20781684,20781684
1715672927.531876,806912000,0,0
1715672928.5331786,806912000,152,152
1715672929.5346944,806912000,304,304
1715672930.5360825,806912000,349,349
1715672931.5373442,806912000,0,0
1715672932.5386848,806912000,0,0
1715672933.5401025,806912000,0,0
1715672934.5405624,806912000,152,152
1715672935.5418553,806912000,344,344
1715672936.5428274,806912000,0,0
