Timestamp,MemoryUsage,NetSent,NetRecv
1715685559.4681861,516923392,612,612
1715685560.4694626,520724480,11248,11248
1715685561.4707515,520724480,0,0
1715685562.4722483,520724480,308,308
1715685563.4735458,520724480,153,153
1715685564.4749463,520724480,0,0
1715685565.476331,520724480,346,346
1715685566.477592,520724480,0,0
1715685567.4790065,520724480,152,152
1715685568.4804683,520724480,0,0
1715685569.481907,520724480,0,0
1715685570.483335,520724480,344,344
1715685571.4845793,520724480,0,0
1715685572.4860902,520724480,152,152
1715685573.486615,520724480,0,0
1715685574.4878626,520724480,0,0
1715685575.4891243,520724480,344,344
1715685576.4903514,520724480,0,0
1715685577.4915783,520724480,152,152
1715685578.4928696,520724480,0,0
1715685579.4942524,520724480,0,0
1715685580.4947865,520724480,344,344
1715685581.496087,760934400,20784963,20784963
1715685582.4974065,855601152,1422,1422
1715685583.4987006,1178730496,1172,1172
1715685584.5001504,1018728448,1446,1446
1715685585.5015059,1092300800,1193,1193
1715685586.5027485,934817792,1171,1171
1715685587.5040965,873984000,1589,1589
1715685588.505474,839249920,1410,1410
1715685589.5066798,885743616,1226,1226
1715685590.5080118,857047040,1581,1581
1715685591.509397,887836672,660,660
1715685592.5107772,869269504,1328,1328
1715685593.5121686,836661248,861,861
1715685594.5134766,848293888,1229,1229
1715685595.5149248,729837568,1471,1471
1715685596.5163143,822112256,1345,1345
1715685597.5176752,796372992,1122,1122
1715685598.5185845,747896832,1394,1394
1715685599.5198047,733237248,1113,1113
1715685600.5211399,760639488,1854,1854
1715685601.5225441,798408704,1358,1358
1715685602.5238335,821133312,1648,1648
1715685603.5253122,770457600,1539,1539
1715685604.526599,903417856,1496,1496
1715685605.5278895,884690944,1797,1797
1715685606.5291498,833462272,1286,1286
1715685607.5306518,899211264,1589,1589
1715685608.532065,918618112,1170,1170
1715685609.5333672,838107136,1490,1490
1715685610.5347252,861323264,1798,1798
1715685611.5359824,901300224,2158,2158
1715685612.5372584,1037918208,1649,1649
1715685613.5386143,1057480704,1501,1501
1715685614.5399916,1003233280,1236,1236
1715685615.5412714,1022226432,1537,1537
1715685616.5425956,990941184,1238,1238
1715685617.5439029,836825088,1337,1337
1715685618.5453029,913924096,931,931
1715685619.546575,911929344,2007,2007
1715685620.5478837,909312000,1233,1233
1715685621.5492263,715100160,1226,1226
1715685622.5504453,742600704,1354,1354
1715685623.5517874,713646080,1061,1061
1715685624.5530019,746295296,1494,1494
1715685625.554334,765177856,1126,1126
1715685626.5546618,741314560,2175,2175
1715685627.5560358,751161344,1514,1514
1715685628.5573845,894791680,1493,1493
1715685629.5588,759975936,1491,1491
1715685630.5602043,864280576,1914,1914
1715685631.5615213,752971776,1504,1504
1715685632.5627527,990777344,1657,1657
1715685633.5641804,1218592768,1495,1495
1715685634.5654511,1178718208,1232,1232
1715685635.566768,1073381376,1642,1642
1715685636.5680187,1071661056,1235,1235
1715685637.569362,966795264,1394,1394
1715685638.5706286,1008640000,1246,1246
1715685639.5719156,1097916416,1766,1766
1715685640.5732846,1032384512,1642,1642
1715685641.5746653,841039872,1225,1225
1715685642.576026,867885056,1377,1377
1715685643.577314,872460288,1196,1196
1715685644.5786235,759365632,1504,1504
1715685645.5798316,715595776,1857,1857
1715685646.581133,778256384,1548,1548
1715685647.5826006,700026880,1806,1806
1715685648.5839252,781238272,1288,1288
1715685649.585268,704233472,1486,1486
1715685650.5866022,740835328,1368,1368
1715685651.587915,765845504,827,827
1715685652.5891986,730529792,1662,1662
1715685653.590584,758992896,1609,1609
1715685654.5919628,899260416,1023,1023
1715685655.5934246,813731840,1591,1591
1715685656.5947423,912248832,1243,1243
1715685657.5959725,733327360,20780536,20780536
1715685658.5973542,733327360,2776,2776
1715685659.5986164,733327360,0,0
1715685660.6000197,733327360,503,503
1715685661.6013553,733327360,0,0
1715685662.6025987,733327360,155,155
1715685663.603883,733327360,0,0
1715685664.6052234,733327360,0,0
1715685665.606633,733327360,344,344
1715685666.6081223,733327360,0,0
1715685667.6094983,733327360,152,152
1715685668.6109006,733327360,0,0
1715685669.612152,733327360,0,0
1715685670.6135905,733327360,344,344
1715685671.6147618,733327360,0,0
1715685672.6159813,733327360,152,152
1715685673.6172087,733327360,0,0
1715685674.61845,733327360,0,0
1715685675.6198356,733327360,344,344
1715685676.6212313,733327360,0,0
1715685677.6226642,733327360,152,152
1715685678.6240768,733327360,0,0
1715685679.6256301,733327360,358,358
1715685680.627066,733327360,347,347
1715685681.6283035,733327360,0,0
1715685682.6295438,733327360,87700,87700
1715685683.6306274,733327360,158,158
1715685684.6320477,733327360,0,0
1715685685.633281,733327360,609,609
1715685686.6347952,733327360,0,0
1715685687.636135,803590144,20782411,20782411
1715685688.6374254,826736640,52,52
1715685689.6387286,959373312,152,152
1715685690.6400306,915345408,500,500
1715685691.641391,806166528,0,0
1715685692.6427155,778653696,155,155
1715685693.6442547,839487488,0,0
1715685694.645835,824602624,0,0
1715685695.6466684,788316160,448,448
1715685696.6479235,872706048,0,0
1715685697.6494324,942039040,152,152
1715685698.6506603,829890560,20778038,20778038
1715685699.6520615,875630592,4577,4577
1715685700.6533942,850595840,2012,2012
1715685701.6547806,825438208,1490,1490
1715685702.6562834,850378752,1644,1644
1715685703.6576803,875552768,1496,1496
1715685704.6588078,862994432,1495,1495
1715685705.6601155,875532288,1901,1901
1715685706.6613648,881733632,1679,1679
1715685707.662678,862994432,1960,1960
1715685708.6639333,875581440,1591,1591
1715685709.6653414,875483136,1796,1796
1715685710.6666176,875483136,1846,1846
1715685711.667874,862932992,1985,1985
1715685712.6692588,875524096,1602,1602
1715685713.670511,881848320,1501,1501
1715685714.6718955,881807360,1495,1495
1715685715.67315,862715904,1908,1908
1715685716.6746056,875315200,1500,1500
1715685717.6760604,1063526400,1950,1950
1715685718.6774662,997163008,1495,1495
1715685719.678833,1057460224,1777,1777
1715685720.6802146,948895744,1320,1320
1715685721.6815941,1011703808,1745,1745
1715685722.6826854,955883520,1359,1359
1715685723.684044,1060831232,1796,1796
1715685724.6854944,925179904,1255,1255
1715685725.686731,998371328,1901,1901
1715685726.6880722,1170087936,1406,1406
1715685727.6894472,1083736064,1382,1382
1715685728.6906807,1202757632,1507,1507
1715685729.6919587,1016020992,1514,1514
1715685730.6933198,1024450560,1744,1744
1715685731.694754,954880000,1229,1229
1715685732.6961656,948883456,1665,1665
1715685733.6976213,1060589568,1512,1512
1715685734.6988375,1073045504,1791,1791
1715685735.7002223,955174912,1633,1633
1715685736.7018325,968056832,1208,1208
1715685737.7027874,897556480,1965,1965
1715685738.7042317,970334208,1990,1990
1715685739.7055824,1020284928,1803,1803
1715685740.7066755,1053065216,2210,2210
1715685741.7082386,1038254080,1505,1505
1715685742.7098362,1023782912,1667,1667
1715685743.710746,1097920512,1247,1247
1715685744.7121825,1240367104,1191,1191
1715685745.7134876,1310117888,1866,1866
1715685746.714783,1077071872,1523,1523
1715685747.716153,1083068416,1402,1402
1715685748.717532,1083088896,1515,1515
1715685749.7186606,1255555072,1231,1231
1715685750.7199237,1244786688,1918,1918
1715685751.721211,1051738112,1509,1509
1715685752.722563,867307520,2169,2169
1715685753.7239316,1010335744,1343,1343
1715685754.7253497,1007452160,1523,1523
1715685755.7266994,1062932480,1785,1785
1715685756.728214,1013936128,1515,1515
1715685757.7296681,920936448,1625,1625
1715685758.7307196,875712512,1470,1470
1715685759.732128,936497152,1521,1521
1715685760.733593,889241600,1920,1920
1715685761.734712,951242752,1527,1527
1715685762.736117,881991680,1475,1475
1715685763.7376902,926072832,1523,1523
1715685764.7389877,862924800,1516,1516
1715685765.740291,881692672,1816,1816
1715685766.74159,875438080,1699,1699
1715685767.7426188,850522112,2122,2122
1715685768.7438664,862990336,1816,1816
1715685769.745088,882032640,1825,1825
1715685770.7464848,870936576,1873,1873
1715685771.7479155,868700160,10391094,10391094
1715685772.7492769,868700160,958,958
1715685773.7506711,868700160,1206,1206
1715685774.7519243,868700160,10392026,10392026
1715685775.753163,868700160,403,403
1715685776.754444,868700160,0,0
1715685777.7557452,868700160,155,155
1715685778.7572782,868700160,0,0
1715685779.7587333,868700160,0,0
1715685780.7601633,868700160,344,344
1715685781.7614124,868700160,0,0
1715685782.7628264,868700160,152,152
1715685783.7642431,868700160,0,0
1715685784.7649577,868700160,0,0
1715685785.7662075,868700160,344,344
1715685786.767704,868700160,152,152
1715685787.769141,868700160,0,0
1715685788.7704682,868700160,0,0
1715685789.7717466,868700160,0,0
1715685790.7731571,868700160,344,344
1715685791.7746143,868700160,490,490
1715685792.7759135,868700160,0,0
1715685793.7765138,868700160,152,152
1715685794.7779534,868700160,0,0
1715685795.7787971,868700160,345,345
1715685796.7800417,868700160,152,152
1715685797.7815251,868700160,0,0
1715685798.7828403,868700160,353,353
1715685799.784284,868700160,0,0
1715685800.7855537,868700160,347,347
1715685801.786797,868700160,155,155
1715685802.7880414,868831232,20777890,20777890
1715685803.789321,1022402560,1421,1421
1715685804.790701,1062236160,0,0
1715685805.7920532,967839744,502,502
1715685806.7934628,1030529024,155,155
1715685807.794754,835772416,0,0
1715685808.7960036,892297216,0,0
1715685809.7973936,903049216,0,0
1715685810.7988372,1336377344,344,344
1715685811.800219,1016553472,152,152
1715685812.8017516,910905344,0,0
1715685813.8028307,898523136,31167064,31167064
1715685814.8041127,898523136,1341,1341
1715685815.8054283,898523136,1804,1804
1715685816.8066409,898523136,927,927
1715685817.808038,898523136,1538,1538
1715685818.809494,898523136,757,757
1715685819.8107896,898523136,958,958
1715685820.8121843,898523136,1749,1749
1715685821.8135724,898523136,1110,1110
1715685822.8149977,898523136,1348,1348
1715685823.8162854,898523136,952,952
1715685824.8176515,898523136,1354,1354
1715685825.818772,898523136,1161,1161
1715685826.819602,898523136,1368,1368
1715685827.8209648,898523136,1350,1350
1715685828.8224156,898523136,1567,1567
1715685829.8238518,898523136,1354,1354
1715685830.825108,898523136,1348,1348
1715685831.826595,898523136,1513,1513
1715685832.8278334,898523136,1333,1333
1715685833.8291018,898523136,1411,1411
1715685834.830625,898523136,767,767
1715685835.8319757,898523136,1623,1623
1715685836.8333874,898523136,1197,1197
1715685837.8345096,898523136,967,967
1715685838.8358712,898523136,1357,1357
1715685839.8371444,898523136,958,958
1715685840.8385835,898523136,1760,1760
1715685841.8398585,898523136,1115,1115
1715685842.8411558,898523136,1354,1354
1715685843.842086,898523136,768,768
1715685844.8434904,898523136,1269,1269
1715685845.8449454,898523136,1456,1456
1715685846.8463664,898523136,1116,1116
1715685847.8476725,898523136,1361,1361
1715685848.8489254,898523136,957,957
1715685849.8503566,898523136,1369,1369
1715685850.8506203,898523136,1348,1348
1715685851.8520327,898523136,1950,1950
1715685852.8528337,898523136,769,769
1715685853.8542573,898523136,965,965
1715685854.8547914,898523136,1364,1364
1715685855.8560433,898523136,1365,1365
1715685856.8573546,898523136,1520,1520
1715685857.858625,898523136,957,957
1715685858.8601317,898523136,1654,1654
1715685859.8616235,898523136,763,763
1715685860.8630714,898523136,1590,1590
1715685861.8642468,898523136,1210,1210
1715685862.8655405,898523136,952,952
1715685863.8669982,898523136,1359,1359
1715685864.868386,898523136,10391990,10391990
1715685865.8696518,898523136,351,351
1715685866.8707764,898523136,155,155
1715685867.8720329,898523136,190,190
1715685868.8732877,898523136,0,0
1715685869.874832,898523136,0,0
1715685870.876236,898523136,344,344
1715685871.8776724,898523136,152,152
1715685872.8789275,898523136,0,0
1715685873.880248,898523136,0,0
1715685874.8815484,898523136,0,0
1715685875.8829658,898523136,344,344
1715685876.8840287,898523136,152,152
1715685877.8854628,898523136,0,0
1715685878.8869336,898523136,0,0
1715685879.8882787,898523136,0,0
1715685880.8896878,898523136,344,344
1715685881.890783,898523136,152,152
1715685882.8920553,898523136,0,0
1715685883.8933449,898523136,0,0
1715685884.8946755,898523136,0,0
1715685885.896109,898523136,344,344
1715685886.897373,898523136,152,152
1715685887.8988855,898523136,358,358
1715685888.9003322,898523136,608,608
1715685889.9016309,898523136,0,0
1715685890.9028952,898523136,347,347
1715685891.9042745,898523136,155,155
1715685892.9055316,898523136,0,0
1715685893.9066687,898523136,20779088,20779088
1715685894.9081087,898523136,0,0
1715685895.9095526,898523136,352,352
1715685896.9106836,898523136,155,155
1715685897.9120655,898523136,0,0
1715685898.9133499,898523136,0,0
1715685899.9146578,898523136,0,0
1715685900.9161224,898523136,344,344
1715685901.9174118,898523136,152,152
1715685902.9188416,898523136,0,0
1715685903.9202516,898523136,0,0
1715685904.92157,898523136,31170582,31170582
1715685905.922625,898523136,1488,1488
1715685906.9240904,898523136,1503,1503
1715685907.9253545,898523136,915,915
1715685908.9269965,898523136,1333,1333
1715685909.9283073,898523136,911,911
1715685910.9296186,898523136,1738,1738
1715685911.931245,898523136,1066,1066
1715685912.932654,898523136,1334,1334
1715685913.933975,898523136,907,907
1715685914.9355736,898523136,1337,1337
1715685915.937049,898523136,1321,1321
1715685916.9385753,898523136,1488,1488
1715685917.9400158,898523136,1231,1231
1715685918.9413662,898523136,1343,1343
1715685919.942761,898523136,1240,1240
1715685920.9441552,898523136,1442,1442
1715685921.9455664,898523136,1848,1848
1715685922.946864,898523136,1194,1194
1715685923.9482434,898523136,1340,1340
1715685924.949506,898523136,931,931
1715685925.9508004,898523136,1751,1751
1715685926.9520903,898523136,1083,1083
1715685927.9535363,898523136,1343,1343
1715685928.9548388,898523136,927,927
1715685929.956182,898523136,1351,1351
1715685930.9574525,898523136,1339,1339
1715685931.9580948,898523136,1509,1509
1715685932.959352,898523136,938,938
1715685933.9606678,898523136,1345,1345
1715685934.9620285,898523136,936,936
1715685935.9626815,898523136,1745,1745
1715685936.9641073,898523136,1100,1100
1715685937.965409,898523136,1348,1348
1715685938.966781,898523136,937,937
1715685939.9682162,898523136,1833,1833
1715685940.969553,898523136,1346,1346
1715685941.9707215,898523136,1501,1501
1715685942.972095,898523136,1243,1243
1715685943.973628,898523136,1047,1047
1715685944.9747558,898523136,1524,1524
1715685945.9763377,898523136,1160,1160
1715685946.9777498,898523136,1679,1679
1715685947.979032,898523136,1350,1350
1715685948.9804044,898523136,1822,1822
1715685949.9817548,898523136,938,938
1715685950.9831078,898523136,1747,1747
1715685951.984419,898523136,1086,1086
1715685952.9856634,898523136,10389841,10389841
1715685953.986776,898523136,1378,1378
1715685954.9881792,898523136,0,0
1715685955.989656,898523136,404,404
1715685956.9906852,898523136,155,155
1715685957.9919455,898523136,0,0
1715685958.9932003,898523136,0,0
1715685959.994646,898523136,0,0
1715685960.996068,898523136,344,344
1715685961.997511,898523136,152,152
1715685962.998654,898523136,0,0
1715685963.9993107,898523136,0,0
1715685965.0007281,898523136,0,0
1715685966.002025,898523136,344,344
1715685967.003289,898523136,152,152
1715685968.0046008,898523136,0,0
1715685969.0060499,898523136,0,0
1715685970.0068314,898523136,0,0
1715685971.0080936,898523136,344,344
1715685972.0095217,898523136,439,439
1715685973.010948,898523136,0,0
1715685974.0123522,898523136,152,152
1715685975.013802,898523136,0,0
1715685976.0148294,898523136,345,345
1715685977.0161026,898523136,152,152
1715685978.017366,898523136,0,0
1715685979.0187922,898523136,354,354
1715685980.0201955,898523136,0,0
1715685981.0216463,898523136,347,347
1715685982.0227566,898523136,20776480,20776480
1715685983.0241609,898523136,0,0
1715685984.0255437,898523136,87711,87711
1715685985.0267167,898523136,151,151
1715685986.0281026,898523136,353,353
1715685987.0294538,898523136,155,155
1715685988.0306442,898523136,0,0
1715685989.031959,898523136,0,0
1715685990.033299,898523136,0,0
1715685991.0346751,898523136,448,448
1715685992.0360138,898523136,152,152
1715685993.0372727,898523136,31170865,31170865
1715685994.0387702,898523136,786,786
1715685995.0400825,898523136,961,961
1715685996.0414839,898523136,1563,1563
1715685997.042894,898523136,1112,1112
1715685998.0442104,898523136,1350,1350
1715685999.0454764,898523136,960,960
1715686000.0467763,898523136,1347,1347
1715686001.048028,898523136,1175,1175
1715686002.0494204,898523136,1691,1691
1715686003.0508595,898523136,770,770
1715686004.0522456,898523136,965,965
1715686005.0536652,898523136,1351,1351
1715686006.0549316,898523136,4880,4880
1715686007.0563514,898523136,1553,1553
1715686008.0576172,898523136,1515,1515
1715686009.0588942,898523136,1655,1655
1715686010.0602984,898523136,1202,1202
1715686011.0617085,898523136,2899,2899
1715686012.0631146,898523136,926,926
1715686013.0646029,898523136,964,964
1715686014.0661483,898523136,1365,1365
1715686015.0675597,898523136,959,959
1715686016.0689292,898523136,1704,1704
1715686017.0701923,898523136,1128,1128
1715686018.0708354,898523136,1365,1365
1715686019.072123,898523136,780,780
1715686020.0735314,898523136,1549,1549
1715686021.074797,898523136,1175,1175
1715686022.0761898,898523136,1118,1118
1715686023.0776,898523136,1571,1571
1715686024.0788565,898523136,962,962
1715686025.0802732,898523136,1363,1363
1715686026.0815618,898523136,1369,1369
1715686027.0826695,898523136,1525,1525
1715686028.084019,898523136,769,769
1715686029.0854623,898523136,1753,1753
1715686030.0868685,898523136,1048,1048
1715686031.0882971,898523136,1370,1370
1715686032.0897448,898523136,1516,1516
1715686033.0906332,898523136,968,968
1715686034.0920694,898523136,1356,1356
1715686035.0933654,898523136,780,780
1715686036.0948093,898523136,1954,1954
1715686037.0963252,898523136,925,925
1715686038.0977852,898523136,972,972
1715686039.098688,898523136,1796,1796
1715686040.1000645,898523136,965,965
1715686041.1013868,898523136,1749,1749
1715686042.1026285,898523136,1112,1112
1715686043.1040485,898523136,1351,1351
1715686044.1055233,898523136,10390853,10390853
1715686045.1067753,898523136,0,0
1715686046.1081786,898523136,353,353
1715686047.1094687,898523136,155,155
1715686048.1106236,898523136,0,0
1715686049.1120412,898523136,0,0
1715686050.113508,898523136,0,0
1715686051.1148045,898523136,344,344
1715686052.1160522,898523136,152,152
1715686053.1174934,898523136,0,0
1715686054.1189153,898523136,0,0
1715686055.1203551,898523136,192,192
1715686056.1218243,898523136,152,152
1715686057.1227894,898523136,152,152
1715686058.123333,898523136,0,0
1715686059.1246037,898523136,0,0
1715686060.125905,898523136,192,192
1715686061.1273503,898523136,152,152
1715686062.1286108,898523136,152,152
1715686063.1300685,898523136,0,0
1715686064.1314902,898523136,0,0
1715686065.1329036,898523136,192,192
1715686066.1342392,898523136,152,152
1715686067.1356654,898523136,152,152
1715686068.136984,898523136,655,655
1715686069.1382434,898523136,302,302
1715686070.1388607,898523136,143,143
1715686071.1401532,898523136,204,204
1715686072.1414895,898523136,155,155
1715686073.1427577,1280237568,20779775,20779775
1715686074.1441946,1029365760,0,0
1715686075.1456301,994742272,304,304
1715686076.1469057,871682048,206,206
1715686077.1482277,838025216,155,155
1715686078.1495206,1035677696,0,0
1715686079.150729,1039331328,0,0
1715686080.1521888,997371904,296,296
1715686081.1535795,934690816,152,152
1715686082.1548486,913465344,152,152
1715686083.1561215,854548480,351,351
