Timestamp,MemoryUsage,NetSent,NetRecv
1715679077.589865,513138688,0,0
1715679078.5908175,520347648,8937,8937
1715679079.5922058,520347648,0,0
1715679080.59345,520347648,352,352
1715679081.594822,520347648,156,156
1715679082.596186,520347648,0,0
1715679083.5976121,520347648,0,0
1715679084.5987625,520347648,0,0
1715679085.6000144,520347648,344,344
1715679086.6014218,520347648,152,152
1715679087.602843,520347648,355,355
1715679088.6036422,520347648,0,0
1715679089.6052191,520347648,0,0
1715679090.6064627,520347648,347,347
1715679091.6078513,520347648,155,155
1715679092.6092854,520347648,0,0
1715679093.610747,520347648,0,0
1715679094.6122487,520347648,0,0
1715679095.6135037,520347648,344,344
1715679096.614943,520347648,152,152
1715679097.6161964,520347648,0,0
1715679098.6174145,520347648,261,261
1715679099.618645,689123328,20784556,20784556
1715679100.6199477,1033158656,1667,1667
1715679101.6213799,1165389824,1539,1539
1715679102.6226444,1067470848,1490,1490
1715679103.624,930971648,1490,1490
1715679104.6252556,780050432,1493,1493
1715679105.6266534,916455424,1892,1892
1715679106.6279635,912670720,1595,1595
1715679107.6293232,907067392,1497,1497
1715679108.630695,885334016,1494,1494
1715679109.6320217,863268864,941,941
1715679110.6333663,818458624,1910,1910
1715679111.6346858,826998784,1654,1654
1715679112.6361337,951144448,1781,1781
1715679113.6375089,841330688,1657,1657
1715679114.6387713,858095616,1561,1561
1715679115.640155,885436416,1856,1856
1715679116.6416047,871014400,1935,1935
1715679117.6427858,707428352,1048,1048
1715679118.6440885,751349760,1919,1919
1715679119.645398,795181056,1403,1403
1715679120.6466043,724553728,1899,1899
1715679121.647921,757985280,1662,1662
1715679122.649232,717361152,1807,1807
1715679123.6505752,750927872,1502,1502
1715679124.6518872,722628608,1498,1498
1715679125.6535072,750952448,1852,1852
1715679126.6546466,730374144,1923,1923
1715679127.6560857,751034368,1917,1917
1715679128.6573296,795193344,1278,1278
1715679129.6586876,707268608,1024,1024
1715679130.659961,751316992,1836,1836
1715679131.6612713,724074496,1652,1652
1715679132.6626585,751357952,1496,1496
1715679133.6638865,795512832,1657,1657
1715679134.6651807,715493376,1326,1326
1715679135.666495,759156736,1804,1804
1715679136.6678824,803119104,1655,1655
1715679137.669307,763879424,1485,1485
1715679138.6706142,787480576,1494,1494
1715679139.6718788,751980544,1450,1450
1715679140.6731758,778465280,2296,2296
1715679141.6745367,712818688,1703,1703
1715679142.675856,778485760,1513,1513
1715679143.6773114,747696128,1502,1502
1715679144.6786153,757641216,2003,2003
1715679145.6800458,757526528,1649,1649
1715679146.6814833,769789952,1458,1458
1715679147.6828125,724586496,1814,1814
1715679148.6841576,769892352,1495,1495
1715679149.6854625,757325824,1501,1501
1715679150.6866617,769908736,1907,1907
1715679151.6880352,782610432,1657,1657
1715679152.6893218,743092224,1507,1507
1715679153.6907218,758370304,1538,1538
1715679154.692008,749797376,1832,1832
1715679155.6934593,778391552,2000,2000
1715679156.6947627,745635840,1465,1465
1715679157.6961832,758337536,1503,1503
1715679158.6975346,745644032,1689,1689
1715679159.6988838,758403072,1307,1307
1715679160.699429,796008448,1749,1749
1715679161.7007809,788156416,1404,1404
1715679162.702093,794513408,1637,1637
1715679163.7027552,748519424,1305,1305
1715679164.7041056,732536832,1243,1243
1715679165.70554,707383296,1534,1534
1715679166.7066627,734642176,1653,1653
1715679167.7080083,795209728,1609,1609
1715679168.7093835,708050944,1296,1296
1715679169.7106738,752099328,1383,1383
1715679170.712112,782716928,1069,1069
1715679171.713436,751398912,1238,1238
1715679172.7147439,751865856,1241,1241
1715679173.71616,772640768,20847103,20847103
1715679174.717414,772640768,148,148
1715679175.718793,772640768,205,205
1715679176.720206,772640768,155,155
1715679177.7214928,772640768,538,538
1715679178.7226052,772640768,0,0
1715679179.7240548,772640768,143,143
1715679180.7254655,772640768,204,204
1715679181.7266138,772640768,504,504
1715679182.7280698,772640768,0,0
1715679183.7293334,772640768,0,0
1715679184.7306502,772640768,152,152
1715679185.7320442,772640768,345,345
1715679186.7334874,772640768,155,155
1715679187.7346318,772640768,0,0
1715679188.73613,772640768,0,0
1715679189.7375069,772640768,192,192
1715679190.7387753,772640768,152,152
1715679191.7402353,772640768,152,152
1715679192.741527,772640768,0,0
1715679193.7426586,772640768,0,0
1715679194.7440593,772640768,192,192
1715679195.7454526,772640768,152,152
1715679196.746711,772640768,152,152
1715679197.7482014,772640768,0,0
1715679198.7496037,772640768,0,0
1715679199.7506247,772640768,192,192
1715679200.7518718,772640768,152,152
1715679201.7531435,772640768,20779676,20779676
1715679202.7545638,772640768,914,914
1715679203.7558475,772640768,0,0
1715679204.757256,772640768,801,801
1715679205.7587209,772640768,205,205
1715679206.759635,772640768,155,155
1715679207.7609634,772640768,353,353
1715679208.762399,772640768,0,0
1715679209.7637556,772640768,195,195
1715679210.7652044,772640768,152,152
1715679211.7665033,772640768,155,155
1715679212.7675,804884480,20775941,20775941
1715679213.768872,786305024,3159,3159
1715679214.7701554,830349312,1449,1449
1715679215.7706409,842944512,1825,1825
1715679216.7710986,849162240,1646,1646
1715679217.7723858,842747904,1476,1476
1715679218.7737198,856907776,1492,1492
1715679219.77477,842903552,1841,1841
1715679220.7761412,851185664,1541,1541
1715679221.7774122,817655808,1641,1641
1715679222.7787573,888971264,1488,1488
1715679223.780018,863420416,1493,1493
1715679224.781286,973037568,2381,2381
1715679225.782635,942252032,1541,1541
1715679226.7839017,962596864,1647,1647
1715679227.7851553,872169472,1492,1492
1715679228.786471,1055309824,1499,1499
1715679229.7877743,975368192,1903,1903
1715679230.7890418,935145472,1495,1495
1715679231.7903924,872116224,1655,1655
1715679232.7914722,1231056896,90105,90105
1715679233.7927861,1051119616,1562,1562
1715679234.7940812,885202944,1861,1861
1715679235.7946944,868450304,1499,1499
1715679236.7959864,991940608,1377,1377
1715679237.7973485,908017664,2339,2339
1715679238.7988257,1017769984,1407,1407
1715679239.799937,949747712,1106,1106
1715679240.8012571,897204224,962,962
1715679241.8027344,957898752,1710,1710
1715679242.8041666,936955904,1505,1505
1715679243.805592,957104128,1751,1751
1715679244.8067434,970743808,1812,1812
1715679245.8081596,948068352,1468,1468
1715679246.8094969,958181376,1692,1692
1715679247.8107557,906534912,1799,1799
1715679248.8121777,989138944,1516,1516
1715679249.8136115,908926976,1819,1819
1715679250.814832,907919360,1288,1288
1715679251.8161955,851054592,1809,1809
1715679252.817548,844767232,1579,1579
1715679253.8187387,851079168,1518,1518
1715679254.8199334,844804096,1876,1876
1715679255.8211434,870117376,1566,1566
1715679256.8224533,823808000,1671,1671
1715679257.8240023,851185664,1517,1517
1715679258.825249,823943168,1521,1521
1715679259.826603,851263488,1864,1864
1715679260.8278913,824152064,812,812
1715679261.8293755,849321984,1941,1941
1715679262.8306992,782663680,358,358
1715679263.832212,821338112,2121,2121
1715679264.8336084,868020224,2373,2373
1715679265.8348103,842731520,1928,1928
1715679266.8361642,972902400,1672,1672
1715679267.837588,918011904,1815,1815
1715679268.8387597,854003712,1514,1514
1715679269.8400636,1020133376,1864,1864
1715679270.8414004,872448000,1025,1025
1715679271.842893,882425856,980,980
1715679272.8444345,924508160,1262,1262
1715679273.8458343,993710080,1211,1211
1715679274.8466918,984031232,1549,1549
1715679275.8481493,884961280,1305,1305
1715679276.849602,937287680,1684,1684
1715679277.8506985,968888320,979,979
1715679278.8519907,907870208,1248,1248
1715679279.8532457,1029660672,2102,2102
1715679280.8546224,1063108608,1576,1576
1715679281.8559015,1077559296,1679,1679
1715679282.8574307,1052553216,1516,1516
1715679283.8588011,1081544704,366,366
1715679284.8600967,1189974016,2481,2481
1715679285.861418,1244254208,10390402,10390402
1715679286.8628292,821600256,1193,1193
1715679287.8641684,802713600,10390935,10390935
1715679288.865582,802713600,216,216
1715679289.8668387,802713600,503,503
1715679290.8682954,802713600,0,0
1715679291.869598,802713600,155,155
1715679292.8706217,802713600,0,0
1715679293.8720884,802713600,0,0
1715679294.8735762,802713600,344,344
1715679295.8748777,802713600,0,0
1715679296.876294,802713600,152,152
1715679297.8775506,802713600,537,537
1715679298.8788764,802713600,0,0
1715679299.8802724,802713600,347,347
1715679300.8815806,802713600,0,0
1715679301.8825822,802713600,507,507
1715679302.8831944,802713600,0,0
1715679303.8844838,802713600,0,0
1715679304.8856843,802713600,497,497
1715679305.886952,802713600,0,0
1715679306.8883674,802713600,155,155
1715679307.8899124,802713600,0,0
1715679308.8912153,802713600,0,0
1715679309.8926165,802713600,344,344
1715679310.8940794,802713600,0,0
1715679311.895501,802713600,152,152
1715679312.8967693,802713600,0,0
1715679313.898233,802713600,0,0
1715679314.8991008,802713600,448,448
1715679315.9003124,802713600,20776711,20776711
1715679316.900762,802713600,4653,4653
1715679317.9021506,802713600,0,0
1715679318.9027815,802713600,309,309
1715679319.9041758,802713600,350,350
1715679320.9054697,802713600,0,0
1715679321.9066727,802713600,155,155
1715679322.9080758,802713600,0,0
1715679323.9094791,802713600,0,0
1715679324.9107285,802713600,698,698
1715679325.911882,802713600,0,0
1715679326.9131556,802713600,831,831
1715679327.914658,834043904,20779923,20779923
1715679328.9159193,935251968,1226,1226
1715679329.9173925,1019285504,1782,1782
1715679330.9187138,1046700032,994,994
1715679331.920073,959500288,1640,1640
1715679332.92138,1069481984,1789,1789
1715679333.922678,1023488000,1765,1765
1715679334.9240866,948551680,1825,1825
1715679335.9253883,1038352384,1380,1380
1715679336.9266603,1233412096,945,945
1715679337.9279647,887660544,1218,1218
1715679338.9295096,1312759808,1172,1172
1715679339.9307709,941830144,1646,1646
1715679340.932052,1131249664,1221,1221
1715679341.9333756,1077907456,1384,1384
1715679342.9348118,1111228416,1521,1521
1715679343.936084,1164070912,1496,1496
1715679344.9374678,905474048,1796,1796
1715679345.9388108,880455680,1503,1503
1715679346.9401355,1134497792,1652,1652
1715679347.9415073,1121280000,1496,1496
1715679348.9428082,1300086784,1494,1494
1715679349.9442751,1338634240,1890,1890
1715679350.9457624,1094332416,1499,1499
1715679351.9471638,1120665600,1099,1099
1715679352.9486756,1094893568,1725,1725
1715679353.950071,1038413824,1668,1668
1715679354.9507732,1043677184,1756,1756
1715679355.9520285,899899392,1499,1499
1715679356.9534066,927076352,1660,1660
1715679357.9545958,885014528,911,911
1715679358.955859,859865088,1328,1328
1715679359.9572542,884641792,1858,1858
1715679360.958628,859492352,1365,1365
1715679361.9600673,884662272,1958,1958
1715679362.9614468,809959424,1498,1498
1715679363.9627285,853217280,1499,1499
1715679364.964194,878395392,1319,1319
1715679365.9655428,900681728,1498,1498
1715679366.9668024,859541504,1762,1762
1715679367.968159,1004793856,1229,1229
1715679368.9695466,949501952,1244,1244
1715679369.9708083,993669120,1592,1592
1715679370.9722562,993554432,1279,1279
1715679371.9735653,1006276608,1651,1651
1715679372.9747117,1000140800,1494,1494
1715679373.9760551,970928128,1394,1394
1715679374.9775305,1044623360,1852,1852
1715679375.9788036,975704064,1493,1493
1715679376.9802244,896024576,1648,1648
1715679377.9815142,1155706880,1498,1498
1715679378.9826496,1091198976,1441,1441
1715679379.98393,1063964672,1844,1844
1715679380.9853644,1254731776,1715,1715
1715679381.9866865,1280966656,1859,1859
1715679382.9879541,1268232192,945,945
1715679383.9892151,1023504384,1504,1504
1715679384.9905756,931516416,2024,2024
1715679385.9919329,927133696,1193,1193
1715679386.9932563,1027940352,1961,1961
1715679387.994618,1009483776,1808,1808
1715679388.9959564,895578112,1495,1495
1715679389.9973822,946319360,1376,1376
1715679390.9987872,1000460288,1878,1878
1715679392.0001295,1023410176,1952,1952
1715679393.0057614,958177280,1514,1514
1715679394.0067177,993853440,1232,1232
1715679395.0081403,1004474368,2291,2291
1715679396.0094674,994123776,1799,1799
1715679397.0107834,1000304640,1668,1668
1715679398.0122504,956289024,1232,1232
1715679399.013662,1046876160,1797,1797
1715679400.0147498,1018703872,3042,3042
1715679401.016231,1000484864,3282,3282
1715679402.017532,846114816,1962,1962
1715679403.0185983,867749888,20781147,20781147
1715679404.0200415,867749888,1264,1264
1715679405.021441,867749888,357,357
1715679406.022625,867749888,0,0
1715679407.0239131,867749888,155,155
1715679408.0252056,867749888,0,0
1715679409.0266638,867749888,0,0
1715679410.026955,867749888,344,344
1715679411.0284069,867749888,0,0
1715679412.0297923,867749888,152,152
1715679413.0310545,867749888,0,0
1715679414.0322597,867749888,0,0
1715679415.0333173,867749888,344,344
1715679416.0347526,867749888,0,0
1715679417.0353775,867749888,152,152
1715679418.0368338,867749888,0,0
1715679419.0381753,867749888,0,0
1715679420.0395286,867749888,344,344
1715679421.0407698,867749888,0,0
1715679422.0421336,867749888,152,152
1715679423.0427797,867749888,0,0
1715679424.044062,867749888,0,0
1715679425.0454693,867749888,344,344
1715679426.0467794,867749888,0,0
1715679427.0482006,867749888,152,152
1715679428.0496125,867749888,0,0
1715679429.0508575,867749888,0,0
1715679430.0523393,867749888,344,344
1715679431.0537143,867749888,0,0
1715679432.0548372,1066770432,20776593,20776593
1715679433.0561695,957063168,0,0
1715679434.0576181,909115392,304,304
1715679435.0586984,903557120,347,347
1715679436.0599184,878358528,0,0
1715679437.061187,905367552,155,155
1715679438.0626383,1002397696,0,0
1715679439.064072,1123749888,0,0
1715679440.0653594,1224429568,344,344
1715679441.0667472,988499968,0,0
1715679442.068175,1040519168,152,152
1715679443.0696228,810848256,20779420,20779420
1715679444.070816,810848256,1432,1432
1715679445.0723414,810848256,2199,2199
1715679446.073607,810848256,1210,1210
1715679447.0746915,810848256,1597,1597
1715679448.0760648,810848256,1804,1804
1715679449.0773542,810848256,1445,1445
1715679450.07864,810848256,1787,1787
1715679451.0799072,810848256,1160,1160
1715679452.081219,810848256,1869,1869
1715679453.082527,810848256,1553,1553
1715679454.0838234,810848256,1440,1440
1715679455.0850995,810848256,1614,1614
1715679456.0864215,810848256,1769,1769
1715679457.0876923,810848256,2184,2184
1715679458.088967,810848256,1493,1493
1715679459.0902252,810848256,1505,1505
1715679460.0906324,810848256,1902,1902
1715679461.0919259,810848256,1504,1504
1715679462.093196,810848256,1657,1657
1715679463.0944815,810848256,1506,1506
1715679464.095803,810848256,1505,1505
1715679465.0970979,810848256,1913,1913
1715679466.098413,810848256,1504,1504
1715679467.0997794,810848256,1488,1488
1715679468.1011372,810848256,1511,1511
1715679469.1025078,810848256,1296,1296
1715679470.103847,810848256,2238,2238
1715679471.1052241,810848256,1871,1871
1715679472.1065629,810848256,1668,1668
1715679473.1079142,810848256,1197,1197
1715679474.1093533,810848256,1237,1237
1715679475.1106849,810848256,1604,1604
1715679476.1120064,810848256,1563,1563
1715679477.113395,810848256,1669,1669
1715679478.1148047,810848256,2016,2016
1715679479.1160944,810848256,1307,1307
1715679480.117474,810848256,1870,1870
1715679481.1186996,810848256,1510,1510
1715679482.1201193,810848256,1760,1760
1715679483.1215863,810848256,1889,1889
1715679484.1226838,810848256,1578,1578
1715679485.1239898,810848256,1915,1915
1715679486.1254153,810848256,1673,1673
1715679487.1267335,810848256,1512,1512
1715679488.1279845,810848256,1702,1702
1715679489.129296,810848256,1511,1511
1715679490.1305492,810848256,1809,1809
1715679491.1318748,810848256,1682,1682
1715679492.1331902,810848256,1509,1509
1715679493.1345751,810848256,1808,1808
1715679494.1358519,810848256,1516,1516
1715679495.1372342,810848256,2034,2034
1715679496.1385984,810848256,1671,1671
1715679497.1399474,810848256,1456,1456
1715679498.14124,810848256,1248,1248
1715679499.1426466,810848256,1511,1511
1715679500.1440163,810848256,1810,1810
1715679501.1453826,810848256,1611,1611
1715679502.1466537,810848256,1521,1521
1715679503.1480598,810848256,1516,1516
1715679504.1493983,810848256,1536,1536
1715679505.1507277,810848256,2423,2423
1715679506.1520345,810848256,1678,1678
1715679507.1534293,810848256,1236,1236
1715679508.1548529,810848256,1824,1824
1715679509.156139,810848256,1235,1235
1715679510.1574633,810848256,2256,2256
1715679511.158635,810848256,1673,1673
1715679512.1598973,810848256,1525,1525
1715679513.1612983,810848256,1815,1815
1715679514.1625984,810848256,1515,1515
1715679515.163857,810848256,10391121,10391121
1715679516.1652439,810848256,1527,1527
1715679517.1665072,810848256,10392139,10392139
1715679518.1677668,810848256,659,659
1715679519.1691833,810848256,0,0
1715679520.1704762,810848256,756,756
1715679521.1717129,810848256,155,155
1715679522.1729875,810848256,0,0
1715679523.1744092,810848256,0,0
1715679524.1758025,810848256,0,0
1715679525.1770384,810848256,344,344
1715679526.178491,810848256,152,152
1715679527.1797988,810848256,0,0
1715679528.1812081,810848256,0,0
1715679529.1824827,810848256,0,0
1715679530.183921,810848256,344,344
1715679531.1850104,810848256,152,152
1715679532.1863282,810848256,0,0
1715679533.1870565,810848256,0,0
1715679534.1884308,810848256,87563,87563
1715679535.1898227,810848256,510,510
1715679536.1905968,810848256,152,152
1715679537.1919663,810848256,0,0
1715679538.1933806,810848256,356,356
1715679539.194622,810848256,0,0
1715679540.1958869,810848256,347,347
1715679541.1974123,810848256,155,155
1715679542.198764,810848256,353,353
1715679543.200188,810848256,0,0
1715679544.2015047,810848256,151,151
1715679545.2028537,810848256,345,345
1715679546.204122,953282560,20782451,20782451
1715679547.2055683,886185984,0,0
1715679548.20658,854880256,302,302
1715679549.2078807,917655552,0,0
1715679550.209262,962945024,347,347
1715679551.2106001,1174765568,152,152
1715679552.211878,976760832,0,0
1715679553.2133462,965607424,0,0
1715679554.214732,921841664,0,0
1715679555.2162752,867344384,344,344
1715679556.2174873,810811392,1063,1063
1715679557.2186613,810811392,20780533,20780533
1715679558.2198968,810811392,1409,1409
1715679559.221168,810811392,1281,1281
1715679560.222593,810811392,1736,1736
1715679561.2240565,810811392,1638,1638
1715679562.2253985,810811392,1481,1481
1715679563.2267156,810811392,1490,1490
1715679564.2280118,810811392,1481,1481
1715679565.2294526,810811392,1663,1663
1715679566.230679,810811392,1643,1643
1715679567.232143,810811392,956,956
1715679568.2334359,810811392,1795,1795
1715679569.2347295,810811392,1498,1498
1715679570.2360706,810811392,1902,1902
1715679571.2374492,810811392,1657,1657
1715679572.2386925,810811392,1994,1994
1715679573.2400894,810811392,1504,1504
1715679574.241432,810811392,1692,1692
1715679575.2426205,810811392,1810,1810
1715679576.24387,810811392,1661,1661
1715679577.2452037,810811392,1501,1501
1715679578.24646,810811392,1505,1505
1715679579.2479181,810811392,1498,1498
1715679580.249261,810811392,1906,1906
1715679581.2505307,810811392,1662,1662
1715679582.251779,810811392,1508,1508
1715679583.2530603,810811392,1505,1505
1715679584.254008,810811392,1316,1316
1715679585.254699,810811392,1903,1903
1715679586.256015,810811392,1877,1877
1715679587.2572951,810811392,1224,1224
1715679588.258583,810811392,1509,1509
1715679589.2600434,810811392,1503,1503
1715679590.2614448,810811392,1850,1850
1715679591.2626593,810811392,1710,1710
1715679592.2640104,810811392,1503,1503
1715679593.2653744,810811392,1329,1329
1715679594.266838,810811392,1188,1188
1715679595.2681692,810811392,1580,1580
1715679596.2697527,810811392,1662,1662
1715679597.2706795,810811392,1493,1493
1715679598.2720184,810811392,1715,1715
1715679599.2731507,810811392,1814,1814
1715679600.2745817,810811392,1538,1538
1715679601.2760386,810811392,1450,1450
1715679602.2773824,810811392,1445,1445
1715679603.278763,810811392,1334,1334
1715679604.2801774,810811392,1515,1515
1715679605.2815413,810811392,1616,1616
1715679606.282674,810811392,1921,1921
1715679607.2839508,810811392,1520,1520
1715679608.285264,810811392,1522,1522
1715679609.2865796,810811392,1520,1520
1715679610.287397,810811392,1869,1869
1715679611.2887275,810811392,1675,1675
1715679612.2900789,810811392,1510,1510
1715679613.2906995,810811392,1903,1903
1715679614.292047,810811392,1519,1519
1715679615.2934792,810811392,1919,1919
1715679616.2947195,810811392,1672,1672
1715679617.2960112,810811392,1517,1517
1715679618.2973647,810811392,1519,1519
1715679619.2987251,810811392,1515,1515
1715679620.2999616,810811392,1918,1918
1715679621.3012354,810811392,1671,1671
1715679622.3025498,810811392,1519,1519
1715679623.3038194,810811392,1235,1235
1715679624.3050852,810811392,1802,1802
1715679625.306456,810811392,2132,2132
1715679626.3078337,810811392,2373,2373
1715679627.3091037,810811392,992,992
1715679628.310401,810811392,1815,1815
1715679629.311761,810811392,1548,1548
1715679630.3132083,810811392,10390849,10390849
1715679631.3144612,810811392,10390622,10390622
1715679632.3157697,810811392,945,945
1715679633.3173363,810811392,0,0
1715679634.3186116,810811392,305,305
1715679635.3199224,810811392,347,347
1715679636.3213108,810811392,155,155
1715679637.3227177,810811392,0,0
1715679638.3239582,810811392,0,0
1715679639.325445,810811392,0,0
1715679640.3267143,810811392,448,448
1715679641.3280725,810811392,152,152
1715679642.3293135,810811392,0,0
1715679643.330718,810811392,0,0
1715679644.3320627,810811392,0,0
1715679645.3332987,810811392,344,344
1715679646.3347433,810811392,152,152
1715679647.336244,810811392,0,0
1715679648.3375862,810811392,0,0
1715679649.3390257,810811392,0,0
1715679650.3403597,810811392,344,344
1715679651.3415918,810811392,152,152
1715679652.3426008,810811392,0,0
1715679653.344006,810811392,0,0
1715679654.34484,810811392,0,0
1715679655.3463128,810811392,344,344
1715679656.3467867,810811392,152,152
1715679657.3480842,810811392,0,0
1715679658.34936,810811392,354,354
1715679659.3506105,810811392,0,0
1715679660.3518825,869609472,20781210,20781210
1715679661.3533125,1288630272,155,155
1715679662.3549147,1146261504,455,455
1715679663.3564498,944017408,0,0
1715679664.3577313,938229760,152,152
1715679665.3588002,850292736,347,347
1715679666.3600848,860987392,155,155
1715679667.3614073,924065792,0,0
1715679668.3627582,1092235264,0,0
1715679669.364062,1112395776,0,0
1715679670.3654394,926134272,344,344
