Timestamp,MemoryUsage,NetSent,NetRecv
1715683767.3453114,513191936,0,0
1715683768.3467577,520663040,3129,3129
1715683769.3479738,520663040,0,0
1715683770.3492138,520663040,655,655
1715683771.3505287,520663040,0,0
1715683772.3510408,520663040,155,155
1715683773.3524837,520663040,0,0
1715683774.353962,520663040,0,0
1715683775.3546305,520663040,292,292
1715683776.3559759,520663040,0,0
1715683777.3572605,520663040,152,152
1715683778.3585277,520663040,0,0
1715683779.35984,520663040,0,0
1715683780.361144,520663040,292,292
1715683781.3624666,520663040,0,0
1715683782.363976,520663040,152,152
1715683783.3652818,520663040,0,0
1715683784.3665357,520663040,0,0
1715683785.3678088,520663040,292,292
1715683786.3692212,520663040,0,0
1715683787.3704543,520663040,442,442
1715683788.3718848,779075584,20785698,20785698
1715683789.3732848,999596032,1259,1259
1715683790.374745,1028521984,1841,1841
1715683791.376062,1026678784,1437,1437
1715683792.3773544,791945216,1320,1320
1715683793.378803,837066752,1167,1167
1715683794.3801224,891621376,1269,1269
1715683795.381587,863686656,1403,1403
1715683796.3827097,879820800,1216,1216
1715683797.383972,893001728,1376,1376
1715683798.385412,753790976,967,967
1715683799.386742,1014833152,1217,1217
1715683800.3881135,1121562624,1580,1580
1715683801.3894656,961703936,1440,1440
1715683802.390843,1001046016,1656,1656
1715683803.392232,961720320,1502,1502
1715683804.3936594,1016397824,1498,1498
1715683805.3948176,894468096,2036,2036
1715683806.3962889,848478208,1822,1822
1715683807.397773,745619456,1207,1207
1715683808.3986099,758218752,1505,1505
1715683809.399883,745570304,1501,1501
1715683810.4012203,798076928,1801,1801
1715683811.4025435,753651712,1624,1624
1715683812.4039638,762355712,1671,1671
1715683813.405248,790167552,1502,1502
1715683814.4067383,798244864,1513,1513
1715683815.4081035,735477760,1806,1806
1715683816.409606,798248960,1217,1217
1715683817.4109044,767991808,1666,1666
1715683818.4122775,772722688,2003,2003
1715683819.4137206,720703488,1515,1515
1715683820.414854,859066368,2359,2359
1715683821.416379,860270592,1440,1440
1715683822.417683,930353152,1665,1665
1715683823.4186928,800092160,1206,1206
1715683824.419961,1117007872,1507,1507
1715683825.4212432,1020682240,1765,1765
1715683826.4225879,1040072704,1504,1504
1715683827.4239378,837181440,1664,1664
1715683828.4253683,1059688448,1507,1507
1715683829.4266367,864526336,1509,1509
1715683830.4280176,1138757632,1802,1802
1715683831.4293342,966000640,1506,1506
1715683832.430656,1028472832,1662,1662
1715683833.4319615,920956928,1512,1512
1715683834.4332163,798306304,1778,1778
1715683835.4346683,894644224,1832,1832
1715683836.4359674,852328448,1698,1698
1715683837.437247,749072384,1388,1388
1715683838.4387865,758464512,1037,1037
1715683839.4400687,737640448,1510,1510
1715683840.4414682,758214656,1631,1631
1715683841.4427676,752070656,1506,1506
1715683842.4440672,778981376,1399,1399
1715683843.4453595,735711232,1521,1521
1715683844.4468062,830648320,1514,1514
1715683845.448238,771170304,1861,1861
1715683846.4496427,777957376,1553,1553
1715683847.450722,827469824,2159,2159
1715683848.4520183,1225621504,2557,2557
1715683849.453361,987066368,1516,1516
1715683850.45476,1191243776,1922,1922
1715683851.456267,1018105856,1524,1524
1715683852.457644,1014775808,1669,1669
1715683853.4587078,1199603712,1509,1509
1715683854.4601512,961658880,1511,1511
1715683855.4616017,1149759488,1814,1814
1715683856.462826,1134039040,1511,1511
1715683857.4637692,1040732160,1675,1675
1715683858.4651847,991162368,1516,1516
1715683859.4665618,790249472,1516,1516
1715683860.467958,873730048,1808,1808
1715683861.4693592,923549696,1782,1782
1715683862.4707713,873545728,10389548,10389548
1715683863.4720018,747069440,10391823,10391823
1715683864.473415,747069440,2215,2215
1715683865.474841,747069440,410,410
1715683866.476126,747069440,0,0
1715683867.477648,747069440,156,156
1715683868.4788213,747069440,0,0
1715683869.4802458,747069440,0,0
1715683870.4808729,747069440,292,292
1715683871.4819512,747069440,0,0
1715683872.4829535,747069440,152,152
1715683873.4843438,747069440,0,0
1715683874.4857693,747069440,0,0
1715683875.4871042,747069440,292,292
1715683876.4884923,747069440,0,0
1715683877.4898794,747069440,152,152
1715683878.4907591,747069440,88104,88104
1715683879.4922087,747069440,0,0
1715683880.4936142,747069440,303,303
1715683881.4948165,747069440,0,0
1715683882.4961233,747069440,155,155
1715683883.4974322,747069440,0,0
1715683884.4986317,747069440,0,0
1715683885.500052,747069440,292,292
1715683886.501514,747069440,0,0
1715683887.5030284,747069440,152,152
1715683888.504398,747069440,0,0
1715683889.505804,747069440,0,0
1715683890.5071256,747069440,292,292
1715683891.5084162,747069440,0,0
1715683892.509778,747069440,152,152
1715683893.5106363,1149784064,20780192,20780192
1715683894.5119548,1253154816,916,916
1715683895.513388,1085128704,301,301
1715683896.5146942,894349312,0,0
1715683897.515967,947036160,155,155
1715683898.517347,898781184,0,0
1715683899.5187929,852434944,0,0
1715683900.5202014,835137536,292,292
1715683901.521418,819171328,0,0
1715683902.5227268,951422976,152,152
1715683903.524067,1054031872,0,0
1715683904.5253055,829198336,20775729,20775729
1715683905.5267048,829198336,3309,3309
1715683906.528013,829198336,1447,1447
1715683907.5295427,829198336,1428,1428
1715683908.5307465,829198336,2576,2576
1715683909.5321462,829198336,1491,1491
1715683910.5335422,829198336,1628,1628
1715683911.5348835,829198336,1167,1167
1715683912.5364172,829198336,1093,1093
1715683913.5378976,829198336,1488,1488
1715683914.5387301,829198336,1442,1442
1715683915.5400927,829198336,1581,1581
1715683916.541476,829198336,1489,1489
1715683917.542711,829198336,1649,1649
1715683918.5441964,829198336,1496,1496
1715683919.5456574,829198336,1438,1438
1715683920.546834,829198336,1487,1487
1715683921.548228,829198336,1873,1873
1715683922.5495763,829198336,1711,1711
1715683923.5508008,829198336,1488,1488
1715683924.5521684,829198336,1490,1490
1715683925.5536385,829198336,1901,1901
1715683926.5549662,829198336,1494,1494
1715683927.5562677,829198336,1658,1658
1715683928.557759,829198336,1503,1503
1715683929.5588124,829198336,1503,1503
1715683930.560096,829198336,2091,2091
1715683931.5615265,829198336,1500,1500
1715683932.5627005,829198336,1660,1660
1715683933.5639977,829198336,1499,1499
1715683934.5653737,829198336,1917,1917
1715683935.5666406,829198336,1859,1859
1715683936.5679312,829198336,1501,1501
1715683937.5692081,829198336,1665,1665
1715683938.570534,829198336,1993,1993
1715683939.5719678,829198336,1512,1512
1715683940.5733721,829198336,1902,1902
1715683941.574677,829198336,1923,1923
1715683942.5760636,829198336,1394,1394
1715683943.577387,829198336,1791,1791
1715683944.5786912,829198336,1784,1784
1715683945.579948,829198336,1795,1795
1715683946.5812213,829198336,1443,1443
1715683947.5827403,829198336,1868,1868
1715683948.584231,829198336,1706,1706
1715683949.5855348,829198336,1786,1786
1715683950.586664,829198336,1806,1806
1715683951.5879967,829198336,1661,1661
1715683952.5893984,829198336,1510,1510
1715683953.5908093,829198336,1779,1779
1715683954.5921733,829198336,1505,1505
1715683955.5935118,829198336,1903,1903
1715683956.5948377,829198336,1661,1661
1715683957.5961704,829198336,1501,1501
1715683958.5974922,829198336,951,951
1715683959.598787,829198336,1500,1500
1715683960.6000962,829198336,1805,1805
1715683961.6013772,829198336,2095,2095
1715683962.602651,829198336,1501,1501
1715683963.6039965,829198336,1510,1510
1715683964.6053333,829198336,1509,1509
1715683965.6068559,829198336,1373,1373
1715683966.608182,829198336,1414,1414
1715683967.6095595,829198336,1743,1743
1715683968.610833,829198336,2124,2124
1715683969.6121798,829198336,1464,1464
1715683970.6135821,829198336,1274,1274
1715683971.6146514,829198336,1128,1128
1715683972.6160502,829198336,1527,1527
1715683973.6173787,829198336,1654,1654
1715683974.6186526,829198336,1953,1953
1715683975.6199143,829198336,1890,1890
1715683976.6213267,829198336,1886,1886
1715683977.6227777,829198336,10390829,10390829
1715683978.6242096,829198336,10391687,10391687
1715683979.625513,829198336,0,0
1715683980.6269393,829198336,300,300
1715683981.6282356,829198336,155,155
1715683982.629511,829198336,0,0
1715683983.6309435,829198336,0,0
1715683984.6323786,829198336,0,0
1715683985.6338127,829198336,292,292
1715683986.6346264,829198336,152,152
1715683987.6360612,829198336,0,0
1715683988.637472,829198336,0,0
1715683989.6382892,829198336,0,0
1715683990.6397161,829198336,292,292
1715683991.641119,829198336,440,440
1715683992.6427217,829198336,0,0
1715683993.6441782,829198336,152,152
1715683994.6455657,829198336,0,0
1715683995.646826,829198336,345,345
1715683996.6480823,829198336,152,152
1715683997.6494102,829198336,0,0
1715683998.6507673,829198336,304,304
1715683999.6520417,829198336,0,0
1715684000.6535318,829198336,295,295
1715684001.6549528,829198336,155,155
1715684002.6564014,829198336,0,0
1715684003.6576796,829198336,0,0
1715684004.6587832,829198336,0,0
1715684005.6600935,829198336,292,292
1715684006.6613514,829198336,152,152
1715684007.6627846,829198336,20776267,20776267
1715684008.664122,829198336,0,0
1715684009.6654289,829198336,154,154
1715684010.6666734,829198336,498,498
1715684011.6679342,829198336,155,155
1715684012.6693509,829198336,0,0
1715684013.6706028,829198336,0,0
1715684014.6718943,829198336,0,0
1715684015.6732335,829198336,292,292
1715684016.6747396,829198336,152,152
1715684017.6761484,829198336,362,362
1715684018.677566,1017413632,20778934,20778934
1715684019.6787655,1032114176,1508,1508
1715684020.680115,962912256,1514,1514
1715684021.6815262,992415744,1107,1107
1715684022.68268,1038438400,1534,1534
1715684023.683959,992440320,1484,1484
1715684024.6853824,894021632,938,938
1715684025.6868048,939257856,1463,1463
1715684026.6883535,925257728,1380,1380
1715684027.68981,874807296,1812,1812
1715684028.6909058,837070848,1520,1520
1715684029.6923695,874835968,796,796
1715684030.6937819,881717248,1472,1472
1715684031.6947436,887369728,1102,1102
1715684032.69604,837246976,1488,1488
1715684033.6974888,875016192,1254,1254
1715684034.6988251,837283840,953,953
1715684035.7004235,887631872,1572,1572
1715684036.7017934,860512256,1749,1749
1715684037.702772,887533568,1275,1275
1715684038.704169,881262592,1221,1221
1715684039.7055545,887672832,960,960
1715684040.7071378,881221632,1537,1537
1715684041.7084694,887656448,1297,1297
1715684042.7098024,881426432,1493,1493
1715684043.7108045,887877632,1226,1226
1715684044.7120142,881483776,1511,1511
1715684045.7133458,887762944,1255,1255
1715684046.7145972,881360896,963,963
1715684047.71583,887664640,959,959
1715684048.7170517,881393664,1227,1227
1715684049.7184582,920985600,1347,1347
1715684050.7197025,1001738240,1959,1959
1715684051.72096,1049317376,1645,1645
1715684052.7223165,1082761216,1497,1497
1715684053.722812,936615936,1184,1184
1715684054.724124,961015808,1270,1270
1715684055.7253625,1089081344,2072,2072
1715684056.726665,1226854400,1378,1378
1715684057.7279444,1233551360,1782,1782
1715684058.7293668,1252311040,1991,1991
1715684059.7308486,1271734272,1500,1500
1715684060.7321823,1280286720,2344,2344
1715684061.7336297,1139523584,1645,1645
1715684062.734822,1053802496,1661,1661
1715684063.7362483,980688896,1706,1706
1715684064.737623,1001545728,1498,1498
1715684065.7387547,977305600,1792,1792
1715684066.74027,1031442432,1599,1599
1715684067.7416353,1038790656,1490,1490
1715684068.7427866,1044967424,1446,1446
1715684069.7440987,1110945792,1503,1503
1715684070.7455528,1085218816,1739,1739
1715684071.7467234,1038598144,1606,1606
1715684072.748048,1067974656,973,973
1715684073.7494478,1084768256,965,965
1715684074.750688,1090113536,1242,1242
1715684075.7519803,923422720,2225,2225
1715684076.7532744,1068384256,1716,1716
1715684077.7545977,892092416,1504,1504
1715684078.7629979,957005824,977,977
1715684079.7643116,1038901248,1505,1505
1715684080.7656446,1032626176,1803,1803
1715684081.7667263,963428352,1654,1654
1715684082.768021,992800768,973,973
1715684083.7694137,1036599296,1238,1238
1715684084.770852,1032421376,966,966
1715684085.7716224,919605248,1792,1792
1715684086.773023,850001920,1120,1120
1715684087.7747278,925474816,1938,1938
1715684088.776199,925491200,1919,1919
1715684089.7776556,837296128,1556,1556
1715684090.7790618,857862144,20781033,20781033
1715684091.7804508,857862144,156,156
1715684092.781761,857862144,152,152
1715684093.7826643,857862144,153,153
1715684094.7840347,857862144,0,0
1715684095.7853332,857862144,347,347
1715684096.78681,857862144,152,152
1715684097.7884326,857862144,0,0
1715684098.789858,857862144,0,0
1715684099.7913003,857862144,0,0
1715684100.792721,857862144,292,292
1715684101.7941582,857862144,152,152
1715684102.795578,857862144,0,0
1715684103.7968545,857862144,0,0
1715684104.7982643,857862144,0,0
1715684105.7996707,857862144,292,292
1715684106.800923,857862144,152,152
1715684107.8014705,857862144,0,0
1715684108.8027666,857862144,0,0
1715684109.8041768,857862144,0,0
1715684110.8054454,857862144,292,292
1715684111.8068557,857862144,152,152
1715684112.8082907,857862144,0,0
1715684113.8095412,857862144,0,0
1715684114.8106718,857862144,0,0
1715684115.812088,857862144,292,292
1715684116.8133376,857862144,152,152
1715684117.8149066,857862144,0,0
1715684118.8163168,857862144,303,303
1715684119.817557,857862144,20776837,20776837
1715684120.8187623,857862144,3764,3764
1715684121.8200357,857862144,155,155
1715684122.8214266,857862144,302,302
1715684123.8226469,857862144,0,0
1715684124.824016,857862144,0,0
1715684125.8255591,857862144,346,346
1715684126.8266168,857862144,152,152
1715684127.8279092,857862144,0,0
1715684128.8293126,857862144,0,0
1715684129.8307328,857862144,0,0
1715684130.8321023,857862144,643,643
1715684131.8334682,857862144,20780179,20780179
1715684132.8348818,857862144,1239,1239
1715684133.8364646,857862144,1489,1489
1715684134.8379211,857862144,1489,1489
1715684135.8387737,857862144,1740,1740
1715684136.8402095,857862144,1911,1911
1715684137.8416097,857862144,1444,1444
1715684138.8427794,857862144,1483,1483
1715684139.844188,857862144,1486,1486
1715684140.8456552,857862144,1781,1781
1715684141.8466806,857862144,1639,1639
1715684142.8476834,857862144,1208,1208
1715684143.8491607,857862144,1476,1476
1715684144.8505495,857862144,1475,1475
1715684145.851873,857862144,1513,1513
1715684146.853221,857862144,1647,1647
1715684147.854011,857862144,2047,2047
1715684148.8546722,857862144,1788,1788
1715684149.8560457,857862144,1610,1610
1715684150.857312,857862144,2016,2016
1715684151.8587685,857862144,1209,1209
1715684152.859274,857862144,1619,1619
1715684153.860588,857862144,1389,1389
1715684154.8620923,857862144,1503,1503
1715684155.8628922,857862144,1803,1803
1715684156.8643236,857862144,1656,1656
1715684157.865746,857862144,1509,1509
1715684158.8667006,857862144,1503,1503
1715684159.867984,857862144,1499,1499
1715684160.8694096,857862144,1804,1804
1715684161.870773,857862144,1658,1658
1715684162.8721244,857862144,1501,1501
1715684163.873659,857862144,2271,2271
1715684164.8749912,857862144,1505,1505
1715684165.876398,857862144,1810,1810
1715684166.8778696,857862144,1663,1663
1715684167.8787708,857862144,1218,1218
1715684168.8801892,857862144,1792,1792
1715684169.8815737,857862144,1506,1506
1715684170.8827794,857862144,1800,1800
1715684171.8841946,857862144,1942,1942
1715684172.885554,857862144,1501,1501
1715684173.8867738,857862144,1506,1506
1715684174.8881865,857862144,1502,1502
1715684175.8895788,857862144,1794,1794
1715684176.8907912,857862144,2036,2036
1715684177.8920517,857862144,1557,1557
1715684178.8934033,857862144,89557,89557
1715684179.8948224,857862144,1792,1792
1715684180.8962667,857862144,1813,1813
1715684181.8979142,857862144,1662,1662
1715684182.898697,857862144,1512,1512
1715684183.900032,857862144,1232,1232
1715684184.9014409,857862144,1499,1499
1715684185.9027057,857862144,2098,2098
1715684186.9041398,857862144,1662,1662
1715684187.9055586,857862144,1511,1511
1715684188.906696,857862144,1516,1516
1715684189.9080193,857862144,1504,1504
1715684190.909399,857862144,2194,2194
1715684191.9107468,857862144,1680,1680
1715684192.9121497,857862144,1510,1510
1715684193.913594,857862144,1516,1516
1715684194.9148078,857862144,1549,1549
1715684195.9162064,857862144,1814,1814
1715684196.9168804,857862144,1664,1664
1715684197.9182642,857862144,1242,1242
1715684198.9187207,857862144,970,970
1715684199.9201324,857862144,1253,1253
1715684200.9215255,857862144,1548,1548
1715684201.9226809,857862144,1353,1353
1715684202.924008,857862144,1474,1474
1715684203.9253714,857862144,1624,1624
1715684204.9268131,857862144,10389937,10389937
1715684205.9282358,857862144,10396317,10396317
1715684206.9295096,857862144,157,157
1715684207.9308987,857862144,1001,1001
1715684208.9323382,857862144,354,354
1715684209.9335964,857862144,0,0
1715684210.9348273,857862144,1071,1071
1715684211.9362488,857862144,325,325
1715684212.9374871,857862144,0,0
1715684213.9388108,857862144,0,0
1715684214.9402153,857862144,0,0
1715684215.9415934,857862144,347,347
1715684216.942899,857862144,152,152
1715684217.9443185,857862144,0,0
1715684218.9457695,857862144,0,0
1715684219.946626,857862144,0,0
1715684220.9482465,857862144,292,292
1715684221.9497006,857862144,152,152
1715684222.950947,857862144,0,0
1715684223.9525702,857862144,0,0
1715684224.953987,857862144,0,0
1715684225.9546473,857862144,292,292
1715684226.955962,857862144,152,152
1715684227.9573684,857862144,0,0
1715684228.958619,857862144,0,0
1715684229.960029,857862144,0,0
1715684230.9614537,857862144,292,292
1715684231.9626112,857862144,152,152
1715684232.9640212,857862144,0,0
1715684233.9654293,857862144,0,0
1715684234.9696383,867823616,20777777,20777777
1715684235.9706628,835121152,2661,2661
1715684236.971966,878936064,155,155
1715684237.9734058,1012887552,304,304
1715684238.9747066,1204903936,358,358
1715684239.976031,1014968320,0,0
1715684240.9774146,1009192960,297,297
1715684241.9786751,885338112,155,155
1715684242.980201,835039232,0,0
1715684243.9816046,916721664,0,0
1715684244.9826677,1059467264,0,0
1715684245.983886,870576128,20778228,20778228
1715684246.9854066,894193664,2133,2133
1715684247.986623,900628480,1215,1215
1715684248.9878795,894369792,1216,1216
1715684249.989298,984170496,1220,1220
1715684250.9906993,961265664,1860,1860
1715684251.9921079,1014075392,1802,1802
1715684252.9934087,894164992,1122,1122
1715684253.9947605,900468736,1001,1001
1715684254.996139,894197760,1489,1489
1715684255.9974892,900374528,1743,1743
1715684256.9987223,893968384,1887,1887
1715684258.0000625,919281664,1538,1538
1715684259.0014138,894226432,1027,1027
1715684260.0028303,900489216,1788,1788
1715684261.0043247,894218240,1793,1793
1715684262.0058093,900263936,2509,2509
1715684263.006811,869085184,2893,2893
1715684264.0082831,887713792,1497,1497
1715684265.0097334,899260416,1503,1503
1715684266.0108223,887873536,2394,2394
1715684267.012193,938332160,1360,1360
1715684268.0130932,907804672,2263,2263
1715684269.014495,900485120,1808,1808
1715684270.0159163,986099712,1942,1942
1715684271.0173612,976027648,2113,2113
1715684272.0187266,1013673984,2155,2155
1715684273.0200806,1037815808,1734,1734
1715684274.0215652,1045049344,1761,1761
1715684275.022681,1017794560,1512,1512
1715684276.02411,1022283776,2188,2188
1715684277.0254889,970670080,2155,2155
1715684278.0267832,1197264896,1511,1511
1715684279.0281508,1172541440,1694,1694
1715684280.0295515,1101090816,2039,2039
1715684281.0306478,1075630080,1657,1657
1715684282.0320392,1098260480,1129,1129
1715684283.0334563,930947072,1534,1534
1715684284.0348592,985395200,1241,1241
1715684285.036264,970997760,1229,1229
1715684286.0377598,961048576,1819,1819
1715684287.0388756,967356416,1921,1921
1715684288.0401168,893849600,1234,1234
1715684289.0414345,900284416,1517,1517
1715684290.0426373,894013440,1514,1514
1715684291.043939,919322624,1811,1811
1715684292.045183,894173184,1675,1675
1715684293.0464454,900411392,1895,1895
1715684294.0478165,894136320,1592,1592
1715684295.0492249,900444160,1525,1525
1715684296.0506787,894173184,1829,1829
1715684297.0526433,919224320,1670,1670
1715684298.054104,894066688,1510,1510
1715684299.0548134,900243456,1604,1604
1715684300.0560691,893988864,1514,1514
1715684301.0573368,900423680,1998,1998
1715684302.058563,894279680,1667,1667
1715684303.0598137,900583424,1240,1240
1715684304.0613935,894312448,1242,1242
1715684305.0625727,900579328,1102,1102
1715684306.064002,985534464,1216,1216
1715684307.0653465,942161920,2093,2093
1715684308.066721,894205952,1535,1535
1715684309.067942,900509696,1802,1802
1715684310.0692556,894107648,1239,1239
1715684311.0706437,919289856,1891,1891
1715684312.0719945,850096128,1673,1673
1715684313.0733356,887861248,1516,1516
1715684314.0747497,855728128,1512,1512
1715684315.0761633,900440064,1514,1514
1715684316.0775068,875163648,1817,1817
1715684317.0787053,900476928,1663,1663
1715684318.0799835,850247680,10390116,10390116
1715684319.081314,1267294208,2035,2035
1715684320.0825899,858710016,10390286,10390286
1715684321.0838785,858710016,967,967
1715684322.0852954,858710016,156,156
1715684323.0867338,858710016,152,152
1715684324.0881352,858710016,0,0
1715684325.0893931,858710016,0,0
1715684326.0906184,858710016,449,449
1715684327.0919018,858710016,152,152
1715684328.0933266,858710016,488,488
1715684329.094607,858710016,299,299
1715684330.0960295,858710016,0,0
1715684331.0974379,858710016,295,295
1715684332.098644,858710016,155,155
1715684333.1000662,858710016,0,0
1715684334.1014495,858710016,0,0
1715684335.102637,858710016,0,0
1715684336.1039345,858710016,292,292
1715684337.1049619,858710016,152,152
1715684338.1062098,858710016,0,0
1715684339.1067576,858710016,0,0
1715684340.1081977,858710016,0,0
1715684341.1094584,858710016,292,292
1715684342.1106656,858710016,152,152
1715684343.1121142,858710016,0,0
1715684344.1130521,858710016,0,0
1715684345.1146877,858710016,0,0
1715684346.1154253,858710016,292,292
1715684347.1166918,858710016,152,152
1715684348.118092,858710016,0,0
1715684349.118758,858710016,0,0
1715684350.1194756,858710016,20782581,20782581
1715684351.1205812,858710016,153,153
1715684352.1216574,858710016,442,442
1715684353.122671,858710016,0,0
1715684354.124067,858710016,151,151
1715684355.1248314,858710016,193,193
1715684356.1261432,858710016,152,152
1715684357.1268144,858710016,152,152
1715684358.1282609,858710016,0,0
1715684359.1294966,858710016,300,300
