Timestamp,MemoryUsage,NetSent,NetRecv
1715672340.2371266,512897024,0,0
1715672341.2378118,520237056,7198,7198
1715672342.2387805,520237056,875,875
1715672343.2401679,520237056,161,161
1715672344.241562,520237056,307,307
1715672345.2428951,520237056,349,349
1715672346.2435148,520237056,155,155
1715672347.2449613,520237056,0,0
1715672348.2462046,520237056,0,0
1715672349.2466288,520237056,0,0
1715672350.2482398,520237056,448,448
1715672351.24965,520237056,152,152
1715672352.2507536,520237056,0,0
1715672353.2520323,520237056,0,0
1715672354.253271,520237056,0,0
1715672355.2546272,520237056,344,344
1715672356.2560005,520237056,152,152
1715672357.257475,520237056,0,0
1715672358.2587602,520368128,0,0
1715672359.2600064,520368128,0,0
1715672360.2612815,520368128,344,344
1715672361.262745,520368128,152,152
1715672362.2641377,746270720,20782796,20782796
1715672363.2654393,924643328,1633,1633
1715672364.266766,871714816,1843,1843
1715672365.2679958,867680256,1890,1890
1715672366.269352,1059737600,1076,1076
1715672367.2707238,1108008960,1871,1871
1715672368.2720046,1126801408,1496,1496
1715672369.2733023,924884992,1490,1490
1715672370.2745864,905887744,710,710
1715672371.275948,912056320,1592,1592
1715672372.2772949,830283776,1506,1506
1715672373.278605,830443520,1497,1497
1715672374.2799165,830468096,1371,1371
1715672375.2812738,830504960,1805,1805
1715672376.2826886,943513600,1718,1718
1715672377.2840996,934072320,1502,1502
1715672378.2854671,1064890368,2073,2073
1715672379.286746,964345856,916,916
1715672380.2880685,1065275392,1786,1786
1715672381.2894835,1063972864,2254,2254
1715672382.2907844,864088064,1509,1509
1715672383.2921855,923181056,1512,1512
1715672384.293623,935407616,1515,1515
1715672385.294765,830406656,1918,1918
1715672386.2960765,866201600,1606,1606
1715672387.2974832,906723328,966,966
1715672388.2986603,849338368,1192,1192
1715672389.3001263,975335424,814,814
1715672390.3015082,830525440,2085,2085
1715672391.3029697,830402560,1477,1477
1715672392.3045542,830525440,1522,1522
1715672393.3053565,830492672,1896,1896
1715672394.306665,830513152,1760,1760
1715672395.3080153,849526784,1467,1467
1715672396.3093095,1017298944,1899,1899
1715672397.3107579,1056096256,1801,1801
1715672398.312187,1168715776,1525,1525
1715672399.3135712,985858048,1510,1510
1715672400.3147688,916062208,1524,1524
1715672401.3162634,830701568,968,968
1715672402.3177056,858767360,1509,1509
1715672403.3186994,866476032,1472,1472
1715672404.3200064,830713856,1430,1430
1715672405.3213146,830803968,1876,1876
1715672406.322651,830550016,2140,2140
1715672407.3238885,830717952,370,370
1715672408.3255677,830865408,1649,1649
1715672409.3266108,830763008,1525,1525
1715672410.3280103,840859648,2095,2095
1715672411.3293893,975081472,2118,2118
1715672412.330802,1147305984,358,358
1715672413.332203,1204600832,2116,2116
1715672414.3335128,1107480576,1201,1201
1715672415.3347118,830529536,2071,2071
1715672416.3361115,1017311232,1535,1535
1715672417.3375142,1017057280,941,941
1715672418.3387442,924766208,2090,2090
1715672419.3402197,830398464,365,365
1715672420.3415654,830537728,3014,3014
1715672421.3426812,830541824,1247,1247
1715672422.343904,849293312,1414,1414
1715672423.3451092,830332928,1518,1518
1715672424.3465273,932196352,1262,1262
1715672425.347927,878989312,2672,2672
1715672426.3492968,1191084032,688,688
1715672427.3504095,1097248768,1812,1812
1715672428.351732,931495936,1520,1520
1715672429.3531408,848793600,1527,1527
1715672430.3545065,830193664,1878,1878
1715672431.3559296,848973824,10389315,10389315
1715672432.3573956,848973824,1561,1561
1715672433.3586214,848973824,928,928
1715672434.3599658,848973824,1323,1323
1715672435.3612833,848973824,10392381,10392381
1715672436.362559,848973824,1343,1343
1715672437.3638697,848973824,0,0
1715672438.3652446,848973824,304,304
1715672439.3665612,848973824,0,0
1715672440.3678665,848973824,606,606
1715672441.3692884,848973824,0,0
1715672442.3705382,848973824,0,0
1715672443.3719497,848973824,0,0
1715672444.373386,848973824,0,0
1715672445.3746886,848973824,600,600
1715672446.3760238,848973824,0,0
1715672447.377534,848973824,0,0
1715672448.378815,848973824,0,0
1715672449.3803906,848973824,0,0
1715672450.381699,848973824,600,600
1715672451.3826563,848973824,0,0
1715672452.3837225,848973824,0,0
1715672453.3850167,848973824,0,0
1715672454.3863199,848973824,0,0
1715672455.3875623,848973824,496,496
1715672456.389027,848973824,0,0
1715672457.3904698,848973824,0,0
1715672458.391705,848973824,0,0
1715672459.393013,848973824,0,0
1715672460.394257,848973824,496,496
1715672461.3954782,848973824,0,0
1715672462.39686,848973824,0,0
1715672463.3982627,848973824,0,0
1715672464.4148529,854347776,20776953,20776953
1715672465.4161637,892973056,4117,4117
1715672466.4175699,1306370048,0,0
1715672467.418832,981045248,304,304
1715672468.4202704,981016576,0,0
1715672469.4216146,892948480,0,0
1715672470.4225984,861593600,499,499
1715672471.4238732,1042190336,0,0
1715672472.4252594,1147125760,0,0
1715672473.4267192,1046065152,0,0
1715672474.4280548,843014144,0,0
1715672475.429477,881553408,1003,1003
1715672476.4307637,881553408,20781169,20781169
1715672477.4320939,881553408,2103,2103
1715672478.4334276,881553408,1701,1701
1715672479.4346344,881553408,909,909
1715672480.4360595,881553408,1301,1301
1715672481.437414,881553408,1469,1469
1715672482.4386656,881553408,1485,1485
1715672483.4399397,881553408,1484,1484
1715672484.4411986,881553408,1495,1495
1715672485.4425433,881553408,2053,2053
1715672486.4438617,881553408,1499,1499
1715672487.4451256,881553408,1500,1500
1715672488.4464073,881553408,1490,1490
1715672489.447689,881553408,1491,1491
1715672490.4489746,881553408,1756,1756
1715672491.4502497,881553408,1575,1575
1715672492.45076,881553408,1712,1712
1715672493.4520607,881553408,1789,1789
1715672494.4533982,881553408,1501,1501
1715672495.4547348,881553408,870,870
1715672496.4561567,881553408,2168,2168
1715672497.4575684,881553408,1505,1505
1715672498.458715,881553408,1450,1450
1715672499.4601202,881553408,1506,1506
1715672500.461519,881553408,2000,2000
1715672501.4626567,881553408,1554,1554
1715672502.4642332,881553408,1239,1239
1715672503.4656334,881553408,893,893
1715672504.4666905,881553408,868,868
1715672505.4680817,881553408,1780,1780
1715672506.4694362,881553408,1229,1229
1715672507.470723,881553408,1454,1454
1715672508.472008,881553408,1493,1493
1715672509.4733481,881553408,1504,1504
1715672510.4746757,881553408,2300,2300
1715672511.4759483,881553408,1554,1554
1715672512.4772823,881553408,1221,1221
1715672513.478532,881553408,1189,1189
1715672514.4797964,881553408,1505,1505
1715672515.481105,881553408,1791,1791
1715672516.4824135,881553408,954,954
1715672517.4836936,881553408,965,965
1715672518.4849498,881553408,1499,1499
1715672519.4862037,881553408,1872,1872
1715672520.486688,881553408,1740,1740
1715672521.487933,881553408,1491,1491
1715672522.4892395,881553408,967,967
1715672523.490742,881553408,1447,1447
1715672524.492191,881553408,1302,1302
1715672525.4937835,881553408,2048,2048
1715672526.494822,881553408,1442,1442
1715672527.4962864,881553408,1497,1497
1715672528.4976275,881553408,1447,1447
1715672529.4986656,881553408,1494,1494
1715672530.5000026,881553408,1428,1428
1715672531.5015712,881553408,1503,1503
1715672532.5027702,881553408,1879,1879
1715672533.5043082,881553408,1561,1561
1715672534.5056078,881553408,1498,1498
1715672535.506649,881553408,2056,2056
1715672536.5080092,881553408,1505,1505
1715672537.5093,881553408,1505,1505
1715672538.5107806,881553408,1229,1229
1715672539.5121202,881553408,793,793
1715672540.513471,881553408,1963,1963
1715672541.514691,881553408,1336,1336
1715672542.516111,881553408,1511,1511
1715672543.517629,881553408,88754,88754
1715672544.5189028,881553408,519,519
1715672545.5203075,881553408,714,714
1715672546.5217185,881553408,355,355
1715672547.5227754,881553408,352,352
1715672548.5240448,881553408,2305,2305
1715672549.525473,881553408,1660,1660
1715672550.5266275,881553408,1908,1908
1715672551.5280359,881553408,1444,1444
1715672552.5292737,881553408,20782375,20782375
1715672553.5307271,881553408,279,279
1715672554.5320237,881553408,254,254
1715672555.5332544,881553408,353,353
1715672556.534764,881553408,0,0
1715672557.5360854,881553408,0,0
1715672558.537313,881553408,0,0
1715672559.5387945,881553408,152,152
1715672560.5403142,881553408,344,344
1715672561.5415444,881553408,0,0
1715672562.5429108,881553408,0,0
1715672563.5443156,881553408,0,0
1715672564.5449777,881553408,152,152
1715672565.546408,881553408,344,344
1715672566.547683,881553408,0,0
1715672567.5490696,881553408,0,0
1715672568.5503955,881553408,0,0
1715672569.5515924,881553408,152,152
1715672570.552948,881553408,344,344
1715672571.554379,881553408,0,0
1715672572.5556347,881553408,0,0
1715672573.5570302,881553408,0,0
1715672574.5584555,881553408,152,152
1715672575.5598593,881553408,344,344
1715672576.5613055,881553408,0,0
1715672577.5627248,881553408,0,0
1715672578.5641,881553408,0,0
1715672579.565504,881553408,152,152
1715672580.566762,881553408,344,344
1715672581.5680685,881553408,0,0
1715672582.569543,881553408,20776835,20776835
1715672583.5707908,881553408,0,0
1715672584.5722282,881553408,304,304
1715672585.5736485,881553408,351,351
1715672586.574633,881553408,0,0
1715672587.575905,881553408,0,0
1715672588.57737,881553408,0,0
1715672589.5787659,881553408,152,152
1715672590.580084,881553408,344,344
1715672591.581518,881553408,0,0
1715672592.5829763,881553408,0,0
1715672593.584366,881553408,20780122,20780122
1715672594.5857139,881553408,1710,1710
1715672595.5866969,881553408,1267,1267
1715672596.5879653,881553408,1909,1909
1715672597.5892596,881553408,883,883
1715672598.590649,881553408,806,806
1715672599.5919454,881553408,1436,1436
1715672600.5932539,881553408,1356,1356
1715672601.594631,881553408,931,931
1715672602.5959003,881553408,1510,1510
1715672603.5971916,881553408,1480,1480
1715672604.5986276,881553408,1597,1597
1715672605.599986,881553408,1785,1785
1715672606.6013188,881553408,1507,1507
1715672607.6027484,881553408,1502,1502
1715672608.6040907,881553408,1491,1491
1715672609.6053805,881553408,1655,1655
1715672610.6067,881553408,2181,2181
1715672611.608004,881553408,1546,1546
1715672612.6084876,881553408,1502,1502
1715672613.6098173,881553408,1503,1503
1715672614.6106348,881553408,1656,1656
1715672615.6120052,881553408,1813,1813
1715672616.6132865,881553408,1506,1506
1715672617.6146884,881553408,1505,1505
1715672618.616057,881553408,1505,1505
1715672619.61739,881553408,1662,1662
1715672620.618709,881553408,1860,1860
1715672621.6200647,881553408,1507,1507
1715672622.6212971,881553408,1517,1517
1715672623.6226892,881553408,1455,1455
1715672624.6239603,881553408,1538,1538
1715672625.6251109,881553408,1856,1856
1715672626.6263454,881553408,1502,1502
1715672627.6266456,881553408,1504,1504
1715672628.6278932,881553408,1246,1246
1715672629.6291287,881553408,1515,1515
1715672630.6303608,881553408,1387,1387
1715672631.630601,881553408,1206,1206
1715672632.631865,881553408,1238,1238
1715672633.6331,881553408,1522,1522
1715672634.6344197,881553408,1660,1660
1715672635.6357288,881553408,1745,1745
1715672636.6369915,881553408,1512,1512
1715672637.6384084,881553408,1212,1212
1715672638.6398203,881553408,1486,1486
1715672639.641155,881553408,1670,1670
1715672640.6426075,881553408,1726,1726
1715672641.6439216,881553408,1700,1700
1715672642.6451762,881553408,1524,1524
1715672643.6466248,881553408,1322,1322
1715672644.6480856,881553408,1661,1661
1715672645.6494637,881553408,1912,1912
1715672646.6507657,881553408,1511,1511
1715672647.652194,881553408,969,969
1715672648.6535687,881553408,1526,1526
1715672649.6548173,881553408,1676,1676
1715672650.6562185,881553408,1916,1916
1715672651.6575527,881553408,1945,1945
1715672652.6588283,881553408,1517,1517
1715672653.6602392,881553408,1513,1513
1715672654.6615884,881553408,1668,1668
1715672655.6628077,881553408,1814,1814
1715672656.664309,881553408,1508,1508
1715672657.6657143,881553408,1512,1512
1715672658.6668234,881553408,1243,1243
1715672659.6682067,881553408,1407,1407
1715672660.6696131,881553408,1487,1487
1715672661.6707008,881553408,824,824
1715672662.6719515,881553408,1173,1173
1715672663.6725345,881553408,1229,1229
1715672664.67381,881553408,1741,1741
1715672665.6747046,881553408,1879,1879
1715672666.6760116,881553408,1248,1248
1715672667.6773896,881553408,10390664,10390664
1715672668.678609,881553408,10390481,10390481
1715672669.6800034,881553408,153,153
1715672670.68143,881553408,355,355
1715672671.6827083,881553408,0,0
1715672672.6841033,881553408,0,0
1715672673.6855125,881553408,334,334
1715672674.6868808,881553408,152,152
1715672675.6883287,881553408,350,350
1715672676.689622,881553408,0,0
1715672677.6905982,881553408,0,0
1715672678.6920264,881553408,0,0
1715672679.693317,881553408,344,344
1715672680.6946013,881553408,152,152
1715672681.6960127,881553408,0,0
1715672682.6974633,881553408,0,0
1715672683.6986067,881553408,0,0
1715672684.6999204,881553408,590,590
1715672685.7013714,881553408,152,152
1715672686.7027786,881553408,0,0
1715672687.7041557,881553408,0,0
1715672688.7055938,881553408,0,0
1715672689.7068527,881553408,448,448
1715672690.708147,881553408,152,152
1715672691.7095613,881553408,0,0
1715672692.7106078,881553408,0,0
1715672693.7121074,881553408,0,0
1715672694.713519,881553408,448,448
1715672695.7147744,881553408,152,152
1715672696.7160435,881553408,0,0
1715672697.7172534,901476352,20775446,20775446
1715672698.7184665,864075776,2033,2033
1715672699.7198777,1038016512,402,402
1715672700.7213426,1239453696,155,155
1715672701.722692,958676992,0,0
1715672702.7239885,1071386624,0,0
1715672703.7253547,884846592,0,0
1715672704.726618,945430528,344,344
1715672705.7279778,920125440,152,152
1715672706.7292736,955916288,0,0
1715672707.730572,1092354048,0,0
1715672708.7318382,896872448,20779780,20779780
1715672709.733112,896872448,2983,2983
1715672710.7344115,896872448,1163,1163
1715672711.7356641,896872448,948,948
1715672712.7369614,896872448,1225,1225
1715672713.7381985,896872448,1637,1637
1715672714.7387457,896872448,1577,1577
1715672715.7400022,896872448,1688,1688
1715672716.741351,896872448,1793,1793
1715672717.7426093,896872448,1482,1482
1715672718.743906,896872448,1759,1759
1715672719.7453706,896872448,1783,1783
1715672720.746774,896872448,1667,1667
1715672721.7481792,896872448,1228,1228
1715672722.7495813,896872448,792,792
1715672723.7508104,896872448,956,956
1715672724.7521946,896872448,1150,1150
1715672725.7535992,896872448,347,347
1715672726.7548642,896872448,355,355
1715672727.7562952,896872448,2367,2367
1715672728.7576506,896872448,1221,1221
1715672729.7588475,896872448,1586,1586
1715672730.7602465,896872448,1001,1001
1715672731.76158,896872448,799,799
1715672732.7626839,896872448,797,797
1715672733.7641127,896872448,796,796
1715672734.7653866,896872448,1206,1206
1715672735.7667773,896872448,1375,1375
1715672736.7680979,896872448,1229,1229
1715672737.7695634,896872448,1022,1022
1715672738.7707365,896872448,1228,1228
1715672739.7722178,896872448,1913,1913
1715672740.773552,896872448,1388,1388
1715672741.774855,896872448,359,359
1715672742.7763474,896872448,1574,1574
1715672743.7776759,896872448,1185,1185
1715672744.7787483,896872448,1580,1580
1715672745.7801135,896872448,1708,1708
1715672746.7816198,896872448,1501,1501
1715672747.7827332,896872448,1505,1505
1715672748.784109,896872448,1707,1707
1715672749.7854683,896872448,1804,1804
1715672750.786714,896872448,1661,1661
1715672751.7880216,896872448,1497,1497
1715672752.789285,896872448,1927,1927
1715672753.7906423,896872448,1559,1559
1715672754.7919943,896872448,1806,1806
1715672755.7933493,896872448,1654,1654
1715672756.7946827,896872448,1499,1499
1715672757.7960703,896872448,1303,1303
1715672758.7973359,896872448,1503,1503
1715672759.7987037,896872448,1808,1808
1715672760.8001232,896872448,1654,1654
1715672761.801447,896872448,1509,1509
1715672762.8027391,896872448,1507,1507
1715672763.8041103,896872448,1504,1504
1715672764.8054357,896872448,1808,1808
1715672765.806734,896872448,1654,1654
1715672766.807987,896872448,1944,1944
1715672767.809263,896872448,1499,1499
1715672768.810554,896872448,1496,1496
1715672769.8118765,896872448,1873,1873
1715672770.8131738,896872448,1146,1146
1715672771.8146296,896872448,1551,1551
1715672772.8160434,896872448,1821,1821
1715672773.8174362,896872448,1341,1341
1715672774.818637,896872448,1788,1788
1715672775.8199327,896872448,1615,1615
1715672776.8212273,896872448,1509,1509
1715672777.8225856,896872448,1502,1502
1715672778.8238156,896872448,1508,1508
1715672779.825116,896872448,2075,2075
1715672780.8263845,896872448,1873,1873
1715672781.8275843,896872448,20779790,20779790
1715672782.8291469,896872448,0,0
1715672783.8305314,896872448,152,152
1715672784.831777,896872448,505,505
1715672785.8332098,896872448,155,155
1715672786.8344579,896872448,0,0
1715672787.8357017,896872448,0,0
1715672788.8371177,896872448,0,0
1715672789.8385634,896872448,344,344
1715672790.8397937,896872448,152,152
1715672791.8411894,896872448,0,0
1715672792.842624,896872448,0,0
1715672793.8438544,896872448,0,0
1715672794.845263,896872448,344,344
1715672795.8467128,896872448,152,152
1715672796.847971,896872448,0,0
1715672797.8492837,896872448,0,0
1715672798.8507116,896872448,0,0
1715672799.8519523,896872448,344,344
1715672800.8532395,896872448,152,152
1715672801.8547213,896872448,0,0
1715672802.855951,896872448,0,0
1715672803.857235,896872448,0,0
1715672804.858642,896872448,344,344
1715672805.8600652,896872448,152,152
1715672806.8613636,896872448,0,0
1715672807.8627584,896872448,0,0
1715672808.8642678,896872448,0,0
1715672809.8655772,896872448,344,344
1715672810.8667862,896872448,152,152
1715672811.8681154,896872448,20782354,20782354
1715672812.869518,896872448,0,0
1715672813.8707845,896872448,152,152
1715672814.8720899,896872448,498,498
1715672815.8735113,896872448,155,155
1715672816.874722,896872448,0,0
1715672817.875981,896872448,0,0
1715672818.8772967,896872448,0,0
1715672819.8787603,896872448,344,344
1715672820.8801541,896872448,152,152
1715672821.8816082,896872448,0,0
1715672822.882775,1045344256,20780005,20780005
1715672823.8840914,995762176,1534,1534
1715672824.8854222,1095335936,1832,1832
1715672825.8866532,1089986560,1598,1598
1715672826.8879712,1043718144,1143,1143
1715672827.8890893,1029058560,880,880
1715672828.8904011,1062756352,1448,1448
1715672829.8917065,1062526976,1053,1053
1715672830.893019,1096245248,1054,1054
1715672831.894644,1062584320,796,796
1715672832.8959875,1096192000,1103,1103
1715672833.8974035,1124392960,1163,1163
1715672834.8988004,1111289856,1898,1898
1715672835.9002554,1133715456,1557,1557
1715672836.901642,1135820800,1543,1543
1715672837.902741,1129541632,1216,1216
1715672838.9040704,1138561024,1495,1495
1715672839.9054542,1129672704,1730,1730
1715672840.90675,1136111616,960,960
1715672841.9080014,1172144128,1398,1398
1715672842.909393,1195917312,1714,1714
1715672843.9107816,1267601408,1504,1504
1715672844.9122624,1035370496,1749,1749
1715672845.9136202,1129762816,1661,1661
1715672846.9147818,1097138176,1504,1504
1715672847.9160757,1062682624,1336,1336
1715672848.9173484,934612992,88157,88157
1715672849.918585,928555008,2013,2013
1715672850.9198625,934862848,1667,1667
1715672851.921113,928555008,1451,1451
1715672852.9253292,872079360,1225,1225
1715672853.9266217,928702464,1424,1424
1715672854.9280093,935112704,1797,1797
1715672855.9298244,928837632,1390,1390
1715672856.930804,1029513216,1619,1619
1715672857.9322553,1019568128,1290,1290
1715672858.933553,1054756864,1544,1544
1715672859.9348207,928952320,1229,1229
1715672860.936193,947867648,1647,1647
1715672861.9374259,928997376,1491,1491
1715672862.9387999,935174144,1232,1232
1715672863.9400558,928612352,1227,1227
1715672864.9413123,934920192,1536,1536
1715672865.9425812,928645120,1960,1960
1715672866.944012,995897344,1780,1780
1715672867.945371,1023160320,1495,1495
1715672868.9467568,1062166528,1811,1811
1715672869.948158,1044877312,1428,1428
1715672870.9496078,1114869760,1983,1983
1715672871.9507895,1103536128,1559,1559
1715672872.9521964,950837248,1681,1681
1715672873.9534879,955826176,1552,1552
1715672874.9548411,1121214464,1647,1647
1715672875.956265,1116925952,1651,1651
1715672876.957702,1071632384,1229,1229
1715672877.9587643,1005281280,1718,1718
1715672878.9601848,1017954304,1339,1339
1715672879.9618502,928452608,1797,1797
1715672880.962736,934760448,1665,1665
1715672881.9641309,928567296,1511,1511
1715672882.965714,934678528,1996,1996
1715672883.9666529,928571392,1514,1514
1715672884.9679317,934748160,1927,1927
1715672885.9693685,978022400,1672,1672
1715672886.9708316,1115398144,1800,1800
1715672887.9722683,1114619904,1172,1172
1715672888.9736798,1102700544,925,925
1715672889.974748,1128681472,1265,1265
1715672890.9760065,1068920832,2032,2032
1715672891.977355,1091870720,1504,1504
1715672892.9787948,1089519616,1506,1506
1715672893.9804664,995692544,1217,1217
1715672894.9820783,1002045440,1895,1895
1715672895.9828172,916652032,2132,2132
1715672896.9842997,905060352,20776031,20776031
1715672897.9857922,905060352,0,0
1715672898.9866066,905060352,306,306
1715672899.988036,905060352,456,456
1715672900.9894514,905060352,155,155
1715672901.9906259,905060352,0,0
1715672902.9920177,905060352,0,0
1715672903.9934115,905060352,0,0
1715672904.9946089,905060352,448,448
1715672905.9951863,905060352,152,152
1715672906.9965935,905060352,0,0
1715672907.9978304,905060352,0,0
1715672908.998651,905060352,0,0
1715672910.0000527,905060352,344,344
1715672911.0012841,905060352,152,152
1715672912.0026896,905060352,0,0
1715672913.0040112,905060352,0,0
1715672914.0052886,905060352,0,0
1715672915.0067387,905060352,344,344
1715672916.0081725,905060352,152,152
1715672917.0094178,905060352,0,0
1715672918.010822,905060352,0,0
1715672919.0121467,905060352,0,0
1715672920.0134692,905060352,448,448
1715672921.0149648,905060352,152,152
1715672922.0162737,905060352,0,0
1715672923.0175257,905060352,0,0
1715672924.0187774,905060352,0,0
1715672925.0201488,905060352,344,344
1715672926.0213718,905060352,152,152
1715672927.0227134,905060352,20781684,20781684
1715672928.023985,905060352,0,0
1715672929.0252345,905060352,303,303
1715672930.0266552,905060352,347,347
1715672931.0279706,905060352,155,155
1715672932.0293605,905060352,0,0
1715672933.0307658,905060352,0,0
1715672934.0320823,905060352,0,0
1715672935.0333388,905060352,344,344
1715672936.0347779,905060352,152,152
