Timestamp,MemoryUsage,NetSent,NetRecv
1715683766.5596194,512024576,0,0
1715683767.5608366,519757824,8252,8252
1715683768.562039,519757824,906,906
1715683769.5628257,519757824,0,0
1715683770.564075,519757824,655,655
1715683771.5652983,519757824,0,0
1715683772.5666716,519757824,155,155
1715683773.5679338,519757824,0,0
1715683774.5693443,519757824,0,0
1715683775.5707307,519757824,292,292
1715683776.5719666,519757824,152,152
1715683777.5735288,519757824,0,0
1715683778.5747845,519757824,0,0
1715683779.5759964,519757824,0,0
1715683780.5773897,519757824,292,292
1715683781.5787928,519757824,152,152
1715683782.580043,519757824,0,0
1715683783.5814536,519757824,0,0
1715683784.5829,519757824,0,0
1715683785.5841265,519757824,292,292
1715683786.585505,519757824,152,152
1715683787.63274,552300544,20781605,20781605
1715683788.6340353,781996032,4383,4383
1715683789.634867,801497088,1259,1259
1715683790.6361785,842915840,1841,1841
1715683791.637723,801574912,1593,1593
1715683792.6386602,776437760,1164,1164
1715683793.639997,889548800,1167,1167
1715683794.6414833,807776256,1269,1269
1715683795.6429424,833052672,1403,1403
1715683796.6443117,816955392,1372,1372
1715683797.6457844,801771520,1220,1220
1715683798.6467385,792715264,967,967
1715683799.6482203,801677312,1217,1217
1715683800.6496856,877195264,1580,1580
1715683801.6508386,776687616,1596,1596
1715683802.6521292,821411840,1500,1500
1715683803.6535928,932327424,1502,1502
1715683804.6547904,927096832,1498,1498
1715683805.6560984,870891520,2088,2088
1715683806.6574752,889778176,2032,2032
1715683807.6587412,831205376,1506,1506
1715683808.659494,945684480,1506,1506
1715683809.66079,924491776,1496,1496
1715683810.6621342,945336320,1805,1805
1715683811.6627624,946368512,1674,1674
1715683812.6641643,934060032,1514,1514
1715683813.6654675,945627136,1218,1218
1715683814.6667752,858345472,1512,1512
1715683815.668118,861908992,1801,1801
1715683816.6694207,814333952,1659,1659
1715683817.670661,1049608192,1511,1511
1715683818.6719298,1191608320,2004,2004
1715683819.6731992,1167261696,1514,1514
1715683820.674482,1168707584,2066,2066
1715683821.675912,1160867840,1719,1719
1715683822.6774254,1068474368,1509,1509
1715683823.678672,997978112,1511,1511
1715683824.6800904,1181097984,1506,1506
1715683825.6815054,1080193024,1766,1766
1715683826.6828222,934457344,1660,1660
1715683827.6841788,1061740544,1507,1507
1715683828.6856148,862310400,1504,1504
1715683829.6868064,977756160,1512,1512
1715683830.6881688,957181952,1802,1802
1715683831.6895552,996261888,1381,1381
1715683832.6906588,994566144,1505,1505
1715683833.6920693,866217984,1515,1515
1715683834.6936607,881799168,1985,1985
1715683835.6947336,862814208,1807,1807
1715683836.6960642,964534272,1669,1669
1715683837.6974118,846073856,1508,1508
1715683838.6987271,814370816,1208,1208
1715683839.700015,795508736,1507,1507
1715683840.7013185,814391296,1531,1531
1715683841.7026901,795475968,1373,1373
1715683842.703912,814387200,1249,1249
1715683843.705146,795144192,1520,1520
1715683844.7063951,814157824,1506,1506
1715683845.7078202,795299840,1695,1695
1715683846.7090673,814313472,1707,1707
1715683847.710498,795459584,2303,2303
1715683848.7117581,814342144,2260,2260
1715683849.7131834,795488256,1515,1515
1715683850.714432,814370816,1927,1927
1715683851.7157311,795516928,1674,1674
1715683852.7169986,795529216,1514,1514
1715683853.7182968,795541504,1509,1509
1715683854.7186189,795557888,1511,1511
1715683855.7199483,795570176,1814,1814
1715683856.721352,795574272,1672,1672
1715683857.722619,795586560,1513,1513
1715683858.7239127,795529216,1519,1519
1715683859.725163,795279360,1508,1508
1715683860.726475,814227456,1812,1812
1715683861.7278154,795242496,2092,2092
1715683862.7291777,850661376,10389621,10389621
1715683863.7305403,850661376,10393468,10393468
1715683864.7317746,850661376,0,0
1715683865.7330542,850661376,410,410
1715683866.7344549,850661376,156,156
1715683867.735658,850661376,0,0
1715683868.7370553,850661376,0,0
1715683869.738409,850661376,0,0
1715683870.7396424,850661376,292,292
1715683871.740964,850661376,152,152
1715683872.742331,850661376,0,0
1715683873.742604,850661376,0,0
1715683874.743866,850661376,0,0
1715683875.7452407,850661376,292,292
1715683876.7465003,850661376,152,152
1715683877.7478087,850661376,87514,87514
1715683878.7491443,850661376,590,590
1715683879.7504187,850661376,0,0
1715683880.7517872,850661376,303,303
1715683881.7531433,850661376,155,155
1715683882.7543895,850661376,0,0
1715683883.7556446,850661376,0,0
1715683884.7569668,850661376,0,0
1715683885.758221,850661376,292,292
1715683886.7585995,850661376,152,152
1715683887.759959,850661376,0,0
1715683888.7603228,850661376,0,0
1715683889.7616491,850661376,0,0
1715683890.7627888,850661376,292,292
1715683891.7640393,850661376,152,152
1715683892.7653205,850661376,0,0
1715683893.7666996,850661376,20781108,20781108
1715683894.7680273,850661376,0,0
1715683895.7694023,850661376,301,301
1715683896.770743,850661376,155,155
1715683897.7720597,850661376,0,0
1715683898.7734036,850661376,0,0
1715683899.7746136,850661376,0,0
1715683900.7758482,850661376,292,292
1715683901.777138,850661376,152,152
1715683902.778484,850661376,0,0
1715683903.779743,850661376,0,0
1715683904.7809787,877531136,20777613,20777613
1715683905.7822983,996904960,1791,1791
1715683906.7826865,913686528,1596,1596
1715683907.7837296,938455040,2090,2090
1715683908.7851202,1000079360,1886,1886
1715683909.7865252,950931456,1349,1349
1715683910.787776,939937792,1629,1629
1715683911.7890265,934170624,1323,1323
1715683912.7903266,871124992,941,941
1715683913.7906954,993607680,1493,1493
1715683914.791981,955215872,1439,1439
1715683915.793257,980242432,1579,1579
1715683916.7945461,871333888,1645,1645
1715683917.7952642,871202816,1502,1502
1715683918.7967165,871329792,1493,1493
1715683919.79795,965697536,1442,1442
1715683920.798592,871071744,1483,1483
1715683921.7999,902541312,1867,1867
1715683922.8011866,902549504,1546,1546
1715683923.8024182,871165952,1654,1654
1715683924.8036513,871215104,1332,1332
1715683925.8048534,871084032,1896,1896
1715683926.805951,888778752,1822,1822
1715683927.8066726,884600832,1503,1503
1715683928.807989,981331968,1502,1502
1715683929.8092728,1005318144,1500,1500
1715683930.8105597,1036840960,2210,2210
1715683931.8117945,930000896,1656,1656
1715683932.8131416,1036574720,1502,1502
1715683933.814493,1251790848,1772,1772
1715683934.8158414,1106034688,1978,1978
1715683935.8171778,1244078080,1805,1805
1715683936.8184347,1267662848,1660,1660
1715683937.8196776,1201086464,1503,1503
1715683938.8209481,1271738368,1999,1999
1715683939.822267,1151541248,1506,1506
1715683940.8226888,1283543040,1904,1904
1715683941.8240066,1181626368,1936,1936
1715683942.8254008,1003278336,1490,1490
1715683943.8266566,959242240,1760,1760
1715683944.8280122,1065275392,1513,1513
1715683945.8293374,1058058240,1793,1793
1715683946.8306487,1014018048,1595,1595
1715683947.8319213,865005568,1866,1866
1715683948.8332512,994107392,1558,1558
1715683949.834555,871153664,1504,1504
1715683950.8358104,871153664,1805,1805
1715683951.8371506,871153664,1660,1660
1715683952.8385005,864731136,1511,1511
1715683953.8397033,902479872,1693,1693
1715683954.8409033,902500352,1501,1501
1715683955.8421361,902508544,1906,1906
1715683956.8427591,871063552,1661,1661
1715683957.8439698,896229376,1503,1503
1715683958.845559,902815744,1506,1506
1715683959.8466256,965738496,1501,1501
1715683960.8478746,864952320,2078,2078
1715683961.8491454,923152384,1822,1822
1715683962.8504887,958406656,1338,1338
1715683963.851871,938397696,1681,1681
1715683964.8531122,871428096,1227,1227
1715683965.8544304,977764352,1269,1269
1715683966.8557916,979714048,1408,1408
1715683967.8570547,1001074688,2045,2045
1715683968.858312,975699968,1821,1821
1715683969.8586557,945025024,1463,1463
1715683970.8599458,938340352,1272,1272
1715683971.8612428,938340352,1137,1137
1715683972.8625188,1003085824,1349,1349
1715683973.8638005,1038979072,2050,2050
1715683974.8651106,1098997760,2008,2008
1715683975.866439,1186279424,1833,1833
1715683976.8677824,846245888,2161,2161
1715683977.8690772,856600576,10390147,10390147
1715683978.8704076,856600576,10391509,10391509
1715683979.8717177,856600576,0,0
1715683980.8729546,856600576,300,300
1715683981.8743033,856600576,155,155
1715683982.874618,856600576,0,0
1715683983.875951,856600576,0,0
1715683984.877329,856600576,0,0
1715683985.878649,856600576,292,292
1715683986.8799753,856600576,152,152
1715683987.8812835,856600576,0,0
1715683988.8826215,856600576,0,0
1715683989.8839242,856600576,0,0
1715683990.8852572,856600576,292,292
1715683991.886605,856600576,440,440
1715683992.8878448,856600576,0,0
1715683993.8891604,856600576,152,152
1715683994.8904126,856600576,0,0
1715683995.8917873,856600576,345,345
1715683996.8930972,856600576,152,152
1715683997.8943026,856600576,0,0
1715683998.8947773,856600576,304,304
1715683999.896069,856600576,0,0
1715684000.8973725,856600576,295,295
1715684001.8985698,856600576,155,155
1715684002.899793,856600576,0,0
1715684003.901099,856600576,0,0
1715684004.902333,856600576,0,0
1715684005.9026916,856600576,292,292
1715684006.9040039,856600576,152,152
1715684007.9053175,974200832,20776267,20776267
1715684008.9060242,1084350464,0,0
1715684009.9071999,895619072,305,305
1715684010.908261,876879872,347,347
1715684011.9098656,1067577344,155,155
1715684012.9113815,1334030336,0,0
1715684013.9123666,1158946816,0,0
1715684014.9137502,933076992,0,0
1715684015.9148235,933097472,292,292
1715684016.916297,1063669760,152,152
1715684017.9183407,974663680,20776104,20776104
1715684018.91873,952750080,3192,3192
1715684019.9195163,927715328,1508,1508
1715684020.9208162,952832000,1514,1514
1715684021.9221492,927797248,1107,1107
1715684022.9228706,927928320,1723,1723
1715684023.9241683,927928320,1481,1481
1715684024.9253948,953028608,937,937
1715684025.9266555,940445696,1630,1630
1715684026.9278958,952987648,1369,1369
1715684027.9291008,927952896,1817,1817
1715684028.9303384,952987648,1375,1375
1715684029.9308095,927952896,943,943
1715684030.9320488,953065472,1473,1473
1715684031.93333,928018432,1103,1103
1715684032.934607,953106432,1486,1486
1715684033.9358218,928129024,1258,1258
1715684034.9370592,953110528,950,950
1715684035.9383438,928075776,1573,1573
1715684036.938831,953110528,1752,1752
1715684037.940101,1007763456,1279,1279
1715684038.9413586,1047715840,1223,1223
1715684039.9422307,928190464,958,958
1715684040.9426455,967380992,1533,1533
1715684041.9439802,1000280064,1416,1416
1715684042.945269,1020329984,1493,1493
1715684043.9465544,995291136,1340,1340
1715684044.9478645,1152442368,1071,1071
1715684045.9491625,1162788864,1109,1109
1715684046.950467,985047040,1515,1515
1715684047.9517665,1112064000,1283,1283
1715684048.9530282,1053655040,889,889
1715684049.9543984,1047617536,2007,2007
1715684050.9557233,1317621760,1892,1892
1715684051.957039,1162821632,1341,1341
1715684052.95842,1185763328,1504,1504
1715684053.9597712,1332703232,957,957
1715684054.9609766,1190584320,1495,1495
1715684055.9622872,977768448,1798,1798
1715684056.9627333,1334558720,1653,1653
1715684057.9640112,1162719232,1508,1508
1715684058.965356,1187749888,1990,1990
1715684059.9667447,1365217280,1493,1493
1715684060.968049,1050759168,1793,1793
1715684061.9692848,1030701056,1645,1645
1715684062.9705522,1028595712,1819,1819
1715684063.971864,1036599296,1548,1548
1715684064.973206,1170022400,1498,1498
1715684065.9744904,1079050240,1792,1792
1715684066.975818,1056362496,1599,1599
1715684067.9772394,1003532288,1490,1490
1715684068.9785504,1001295872,1446,1446
1715684069.979932,927895552,1503,1503
1715684070.9812315,1009369088,1739,1739
1715684071.982589,1003470848,1606,1606
1715684072.983907,1028505600,973,973
1715684073.9851947,953012224,965,965
1715684074.9866073,953012224,1242,1242
1715684075.987984,1003360256,2225,2225
1715684076.989265,1103888384,1716,1716
1715684077.9906352,1047134208,1504,1504
1715684078.9920063,1102450688,977,977
1715684079.9935033,1078845440,1505,1505
1715684080.9948003,939507712,1803,1803
1715684081.9961252,1003208704,1654,1654
1715684082.99746,927842304,973,973
1715684083.9988196,952930304,1238,1238
1715684085.0000925,927895552,966,966
1715684086.0013366,952930304,1980,1980
1715684087.0026102,946634752,1122,1122
1715684088.0038168,952799232,2103,2103
1715684089.0050151,927768576,1918,1918
1715684090.0062823,952934400,1551,1551
1715684091.006776,927670272,20780684,20780684
1715684092.0081048,927670272,156,156
1715684093.0093706,927670272,305,305
1715684094.010704,927670272,0,0
1715684095.0119596,927670272,0,0
1715684096.0133429,927670272,347,347
1715684097.014791,927670272,152,152
1715684098.0160897,927670272,0,0
1715684099.017336,927670272,0,0
1715684100.0186837,927670272,0,0
1715684101.020008,927670272,292,292
1715684102.0212913,927670272,152,152
1715684103.0227795,927670272,0,0
1715684104.0240653,927670272,0,0
1715684105.025309,927670272,0,0
1715684106.0268562,927670272,292,292
1715684107.0281148,927670272,152,152
1715684108.029454,927670272,0,0
1715684109.0306184,927670272,0,0
1715684110.0320091,927670272,0,0
1715684111.033348,927670272,292,292
1715684112.034642,927670272,152,152
1715684113.0359213,927670272,0,0
1715684114.037267,927670272,0,0
1715684115.038613,927670272,0,0
1715684116.0400753,927670272,292,292
1715684117.0414152,927670272,152,152
1715684118.0426512,927670272,0,0
1715684119.0439026,927670272,303,303
1715684120.0452003,927670272,20778473,20778473
1715684121.0465894,927670272,2128,2128
1715684122.047835,927670272,155,155
1715684123.0491025,927670272,302,302
1715684124.0504735,927670272,0,0
1715684125.051753,927670272,0,0
1715684126.05306,927670272,346,346
1715684127.05436,927670272,152,152
1715684128.0547736,927670272,0,0
1715684129.0560462,927670272,0,0
1715684130.0573359,927670272,0,0
1715684131.0587566,927670272,643,643
1715684132.0600173,1026174976,20780179,20780179
1715684133.0607705,976719872,1239,1239
1715684134.0621653,929992704,1489,1489
1715684135.0627587,960008192,1489,1489
1715684136.0641136,929730560,1950,1950
1715684137.0655246,1030131712,1701,1701
1715684138.0666301,1031323648,1444,1444
1715684139.0679963,1104732160,1483,1483
1715684140.0692415,984043520,1486,1486
1715684141.0706067,1030193152,1781,1781
1715684142.0719087,1093120000,1639,1639
1715684143.0733793,1134678016,1483,1483
1715684144.074759,1150672896,1475,1475
1715684145.0760205,1166663680,1475,1475
1715684146.0773432,1016193024,1794,1794
1715684147.078688,1105457152,1648,1648
1715684148.0800412,1114644480,2046,2046
1715684149.0813565,1219018752,1785,1785
1715684150.0817173,1225576448,1824,1824
1715684151.082715,1229647872,1756,1756
1715684152.0839505,1394958336,1149,1149
1715684153.0852737,1439289344,1506,1506
1715684154.0865269,1208733696,1503,1503
1715684155.0878425,1307967488,1503,1503
1715684156.0890818,1231048704,1802,1802
1715684157.090453,1357148160,1661,1661
1715684158.0916996,1381666816,1508,1508
1715684159.0931072,1189646336,1500,1500
1715684160.0944543,1310236672,1499,1499
1715684161.0958455,1198166016,1803,1803
1715684162.0971577,1169330176,1659,1659
1715684163.0984123,1387171840,1501,1501
1715684164.0996575,1375375360,1994,1994
1715684165.1008759,1401716736,1504,1504
1715684166.1021893,1233813504,1641,1641
1715684167.106694,1288597504,1663,1663
1715684168.1077983,1233670144,1498,1498
1715684169.1092467,1088962560,1512,1512
1715684170.110617,948441088,1652,1652
1715684171.111857,1038749696,1816,1816
1715684172.1131902,1034551296,1947,1947
1715684173.114468,1181216768,1499,1499
1715684174.115749,1080807424,1508,1508
1715684175.117005,1036492800,1647,1647
1715684176.1184142,1009766400,1646,1646
1715684177.1196864,1064816640,2040,2040
1715684178.1209958,1087885312,1556,1556
1715684179.1223097,1160630272,89630,89630
1715684180.1226518,1096142848,1869,1869
1715684181.124062,1076232192,1664,1664
1715684182.1253247,1224630272,1664,1664
1715684183.1267242,1271164928,1513,1513
1715684184.1279342,1363447808,1505,1505
1715684185.1291673,1381011456,1653,1653
1715684186.1304762,1365422080,1500,1500
1715684187.1318886,1273905152,1662,1662
1715684188.1333084,1226878976,1511,1511
1715684189.1346881,954753024,1516,1516
1715684190.1360414,1005211648,1805,1805
1715684191.1374664,1130774528,1893,1893
1715684192.1387582,1044783104,1680,1680
1715684193.1402395,1010569216,1510,1510
1715684194.141638,1020002304,1516,1516
1715684195.1427093,1005047808,1854,1854
1715684196.1441011,954814464,1509,1509
1715684197.1455243,929779712,1664,1664
1715684198.1468704,954880000,1242,1242
1715684199.1481605,929845248,970,970
1715684200.1496763,954880000,1553,1553
1715684201.1508145,929714176,1248,1248
1715684202.1522746,954748928,1353,1353
1715684203.1537116,929583104,1474,1474
1715684204.1548145,954621952,1624,1624
1715684205.1560729,929751040,10390887,10390887
1715684206.1573234,929751040,10395367,10395367
1715684207.1587284,929751040,157,157
1715684208.159955,929751040,1001,1001
1715684209.1613598,929751040,354,354
1715684210.162788,929751040,298,298
1715684211.1640275,929751040,940,940
1715684212.1653256,929751040,158,158
1715684213.1665587,929751040,0,0
1715684214.1678925,929751040,0,0
1715684215.1693585,929751040,347,347
1715684216.1707547,929751040,0,0
1715684217.1721337,929751040,152,152
1715684218.1735172,929751040,0,0
1715684219.174777,929751040,0,0
1715684220.1761897,929751040,292,292
1715684221.1774235,929751040,0,0
1715684222.178784,929751040,152,152
1715684223.1801603,929751040,0,0
1715684224.1814127,929751040,0,0
1715684225.182732,929751040,292,292
1715684226.184087,929751040,0,0
1715684227.1853263,929751040,152,152
1715684228.1866767,929751040,0,0
1715684229.1880407,929751040,0,0
1715684230.189269,929751040,292,292
1715684231.1907148,929751040,0,0
1715684232.191978,929751040,152,152
1715684233.1933894,929751040,0,0
1715684234.1948016,929751040,0,0
1715684235.196151,929751040,20779452,20779452
1715684236.1975908,929751040,986,986
1715684237.1987326,929751040,155,155
1715684238.200084,929751040,304,304
1715684239.2014248,929751040,358,358
1715684240.202696,929751040,297,297
1715684241.204096,929751040,0,0
1715684242.205478,929751040,155,155
1715684243.206663,929751040,0,0
1715684244.2080264,929751040,0,0
1715684245.2094922,929751040,292,292
1715684246.2107818,929751040,20779559,20779559
1715684247.2122378,929751040,1384,1384
1715684248.2136264,929751040,1207,1207
1715684249.214805,929751040,1224,1224
1715684250.2163122,929751040,1566,1566
1715684251.2175384,929751040,1416,1416
1715684252.2187343,929751040,1749,1749
1715684253.2201443,929751040,1046,1046
1715684254.2215595,929751040,1492,1492
1715684255.222846,929751040,1690,1690
1715684256.2241914,929751040,1540,1540
1715684257.225586,929751040,1081,1081
1715684258.2268157,929751040,1765,1765
1715684259.228303,929751040,1209,1209
1715684260.2295375,929751040,1792,1792
1715684261.230664,929751040,1493,1493
1715684262.2319021,929751040,3312,3312
1715684263.2331808,929751040,2093,2093
1715684264.234493,929751040,1503,1503
1715684265.235735,929751040,1910,1910
1715684266.2370722,929751040,1986,1986
1715684267.238352,929751040,1904,1904
1715684268.238753,929751040,2021,2021
1715684269.240099,929751040,1640,1640
1715684270.241443,929751040,2246,2246
1715684271.242714,929751040,1505,1505
1715684272.2443693,929751040,2155,2155
1715684273.245955,929751040,1505,1505
1715684274.2467551,929751040,1990,1990
1715684275.2480419,929751040,1918,1918
1715684276.2494416,929751040,1940,1940
1715684277.2506177,929751040,1716,1716
1715684278.252044,929751040,1511,1511
1715684279.253464,929751040,1746,1746
1715684280.254806,929751040,2396,2396
1715684281.256373,929751040,1248,1248
1715684282.2577171,929751040,1129,1129
1715684283.2586186,929751040,1534,1534
1715684284.259556,929751040,1521,1521
1715684285.2609472,929751040,1818,1818
1715684286.262396,929751040,1522,1522
1715684287.2637658,929751040,1630,1630
1715684288.265228,929751040,1522,1522
1715684289.2666068,929751040,1516,1516
1715684290.2672896,929751040,1812,1812
1715684291.2686498,929751040,1513,1513
1715684292.269984,929751040,1396,1396
1715684293.270692,929751040,1606,1606
1715684294.2719154,929751040,2073,2073
1715684295.2731366,929751040,2053,2053
1715684296.2744873,929751040,1577,1577
1715684297.2758124,929751040,1390,1390
1715684298.2771323,929751040,1220,1220
1715684299.2785199,929751040,1897,1897
1715684300.2798436,929751040,1809,1809
1715684301.2811973,929751040,2038,2038
1715684302.2815592,929751040,1389,1389
1715684303.2827215,929751040,1583,1583
1715684304.2840776,929751040,1248,1248
1715684305.2854283,929751040,1068,1068
1715684306.2867064,929751040,1416,1416
1715684307.2880495,929751040,1899,1899
1715684308.2894776,929751040,1530,1530
1715684309.290697,929751040,1521,1521
1715684310.2920494,929751040,1215,1215
1715684311.2933474,929751040,1517,1517
1715684312.2946558,929751040,1673,1673
1715684313.2959743,929751040,1516,1516
1715684314.2974133,929751040,1513,1513
1715684315.2987232,929751040,1814,1814
1715684316.3000107,929751040,1517,1517
1715684317.3012793,929751040,1664,1664
1715684318.3025157,929751040,10390778,10390778
1715684319.303709,929751040,1477,1477
1715684320.3049226,929751040,10390973,10390973
1715684321.306123,929751040,0,0
1715684322.3066373,929751040,156,156
1715684323.3078876,929751040,152,152
1715684324.3091195,929751040,0,0
1715684325.3104932,929751040,449,449
1715684326.3118734,929751040,0,0
1715684327.3131006,929751040,152,152
1715684328.3143687,929751040,488,488
1715684329.31572,929751040,299,299
1715684330.3160229,929751040,295,295
1715684331.3174052,929751040,0,0
1715684332.31865,929751040,155,155
1715684333.319887,929751040,0,0
1715684334.3211455,929751040,0,0
1715684335.3224618,929751040,292,292
1715684336.3236802,929751040,0,0
1715684337.3252265,929751040,152,152
1715684338.3265004,929751040,0,0
1715684339.3277583,929751040,0,0
1715684340.3290486,929751040,292,292
1715684341.3303678,929751040,0,0
1715684342.3316128,929751040,152,152
1715684343.3329976,929751040,0,0
1715684344.3342924,929751040,0,0
1715684345.3346114,929751040,292,292
1715684346.3358924,929751040,0,0
1715684347.3371391,929751040,152,152
1715684348.3384027,929751040,0,0
1715684349.3398592,929751040,307,307
1715684350.3412595,1069596672,20782427,20782427
1715684351.3426323,957648896,287,287
1715684352.3438354,957648896,155,155
1715684353.3451602,1056194560,0,0
1715684354.3465726,1328922624,151,151
1715684355.347884,1049198592,345,345
1715684356.349341,1102020608,0,0
1715684357.3508756,944865280,152,152
1715684358.3523006,932294656,0,0
1715684359.3535795,1123106816,300,300
