Timestamp,MemoryUsage,NetSent,NetRecv
1715672340.1099496,512794624,0,0
1715672341.111242,520134656,9641,9641
1715672342.1125324,520134656,875,875
1715672343.11395,520134656,161,161
1715672344.1146207,520134656,307,307
1715672345.1160371,520134656,349,349
1715672346.1172638,520134656,155,155
1715672347.1187024,520134656,0,0
1715672348.120071,520134656,0,0
1715672349.1215324,520134656,0,0
1715672350.1226735,520134656,448,448
1715672351.123907,520134656,152,152
1715672352.125168,520134656,0,0
1715672353.1266117,520134656,0,0
1715672354.1280186,520134656,0,0
1715672355.1294506,520134656,344,344
1715672356.1306758,520134656,152,152
1715672357.132062,520134656,0,0
1715672358.133495,520134656,0,0
1715672359.1349292,520134656,0,0
1715672360.136333,520134656,344,344
1715672361.137565,520134656,152,152
1715672362.1386065,520134656,20782188,20782188
1715672363.139846,520134656,2241,2241
1715672364.141205,520134656,1257,1257
1715672365.1425393,520134656,1680,1680
1715672366.143894,520134656,1699,1699
1715672367.1452076,520134656,1875,1875
1715672368.1466734,520134656,1498,1498
1715672369.1479568,520134656,1493,1493
1715672370.149371,520134656,711,711
1715672371.1508331,520134656,1755,1755
1715672372.1521878,520134656,1506,1506
1715672373.1536112,520134656,1497,1497
1715672374.154876,520134656,1180,1180
1715672375.1562192,520134656,1797,1797
1715672376.1574814,520134656,1917,1917
1715672377.1586392,520134656,1502,1502
1715672378.1599073,520134656,1493,1493
1715672379.1613317,520134656,1496,1496
1715672380.1629837,520134656,1786,1786
1715672381.1644623,520134656,2254,2254
1715672382.1658428,520134656,1509,1509
1715672383.1666744,520134656,1512,1512
1715672384.1679606,520134656,1515,1515
1715672385.1695125,520134656,1918,1918
1715672386.170723,520134656,1606,1606
1715672387.1720781,520134656,966,966
1715672388.1734242,520134656,1192,1192
1715672389.1748414,520134656,814,814
1715672390.1763594,520134656,1929,1929
1715672391.1776736,520134656,1633,1633
1715672392.1786988,520134656,1522,1522
1715672393.1799989,520134656,1896,1896
1715672394.1814218,520134656,1571,1571
1715672395.1827192,520134656,1500,1500
1715672396.1839828,520134656,1752,1752
1715672397.1853023,520134656,1519,1519
1715672398.1867268,520134656,1829,1829
1715672399.1881614,520134656,1791,1791
1715672400.1896167,520134656,713,713
1715672401.1907883,520134656,1487,1487
1715672402.192081,520134656,1801,1801
1715672403.193503,520134656,1472,1472
1715672404.194696,520134656,1430,1430
1715672405.1959796,520134656,1720,1720
1715672406.1973412,520134656,2102,2102
1715672407.1987495,520134656,368,368
1715672408.200082,520134656,1654,1654
1715672409.20137,520134656,1716,1716
1715672410.202637,520134656,1939,1939
1715672411.2039814,520134656,1685,1685
1715672412.205405,520134656,947,947
1715672413.20669,520134656,2116,2116
1715672414.207955,520134656,1201,1201
1715672415.2092574,520134656,1915,1915
1715672416.2105484,520134656,1406,1406
1715672417.2118587,520134656,1226,1226
1715672418.2133095,520134656,1522,1522
1715672419.2146893,520134656,933,933
1715672420.2160983,520134656,2579,2579
1715672421.2171116,520134656,1393,1393
1715672422.2184222,520134656,1516,1516
1715672423.2198071,520134656,1529,1529
1715672424.2211006,520134656,1262,1262
1715672425.2223568,520134656,2055,2055
1715672426.2226346,520134656,1162,1162
1715672427.2239287,520134656,2131,2131
1715672428.2252593,520134656,1520,1520
1715672429.2265933,520134656,1348,1348
1715672430.2278767,520134656,1901,1901
1715672431.2290914,520134656,10389471,10389471
1715672432.2304149,520134656,1561,1561
1715672433.2318225,520134656,751,751
1715672434.2331192,520134656,1219,1219
1715672435.234533,520134656,10392506,10392506
1715672436.2359457,520134656,1499,1499
1715672437.2373571,520134656,0,0
1715672438.2386498,520134656,304,304
1715672439.240067,520134656,0,0
1715672440.2416174,520134656,451,451
1715672441.2428956,520134656,155,155
1715672442.244302,520134656,0,0
1715672443.24581,520134656,0,0
1715672444.2470462,520134656,0,0
1715672445.2483497,520134656,448,448
1715672446.2496333,520134656,152,152
1715672447.2506676,520134656,0,0
1715672448.2520444,520134656,0,0
1715672449.2524612,520134656,0,0
1715672450.2538865,520134656,448,448
1715672451.2548409,520134656,152,152
1715672452.2561228,520134656,0,0
1715672453.2575474,520134656,0,0
1715672454.2585936,520134656,0,0
1715672455.260099,520134656,344,344
1715672456.2615783,520134656,152,152
1715672457.2626166,520134656,0,0
1715672458.2632957,520134656,0,0
1715672459.2647355,520134656,0,0
1715672460.2660205,520134656,344,344
1715672461.266802,520134656,152,152
1715672462.2682273,520134656,0,0
1715672463.2696707,520134656,0,0
1715672464.2705975,520134656,0,0
1715672465.2718768,520134656,20780915,20780915
1715672466.2731338,520134656,155,155
1715672467.2744892,520134656,152,152
1715672468.2759407,520134656,152,152
1715672469.277334,520134656,0,0
1715672470.2788095,520134656,347,347
1715672471.2800744,520134656,152,152
1715672472.2813497,520134656,0,0
1715672473.282659,520134656,0,0
1715672474.2840374,520134656,0,0
1715672475.2853355,520134656,851,851
1715672476.2866535,617840640,20780526,20780526
1715672477.287873,755646464,2037,2037
1715672478.2892103,756789248,1761,1761
1715672479.2905622,805928960,1548,1548
1715672480.2919593,805949440,1121,1121
1715672481.2934585,799698944,1626,1626
1715672482.2947476,912953344,1481,1481
1715672483.2960906,908939264,1486,1486
1715672484.297553,875331584,1486,1486
1715672485.2987416,876269568,1905,1905
1715672486.3001647,1051598848,1651,1651
1715672487.3016026,1142210560,1496,1496
1715672488.3027513,1200824320,1502,1502
1715672489.3041441,942559232,1487,1487
1715672490.305666,961593344,1752,1752
1715672491.3068972,948785152,1767,1767
1715672492.30833,857190400,1432,1432
1715672493.3096519,756039680,1508,1508
1715672494.3107858,908361728,1499,1499
1715672495.312188,821084160,1433,1433
1715672496.313514,913100800,1606,1606
1715672497.3146765,755892224,1507,1507
1715672498.3159285,781156352,1453,1453
1715672499.3171732,755863552,1501,1501
1715672500.3184779,799789056,2059,2059
1715672501.3197513,781049856,1501,1501
1715672502.3209617,799932416,917,917
1715672503.3221557,755908608,1235,1235
1715672504.322593,799703040,1087,1087
1715672505.3237958,755806208,1469,1469
1715672506.3249927,799731712,1496,1496
1715672507.3261888,755838976,1506,1506
1715672508.3266387,799764480,1328,1328
1715672509.3279116,755744768,1503,1503
1715672510.3291218,799604736,2019,2019
1715672511.3303459,755843072,1726,1726
1715672512.3306959,799723520,1333,1333
1715672513.3320475,755826688,1497,1497
1715672514.333435,799625216,1305,1305
1715672515.334796,808681472,1968,1968
1715672516.3362005,833445888,955,955
1715672517.3375676,830963712,958,958
1715672518.3386772,837398528,1502,1502
1715672519.3400607,830984192,1870,1870
1715672520.3415744,837279744,1744,1744
1715672521.342715,774500352,1493,1493
1715672522.3441136,806100992,965,965
1715672523.3454537,755916800,1444,1444
1715672524.34692,817926144,1493,1493
1715672525.3483384,856477696,2048,2048
1715672526.3497047,856293376,1442,1442
1715672527.3508105,917651456,1497,1497
1715672528.3520741,892112896,1447,1447
1715672529.3533633,804626432,1494,1494
1715672530.354773,931741696,1428,1428
1715672531.3560407,831229952,1503,1503
1715672532.3574743,1187901440,1721,1721
1715672533.3587542,1218863104,1719,1719
1715672534.360164,1053732864,1498,1498
1715672535.36093,1000882176,2004,2004
1715672536.362356,1025282048,1557,1557
1715672537.3628035,1018208256,947,947
1715672538.3641598,814546944,1221,1221
1715672539.3655221,973852672,1206,1206
1715672540.3667765,904421376,1943,1943
1715672541.368192,913207296,1509,1509
1715672542.369716,780980224,928,928
1715672543.3707218,800006144,89337,89337
1715672544.3711095,755978240,361,361
1715672545.3723726,799903744,872,872
1715672546.373627,756006912,355,355
1715672547.3748124,799801344,352,352
1715672548.375856,755724288,2305,2305
1715672549.3769798,799514624,1502,1502
1715672550.378337,755617792,1546,1546
1715672551.3786712,799674368,1964,1964
1715672552.3799558,812380160,20781394,20781394
1715672553.3813348,812380160,1260,1260
1715672554.382615,812380160,0,0
1715672555.383943,812380160,607,607
1715672556.3853467,812380160,0,0
1715672557.3867307,812380160,0,0
1715672558.388171,812380160,0,0
1715672559.3895898,812380160,0,0
1715672560.3909574,812380160,496,496
1715672561.392409,812380160,0,0
1715672562.3938093,812380160,0,0
1715672563.3948393,812380160,0,0
1715672564.3961053,812380160,0,0
1715672565.397538,812380160,496,496
1715672566.398786,812380160,0,0
1715672567.400072,812380160,0,0
1715672568.401579,812380160,0,0
1715672569.4028518,812380160,0,0
1715672570.404106,812380160,496,496
1715672571.4054425,812380160,0,0
1715672572.4067507,812380160,0,0
1715672573.4081728,812380160,0,0
1715672574.4095654,812380160,0,0
1715672575.4106734,812380160,496,496
1715672576.411933,812380160,0,0
1715672577.412908,812380160,0,0
1715672578.4144013,812380160,0,0
1715672579.4156625,812380160,0,0
1715672580.417095,812380160,496,496
1715672581.4180846,812380160,0,0
1715672582.4186714,1240272896,20776835,20776835
1715672583.4200442,1301360640,0,0
1715672584.4214582,933023744,151,151
1715672585.4227424,971149312,504,504
1715672586.4240968,821714944,0,0
1715672587.4254313,903249920,0,0
1715672588.4266913,878096384,0,0
1715672589.428037,1018458112,0,0
1715672590.429479,1266565120,496,496
1715672591.4307044,1149222912,0,0
1715672592.4319987,972550144,0,0
1715672593.4332273,838959104,20780070,20780070
1715672594.4345274,838959104,1304,1304
1715672595.4356623,838959104,1564,1564
1715672596.4371295,838959104,1719,1719
1715672597.438568,838959104,889,889
1715672598.4399014,838959104,960,960
1715672599.4412491,838959104,1283,1283
1715672600.442707,838959104,1512,1512
1715672601.4440923,838959104,929,929
1715672602.445503,838959104,1514,1514
1715672603.4467952,838959104,1476,1476
1715672604.4482262,838959104,1445,1445
1715672605.44964,838959104,1941,1941
1715672606.4507685,838959104,1498,1498
1715672607.452026,838959104,1697,1697
1715672608.4533088,838959104,1491,1491
1715672609.4547396,838959104,1313,1313
1715672610.4559994,838959104,2335,2335
1715672611.4574387,838959104,1545,1545
1715672612.4587276,838959104,1503,1503
1715672613.4600315,838959104,1501,1501
1715672614.4612727,838959104,1688,1688
1715672615.4627829,838959104,1781,1781
1715672616.4641762,838959104,1227,1227
1715672617.4655352,838959104,1786,1786
1715672618.4668093,838959104,1507,1507
1715672619.4681854,838959104,1504,1504
1715672620.4694314,838959104,2204,2204
1715672621.4706118,838959104,1507,1507
1715672622.471862,838959104,765,765
1715672623.473238,838959104,1518,1518
1715672624.4746604,838959104,1885,1885
1715672625.4759696,838959104,1839,1839
1715672626.4773974,838959104,1501,1501
1715672627.4786708,838959104,1497,1497
1715672628.4800668,838959104,1249,1249
1715672629.4814148,838959104,1511,1511
1715672630.4828627,838959104,1385,1385
1715672631.484261,838959104,1215,1215
1715672632.485589,838959104,1431,1431
1715672633.4867532,838959104,1327,1327
1715672634.4882205,838959104,1509,1509
1715672635.4896128,838959104,2068,2068
1715672636.490786,838959104,1514,1514
1715672637.4922013,838959104,1401,1401
1715672638.4935067,838959104,1299,1299
1715672639.4948404,838959104,1511,1511
1715672640.4961762,838959104,2072,2072
1715672641.4975975,838959104,1511,1511
1715672642.4987085,838959104,1522,1522
1715672643.5001442,838959104,1513,1513
1715672644.5014892,838959104,1508,1508
1715672645.5027463,838959104,2065,2065
1715672646.5041416,838959104,1511,1511
1715672647.505576,838959104,969,969
1715672648.5066617,838959104,1526,1526
1715672649.5080335,838959104,1523,1523
1715672650.5094192,838959104,2069,2069
1715672651.5106995,838959104,1945,1945
1715672652.5120184,838959104,1517,1517
1715672653.5134177,838959104,1513,1513
1715672654.5147092,838959104,1510,1510
1715672655.5159578,838959104,1972,1972
1715672656.517455,838959104,1508,1508
1715672657.5186296,838959104,1512,1512
1715672658.5202749,838959104,1243,1243
1715672659.5216334,838959104,1407,1407
1715672660.5226839,838959104,1487,1487
1715672661.5239503,838959104,824,824
1715672662.525321,838959104,981,981
1715672663.5267143,838959104,1252,1252
1715672664.5282393,838959104,1717,1717
1715672665.5296736,838959104,1881,1881
1715672666.5306883,838959104,1252,1252
1715672667.5319152,838959104,10390851,10390851
1715672668.5332115,838959104,10390481,10390481
1715672669.5344815,838959104,153,153
1715672670.5357385,838959104,355,355
1715672671.5370376,838959104,0,0
1715672672.5385063,838959104,0,0
1715672673.539725,838959104,334,334
1715672674.541021,838959104,152,152
1715672675.5424738,838959104,350,350
1715672676.5436966,838959104,0,0
1715672677.5451214,838959104,0,0
1715672678.5463603,838959104,0,0
1715672679.5475934,838959104,152,152
1715672680.5490077,838959104,344,344
1715672681.5504322,838959104,0,0
1715672682.551659,838959104,0,0
1715672683.5530074,838959104,0,0
1715672684.55445,838959104,152,152
1715672685.5556967,838959104,590,590
1715672686.5571642,838959104,0,0
1715672687.5584452,838959104,0,0
1715672688.5596774,838959104,0,0
1715672689.5610924,838959104,152,152
1715672690.5625253,838959104,448,448
1715672691.5637772,838959104,0,0
1715672692.565214,838959104,0,0
1715672693.5666468,838959104,0,0
1715672694.5678687,838959104,152,152
1715672695.569165,838959104,448,448
1715672696.5705988,838959104,0,0
1715672697.5718658,838959104,20774552,20774552
1715672698.5733194,838959104,2927,2927
1715672699.574611,838959104,153,153
1715672700.5759172,838959104,404,404
1715672701.5773253,838959104,0,0
1715672702.578739,838959104,0,0
1715672703.5800707,838959104,0,0
1715672704.5814555,838959104,152,152
1715672705.5827641,838959104,344,344
1715672706.5840101,838959104,0,0
1715672707.5852911,838959104,0,0
1715672708.5874517,852066304,20778577,20778577
1715672709.5890377,877379584,3641,3641
1715672710.5904667,927588352,1508,1508
1715672711.5919895,877395968,794,794
1715672712.5933774,927604736,1230,1230
1715672713.5947254,877481984,1826,1826
1715672714.596315,927649792,1373,1373
1715672715.5976994,877502464,1892,1892
1715672716.598572,927711232,1648,1648
1715672717.5998178,877518848,1485,1485
1715672718.6010191,927596544,1477,1477
1715672719.6023085,902483968,1586,1586
1715672720.6026704,1022152704,1576,1576
1715672721.6038804,877465600,1229,1229
1715672722.605101,927674368,1065,1065
1715672723.606566,1026609152,954,954
1715672724.6080263,1111146496,1265,1265
1715672725.6094167,1064116224,832,832
1715672726.610771,1069228032,355,355
1715672727.6123269,942297088,2367,2367
1715672728.6137934,1030774784,1221,1221
1715672729.6148608,1072074752,1386,1386
1715672730.616325,1139052544,1201,1201
1715672731.6177738,1158729728,799,799
1715672732.6187487,1128972288,797,797
1715672733.6201236,1310781440,796,796
1715672734.621393,1171423232,954,954
1715672735.6227872,1306996736,1627,1627
1715672736.6241577,1274359808,1229,1229
1715672737.6254578,1309351936,1022,1022
1715672738.6267512,988352512,1228,1228
1715672739.6281927,931831808,1714,1714
1715672740.6295586,1038651392,1587,1587
1715672741.6308148,1102458880,359,359
1715672742.6322253,1015549952,1574,1574
1715672743.633518,902172672,1185,1185
1715672744.634757,1021845504,1379,1379
1715672745.636116,984981504,1909,1909
1715672746.637416,938180608,1501,1501
1715672747.6388428,977780736,1505,1505
1715672748.6403234,877387776,1517,1517
1715672749.641956,927641600,1657,1657
1715672750.6428087,877535232,1810,1810
1715672751.6442854,927657984,1498,1498
1715672752.6457283,877473792,1871,1871
1715672753.646963,927748096,1608,1608
1715672754.6484513,877555712,1664,1664
1715672755.6499295,927633408,1800,1800
1715672756.6508682,896053248,1498,1498
1715672757.6522224,927670272,1305,1305
1715672758.6537337,877727744,1503,1503
1715672759.6547718,928018432,1659,1659
1715672760.6560857,877957120,1802,1802
1715672761.657511,902737920,1507,1507
1715672762.658753,877572096,1511,1511
1715672763.6600018,902746112,1692,1692
1715672764.661389,877580288,1383,1383
1715672765.6628406,927789056,2079,2079
1715672766.6642401,896339968,1749,1749
1715672767.6657639,927850496,1502,1502
1715672768.666895,877527040,941,941
1715672769.6682749,927735808,2420,2420
1715672770.6695945,896155648,1346,1346
1715672771.6706197,927584256,1551,1551
1715672772.6718657,877391872,1518,1518
1715672773.6732197,927600640,1513,1513
1715672774.6744683,896151552,1767,1767
1715672775.6758864,927707136,1575,1575
1715672776.677292,896258048,1511,1511
1715672777.6787274,927686656,1504,1504
1715672778.6801696,877494272,1507,1507
1715672779.6815898,927834112,1875,1875
1715672780.6827908,953008128,2071,2071
1715672781.6840029,862597120,20778995,20778995
1715672782.6854599,862597120,986,986
1715672783.6867616,862597120,0,0
1715672784.6880426,862597120,657,657
1715672785.6894653,862597120,155,155
1715672786.6908817,862597120,0,0
1715672787.6923153,862597120,0,0
1715672788.6936226,862597120,0,0
1715672789.6945984,862597120,344,344
1715672790.6959696,862597120,152,152
1715672791.6973748,862597120,0,0
1715672792.6985962,862597120,0,0
1715672793.6998858,862597120,0,0
1715672794.701147,862597120,344,344
1715672795.7023866,862597120,152,152
1715672796.703877,862597120,0,0
1715672797.7051876,862597120,0,0
1715672798.7064195,862597120,0,0
1715672799.7078228,862597120,344,344
1715672800.7092226,862597120,152,152
1715672801.7104337,862597120,0,0
1715672802.711732,862597120,0,0
1715672803.7131317,862597120,0,0
1715672804.7143633,862597120,344,344
1715672805.7148497,862597120,152,152
1715672806.7161548,862597120,0,0
1715672807.7174282,862597120,0,0
1715672808.718852,862597120,0,0
1715672809.7201505,862597120,344,344
1715672810.7213767,862597120,152,152
1715672811.7228115,1065889792,20781759,20781759
1715672812.7242267,1044471808,595,595
1715672813.7255912,1318260736,0,0
1715672814.726739,1381167104,456,456
1715672815.7280996,1139961856,349,349
1715672816.7297266,950661120,0,0
1715672817.7307973,934424576,0,0
1715672818.7321067,940589056,0,0
1715672819.7335484,1074388992,344,344
1715672820.7347383,1247760384,152,152
1715672821.7361903,1311035392,0,0
1715672822.737452,871571456,20779130,20779130
1715672823.7386165,871571456,2103,2103
1715672824.7398658,871571456,1838,1838
1715672825.7411098,871571456,1369,1369
1715672826.7423637,871571456,1075,1075
1715672827.7425964,871571456,946,946
1715672828.7438705,871571456,1229,1229
1715672829.7451186,871571456,1803,1803
1715672830.7464151,871571456,1054,1054
1715672831.7476408,871571456,796,796
1715672832.7488735,871571456,788,788
1715672833.7501044,871571456,947,947
1715672834.7507071,871571456,1519,1519
1715672835.7520719,871571456,1700,1700
1715672836.753397,871571456,1172,1172
1715672837.754824,871571456,1792,1792
1715672838.756262,871571456,1225,1225
1715672839.7577155,871571456,1833,1833
1715672840.7587295,871571456,1405,1405
1715672841.7601812,871571456,1389,1389
1715672842.7617798,871571456,1679,1679
1715672843.7627285,871571456,1556,1556
1715672844.7640157,871571456,1470,1470
1715672845.7653446,871571456,1656,1656
1715672846.7667356,871571456,1503,1503
1715672847.7680867,871571456,1507,1507
1715672848.7693605,871571456,88547,88547
1715672849.7707217,871571456,1564,1564
1715672850.7721145,871571456,1663,1663
1715672851.7734728,871571456,1203,1203
1715672852.7746053,871571456,1619,1619
1715672853.775992,871571456,1564,1564
1715672854.7773151,871571456,1796,1796
1715672855.7786376,871571456,1387,1387
1715672856.77987,871571456,1790,1790
1715672857.7811422,871571456,1290,1290
1715672858.7824104,871571456,1237,1237
1715672859.7836554,871571456,1375,1375
1715672860.7849371,871571456,1643,1643
1715672861.7862532,871571456,1305,1305
1715672862.786833,871571456,1410,1410
1715672863.7881384,871571456,1238,1238
1715672864.7894187,871571456,1528,1528
1715672865.7906232,871571456,1656,1656
1715672866.7918859,871571456,1664,1664
1715672867.7932103,871571456,1501,1501
1715672868.794466,871571456,1501,1501
1715672869.7957094,871571456,2322,2322
1715672870.7969623,871571456,1168,1168
1715672871.798287,871571456,1810,1810
1715672872.7987356,871571456,1508,1508
1715672873.800082,871571456,1450,1450
1715672874.8015015,871571456,1558,1558
1715672875.8027983,871571456,1444,1444
1715672876.8040824,871571456,1802,1802
1715672877.8053615,871571456,1500,1500
1715672878.8067477,871571456,1723,1723
1715672879.808066,871571456,1912,1912
1715672880.8094,871571456,1612,1612
1715672881.8107278,871571456,1086,1086
1715672882.812098,871571456,2296,2296
1715672883.8135493,871571456,1517,1517
1715672884.814726,871571456,2101,2101
1715672885.8160012,871571456,1672,1672
1715672886.8173015,871571456,1796,1796
1715672887.8186734,871571456,1406,1406
1715672888.8199584,871571456,977,977
1715672889.8213227,871571456,1265,1265
1715672890.8227386,871571456,1464,1464
1715672891.8241086,871571456,1205,1205
1715672892.8254302,871571456,1804,1804
1715672893.8266065,871571456,1200,1200
1715672894.8278656,871571456,1846,1846
1715672895.829377,871571456,1699,1699
1715672896.8307498,871571456,20777099,20777099
1715672897.8322024,871571456,0,0
1715672898.8335948,871571456,306,306
1715672899.834777,871571456,456,456
1715672900.835994,871571456,155,155
1715672901.8374307,871571456,0,0
1715672902.8388817,871571456,0,0
1715672903.8401158,871571456,0,0
1715672904.8416975,871571456,448,448
1715672905.842623,871571456,152,152
1715672906.8438444,871571456,0,0
1715672907.8452406,871571456,0,0
1715672908.8464525,871571456,0,0
1715672909.8476741,871571456,344,344
1715672910.8487208,871571456,152,152
1715672911.8499734,871571456,0,0
1715672912.8505764,871571456,0,0
1715672913.8519046,871571456,0,0
1715672914.8533063,871571456,344,344
1715672915.8545556,871571456,152,152
1715672916.8559086,871571456,0,0
1715672917.8573277,871571456,0,0
1715672918.8585813,871571456,0,0
1715672919.8599765,871571456,448,448
1715672920.8613844,871571456,152,152
1715672921.8625853,871571456,0,0
1715672922.8639178,871571456,0,0
1715672923.8651748,871571456,0,0
1715672924.8664174,871571456,344,344
1715672925.8678262,871571456,152,152
1715672926.869273,924733440,20781684,20781684
1715672927.8708901,997285888,0,0
1715672928.8722837,915496960,303,303
1715672929.8734972,922021888,347,347
1715672930.8747358,1119887360,155,155
1715672931.8761234,1334685696,0,0
1715672932.8775952,1137090560,0,0
1715672933.8788154,938741760,0,0
1715672934.8801236,922066944,344,344
1715672935.88136,915775488,152,152
