Timestamp,MemoryUsage,NetSent,NetRecv
1715672340.71783,512667648,0,0
1715672341.718612,520400896,3799,3799
1715672342.720135,520400896,0,0
1715672343.7215385,520400896,315,315
1715672344.7230124,520400896,502,502
1715672345.7242718,520400896,155,155
1715672346.7255118,520400896,0,0
1715672347.7268178,520400896,0,0
1715672348.7282383,520400896,0,0
1715672349.7296653,520400896,448,448
1715672350.7309704,520400896,152,152
1715672351.7316651,520400896,0,0
1715672352.7329803,520400896,0,0
1715672353.734391,520400896,0,0
1715672354.735819,520400896,344,344
1715672355.7363,520400896,152,152
1715672356.7375422,520400896,0,0
1715672357.7386518,520400896,0,0
1715672358.7394361,520400896,0,0
1715672359.7409778,520400896,344,344
1715672360.742427,520400896,152,152
1715672361.7437649,520400896,491,491
1715672362.7452028,766455808,20783572,20783572
1715672363.7465513,879353856,1268,1268
1715672364.747895,824414208,1852,1852
1715672365.7493205,845586432,1694,1694
1715672366.750773,990199808,1190,1190
1715672367.752088,1051295744,1603,1603
1715672368.7533462,777400320,1683,1683
1715672369.7546678,1012174848,1289,1289
1715672370.755667,805871616,1176,1176
1715672371.756974,956387328,1916,1916
1715672372.7581837,1102864384,1666,1666
1715672373.7586715,1171968000,1180,1180
1715672374.7600842,991952896,1797,1797
1715672375.7614124,1155317760,1722,1722
1715672376.7626722,942866432,1508,1508
1715672377.7639794,971706368,1494,1494
1715672378.765499,834355200,1498,1498
1715672379.7667077,925405184,707,707
1715672380.7681127,939053056,2231,2231
1715672381.7695305,962007040,1746,1746
1715672382.7708318,900116480,1922,1922
1715672383.7721741,784060416,1571,1571
1715672384.7735276,959078400,1639,1639
1715672385.7749052,869928960,1666,1666
1715672386.7763314,816967680,1166,1166
1715672387.7777154,865554432,1505,1505
1715672388.778763,941502464,816,816
1715672389.780062,915935232,1292,1292
1715672390.7815235,932433920,2276,2276
1715672391.7826302,932753408,1636,1636
1715672392.7840395,909824000,1907,1907
1715672393.7853837,871567360,1161,1161
1715672394.7867603,850223104,1878,1878
1715672395.7882395,850075648,1186,1186
1715672396.7895808,922570752,1518,1518
1715672397.790792,722882560,1515,1515
1715672398.7921119,809005056,1523,1523
1715672399.7933667,729079808,2052,2052
1715672400.7946246,762695680,1169,1169
1715672401.7959816,737021952,965,965
1715672402.7972877,730873856,1515,1515
1715672403.7987292,778215424,1781,1781
1715672404.8000033,735838208,1912,1912
1715672405.8012564,780632064,2179,2179
1715672406.802588,722767872,859,859
1715672407.8039422,747786240,1036,1036
1715672408.805169,725622784,1576,1576
1715672409.806967,747003904,1876,1876
1715672410.8077853,694579200,1736,1736
1715672411.8089898,742490112,1533,1533
1715672412.8103466,786649088,965,965
1715672413.810861,759668736,1335,1335
1715672414.8121665,804294656,1741,1741
1715672415.813471,726056960,1722,1722
1715672416.814801,729931776,1528,1528
1715672417.8162076,793370624,1511,1511
1715672418.8176265,736624640,1528,1528
1715672419.8186872,768917504,1596,1596
1715672420.8201456,823455744,2373,2373
1715672421.8214352,880046080,1513,1513
1715672422.82273,824766464,1516,1516
1715672423.8241005,804855808,1265,1265
1715672424.8255563,950489088,1877,1877
1715672425.8267677,892493824,1160,1160
1715672426.8281524,941527040,1553,1553
1715672427.829437,860585984,1706,1706
1715672428.8306634,878018560,1522,1522
1715672429.831972,955940864,1876,1876
1715672430.8332255,871661568,2081,2081
1715672431.8344839,745627648,10389145,10389145
1715672432.836003,1147957248,888,888
1715672433.8374372,756260864,1034,1034
1715672434.8389142,712441856,1280,1280
1715672435.8401928,723247104,10393191,10393191
1715672436.8416424,723247104,0,0
1715672437.8429074,723247104,151,151
1715672438.844161,723247104,153,153
1715672439.8455575,723247104,451,451
1715672440.8466237,723247104,155,155
1715672441.8478503,723247104,0,0
1715672442.84875,723247104,0,0
1715672443.850272,723247104,0,0
1715672444.8507607,723247104,448,448
1715672445.8521879,723247104,152,152
1715672446.8536258,723247104,0,0
1715672447.8550868,723247104,0,0
1715672448.8565013,723247104,0,0
1715672449.8579092,723247104,448,448
1715672450.85923,723247104,152,152
1715672451.86048,723247104,0,0
1715672452.861894,723247104,0,0
1715672453.8632956,723247104,0,0
1715672454.864531,723247104,344,344
1715672455.8652444,723247104,152,152
1715672456.8657117,723247104,0,0
1715672457.8670123,723247104,0,0
1715672458.8684301,723247104,0,0
1715672459.8697262,723247104,344,344
1715672460.8706758,723247104,152,152
1715672461.8721068,723247104,0,0
1715672462.873569,723247104,0,0
1715672463.8748674,723247104,0,0
1715672464.8761542,723247104,20779797,20779797
1715672465.8774405,723247104,1273,1273
1715672466.8786178,723247104,0,0
1715672467.8800604,723247104,304,304
1715672468.8814456,723247104,0,0
1715672469.8826663,723247104,347,347
1715672470.8841157,723247104,152,152
1715672471.8855436,723247104,0,0
1715672472.886733,723247104,0,0
1715672473.8879974,723247104,0,0
1715672474.889422,723247104,851,851
1715672475.8906894,723247104,10388296,10388296
1715672476.892052,723247104,10393911,10393911
1715672477.8933628,723247104,1929,1929
1715672478.894714,723247104,1549,1549
1715672479.89622,723247104,1308,1308
1715672480.8976035,723247104,1626,1626
1715672481.8987033,723247104,1481,1481
1715672482.9000177,723247104,1486,1486
1715672483.901406,723247104,1207,1207
1715672484.9026892,723247104,1626,1626
1715672485.9039507,723247104,1649,1649
1715672486.9052238,723247104,1498,1498
1715672487.906515,723247104,1503,1503
1715672488.9079387,723247104,1326,1326
1715672489.9093537,723247104,1689,1689
1715672490.9107165,723247104,1559,1559
1715672491.912117,723247104,1973,1973
1715672492.9135497,723247104,1504,1504
1715672493.9148583,723247104,1200,1200
1715672494.9162488,723247104,1862,1862
1715672495.9175234,723247104,1167,1167
1715672496.9187012,723247104,1517,1517
1715672497.920009,723247104,1311,1311
1715672498.9213202,723247104,1450,1450
1715672499.9227417,723247104,1857,1857
1715672500.9242182,723247104,1701,1701
1715672501.925622,723247104,1502,1502
1715672502.9267695,723247104,1239,1239
1715672503.9281552,723247104,1237,1237
1715672504.9296112,723247104,1163,1163
1715672505.9307654,723247104,1645,1645
1715672506.932053,723247104,1511,1511
1715672507.9334862,723247104,1503,1503
1715672508.9347823,723247104,1497,1497
1715672509.9360855,723247104,1863,1863
1715672510.9374647,723247104,1713,1713
1715672511.9386597,723247104,1501,1501
1715672512.9399502,723247104,1500,1500
1715672513.9413803,723247104,1493,1493
1715672514.942691,723247104,1812,1812
1715672515.943975,723247104,942,942
1715672516.945357,723247104,1127,1127
1715672517.9468029,723247104,1502,1502
1715672518.948254,723247104,1712,1712
1715672519.949513,723247104,1746,1746
1715672520.9507623,723247104,1649,1649
1715672521.952175,723247104,965,965
1715672522.9536052,723247104,1444,1444
1715672523.9548442,723247104,1493,1493
1715672524.9564288,723247104,1892,1892
1715672525.9578693,723247104,1598,1598
1715672526.9587133,723247104,1223,1223
1715672527.9600084,723247104,1446,1446
1715672528.9613245,723247104,1048,1048
1715672529.9626672,723247104,1381,1381
1715672530.963995,723247104,1429,1429
1715672531.965235,723247104,1202,1202
1715672532.9666548,723247104,1713,1713
1715672533.9679596,723247104,1555,1555
1715672534.9693708,723247104,1854,1854
1715672535.9708028,723247104,1512,1512
1715672536.972094,723247104,1505,1505
1715672537.9735286,723247104,1505,1505
1715672538.9747133,723247104,1505,1505
1715672539.975845,723247104,911,911
1715672540.9772515,723247104,2135,2135
1715672541.9787219,723247104,1510,1510
1715672542.98014,723247104,1507,1507
1715672543.9814613,723247104,88189,88189
1715672544.9828095,723247104,715,715
1715672545.98425,723247104,512,512
1715672546.9856064,723247104,352,352
1715672547.9867363,723247104,1563,1563
1715672548.988072,723247104,1682,1682
1715672549.9894226,723247104,1911,1911
1715672550.9907155,723247104,1605,1605
1715672551.9921515,723247104,10391639,10391639
1715672552.9935908,723247104,10391761,10391761
1715672553.995008,723247104,0,0
1715672554.9964077,723247104,451,451
1715672555.9978712,723247104,156,156
1715672556.9994276,723247104,0,0
1715672558.0008354,723247104,0,0
1715672559.0023088,723247104,0,0
1715672560.0029967,723247104,344,344
1715672561.0043228,723247104,152,152
1715672562.0057504,723247104,0,0
1715672563.0071416,723247104,0,0
1715672564.0085354,723247104,0,0
1715672565.0097704,723247104,344,344
1715672566.0110564,723247104,152,152
1715672567.0124795,723247104,0,0
1715672568.0137446,723247104,0,0
1715672569.015123,723247104,0,0
1715672570.0165474,723247104,344,344
1715672571.0177813,723247104,152,152
1715672572.018643,723247104,0,0
1715672573.020076,723247104,0,0
1715672574.0212798,723247104,0,0
1715672575.02271,723247104,344,344
1715672576.0241401,723247104,152,152
1715672577.025394,723247104,0,0
1715672578.0268195,723247104,0,0
1715672579.0280755,723247104,0,0
1715672580.0290499,723247104,344,344
1715672581.0303476,723247104,152,152
1715672582.0306058,723247104,20775342,20775342
1715672583.0318515,723247104,1493,1493
1715672584.0331254,723247104,0,0
1715672585.0345402,723247104,500,500
1715672586.0357957,723247104,155,155
1715672587.0370982,723247104,0,0
1715672588.038419,723247104,0,0
1715672589.0395424,723247104,0,0
1715672590.0410264,723247104,344,344
1715672591.042317,723247104,152,152
1715672592.0426095,723247104,0,0
1715672593.043309,723247104,661,661
1715672594.0447326,850518016,20780366,20780366
1715672595.0461075,989089792,1570,1570
1715672596.0467439,912613376,2060,2060
1715672597.0481348,924299264,889,889
1715672598.0494425,908316672,345,345
1715672599.0506546,951185408,1898,1898
1715672600.052041,872714240,705,705
1715672601.0533345,1023717376,1736,1736
1715672602.054885,1056350208,1514,1514
1715672603.0563116,1131614208,1476,1476
1715672604.0576897,1014431744,1445,1445
1715672605.0587995,930803712,1785,1785
1715672606.0600624,859402240,1654,1654
1715672607.0614982,937259008,1502,1502
1715672608.0628076,1038839808,1499,1499
1715672609.0641263,964202496,1500,1500
1715672610.065579,975368192,2179,2179
1715672611.0667887,904847360,1701,1701
1715672612.0682952,912330752,1225,1225
1715672613.0697753,987303936,1501,1501
1715672614.0707679,937648128,1496,1496
1715672615.0721078,930725888,1537,1537
1715672616.0733793,924454912,1657,1657
1715672617.0747712,890785792,1509,1509
1715672618.0760427,864641024,1506,1506
1715672619.0774002,922714112,1336,1336
1715672620.078738,933224448,1856,1856
1715672621.0802546,899686400,1667,1667
1715672622.081579,833388544,1514,1514
1715672623.0828505,1271480320,1515,1515
1715672624.0842376,961740800,1882,1882
1715672625.0856137,1097711616,1858,1858
1715672626.0868082,1060892672,1657,1657
1715672627.0881147,1140224000,1497,1497
1715672628.0895245,886849536,1249,1249
1715672629.0907307,878534656,1511,1511
1715672630.092061,899510272,1229,1229
1715672631.093485,864608256,1371,1371
1715672632.0948384,986787840,1243,1243
1715672633.0962207,898142208,1515,1515
1715672634.0976264,804335616,1509,1509
1715672635.098782,881561600,1912,1912
1715672636.1000612,1109786624,1670,1670
1715672637.1014194,1078161408,361,361
1715672638.1027818,1101942784,2339,2339
1715672639.1040807,1248108544,1511,1511
1715672640.10539,1139814400,1916,1916
1715672641.1067736,1200771072,1667,1667
1715672642.1080287,984895488,953,953
1715672643.1094515,1113055232,2082,2082
1715672644.110725,988536832,1508,1508
1715672645.112037,1015898112,1631,1631
1715672646.1133375,1103863808,1945,1945
1715672647.1146967,1233633280,357,357
1715672648.115991,1154596864,2138,2138
1715672649.1173081,1010929664,955,955
1715672650.118723,1244499968,2202,2202
1715672651.1202178,988659712,2046,2046
1715672652.1207678,1171783680,1851,1851
1715672653.1220746,1166856192,1235,1235
1715672654.1226563,1247617024,1788,1788
1715672655.1240156,1163964416,1538,1538
1715672656.1254702,1025310720,1942,1942
1715672657.126792,1126608896,1512,1512
1715672658.1281786,1057677312,1243,1243
1715672659.129577,1082548224,1254,1254
1715672660.1309602,1061613568,1484,1484
1715672661.132236,1035538432,980,980
1715672662.1336427,1231376384,372,372
1715672663.1347988,1101660160,1861,1861
1715672664.1360967,1295798272,1402,1402
1715672665.1375027,1029459968,2040,2040
1715672666.13869,1266823168,1408,1408
1715672667.1400895,763613184,10390027,10390027
1715672668.1413844,763613184,10391305,10391305
1715672669.142825,763613184,0,0
1715672670.144136,763613184,352,352
1715672671.1454027,763613184,156,156
1715672672.1469693,763613184,0,0
1715672673.14837,763613184,334,334
1715672674.1496322,763613184,0,0
1715672675.150787,763613184,347,347
1715672676.152119,763613184,155,155
1715672677.1534631,763613184,0,0
1715672678.1547704,763613184,0,0
1715672679.1561048,763613184,0,0
1715672680.1573741,763613184,344,344
1715672681.158795,763613184,152,152
1715672682.1601267,763613184,0,0
1715672683.1614037,763613184,0,0
1715672684.1627543,763613184,0,0
1715672685.1641278,763613184,590,590
1715672686.1654077,763613184,152,152
1715672687.1669195,763613184,0,0
1715672688.1683338,763613184,0,0
1715672689.169586,763613184,0,0
1715672690.1708357,763613184,448,448
1715672691.17226,763613184,152,152
1715672692.1736968,763613184,0,0
1715672693.1747162,763613184,0,0
1715672694.176041,763613184,0,0
1715672695.1773536,763613184,448,448
1715672696.178929,763613184,152,152
1715672697.1802645,763613184,0,0
1715672698.1816468,828473344,20777479,20777479
1715672699.1827981,936353792,0,0
1715672700.1842701,811134976,402,402
1715672701.1855948,815673344,155,155
1715672702.1865718,780288000,0,0
1715672703.1879983,894312448,0,0
1715672704.1894333,1077047296,0,0
1715672705.190905,898920448,344,344
1715672706.1923318,885006336,152,152
1715672707.1936486,869543936,0,0
1715672708.1947198,816803840,0,0
1715672709.196112,964026368,20782065,20782065
1715672710.197443,928251904,1506,1506
1715672711.1986961,890519552,949,949
1715672712.200118,919371776,1230,1230
1715672713.2015789,889475072,1639,1639
1715672714.2027133,1022398464,1217,1217
1715672715.2041564,911405056,1891,1891
1715672716.2055311,953352192,1643,1643
1715672717.2068331,1082732544,1491,1491
1715672718.2081401,1024409600,1471,1471
1715672719.2095852,1018163200,1433,1433
1715672720.2107353,1030991872,1571,1571
1715672721.212118,1023270912,1379,1379
1715672722.2137284,995360768,1228,1228
1715672723.2148798,953339904,792,792
1715672724.2161672,864534528,956,956
1715672725.2175777,852447232,1150,1150
1715672726.218937,881799168,347,347
1715672727.2203295,896495616,1930,1930
1715672728.2217567,883937280,792,792
1715672729.2228806,902819840,1221,1221
1715672730.2238233,896540672,1586,1586
1715672731.2254214,883838976,1001,1001
1715672732.2267675,883855360,799,799
1715672733.2280054,883871744,992,992
1715672734.2292132,883888128,800,800
1715672735.230588,883900416,1358,1358
1715672736.2318058,890212352,1378,1378
1715672737.2330682,883806208,1228,1228
1715672738.2342675,902696960,1021,1021
1715672739.2346783,883834880,1229,1229
1715672740.2359757,883847168,1920,1920
1715672741.2375214,987406336,1387,1387
1715672742.238836,1014153216,965,965
1715672743.240272,1053745152,1500,1500
1715672744.2417436,1042612224,1227,1227
1715672745.2427874,966488064,1924,1924
1715672746.2440753,883666944,1372,1372
1715672747.245345,908910592,1503,1503
1715672748.246624,883757056,1517,1517
1715672749.2479043,883855360,1506,1506
1715672750.2491572,890130432,1805,1805
1715672751.2504287,883855360,1657,1657
1715672752.2516882,909430784,1497,1497
1715672753.253082,884281344,1983,1983
1715672754.254432,909434880,1507,1507
1715672755.2556758,884281344,1801,1801
1715672756.257068,835289088,1656,1656
1715672757.2583356,883994624,1301,1301
1715672758.259049,909176832,1504,1504
1715672759.2603827,884023296,1504,1504
1715672760.2616582,884039680,1803,1803
1715672761.2626703,883920896,1658,1658
1715672762.2640853,950128640,1512,1512
1715672763.265525,1064038400,1507,1507
1715672764.266952,997187584,1504,1504
1715672765.268373,1074774016,1805,1805
1715672766.2698007,976625664,2034,2034
1715672767.2706735,827490304,1670,1670
1715672768.2721627,883859456,802,802
1715672769.2735887,983216128,2093,2093
1715672770.2747052,1045606400,1916,1916
1715672771.276147,1034076160,1123,1123
1715672772.2775722,1093394432,2099,2099
1715672773.2787013,1074806784,1516,1516
1715672774.2800727,1048100864,1515,1515
1715672775.281378,961880064,1578,1578
1715672776.282821,1000132608,1668,1668
1715672777.2841382,1024544768,1504,1504
1715672778.2854369,978448384,1505,1505
1715672779.2866843,1017942016,1223,1223
1715672780.2881737,996585472,2570,2570
1715672781.2895198,937340928,1061,1061
1715672782.2907858,838426624,20779353,20779353
1715672783.2922223,838426624,0,0
1715672784.2936277,838426624,152,152
1715672785.2948346,838426624,505,505
1715672786.2962341,838426624,155,155
1715672787.2974463,838426624,0,0
1715672788.2987626,838426624,0,0
1715672789.3000195,838426624,0,0
1715672790.3014407,838426624,344,344
1715672791.3028674,838426624,152,152
1715672792.30395,838426624,0,0
1715672793.305235,838426624,0,0
1715672794.306558,838426624,0,0
1715672795.3078525,838426624,344,344
1715672796.3093157,838426624,152,152
1715672797.310612,838426624,0,0
1715672798.312006,838426624,0,0
1715672799.3132784,838426624,0,0
1715672800.3147953,838426624,344,344
1715672801.3160994,838426624,152,152
1715672802.3173957,838426624,0,0
1715672803.3186994,838426624,0,0
1715672804.3201208,838426624,0,0
1715672805.32117,838426624,344,344
1715672806.3226292,838426624,152,152
1715672807.324064,838426624,0,0
1715672808.3253195,838426624,0,0
1715672809.3266625,838426624,0,0
1715672810.328103,838426624,344,344
1715672811.329313,838426624,421,421
1715672812.3308516,877838336,20782085,20782085
1715672813.3321514,852811776,0,0
1715672814.3333745,884023296,303,303
1715672815.3347974,1008275456,347,347
1715672816.3362367,1029885952,155,155
1715672817.3376489,1151647744,0,0
1715672818.3387668,938565632,0,0
1715672819.3401396,972230656,0,0
1715672820.3417234,946434048,496,496
1715672821.3426166,884195328,0,0
1715672822.34404,853049344,0,0
1715672823.345657,929878016,20780879,20780879
1715672824.3467479,1032282112,1493,1493
1715672825.348238,1036754944,1727,1727
1715672826.3496308,921407488,1211,1211
1715672827.350688,997052416,802,802
1715672828.3521147,939270144,1227,1227
1715672829.3536463,856363008,1602,1602
1715672830.3547146,847986688,1247,1247
1715672831.3560512,977076224,963,963
1715672832.3574889,938807296,782,782
1715672833.358654,921378816,796,796
1715672834.3600118,946450432,1222,1222
1715672835.3612761,921292800,1987,1987
1715672836.362747,1013248000,1178,1178
1715672837.3641715,872849408,1491,1491
1715672838.365528,879026176,1216,1216
1715672839.3667364,869445632,1495,1495
1715672840.3680432,864587776,1886,1886
1715672841.369369,879206400,804,804
1715672842.3707407,910827520,1556,1556
1715672843.3724928,910852096,1749,1749
1715672844.3741317,847933440,1311,1311
1715672845.3747847,910696448,2094,2094
1715672846.3761842,885813248,1316,1316
1715672847.3774717,910733312,1504,1504
1715672848.3788352,885448704,89080,89080
1715672849.380204,854192128,1072,1072
1715672850.3815668,879300608,2073,2073
1715672851.3827295,891830272,1510,1510
1715672852.384141,960020480,1449,1449
1715672853.3855207,960958464,1731,1731
1715672854.386795,1066733568,1499,1499
1715672855.388087,1032503296,1685,1685
1715672856.3894672,1036722176,1616,1616
1715672857.390779,892022784,1297,1297
1715672858.3922565,925061120,1237,1237
1715672859.393579,921468928,1236,1236
1715672860.3948169,1062617088,1945,1945
1715672861.3961856,1063493632,1499,1499
1715672862.3975124,1041461248,1221,1221
1715672863.3987367,1072009216,1237,1237
1715672864.4001467,1000620032,1224,1224
1715672865.4015756,974938112,1958,1958
1715672866.4027336,989102080,1499,1499
1715672867.4043074,885694464,1500,1500
1715672868.4056592,929755136,1498,1498
1715672869.4066734,885858304,1970,1970
1715672870.4080698,911036416,1523,1523
1715672871.409472,910921728,1501,1501
1715672872.4107988,864792576,1507,1507
1715672873.4122229,854315008,1457,1457
1715672874.4136176,879583232,1500,1500
1715672875.4147725,862695424,1803,1803
1715672876.416097,854450176,1495,1495
1715672877.4174762,854482944,1503,1503
1715672878.418709,854368256,1719,1719
1715672879.4201446,854384640,1511,1511
1715672880.4215312,929783808,2070,2070
1715672881.422916,885620736,1507,1507
1715672882.42424,846688256,1941,1941
1715672883.4256682,879366144,1573,1573
1715672884.4268057,854216704,1515,1515
1715672885.428284,841641984,2082,2082
1715672886.4296384,881504256,1516,1516
1715672887.4308152,896851968,1510,1510
1715672888.43219,854007808,1457,1457
1715672889.4334972,854159360,361,361
1715672890.434898,904507392,2065,2065
1715672891.4363577,929579008,1509,1509
1715672892.4377415,856190976,1504,1504
1715672893.438738,904310784,1508,1508
1715672894.4402435,828960768,1491,1491
1715672895.4416602,899883008,2053,2053
1715672896.4429219,861671424,20777115,20777115
1715672897.4443474,861671424,337,337
1715672898.4456651,861671424,101,101
1715672899.446643,861671424,205,205
1715672900.4479082,861671424,611,611
1715672901.4491494,861671424,0,0
1715672902.4507358,861671424,0,0
1715672903.4521785,861671424,0,0
1715672904.4534566,861671424,0,0
1715672905.4546964,861671424,600,600
1715672906.4559596,861671424,0,0
1715672907.4572124,861671424,0,0
1715672908.4588091,861671424,0,0
1715672909.4599211,861671424,0,0
1715672910.461165,861671424,496,496
1715672911.4624689,861671424,0,0
1715672912.4640543,861671424,0,0
1715672913.4653199,861671424,0,0
1715672914.4667525,861671424,0,0
1715672915.4673722,861671424,496,496
1715672916.4686348,861671424,0,0
1715672917.4700334,861671424,0,0
1715672918.470756,861671424,0,0
1715672919.4711206,861671424,0,0
1715672920.4724298,861671424,600,600
1715672921.4738388,861671424,0,0
1715672922.4744408,861671424,0,0
1715672923.4757352,861671424,0,0
1715672924.4770837,861671424,0,0
1715672925.4783363,861671424,496,496
1715672926.478802,999890944,20781684,20781684
1715672927.4802048,1236193280,0,0
1715672928.4814785,964485120,152,152
1715672929.4826562,997228544,151,151
1715672930.4840558,854364160,502,502
1715672931.4853408,829583360,0,0
1715672932.486763,928821248,0,0
1715672933.488164,1082728448,0,0
1715672934.4889925,951349248,0,0
1715672935.4904835,996843520,496,496
1715672936.4920084,866963456,0,0
