Timestamp,MemoryUsage,NetSent,NetRecv
1715684469.468697,511197184,0,0
1715684470.4691913,519061504,7613,7613
1715684471.4695964,519061504,0,0
1715684472.4707756,519061504,155,155
1715684473.4716415,519061504,0,0
1715684474.47307,519061504,0,0
1715684475.4744442,519061504,344,344
1715684476.4756472,519061504,0,0
1715684477.4769046,519061504,152,152
1715684478.4779956,519061504,0,0
1715684479.478736,519061504,87521,87521
1715684480.4799252,519061504,509,509
1715684481.481111,519061504,0,0
1715684482.4825618,519061504,152,152
1715684483.483752,519061504,0,0
1715684484.4849453,519061504,0,0
1715684485.4854774,519061504,292,292
1715684486.4867682,519061504,0,0
1715684487.4874706,519061504,152,152
1715684488.4887147,519061504,0,0
1715684489.4900215,519061504,0,0
1715684490.4907537,519061504,292,292
1715684491.4917147,519061504,20783756,20783756
1715684492.492947,519061504,1471,1471
1715684493.4941978,519061504,958,958
1715684494.4946518,519061504,1279,1279
1715684495.4959548,519061504,1797,1797
1715684496.4973068,519061504,1484,1484
1715684497.4986947,519061504,1640,1640
1715684498.499286,519061504,1479,1479
1715684499.500369,519061504,1490,1490
1715684500.5013163,519061504,1734,1734
1715684501.5024729,519061504,1543,1543
1715684502.5037007,519061504,1089,1089
1715684503.5049057,519061504,1496,1496
1715684504.5061162,519061504,1489,1489
1715684505.5065815,519061504,2012,2012
1715684506.5072575,519061504,1717,1717
1715684507.5082564,519061504,1658,1658
1715684508.5093439,519061504,1683,1683
1715684509.510409,519061504,907,907
1715684510.51173,519061504,1903,1903
1715684511.5129704,519061504,1499,1499
1715684512.5143292,519061504,1405,1405
1715684513.514786,519061504,1492,1492
1715684514.5160284,519061504,1445,1445
1715684515.5172684,519061504,1797,1797
1715684516.5187314,519061504,1452,1452
1715684517.5201192,519061504,1385,1385
1715684518.5215259,519061504,1543,1543
1715684519.5227149,519061504,1552,1552
1715684520.5240932,519061504,1317,1317
1715684521.5248716,519061504,1496,1496
1715684522.526269,519061504,1387,1387
1715684523.526661,519061504,1496,1496
1715684524.5279026,519061504,1231,1231
1715684525.52916,519061504,1799,1799
1715684526.5305762,519061504,972,972
1715684527.5319626,519061504,1657,1657
1715684528.5332546,519061504,1507,1507
1715684529.5346112,519061504,1499,1499
1715684530.5358453,519061504,1900,1900
1715684531.53723,519061504,1771,1771
1715684532.5385103,519061504,1667,1667
1715684533.5398216,519061504,1705,1705
1715684534.5412416,519061504,1431,1431
1715684535.5426435,519061504,1526,1526
1715684536.5439508,519061504,1781,1781
1715684537.545341,519061504,1385,1385
1715684538.5466428,519061504,2002,2002
1715684539.547975,519061504,1284,1284
1715684540.5492272,519061504,1796,1796
1715684541.5506418,519061504,1235,1235
1715684542.5520616,519061504,1605,1605
1715684543.5533917,519061504,1293,1293
1715684544.554737,519061504,1794,1794
1715684545.556119,519061504,1891,1891
1715684546.5573733,519061504,1885,1885
1715684547.558784,519061504,1312,1312
1715684548.5600815,519061504,1089,1089
1715684549.5615656,519061504,1470,1470
1715684550.5627732,519061504,2187,2187
1715684551.564321,519061504,953,953
1715684552.565752,519061504,1379,1379
1715684553.5666249,519061504,1789,1789
1715684554.567933,519061504,1224,1224
1715684555.5691736,519061504,2078,2078
1715684556.5704114,519061504,1221,1221
1715684557.571653,519061504,1354,1354
1715684558.5730865,519061504,968,968
1715684559.5744286,519061504,1239,1239
1715684560.5758429,519061504,1972,1972
1715684561.5771103,519061504,1090,1090
1715684562.5783556,519061504,1117,1117
1715684563.5785916,519061504,970,970
1715684564.579811,519061504,1179,1179
1715684565.5811074,519061504,1527,1527
1715684566.5823433,519061504,20816105,20816105
1715684567.5829523,519061504,640,640
1715684568.5843356,519061504,807,807
1715684569.585672,519061504,0,0
1715684570.586593,519061504,298,298
1715684571.588052,519061504,0,0
1715684572.5892491,519061504,155,155
1715684573.5905757,519061504,0,0
1715684574.5919657,519061504,0,0
1715684575.5932045,519061504,292,292
1715684576.594454,519061504,0,0
1715684577.595823,519061504,152,152
1715684578.5971782,519061504,0,0
1715684579.5984683,519061504,0,0
1715684580.5998569,519061504,292,292
1715684581.6012099,519061504,0,0
1715684582.6024945,519061504,152,152
1715684583.6035254,519061504,0,0
1715684584.6048667,519061504,0,0
1715684585.6061757,519061504,292,292
1715684586.6067884,519061504,0,0
1715684587.6081908,519061504,152,152
1715684588.609525,519061504,0,0
1715684589.6106255,519061504,0,0
1715684590.6119514,519061504,292,292
1715684591.6133413,519061504,0,0
1715684592.6146448,519061504,152,152
1715684593.615975,519061504,0,0
1715684594.6173198,519061504,0,0
1715684595.6185164,519061504,396,396
1715684596.6198711,519061504,20780742,20780742
1715684597.6211061,519061504,155,155
1715684598.6224077,519061504,508,508
1715684599.62375,519061504,0,0
1715684600.6249912,519061504,298,298
1715684601.6262898,519061504,0,0
1715684602.6265967,519061504,155,155
1715684603.6278253,519061504,0,0
1715684604.629232,519061504,0,0
1715684605.6306865,519061504,396,396
1715684606.6320345,519061504,403,403
1715684607.6332526,623808512,20781378,20781378
1715684608.6346586,789114880,2183,2183
1715684609.6358783,745439232,1476,1476
1715684610.636609,808124416,1779,1779
1715684611.6373773,745365504,1483,1483
1715684612.6386464,808185856,1642,1642
1715684613.6399486,745328640,1481,1481
1715684614.6412337,808144896,1217,1217
1715684615.6424825,745385984,2838,2838
1715684616.6439667,808206336,3661,3661
1715684617.6452377,745537536,2657,2657
1715684618.6466017,808263680,1811,1811
1715684619.6478949,745512960,1485,1485
1715684620.649076,808194048,2082,2082
1715684621.6506138,745426944,1183,1183
1715684622.6518395,808243200,1793,1793
1715684623.6531022,745582592,1491,1491
1715684624.6543956,808386560,1178,1178
1715684625.6556227,745615360,1791,1791
1715684626.656825,808300544,1647,1647
1715684627.658041,745398272,1500,1500
1715684628.658771,770707456,1886,1886
1715684629.6600306,800133120,1490,1490
1715684630.6613705,827215872,1797,1797
1715684631.6628118,745443328,2079,2079
1715684632.6641684,795930624,1549,1549
1715684633.6655936,785453056,1307,1307
1715684634.6668434,845873152,1498,1498
1715684635.668194,845881344,1814,1814
1715684636.6695237,855744512,1649,1649
1715684637.6706655,839675904,1512,1512
1715684638.6719804,845975552,1505,1505
1715684639.6726518,866590720,1511,1511
1715684640.6735182,866885632,1807,1807
1715684641.6748462,1051705344,1657,1657
1715684642.67633,1090514944,1464,1464
1715684643.677635,1133260800,1501,1501
1715684644.6790373,1176145920,1497,1497
1715684645.6803403,990687232,2124,2124
1715684646.6817083,1009594368,1658,1658
1715684647.6830301,1139236864,1497,1497
1715684648.684272,904925184,1516,1516
1715684649.6855333,812675072,1224,1224
1715684650.6865642,745578496,1533,1533
1715684651.6879683,789504000,1671,1671
1715684652.6892953,745611264,1344,1344
1715684653.6906228,808263680,1688,1688
1715684654.691936,745492480,1514,1514
1715684655.6931376,808165376,1809,1809
1715684656.6945403,745148416,1665,1665
1715684657.6958337,808005632,1508,1508
1715684658.6972032,745312256,1988,1988
1715684659.6984773,789233664,1765,1765
1715684660.6998787,820707328,1813,1813
1715684661.701284,820723712,1657,1657
1715684662.701845,783118336,1500,1500
1715684663.702933,770605056,1505,1505
1715684664.7042854,790802432,1507,1507
1715684665.7056909,789377024,1750,1750
1715684666.7067497,801980416,1658,1658
1715684667.7081647,858476544,1506,1506
1715684668.709596,852848640,1506,1506
1715684669.7106616,818663424,1504,1504
1715684670.7119884,871505920,1803,1803
1715684671.7135465,846082048,1613,1613
1715684672.7147202,770469888,1784,1784
1715684673.7157714,1236082688,1452,1452
1715684674.7174726,990461952,1206,1206
1715684675.7186637,971747328,1760,1760
1715684676.7199836,1131147264,1658,1658
1715684677.721308,919838720,1516,1516
1715684678.722612,797573120,1225,1225
1715684679.723816,745463808,1037,1037
1715684680.7249925,808267776,1991,1991
1715684681.7261877,745488384,1474,1474
1715684682.726586,830234624,10393339,10393339
1715684683.7278366,840585216,10392065,10392065
1715684684.7284813,840585216,0,0
1715684685.728921,840585216,504,504
1715684686.73032,840585216,155,155
1715684687.7307909,840585216,793,793
1715684688.7321646,840585216,604,604
1715684689.7334607,840585216,0,0
1715684690.7346718,840585216,295,295
1715684691.736119,840585216,155,155
1715684692.7374165,840585216,0,0
1715684693.7386086,840585216,0,0
1715684694.7399905,840585216,0,0
1715684695.7413282,840585216,292,292
1715684696.7425606,840585216,152,152
1715684697.7440248,840585216,0,0
1715684698.7451825,840585216,0,0
1715684699.7465217,840585216,0,0
1715684700.747899,840585216,292,292
1715684701.7488012,840585216,152,152
1715684702.7500563,840585216,0,0
1715684703.7505805,840585216,0,0
1715684704.751897,840585216,0,0
1715684705.7533908,840585216,292,292
1715684706.75458,840585216,152,152
1715684707.7559924,840585216,0,0
1715684708.7572896,840585216,0,0
1715684709.758689,840585216,0,0
1715684710.7600722,840585216,396,396
1715684711.7614317,840585216,437,437
1715684712.7626896,1071464448,20776842,20776842
1715684713.7641041,935063552,0,0
1715684714.7654123,891056128,303,303
1715684715.7667124,1009688576,347,347
1715684716.7680423,1123315712,155,155
1715684717.7693558,996302848,0,0
1715684718.7706444,891023360,352,352
1715684719.7719142,872161280,0,0
1715684720.7732992,970088448,295,295
1715684721.7746718,1229975552,155,155
1715684722.7758803,891883520,946,946
1715684723.7770975,943124480,31166345,31166345
1715684724.7785342,954363904,1397,1397
1715684725.7795112,961691648,1360,1360
1715684726.7809403,1165840384,1511,1511
1715684727.7821648,943017984,951,951
1715684728.7827628,1010581504,1350,1350
1715684729.78412,1029066752,947,947
1715684730.78548,1018646528,1749,1749
1715684731.786761,1134133248,1111,1111
1715684732.7881534,999714816,1352,1352
1715684733.7893908,961949696,952,952
1715684734.7906234,905539584,1355,1355
1715684735.7919939,1189179392,1607,1607
1715684736.793402,930664448,1215,1215
1715684737.7946515,1205870592,1265,1265
1715684738.7960312,937811968,1059,1059
1715684739.7973986,1276923904,1981,1981
1715684740.7987573,942915584,1078,1078
1715684741.800002,1284976640,1687,1687
1715684742.8011913,961961984,961,961
1715684743.802503,1018499072,1365,1365
1715684744.8036747,943120384,971,971
1715684745.8049595,1056190464,1664,1664
1715684746.8061569,962080768,1112,1112
1715684747.806675,1130061824,1966,1966
1715684748.8080702,943337472,1261,1261
1715684749.809317,1152835584,1371,1371
1715684750.8108053,961818624,1251,1251
1715684751.8120828,1093140480,1512,1512
1715684752.8134031,1027223552,953,953
1715684753.8146966,981012480,1361,1361
1715684754.8159392,1154936832,951,951
1715684755.8173015,942936064,1667,1667
1715684756.818584,1043591168,1539,1539
1715684757.8198798,930328576,1420,1420
1715684758.8212698,1332154368,1252,1252
1715684759.8226662,930762752,1063,1063
1715684760.8240206,1314287616,1793,1793
1715684761.825437,943296512,928,928
1715684762.8267388,1203585024,1491,1491
1715684763.8281436,962240512,826,826
1715684764.8294265,1195008000,1535,1535
1715684765.8305616,943194112,1255,1255
1715684766.8319273,972521472,1506,1506
1715684767.8331285,961875968,958,958
1715684768.8345773,1084522496,1349,1349
1715684769.8357847,943222784,954,954
1715684770.8371894,1129160704,1644,1644
1715684771.83859,938475520,10391537,10391537
1715684772.8398347,938475520,0,0
1715684773.8412504,938475520,153,153
1715684774.8425536,938475520,153,153
1715684775.8438396,938475520,347,347
1715684776.8451824,938475520,345,345
1715684777.8464904,938475520,0,0
1715684778.8478796,938475520,537,537
1715684779.8490987,938475520,0,0
1715684780.8505192,938475520,88083,88083
1715684781.8520472,938475520,155,155
1715684782.8532693,938475520,156,156
1715684783.8547206,938475520,0,0
1715684784.8560889,938475520,0,0
1715684785.8574576,938475520,349,349
1715684786.8587823,938475520,152,152
1715684787.8601701,938475520,0,0
1715684788.8615563,938475520,0,0
1715684789.8627448,938475520,0,0
1715684790.8640335,938475520,344,344
1715684791.8654091,938475520,152,152
1715684792.8666084,938475520,0,0
1715684793.8679857,938475520,0,0
1715684794.8693912,938475520,0,0
1715684795.8705776,938475520,344,344
1715684796.871879,938475520,152,152
1715684797.8732622,938475520,0,0
1715684798.874497,938475520,0,0
1715684799.8759563,938475520,0,0
1715684800.8771725,938606592,20776942,20776942
1715684801.8783906,962387968,1910,1910
1715684802.8798103,1053474816,0,0
1715684803.8811512,1335906304,307,307
1715684804.8816805,1143349248,0,0
1715684805.8828816,1006362624,350,350
1715684806.884422,943337472,152,152
1715684807.8856473,905605120,602,602
1715684808.8866293,1104822272,302,302
1715684809.8881013,1364865024,0,0
1715684810.889367,1018699776,347,347
1715684811.8906078,923799552,20776896,20776896
1715684812.8918357,945090560,1890,1890
1715684813.8931892,964087808,1173,1173
1715684814.8946908,945291264,1473,1473
1715684815.8959281,1075597312,2107,2107
1715684816.897181,1039835136,1635,1635
1715684817.8986025,978386944,1480,1480
1715684818.8999157,945393664,896,896
1715684819.9011362,964022272,945,945
1715684820.9024115,945233920,1252,1252
1715684821.9037106,1031094272,1378,1378
1715684822.9050586,1079222272,1962,1962
1715684823.906495,1165213696,1667,1667
1715684824.9079204,1343221760,1006,1006
1715684825.9093704,1165238272,1101,1101
1715684826.9107027,1238794240,1240,1240
1715684827.9120638,966180864,954,954
1715684828.9134586,1023430656,1441,1441
1715684829.9147267,1053597696,1497,1497
1715684830.9151452,1087025152,1795,1795
1715684831.916526,995426304,1650,1650
1715684832.9180534,957874176,1500,1500
1715684833.918816,932745216,1493,1493
1715684834.9202933,963956736,1496,1496
1715684835.9210768,963993600,2222,2222
1715684836.9223597,963870720,1842,1842
1715684837.9226263,945119232,1496,1496
1715684838.9241393,964009984,1798,1798
1715684839.9254243,945172480,1373,1373
1715684840.9265938,963854336,1811,1811
1715684841.9278288,944754688,1122,1122
1715684842.929186,963645440,1232,1232
1715684843.9304724,944807936,1234,1234
1715684844.9320028,1030803456,1539,1539
1715684845.9333568,1106452480,2316,2316
1715684846.934824,1069756416,1871,1871
1715684847.936195,1151012864,1509,1509
1715684848.9374664,1318031360,1444,1444
1715684849.938741,1146093568,1174,1174
1715684850.9401488,1203392512,1805,1805
1715684851.9406734,1149108224,1120,1120
1715684852.9419935,1167249408,1240,1240
1715684853.9427881,1257590784,1249,1249
1715684854.9441695,1366405120,1496,1496
1715684855.9454906,1224032256,1797,1797
1715684856.9468286,967548928,1608,1608
1715684857.9482727,1051320320,1501,1501
1715684858.949564,982929408,1506,1506
1715684859.950822,1079934976,1506,1506
1715684860.9521854,1061994496,1797,1797
1715684861.9536297,1120075776,2094,2094
1715684862.9546692,1133875200,1550,1550
1715684863.955217,1096138752,1493,1493
1715684864.956638,1050947584,1505,1505
1715684865.9580796,961040384,1904,1904
1715684866.9587758,996855808,1654,1654
1715684867.9602065,1075773440,2084,2084
1715684868.9617274,930574336,1795,1795
1715684869.9627821,982499328,1446,1446
1715684870.9640563,932204544,1792,1792
1715684871.9653528,932220928,1843,1843
1715684872.966712,944840704,1496,1496
1715684873.9680438,932274176,1305,1305
1715684874.969529,982626304,1615,1615
1715684875.9707756,932573184,1853,1853
1715684876.9721038,945197056,1845,1845
1715684877.9734194,964206592,1501,1501
1715684878.974641,945238016,1667,1667
1715684879.9759665,964038656,1015,1015
1715684880.977179,945037312,1651,1651
1715684881.978421,963928064,1384,1384
1715684882.9798446,1028001792,1445,1445
1715684883.9812403,951037952,20776679,20776679
1715684884.9825447,951037952,0,0
1715684885.983935,951037952,403,403
1715684886.9854012,951037952,155,155
1715684887.9867873,951037952,0,0
1715684888.9882386,951037952,0,0
1715684889.9887316,951037952,0,0
1715684890.9900231,951037952,292,292
1715684891.990753,951037952,438,438
1715684892.991974,951037952,0,0
1715684893.9932716,951037952,152,152
1715684894.9948263,951037952,0,0
1715684895.9960318,951037952,345,345
1715684896.9973342,951037952,152,152
1715684897.9987583,951037952,0,0
1715684899.0001602,951037952,541,541
1715684900.0014226,951037952,0,0
1715684901.0027745,951037952,295,295
1715684902.004212,951037952,155,155
1715684903.0054214,951037952,0,0
1715684904.0066679,951037952,0,0
1715684905.0080707,951037952,0,0
1715684906.0092862,951037952,292,292
1715684907.0106852,951037952,152,152
1715684908.012002,951037952,0,0
1715684909.013459,951037952,0,0
1715684910.0148659,951037952,0,0
1715684911.0161498,951037952,292,292
1715684912.0174024,951037952,152,152
1715684913.0187647,951037952,20775739,20775739
1715684914.0200799,951037952,0,0
1715684915.0214846,951037952,152,152
1715684916.0227675,951037952,498,498
1715684917.0243053,951037952,155,155
1715684918.0255866,951037952,0,0
1715684919.0266526,951037952,0,0
1715684920.0280595,951037952,0,0
1715684921.029338,951037952,344,344
1715684922.0306792,951037952,152,152
1715684923.0320866,951037952,351,351
1715684924.033448,951037952,20778507,20778507
1715684925.0348125,951037952,1605,1605
1715684926.036184,951037952,1902,1902
1715684927.0375717,951037952,1650,1650
1715684928.0387022,951037952,2041,2041
1715684929.0401044,951037952,1788,1788
1715684930.0414605,951037952,1488,1488
1715684931.042662,951037952,1785,1785
1715684932.0440037,951037952,1656,1656
1715684933.0453207,951037952,1490,1490
1715684934.0466747,951037952,1687,1687
1715684935.0480332,951037952,1681,1681
1715684936.0493624,951037952,2082,2082
1715684937.0507543,951037952,1442,1442
1715684938.0521822,951037952,1204,1204
1715684939.053568,951037952,1440,1440
1715684940.0546806,951037952,1489,1489
1715684941.055976,951037952,1800,1800
1715684942.0572953,951037952,1613,1613
1715684943.0585554,951037952,1259,1259
1715684944.0598125,951037952,2055,2055
1715684945.0610776,951037952,1344,1344
1715684946.0624154,951037952,2141,2141
1715684947.063699,951037952,1501,1501
1715684948.065046,951037952,1517,1517
1715684949.0665271,951037952,1515,1515
1715684950.0678241,951037952,2047,2047
1715684951.0691533,951037952,1824,1824
1715684952.070531,951037952,1674,1674
1715684953.0718892,951037952,1513,1513
1715684954.0731795,951037952,1505,1505
1715684955.074628,951037952,981,981
1715684956.0759258,951037952,1129,1129
1715684957.0772574,951037952,1409,1409
1715684958.078675,951037952,1529,1529
1715684959.0799398,951037952,2195,2195
1715684960.0812237,951037952,1252,1252
1715684961.0824952,951037952,1922,1922
1715684962.0837982,951037952,1682,1682
1715684963.0851853,951037952,1890,1890
1715684964.0865836,951037952,1610,1610
1715684965.0880415,951037952,1524,1524
1715684966.0893278,951037952,1237,1237
1715684967.090642,951037952,2256,2256
1715684968.0920203,951037952,1514,1514
1715684969.0934644,951037952,1510,1510
1715684970.0946906,951037952,1516,1516
1715684971.0957222,951037952,1923,1923
1715684972.0970097,951037952,1667,1667
1715684973.09854,951037952,1239,1239
1715684974.1000464,951037952,1203,1203
1715684975.1015697,951037952,973,973
1715684976.1027174,951037952,2202,2202
1715684977.1040132,951037952,1892,1892
1715684978.1053822,951037952,951,951
1715684979.1066625,951037952,1540,1540
1715684980.1080098,951037952,1516,1516
1715684981.1092837,951037952,1817,1817
1715684982.11062,951037952,1495,1495
1715684983.112128,951037952,1510,1510
1715684984.1134808,951037952,1506,1506
1715684985.1147227,951037952,3563,3563
1715684986.1160114,951037952,2908,2908
1715684987.1173763,951037952,1675,1675
1715684988.1186554,951037952,1517,1517
1715684989.1199534,951037952,1552,1552
1715684990.1212273,951037952,2049,2049
1715684991.1226077,951037952,1725,1725
1715684992.123965,951037952,1622,1622
1715684993.125306,951037952,1475,1475
1715684994.1266105,951037952,1518,1518
1715684995.127963,951037952,10390091,10390091
1715684996.12919,951037952,1081,1081
1715684997.1305647,951037952,1472,1472
1715684998.1319563,951037952,10390778,10390778
1715684999.133382,951037952,0,0
1715685000.1347609,951037952,453,453
1715685001.135991,951037952,153,153
1715685002.137282,951037952,155,155
1715685003.1386964,951037952,0,0
1715685004.1402438,951037952,0,0
1715685005.1415112,951037952,140,140
1715685006.142743,951037952,152,152
1715685007.1441224,951037952,152,152
1715685008.1455817,951037952,0,0
1715685009.1467688,951037952,0,0
1715685010.1481638,951037952,140,140
1715685011.1493814,951037952,152,152
1715685012.150755,951037952,152,152
1715685013.1520953,951037952,0,0
1715685014.1533127,951037952,0,0
1715685015.154367,951037952,344,344
1715685016.1556687,951037952,0,0
1715685017.1569674,951037952,152,152
1715685018.1574318,951037952,0,0
1715685019.158775,951037952,356,356
1715685020.1602125,951037952,295,295
1715685021.1614435,951037952,0,0
1715685022.1627603,951037952,155,155
1715685023.16414,951037952,0,0
1715685024.165355,951037952,0,0
1715685025.1667602,951037952,292,292
1715685026.1680095,951037952,0,0
1715685027.1691995,951037952,424,424
1715685028.170618,951037952,20779537,20779537
1715685029.1718695,951037952,0,0
1715685030.1732404,951037952,650,650
1715685031.1747172,951037952,0,0
1715685032.176114,951037952,155,155
1715685033.1774306,951037952,0,0
1715685034.1787856,951037952,0,0
1715685035.18018,951037952,344,344
1715685036.1814628,951037952,0,0
1715685037.182723,951037952,152,152
