Timestamp,MemoryUsage,NetSent,NetRecv
1715685559.9999964,512790528,137,137
1715685561.001396,520654848,3822,3822
1715685562.0027187,520654848,156,156
1715685563.0042148,520654848,305,305
1715685564.0054302,520654848,0,0
1715685565.0067925,520654848,0,0
1715685566.0081754,520654848,346,346
1715685567.0097275,520654848,152,152
1715685568.010657,520654848,0,0
1715685569.0118916,520654848,0,0
1715685570.0134094,520654848,0,0
1715685571.0147026,520654848,344,344
1715685572.015956,520654848,152,152
1715685573.0172665,520654848,0,0
1715685574.0183215,520654848,0,0
1715685575.019617,520654848,0,0
1715685576.0208933,520654848,344,344
1715685577.0222955,520654848,152,152
1715685578.023144,520654848,0,0
1715685579.0245252,520654848,0,0
1715685580.025768,520654848,0,0
1715685581.0265937,620101632,20783489,20783489
1715685582.0278103,725712896,2338,2338
1715685583.029119,707022848,1094,1094
1715685584.0304909,750981120,1333,1333
1715685585.0317783,726450176,1093,1093
1715685586.0332034,732360704,1193,1193
1715685587.0346355,744845312,1326,1326
1715685588.0359764,757641216,1741,1741
1715685589.0375068,782569472,1459,1459
1715685590.0388813,803164160,1209,1209
1715685591.0401835,780980224,1242,1242
1715685592.0415025,757583872,1331,1331
1715685593.042753,833081344,1168,1168
1715685594.0441654,803004416,1229,1229
1715685595.0455678,831332352,1166,1166
1715685596.0468009,824672256,1792,1792
1715685597.0482397,874516480,969,969
1715685598.0495868,836005888,1399,1399
1715685599.0507894,968417280,1282,1282
1715685600.052188,936579072,1499,1499
1715685601.0537536,1017446400,1900,1900
1715685602.054802,1055834112,1648,1648
1715685603.0558276,1158971392,1233,1233
1715685604.0574114,1179828224,1802,1802
1715685605.058664,1156091904,1445,1445
1715685606.0600631,869724160,1638,1638
1715685607.061444,918761472,813,813
1715685608.062752,938446848,1130,1130
1715685609.0637457,969531392,1475,1475
1715685610.0650792,782901248,1491,1491
1715685611.0662723,738631680,1495,1495
1715685612.0666933,791007232,2313,2313
1715685613.0678892,746848256,1332,1332
1715685614.0692894,700874752,1306,1306
1715685615.0707614,767234048,1236,1236
1715685616.0721664,746151936,1537,1537
1715685617.0734942,755335168,1394,1394
1715685618.0747252,775143424,1233,1233
1715685619.076299,765698048,1718,1718
1715685620.0777001,775151616,1443,1443
1715685621.0789232,746823680,1525,1525
1715685622.080326,847523840,1649,1649
1715685623.0816557,898809856,1237,1237
1715685624.0828216,911998976,1495,1495
1715685625.0842228,826826752,960,960
1715685626.0855708,1014386688,2335,2335
1715685627.0868063,1006542848,1707,1707
1715685628.088108,974516224,1493,1493
1715685629.0894256,954863616,1491,1491
1715685630.0907202,901169152,671,671
1715685631.0920246,869068800,2190,2190
1715685632.093268,717582336,1072,1072
1715685633.094545,742694912,1329,1329
1715685634.0958023,722788352,1661,1661
1715685635.097037,751198208,1239,1239
1715685636.0984962,707375104,1282,1282
1715685637.0990055,784297984,1391,1391
1715685638.1004133,757448704,1238,1238
1715685639.1018765,783872000,1246,1246
1715685640.1028173,757407744,1924,1924
1715685641.1042874,843862016,1759,1759
1715685642.1056855,770088960,1662,1662
1715685643.1066852,845512704,1501,1501
1715685644.1080139,812023808,1503,1503
1715685645.1094487,1031897088,1513,1513
1715685646.1107547,848003072,1898,1898
1715685647.1122684,1010941952,1659,1659
1715685648.1137738,1193521152,1790,1790
1715685649.1147895,1122484224,1486,1486
1715685650.116255,1127030784,1215,1215
1715685651.1176505,958091264,980,980
1715685652.1187878,810344448,1662,1662
1715685653.1200967,768405504,1451,1451
1715685654.1215317,907264000,515,515
1715685655.1227827,872419328,1167,1167
1715685656.1240466,746606592,1446,1446
1715685657.1254067,711847936,1392,1392
1715685658.126879,748396544,20782807,20782807
1715685659.1282961,748396544,0,0
1715685660.129566,748396544,153,153
1715685661.1308668,748396544,350,350
1715685662.1321268,748396544,155,155
1715685663.1333728,748396544,0,0
1715685664.1348605,748396544,0,0
1715685665.1362772,748396544,192,192
1715685666.1375089,748396544,152,152
1715685667.1386554,748396544,152,152
1715685668.140069,748396544,0,0
1715685669.141458,748396544,0,0
1715685670.1430109,748396544,192,192
1715685671.1444516,748396544,152,152
1715685672.1458533,748396544,152,152
1715685673.146599,748396544,0,0
1715685674.1479318,748396544,0,0
1715685675.14934,748396544,192,192
1715685676.1505857,748396544,152,152
1715685677.1520402,748396544,152,152
1715685678.153635,748396544,0,0
1715685679.1546223,748396544,358,358
1715685680.1560783,748396544,195,195
1715685681.1573935,748396544,152,152
1715685682.158777,748396544,155,155
1715685683.1601644,748396544,87703,87703
1715685684.1615615,748396544,0,0
1715685685.1626558,748396544,456,456
1715685686.1629646,748396544,153,153
1715685687.1638243,748396544,20779517,20779517
1715685688.1651433,748396544,2946,2946
1715685689.1664205,748396544,0,0
1715685690.1677485,748396544,499,499
1715685691.1690617,748396544,153,153
1715685692.1704748,748396544,155,155
1715685693.1717823,748396544,0,0
1715685694.1731439,748396544,0,0
1715685695.1744254,748396544,448,448
1715685696.175854,748396544,0,0
1715685697.1772401,748396544,152,152
1715685698.1786804,748396544,0,0
1715685699.180126,748396544,20782142,20782142
1715685700.1815012,748396544,2207,2207
1715685701.1828513,748396544,1494,1494
1715685702.1842191,748396544,1918,1918
1715685703.185779,748396544,936,936
1715685704.1867313,748396544,1493,1493
1715685705.1881351,748396544,1850,1850
1715685706.1894722,748396544,1541,1541
1715685707.1907163,748396544,1936,1936
1715685708.192102,748396544,1900,1900
1715685709.1934626,748396544,1797,1797
1715685710.1948395,748396544,1731,1731
1715685711.1961617,748396544,2090,2090
1715685712.1975846,748396544,1322,1322
1715685713.1986823,748396544,1502,1502
1715685714.2001157,748396544,1500,1500
1715685715.2005508,748396544,1803,1803
1715685716.201925,748396544,1605,1605
1715685717.2028582,748396544,1487,1487
1715685718.2043366,748396544,1492,1492
1715685719.2056668,748396544,1668,1668
1715685720.2067745,748396544,1677,1677
1715685721.2081764,748396544,1550,1550
1715685722.2095256,748396544,1603,1603
1715685723.210731,748396544,1496,1496
1715685724.2120895,748396544,1498,1498
1715685725.2134528,748396544,1646,1646
1715685726.2148688,748396544,1510,1510
1715685727.216213,748396544,1558,1558
1715685728.2175682,748396544,1511,1511
1715685729.2188237,748396544,1511,1511
1715685730.2202117,748396544,1918,1918
1715685731.2215598,748396544,1513,1513
1715685732.2228842,748396544,1667,1667
1715685733.2243183,748396544,1506,1506
1715685734.2256145,748396544,947,947
1715685735.2266135,748396544,1862,1862
1715685736.2278903,748396544,1563,1563
1715685737.2291546,748396544,1668,1668
1715685738.2304633,748396544,1503,1503
1715685739.231267,748396544,2284,2284
1715685740.2327273,748396544,1877,1877
1715685741.234157,748396544,1563,1563
1715685742.2347326,748396544,1489,1489
1715685743.2361078,748396544,1511,1511
1715685744.2375221,748396544,1247,1247
1715685745.2389212,748396544,1543,1543
1715685746.2403271,748396544,1514,1514
1715685747.2417226,748396544,1679,1679
1715685748.242812,748396544,1527,1527
1715685749.2442439,748396544,1515,1515
1715685750.245537,748396544,1918,1918
1715685751.24662,748396544,1702,1702
1715685752.247927,748396544,2106,2106
1715685753.249169,748396544,1574,1574
1715685754.2505753,748396544,1522,1522
1715685755.2519436,748396544,1780,1780
1715685756.253229,748396544,1527,1527
1715685757.2546327,748396544,1675,1675
1715685758.2559333,748396544,1203,1203
1715685759.2572336,748396544,1161,1161
1715685760.2585948,748396544,1872,1872
1715685761.259497,748396544,1826,1826
1715685762.2608433,748396544,1426,1426
1715685763.2622635,748396544,1739,1739
1715685764.2627156,748396544,1516,1516
1715685765.2639568,748396544,1825,1825
1715685766.2653954,748396544,2061,2061
1715685767.2667656,748396544,1633,1633
1715685768.268151,748396544,2311,2311
1715685769.2695506,748396544,1823,1823
1715685770.2706735,748396544,1880,1880
1715685771.272054,748396544,10390477,10390477
1715685772.273451,748396544,1363,1363
1715685773.2746954,748396544,1314,1314
1715685774.2760963,748396544,10392490,10392490
1715685775.2773488,748396544,403,403
1715685776.2788053,748396544,0,0
1715685777.2802167,748396544,155,155
1715685778.2814913,748396544,0,0
1715685779.2829702,748396544,0,0
1715685780.2844186,748396544,344,344
1715685781.2857232,748396544,0,0
1715685782.286598,748396544,152,152
1715685783.28805,748396544,0,0
1715685784.2893674,748396544,0,0
1715685785.2907333,748396544,344,344
1715685786.291995,748396544,0,0
1715685787.2932901,748396544,152,152
1715685788.2946608,748396544,0,0
1715685789.2961078,748396544,0,0
1715685790.2974834,748396544,344,344
1715685791.2987387,748396544,0,0
1715685792.2999945,748396544,490,490
1715685793.3012412,748396544,0,0
1715685794.3019028,748396544,152,152
1715685795.303364,748396544,345,345
1715685796.3047996,748396544,0,0
1715685797.3060644,748396544,152,152
1715685798.307536,748396544,0,0
1715685799.3088412,748396544,353,353
1715685800.3102705,748396544,347,347
1715685801.3114946,748396544,0,0
1715685802.3128064,748396544,155,155
1715685803.3142452,748396544,20779311,20779311
1715685804.3147814,748396544,0,0
1715685805.3160272,748396544,502,502
1715685806.317439,748396544,0,0
1715685807.3188076,748396544,155,155
1715685808.3202446,748396544,0,0
1715685809.3215947,748396544,0,0
1715685810.32289,748396544,344,344
1715685811.3241467,748396544,0,0
1715685812.3255055,748396544,152,152
1715685813.3265388,748396544,20776414,20776414
1715685814.32793,748396544,10391595,10391595
1715685815.329448,748396544,1388,1388
1715685816.3307579,748396544,1001,1001
1715685817.332161,748396544,1502,1502
1715685818.3335323,748396544,956,956
1715685819.3349295,748396544,1350,1350
1715685820.3361804,748396544,1305,1305
1715685821.3374012,748396544,1398,1398
1715685822.3386788,748396544,919,919
1715685823.3400538,748396544,1258,1258
1715685824.3407245,748396544,1045,1045
1715685825.341211,748396544,1305,1305
1715685826.3426406,748396544,1401,1401
1715685827.3438685,748396544,1065,1065
1715685828.3444016,748396544,1953,1953
1715685829.3456323,748396544,1263,1263
1715685830.3468485,748396544,1748,1748
1715685831.3482513,748396544,765,765
1715685832.348809,748396544,1637,1637
1715685833.350139,748396544,1266,1266
1715685834.3514965,748396544,957,957
1715685835.3528876,748396544,1708,1708
1715685836.3541217,748396544,963,963
1715685837.3547022,748396544,1509,1509
1715685838.3559253,748396544,961,961
1715685839.3564649,748396544,1356,1356
1715685840.3578303,748396544,1126,1126
1715685841.3587813,748396544,1144,1144
1715685842.3601654,748396544,1378,1378
1715685843.3614595,748396544,954,954
1715685844.3628142,748396544,1359,1359
1715685845.3640192,748396544,1316,1316
1715685846.3653743,748396544,1407,1407
1715685847.366593,748396544,1116,1116
1715685848.3679597,748396544,1305,1305
1715685849.3693264,748396544,828,828
1715685850.3697398,748396544,1313,1313
1715685851.371075,748396544,1780,1780
1715685852.3724496,748396544,1170,1170
1715685853.3737547,748396544,1360,1360
1715685854.3746214,748396544,964,964
1715685855.3758838,748396544,1765,1765
1715685856.3771713,748396544,777,777
1715685857.3786144,748396544,1420,1420
1715685858.3799944,748396544,1058,1058
1715685859.381394,748396544,1248,1248
1715685860.3827176,748396544,1696,1696
1715685861.383951,748396544,940,940
1715685862.385341,748396544,1513,1513
1715685863.3865907,748396544,953,953
1715685864.3879764,748396544,1390,1390
1715685865.3892014,748396544,10391540,10391540
1715685866.3906307,748396544,0,0
1715685867.391121,748396544,155,155
1715685868.3923802,748396544,190,190
1715685869.3935192,748396544,0,0
1715685870.394734,748396544,344,344
1715685871.3955545,748396544,0,0
1715685872.3968139,748396544,152,152
1715685873.3978639,748396544,0,0
1715685874.3987026,748396544,0,0
1715685875.3999403,748396544,344,344
1715685876.4012098,748396544,0,0
1715685877.4026058,748396544,152,152
1715685878.404004,748396544,0,0
1715685879.405415,748396544,0,0
1715685880.4066813,748396544,344,344
1715685881.4081047,748396544,0,0
1715685882.4095032,748396544,152,152
1715685883.4106786,748396544,0,0
1715685884.412243,748396544,0,0
1715685885.4128537,748396544,344,344
1715685886.4142456,748396544,0,0
1715685887.4146643,748396544,152,152
1715685888.4160614,748396544,661,661
1715685889.4173517,748396544,305,305
1715685890.4187295,748396544,347,347
1715685891.420084,748396544,0,0
1715685892.4213326,748396544,155,155
1715685893.422574,748396544,20776927,20776927
1715685894.4238303,748396544,2161,2161
1715685895.4252374,748396544,352,352
1715685896.4266136,748396544,0,0
1715685897.4280264,748396544,155,155
1715685898.42944,748396544,0,0
1715685899.4307463,748396544,0,0
1715685900.4320977,748396544,344,344
1715685901.4335053,748396544,0,0
1715685902.4347043,748396544,152,152
1715685903.436029,748396544,0,0
1715685904.4375024,781164544,20778657,20778657
1715685905.4387677,791650304,10392608,10392608
1715685906.4393067,791650304,1395,1395
1715685907.4407146,791650304,1383,1383
1715685908.442086,791650304,1030,1030
1715685909.4427915,791650304,1494,1494
1715685910.4441578,791650304,1105,1105
1715685911.4456582,791650304,1491,1491
1715685912.4465926,791650304,1127,1127
1715685913.4478707,791650304,1321,1321
1715685914.4491272,791650304,919,919
1715685915.4505928,791650304,1734,1734
1715685916.4518483,791650304,924,924
1715685917.4531488,791650304,1495,1495
1715685918.4544032,791650304,928,928
1715685919.4557023,791650304,1643,1643
1715685920.4569144,791650304,1291,1291
1715685921.4582205,791650304,1399,1399
1715685922.459626,791650304,1470,1470
1715685923.461029,791650304,1387,1387
1715685924.4623435,791650304,935,935
1715685925.462715,791650304,1746,1746
1715685926.4641418,791650304,934,934
1715685927.4656081,791650304,1492,1492
1715685928.4667938,791650304,1232,1232
1715685929.4681695,791650304,1042,1042
1715685930.4694896,791650304,1754,1754
1715685931.4709184,791650304,934,934
1715685932.4723103,791650304,1681,1681
1715685933.4737444,791650304,768,768
1715685934.4748065,791650304,1518,1518
1715685935.476068,791650304,1292,1292
1715685936.477487,791650304,1394,1394
1715685937.478607,791650304,1101,1101
1715685938.4799933,791650304,1343,1343
1715685939.4812386,791650304,1379,1379
1715685940.4825554,791650304,1798,1798
1715685941.4837985,791650304,942,942
1715685942.4852247,791650304,1499,1499
1715685943.4864929,791650304,944,944
1715685944.4879053,791650304,1345,1345
1715685945.4892812,791650304,1291,1291
1715685946.4907486,791650304,1394,1394
1715685947.4921856,791650304,1097,1097
1715685948.4935353,791650304,1933,1933
1715685949.4947016,791650304,1237,1237
1715685950.4960532,791650304,1748,1748
1715685951.4974995,791650304,934,934
1715685952.4987483,791650304,1494,1494
1715685953.500128,791650304,10390637,10390637
1715685954.5015676,791650304,0,0
1715685955.5026536,791650304,404,404
1715685956.5041828,791650304,0,0
1715685957.5055757,791650304,155,155
1715685958.5068715,791650304,0,0
1715685959.5081372,791650304,0,0
1715685960.5094337,791650304,344,344
1715685961.5106728,791650304,0,0
1715685962.512098,791650304,152,152
1715685963.5134025,791650304,0,0
1715685964.5148275,791650304,0,0
1715685965.516263,791650304,344,344
1715685966.517552,791650304,0,0
1715685967.5189233,791650304,152,152
1715685968.5202694,791650304,0,0
1715685969.5216885,791650304,0,0
1715685970.5226886,791650304,344,344
1715685971.5240948,791650304,284,284
1715685972.5255952,791650304,155,155
1715685973.5270152,791650304,0,0
1715685974.5282717,791650304,152,152
1715685975.5297098,791650304,345,345
1715685976.5311754,791650304,0,0
1715685977.532543,791650304,152,152
1715685978.53381,791650304,0,0
1715685979.5346923,791650304,354,354
1715685980.5361574,791650304,347,347
1715685981.5373664,803315712,20774756,20774756
1715685982.5386014,846270464,1724,1724
1715685983.5398412,876150784,87553,87553
1715685984.541102,821313536,309,309
1715685985.542592,994463744,353,353
1715685986.543943,1070264320,0,0
1715685987.5453289,974364672,155,155
1715685988.5466752,919670784,0,0
1715685989.548073,846815232,0,0
1715685990.5494068,814862336,448,448
1715685991.5505865,821039104,0,0
1715685992.551902,821309440,20778860,20778860
1715685993.5531173,821309440,10392354,10392354
1715685994.5546389,821309440,1366,1366
1715685995.555884,821309440,1163,1163
1715685996.5571942,821309440,1353,1353
1715685997.5585272,821309440,932,932
1715685998.5598993,821309440,1255,1255
1715685999.561258,821309440,1047,1047
1715686000.562639,821309440,1305,1305
1715686001.5640588,821309440,1405,1405
1715686002.5653174,821309440,1112,1112
1715686003.5667686,821309440,1356,1356
1715686004.5676682,821309440,960,960
1715686005.569052,821309440,2258,2258
1715686006.5704615,821309440,3836,3836
1715686007.5717802,821309440,1107,1107
1715686008.5731912,821309440,1915,1915
1715686009.5748427,821309440,1252,1252
1715686010.5761485,821309440,2195,2195
1715686011.5773983,821309440,1906,1906
1715686012.5788598,821309440,1516,1516
1715686013.5801377,821309440,962,962
1715686014.5816233,821309440,1363,1363
1715686015.5826793,821309440,1126,1126
1715686016.5840578,821309440,1548,1548
1715686017.5855417,821309440,936,936
1715686018.5868173,821309440,967,967
1715686019.5882394,821309440,1364,1364
1715686020.5895069,821309440,1313,1313
1715686021.5909042,821309440,1411,1411
1715686022.5921614,821309440,1116,1116
1715686023.593426,821309440,1571,1571
1715686024.5948534,821309440,776,776
1715686025.5962918,821309440,1367,1367
1715686026.5976346,821309440,1369,1369
1715686027.5987897,821309440,1117,1117
1715686028.6000946,821309440,1732,1732
1715686029.601365,821309440,1071,1071
1715686030.6027815,821309440,1766,1766
1715686031.6040318,821309440,963,963
1715686032.6054595,821309440,1519,1519
1715686033.6068387,821309440,777,777
1715686034.6073265,821309440,960,960
1715686035.608743,821309440,1765,1765
1715686036.6101537,821309440,962,962
1715686037.611452,821309440,1523,1523
1715686038.6127222,821309440,961,961
1715686039.6140025,821309440,1802,1802
1715686040.6147275,821309440,1173,1173
1715686041.6161463,821309440,1535,1535
1715686042.6165836,821309440,925,925
1715686043.6179302,821309440,950,950
1715686044.6186094,821309440,10390669,10390669
1715686045.6200883,821309440,353,353
1715686046.621395,821309440,0,0
1715686047.6227093,821309440,155,155
1715686048.6239684,821309440,0,0
1715686049.625257,821309440,0,0
1715686050.6266816,821309440,344,344
1715686051.627619,821309440,0,0
1715686052.6290598,821309440,152,152
1715686053.6305046,821309440,0,0
1715686054.6319273,821309440,0,0
1715686055.6331666,821309440,344,344
1715686056.6346798,821309440,0,0
1715686057.6360722,821309440,152,152
1715686058.637517,821309440,0,0
1715686059.638756,821309440,0,0
1715686060.640033,821309440,344,344
1715686061.641463,821309440,0,0
1715686062.6427264,821309440,152,152
1715686063.6441216,821309440,0,0
1715686064.6455293,821309440,0,0
1715686065.6466053,821309440,344,344
1715686066.6480777,821309440,0,0
1715686067.6494627,821309440,506,506
1715686068.650895,821309440,301,301
1715686069.6517622,821309440,302,302
1715686070.6531553,821309440,347,347
1715686071.6536841,821309440,0,0
1715686072.6549542,829698048,20777536,20777536
1715686073.65628,951832576,2394,2394
1715686074.657497,920375296,0,0
1715686075.6587834,989351936,510,510
1715686076.6601875,1256075264,0,0
1715686077.6615117,1292845056,155,155
1715686078.6627862,986648576,0,0
1715686079.6641288,969916416,0,0
1715686080.6655579,921948160,448,448
1715686081.666657,871563264,0,0
1715686082.6679602,846200832,152,152
