Timestamp,MemoryUsage,NetSent,NetRecv
1715679077.7966566,513077248,0,0
1715679078.7980547,520417280,6563,6563
1715679079.7988064,520417280,352,352
1715679080.8002243,520417280,0,0
1715679081.8014944,520417280,156,156
1715679082.802774,520417280,0,0
1715679083.804157,520417280,0,0
1715679084.8055882,520417280,344,344
1715679085.8069909,520417280,0,0
1715679086.8082392,520417280,152,152
1715679087.8098147,520417280,355,355
1715679088.8112292,520417280,0,0
1715679089.8126254,520417280,347,347
1715679090.814027,520417280,0,0
1715679091.815278,520417280,155,155
1715679092.8167543,520417280,0,0
1715679093.818165,520417280,0,0
1715679094.8188264,520417280,344,344
1715679095.8203225,520417280,0,0
1715679096.8215904,520417280,152,152
1715679097.8226588,520417280,0,0
1715679098.8239505,520417280,20779313,20779313
1715679099.8253734,520417280,5860,5860
1715679100.8266773,520417280,1311,1311
1715679101.828099,520417280,1539,1539
1715679102.8294427,520417280,1490,1490
1715679103.8306541,520417280,1490,1490
1715679104.8319566,520417280,1845,1845
1715679105.833278,520417280,1540,1540
1715679106.8346455,520417280,1595,1595
1715679107.8359408,520417280,1497,1497
1715679108.837323,520417280,1494,1494
1715679109.8387637,520417280,1854,1854
1715679110.8403006,520417280,1553,1553
1715679111.8417234,520417280,1657,1657
1715679112.8427517,520417280,1500,1500
1715679113.844187,520417280,1991,1991
1715679114.8456082,520417280,1816,1816
1715679115.846677,520417280,1551,1551
1715679116.848043,520417280,1650,1650
1715679117.8495522,520417280,1748,1748
1715679118.8507476,520417280,1406,1406
1715679119.8521714,520417280,1898,1898
1715679120.8534694,520417280,1498,1498
1715679121.854736,520417280,1406,1406
1715679122.856182,520417280,2065,2065
1715679123.8575907,520417280,1504,1504
1715679124.8587832,520417280,1843,1843
1715679125.859306,520417280,1499,1499
1715679126.8606682,520417280,2116,2116
1715679127.862077,520417280,1504,1504
1715679128.8627498,520417280,1502,1502
1715679129.8641875,520417280,1520,1520
1715679130.8656142,520417280,1536,1536
1715679131.8666556,520417280,1650,1650
1715679132.867174,520417280,1490,1490
1715679133.8686016,520417280,1496,1496
1715679134.8699133,520417280,1798,1798
1715679135.8707616,520417280,1499,1499
1715679136.8721597,520417280,1652,1652
1715679137.8735087,520417280,1487,1487
1715679138.874726,520417280,1444,1444
1715679139.8761146,520417280,1857,1857
1715679140.8774426,520417280,1990,1990
1715679141.8786333,520417280,1659,1659
1715679142.8799438,520417280,1511,1511
1715679143.8812413,520417280,1502,1502
1715679144.8825402,520417280,1772,1772
1715679145.8838134,520417280,1291,1291
1715679146.8850362,520417280,1465,1465
1715679147.886337,520417280,1804,1804
1715679148.8866313,520417280,2086,2086
1715679149.887923,520417280,1567,1567
1715679150.889247,520417280,1840,1840
1715679151.8906097,520417280,1381,1381
1715679152.8918622,520417280,1780,1780
1715679153.8932118,520417280,1482,1482
1715679154.8945408,520417280,1765,1765
1715679155.8958848,520417280,1539,1539
1715679156.8972666,520417280,1654,1654
1715679157.8985775,520417280,1503,1503
1715679158.899964,520417280,1499,1499
1715679159.901192,520417280,1803,1803
1715679160.902581,520417280,1451,1451
1715679161.9038858,520417280,1395,1395
1715679162.9052925,520417280,1446,1446
1715679163.9065764,520417280,1501,1501
1715679164.907884,520417280,1540,1540
1715679165.9091995,520417280,1233,1233
1715679166.9106917,520417280,1653,1653
1715679167.912218,520417280,1618,1618
1715679168.9136243,520417280,1288,1288
1715679169.9147592,520417280,1444,1444
1715679170.9159799,520417280,1005,1005
1715679171.9172418,520417280,1241,1241
1715679172.9185913,520417280,1238,1238
1715679173.9200013,520417280,20846749,20846749
1715679174.9214065,520417280,353,353
1715679175.9227552,520417280,0,0
1715679176.9240148,520417280,155,155
1715679177.9255443,520417280,538,538
1715679178.9266083,520417280,0,0
1715679179.9279218,520417280,347,347
1715679180.9291728,520417280,0,0
1715679181.930572,520417280,504,504
1715679182.9320395,520417280,0,0
1715679183.9334402,520417280,0,0
1715679184.9346397,520417280,497,497
1715679185.9359143,520417280,0,0
1715679186.9373493,520417280,155,155
1715679187.9386506,520417280,0,0
1715679188.9393647,520417280,0,0
1715679189.9406173,520417280,344,344
1715679190.9421377,520417280,0,0
1715679191.9428444,520417280,152,152
1715679192.9442832,520417280,0,0
1715679193.9455523,520417280,0,0
1715679194.9467702,520417280,344,344
1715679195.9480684,520417280,0,0
1715679196.949321,520417280,152,152
1715679197.9503639,520417280,0,0
1715679198.9516027,520417280,0,0
1715679199.9528272,520417280,344,344
1715679200.95414,520417280,0,0
1715679201.9546895,774713344,20780233,20780233
1715679202.9560168,991662080,357,357
1715679203.9568307,1203458048,151,151
1715679204.9583135,1240707072,855,855
1715679205.9587164,868192256,0,0
1715679206.9601357,965607424,155,155
1715679207.9616256,801058816,353,353
1715679208.9628034,813543424,0,0
1715679209.9640956,731914240,347,347
1715679210.9654973,854224896,0,0
1715679211.9668171,1024229376,155,155
1715679212.968106,765919232,20778035,20778035
1715679213.9694116,765919232,1433,1433
1715679214.9706836,765919232,1586,1586
1715679215.9719658,765919232,1485,1485
1715679216.9732597,765919232,1945,1945
1715679217.9745698,765919232,1755,1755
1715679218.975873,765919232,1489,1489
1715679219.9772756,765919232,1892,1892
1715679220.9786756,765919232,1496,1496
1715679221.9799414,765919232,1637,1637
1715679222.9812045,765919232,1491,1491
1715679223.982597,765919232,1326,1326
1715679224.9839728,765919232,2430,2430
1715679225.985351,765919232,1490,1490
1715679226.9867215,765919232,1654,1654
1715679227.9881103,765919232,1490,1490
1715679228.9895983,765919232,1501,1501
1715679229.9907315,765919232,1898,1898
1715679230.9921129,765919232,1499,1499
1715679231.9935455,765919232,1654,1654
1715679232.9947836,765919232,89524,89524
1715679233.9961047,765919232,2144,2144
1715679234.9975293,765919232,1858,1858
1715679235.9987662,765919232,1497,1497
1715679237.0001748,765919232,1657,1657
1715679238.0015008,765919232,1880,1880
1715679239.0028105,765919232,1350,1350
1715679240.0043628,765919232,1368,1368
1715679241.0057604,765919232,1247,1247
1715679242.0066383,765919232,1658,1658
1715679243.0080283,765919232,1468,1468
1715679244.0093772,765919232,1517,1517
1715679245.010789,765919232,1814,1814
1715679246.012178,765919232,1196,1196
1715679247.0135748,765919232,1678,1678
1715679248.0147517,765919232,1518,1518
1715679249.0162892,765919232,1516,1516
1715679250.0177042,765919232,1871,1871
1715679251.0187314,765919232,1516,1516
1715679252.020037,765919232,2149,2149
1715679253.021468,765919232,1526,1526
1715679254.0228312,765919232,1520,1520
1715679255.0241165,765919232,1926,1926
1715679256.0256622,765919232,1514,1514
1715679257.0267496,765919232,1672,1672
1715679258.0281298,765919232,1519,1519
1715679259.029494,765919232,1240,1240
1715679260.0307415,765919232,1916,1916
1715679261.0319912,765919232,648,648
1715679262.0332816,765919232,1937,1937
1715679263.0346348,765919232,676,676
1715679264.0360343,765919232,1805,1805
1715679265.0372965,765919232,2371,2371
1715679266.0388296,765919232,1932,1932
1715679267.0402257,765919232,1495,1495
1715679268.0416143,765919232,1815,1815
1715679269.042767,765919232,1514,1514
1715679270.0441108,765919232,1864,1864
1715679271.0453792,765919232,1025,1025
1715679272.046817,765919232,980,980
1715679273.048252,765919232,1262,1262
1715679274.0496168,765919232,1211,1211
1715679275.0507638,765919232,1549,1549
1715679276.0521996,765919232,1305,1305
1715679277.0534837,765919232,1684,1684
1715679278.0548503,765919232,979,979
1715679279.0563169,765919232,1406,1406
1715679280.0577476,765919232,1944,1944
1715679281.0587294,765919232,1576,1576
1715679282.0601723,765919232,1679,1679
1715679283.061569,765919232,1516,1516
1715679284.0627294,765919232,981,981
1715679285.064113,765919232,1866,1866
1715679286.0655217,765919232,10390692,10390692
1715679287.06675,765919232,1080,1080
1715679288.0680225,765919232,10390974,10390974
1715679289.0693295,765919232,0,0
1715679290.0702076,765919232,503,503
1715679291.071482,765919232,0,0
1715679292.0718858,765919232,155,155
1715679293.0732303,765919232,0,0
1715679294.0747252,765919232,0,0
1715679295.0760612,765919232,344,344
1715679296.0773203,765919232,0,0
1715679297.0786195,765919232,152,152
1715679298.080019,765919232,537,537
1715679299.0805657,765919232,0,0
1715679300.0820682,765919232,347,347
1715679301.083543,765919232,0,0
1715679302.0849626,765919232,507,507
1715679303.0862727,765919232,0,0
1715679304.086762,765919232,152,152
1715679305.0881646,765919232,345,345
1715679306.0895627,765919232,0,0
1715679307.0906553,765919232,155,155
1715679308.092142,765919232,0,0
1715679309.09344,765919232,0,0
1715679310.0946734,765919232,344,344
1715679311.0959191,765919232,0,0
1715679312.0973568,765919232,152,152
1715679313.0987458,765919232,0,0
1715679314.1000729,765919232,0,0
1715679315.101369,765919232,448,448
1715679316.1026177,765919232,20778358,20778358
1715679317.1039784,765919232,3006,3006
1715679318.1054204,765919232,0,0
1715679319.1068218,765919232,309,309
1715679320.108121,765919232,350,350
1715679321.1095555,765919232,155,155
1715679322.110667,765919232,0,0
1715679323.1120577,765919232,0,0
1715679324.1133122,765919232,0,0
1715679325.1147764,765919232,698,698
1715679326.1161993,765919232,155,155
1715679327.1174166,792920064,20776815,20776815
1715679328.1187925,783380480,3784,3784
1715679329.1201046,845590528,1226,1226
1715679330.1215844,864362496,1782,1782
1715679331.1226566,921260032,1150,1150
1715679332.124084,932691968,1484,1484
1715679333.125618,883953664,2075,2075
1715679334.1267886,846880768,1479,1479
1715679335.128166,892383232,1825,1825
1715679336.1295874,851238912,1536,1536
1715679337.1308458,828968960,789,789
1715679338.132302,850038784,1218,1218
1715679339.133721,810119168,1224,1224
1715679340.134774,900050944,1594,1594
1715679341.1360915,912846848,1376,1376
1715679342.1375356,825962496,1533,1533
1715679343.1387932,1018273792,1217,1217
1715679344.1400561,1007013888,1496,1496
1715679345.1414847,936398848,1796,1796
1715679346.1429396,877039616,1658,1658
1715679347.144313,857530368,1497,1497
1715679348.1450403,868929536,1496,1496
1715679349.146136,936296448,1494,1494
1715679350.1467571,892035072,1890,1890
1715679351.1478302,1177391104,1655,1655
1715679352.1491938,1245970432,1505,1505
1715679353.15067,1128697856,1885,1885
1715679354.1520312,1030144000,1509,1509
1715679355.1534653,926687232,1748,1748
1715679356.1549435,966545408,1655,1655
1715679357.156599,944173056,1506,1506
1715679358.1580324,895832064,1218,1218
1715679359.1586683,803708928,1222,1222
1715679360.160105,828858368,1626,1626
1715679361.1613505,784965632,1354,1354
1715679362.1626544,828760064,1801,1801
1715679363.1638944,784875520,1500,1500
1715679364.165108,828801024,1495,1495
1715679365.1663644,784920576,1322,1322
1715679366.1666787,828715008,1648,1648
1715679367.168144,784826368,1253,1253
1715679368.1694894,828751872,1229,1229
1715679369.1707,806211584,1244,1244
1715679370.1721172,835272704,1592,1592
1715679371.1735477,785010688,1435,1435
1715679372.174803,835371008,1495,1495
1715679373.1761417,885387264,1494,1494
1715679374.1776097,919785472,1394,1394
1715679375.178797,885587968,1852,1852
1715679376.180259,949182464,1649,1649
1715679377.181557,887332864,1492,1492
1715679378.182786,1014108160,1498,1498
1715679379.1842613,1021206528,1441,1441
1715679380.18567,916766720,1844,1844
1715679381.1867578,921485312,2029,2029
1715679382.1883113,1044758528,1545,1545
1715679383.1897755,1100570624,1502,1502
1715679384.1906776,919859200,1507,1507
1715679385.1920881,1085665280,2298,2298
1715679386.1935375,879513600,1382,1382
1715679387.194808,1071677440,1774,1774
1715679388.1963882,976297984,1804,1804
1715679389.197658,944332800,1224,1224
1715679390.1986701,785076224,1621,1621
1715679391.1999993,829001728,1679,1679
1715679392.2013898,785108992,1345,1345
1715679393.2029371,826970112,1514,1514
1715679394.204337,785051648,1514,1514
1715679395.2057395,835264512,2292,2292
1715679396.2067351,848523264,1672,1672
1715679397.2081456,929222656,1512,1512
1715679398.20949,908517376,1515,1515
1715679399.2107031,845754368,1514,1514
1715679400.2120492,810115072,4286,4286
1715679401.213181,998748160,3078,3078
1715679402.214498,948977664,1782,1782
1715679403.2157667,838971392,20781551,20781551
1715679404.217039,838971392,0,0
1715679405.2183611,838971392,357,357
1715679406.2197733,838971392,155,155
1715679407.2211335,838971392,0,0
1715679408.2224,838971392,0,0
1715679409.2237353,838971392,0,0
1715679410.2250762,838971392,344,344
1715679411.226346,838971392,152,152
1715679412.226777,838971392,0,0
1715679413.2282321,838971392,0,0
1715679414.2296603,838971392,0,0
1715679415.230172,838971392,344,344
1715679416.2308428,838971392,152,152
1715679417.2321799,838971392,0,0
1715679418.2336087,838971392,0,0
1715679419.2346506,838971392,0,0
1715679420.2360425,838971392,344,344
1715679421.237651,838971392,152,152
1715679422.2390616,838971392,0,0
1715679423.2403347,838971392,0,0
1715679424.2418134,838971392,0,0
1715679425.2426734,838971392,344,344
1715679426.2439778,838971392,152,152
1715679427.245234,838971392,0,0
1715679428.246567,838971392,0,0
1715679429.2478638,838971392,0,0
1715679430.2491214,838971392,344,344
1715679431.250558,838971392,152,152
1715679432.252064,882044928,20776441,20776441
1715679433.2528477,856969216,0,0
1715679434.254083,875663360,304,304
1715679435.2548285,991260672,347,347
1715679436.2562945,1158881280,155,155
1715679437.2576866,1182081024,0,0
1715679438.2587838,1036435456,0,0
1715679439.2602546,964849664,0,0
1715679440.2615855,882360320,344,344
1715679441.2626953,913694720,152,152
1715679442.2639902,873168896,414,414
1715679443.2653909,873168896,20779164,20779164
1715679444.2667325,873168896,1548,1548
1715679445.268018,873168896,2202,2202
1715679446.2693522,873168896,1649,1649
1715679447.270723,873168896,1441,1441
1715679448.2720904,873168896,1808,1808
1715679449.2734735,873168896,1441,1441
1715679450.27483,873168896,1227,1227
1715679451.276129,873168896,1869,1869
1715679452.2774284,873168896,1495,1495
1715679453.2787359,873168896,1499,1499
1715679454.2800848,873168896,1490,1490
1715679455.2816262,873168896,1889,1889
1715679456.2827487,873168896,2193,2193
1715679457.28408,873168896,1715,1715
1715679458.2856371,873168896,1497,1497
1715679459.2867126,873168896,1501,1501
1715679460.287524,873168896,1735,1735
1715679461.2888353,873168896,1551,1551
1715679462.2902415,873168896,1501,1501
1715679463.2907486,873168896,1784,1784
1715679464.2921522,873168896,1227,1227
1715679465.2934754,873168896,1913,1913
1715679466.2947752,873168896,1375,1375
1715679467.2960367,873168896,1508,1508
1715679468.2973995,873168896,1504,1504
1715679469.2986758,873168896,1298,1298
1715679470.3000927,873168896,2067,2067
1715679471.3015327,873168896,2027,2027
1715679472.302787,873168896,1512,1512
1715679473.304135,873168896,1197,1197
1715679474.3054888,873168896,1237,1237
1715679475.3067913,873168896,1791,1791
1715679476.3081114,873168896,1720,1720
1715679477.3093727,873168896,1517,1517
1715679478.310678,873168896,2012,2012
1715679479.3120239,873168896,1310,1310
1715679480.313302,873168896,1868,1868
1715679481.314808,873168896,1665,1665
1715679482.3161874,873168896,1607,1607
1715679483.317497,873168896,1890,1890
1715679484.3187196,873168896,1572,1572
1715679485.3199832,873168896,1919,1919
1715679486.3213305,873168896,1670,1670
1715679487.3226998,873168896,1512,1512
1715679488.3241405,873168896,1515,1515
1715679489.3255494,873168896,1810,1810
1715679490.326801,873168896,2101,2101
1715679491.3282208,873168896,1674,1674
1715679492.329521,873168896,1509,1509
1715679493.3308744,873168896,1506,1506
1715679494.3322785,873168896,1516,1516
1715679495.3336458,873168896,1753,1753
1715679496.334686,873168896,1829,1829
1715679497.336233,873168896,1298,1298
1715679498.3375645,873168896,1248,1248
1715679499.338785,873168896,1511,1511
1715679500.3401368,873168896,1810,1810
1715679501.3407214,873168896,1611,1611
1715679502.3420281,873168896,1521,1521
1715679503.3427384,873168896,1516,1516
1715679504.3441489,873168896,1536,1536
1715679505.3456056,873168896,2423,2423
1715679506.3469315,873168896,1678,1678
1715679507.3484678,873168896,1517,1517
1715679508.349897,873168896,1823,1823
1715679509.3508625,873168896,1526,1526
1715679510.3523114,873168896,2255,2255
1715679511.3536797,873168896,1674,1674
1715679512.354699,873168896,1525,1525
1715679513.356059,873168896,1534,1534
1715679514.3574123,873168896,1516,1516
1715679515.3586528,873168896,10391171,10391171
1715679516.359945,873168896,1186,1186
1715679517.36136,873168896,10392798,10392798
1715679518.3626018,873168896,0,0
1715679519.3640416,873168896,152,152
1715679520.365465,873168896,604,604
1715679521.3666594,873168896,155,155
1715679522.367918,873168896,0,0
1715679523.3692064,873168896,0,0
1715679524.3702576,873168896,0,0
1715679525.3707814,873168896,344,344
1715679526.3720434,873168896,152,152
1715679527.3734603,873168896,0,0
1715679528.3749177,873168896,0,0
1715679529.376355,873168896,0,0
1715679530.3776057,873168896,344,344
1715679531.3788075,873168896,152,152
1715679532.3802063,873168896,0,0
1715679533.381611,873168896,158,158
1715679534.3826199,873168896,87405,87405
1715679535.3840466,873168896,510,510
1715679536.3850088,873168896,152,152
1715679537.3864484,873168896,0,0
1715679538.3876953,873168896,356,356
1715679539.3891172,873168896,0,0
1715679540.3906896,873168896,347,347
1715679541.3921905,873168896,155,155
1715679542.3934984,873168896,353,353
1715679543.394941,873168896,0,0
1715679544.3965487,873168896,151,151
1715679545.3977606,877887488,20780872,20780872
1715679546.3987527,861663232,1924,1924
1715679547.3999722,861900800,0,0
1715679548.4015212,996024320,302,302
1715679549.4027364,1178824704,0,0
1715679550.4040494,973824000,347,347
1715679551.405351,878628864,152,152
1715679552.406747,937222144,0,0
1715679553.4080877,897531904,0,0
1715679554.4088113,880508928,0,0
1715679555.41013,984707072,344,344
1715679556.410672,878075904,20779001,20779001
1715679557.4121027,918237184,2595,2595
1715679558.4135292,918122496,1409,1409
1715679559.4146616,911835136,1469,1469
1715679560.4161847,918265856,1733,1733
1715679561.4176955,912109568,1638,1638
1715679562.4189243,918409216,1484,1484
1715679563.4201891,912121856,1487,1487
1715679564.4214284,918421504,1487,1487
1715679565.4233239,912003072,1660,1660
1715679566.4246945,918466560,1643,1643
1715679567.426041,912048128,955,955
1715679568.4266346,918216704,1797,1797
1715679569.4281635,911990784,1500,1500
1715679570.429465,918290432,1906,1906
1715679571.4307156,912072704,1657,1657
1715679572.4320028,918298624,1991,1991
1715679573.4334433,949104640,1502,1502
1715679574.4347165,999735296,1502,1502
1715679575.4360945,1053437952,2110,2110
1715679576.4375212,1062744064,1659,1659
1715679577.438735,1046425600,1736,1736
1715679578.4400554,1013149696,1273,1273
1715679579.4415278,1084854272,1498,1498
1715679580.4428246,1095610368,1909,1909
1715679581.4441335,1054842880,1943,1943
1715679582.4455948,1052786688,1506,1506
1715679583.4468281,1021214720,1224,1224
1715679584.4482188,918335488,1201,1201
1715679585.4494636,912048128,2289,2289
1715679586.4506423,918351872,1770,1770
1715679587.451897,912166912,1507,1507
1715679588.4532664,918466560,1509,1509
1715679589.4546177,912048128,1502,1502
1715679590.455971,918347776,1906,1906
1715679591.457245,912191488,1095,1095
1715679592.4586396,918491136,1502,1502
1715679593.4598613,912203776,1501,1501
1715679594.4610589,918503424,1182,1182
1715679595.462274,912216064,1584,1584
1715679596.4625895,918478848,1660,1660
1715679597.4638932,943648768,1494,1494
1715679598.4652042,918564864,1706,1706
1715679599.4664428,912146432,1827,1827
1715679600.4678087,918446080,1537,1537
1715679601.469105,912154624,1448,1448
1715679602.4703474,949780480,1257,1257
1715679603.470593,937201664,1522,1522
1715679604.4718466,918331392,1530,1530
1715679605.473144,991866880,1606,1606
1715679606.4744422,1037877248,1731,1731
1715679607.4757159,1073651712,1825,1825
1715679608.4770203,1056743424,1524,1524
1715679609.4784195,1096073216,1622,1622
1715679610.4798486,1095426048,1874,1874
1715679611.481397,1100410880,1671,1671
1715679612.4826639,1092186112,1784,1784
1715679613.4840593,912338944,1632,1632
1715679614.4855342,1056673792,1518,1518
1715679615.4868019,1113563136,1919,1919
1715679616.488221,1113694208,1670,1670
1715679617.4895985,1012932608,1519,1519
1715679618.4906864,1111375872,1519,1519
1715679619.4920921,916205568,1516,1516
1715679620.4934893,1116045312,1916,1916
1715679621.494689,979329024,1675,1675
1715679622.4960942,1093120000,1516,1516
1715679623.4976072,1012916224,1510,1510
1715679624.4987438,972775424,1520,1520
1715679625.5001152,996380672,2682,2682
1715679626.5014877,1019187200,1876,1876
1715679627.50272,1113600000,1509,1509
1715679628.5041625,1115176960,1852,1852
1715679629.5055988,862191616,1251,1251
1715679630.5067046,862191616,10390241,10390241
1715679631.5081086,862191616,10391287,10391287
1715679632.509371,862191616,0,0
1715679633.510768,862191616,152,152
1715679634.5121791,862191616,153,153
1715679635.5136523,862191616,347,347
1715679636.5151277,862191616,155,155
1715679637.5164313,862191616,0,0
1715679638.5178227,862191616,0,0
1715679639.5187845,862191616,0,0
1715679640.520063,862191616,448,448
1715679641.521509,862191616,152,152
1715679642.5229125,862191616,0,0
1715679643.5241663,862191616,0,0
1715679644.525488,862191616,0,0
1715679645.5268052,862191616,344,344
1715679646.5280929,862191616,152,152
1715679647.5294123,862191616,0,0
1715679648.5307481,862191616,0,0
1715679649.5320475,862191616,0,0
1715679650.5332851,862191616,344,344
1715679651.5347624,862191616,152,152
1715679652.5361636,862191616,0,0
1715679653.5373971,862191616,0,0
1715679654.5387642,862191616,0,0
1715679655.5401318,862191616,344,344
1715679656.5414438,862191616,152,152
1715679657.5426474,862191616,0,0
1715679658.5439405,862191616,354,354
1715679659.5453382,862191616,0,0
1715679660.5466712,862191616,20781210,20781210
1715679661.5480523,862191616,155,155
1715679662.5495462,862191616,455,455
1715679663.5508018,862191616,0,0
1715679664.5520518,862191616,152,152
1715679665.5534587,862191616,347,347
1715679666.5548384,862191616,155,155
1715679667.5561588,862191616,0,0
1715679668.557557,862191616,0,0
1715679669.5587027,862191616,0,0
1715679670.5601127,862191616,344,344
