Timestamp,MemoryUsage,NetSent,NetRecv
1715683766.5477285,512688128,0,0
1715683767.5490274,520290304,9468,9468
1715683768.5503044,520290304,1245,1245
1715683769.5516849,520290304,0,0
1715683770.5530982,520290304,655,655
1715683771.5543907,520290304,0,0
1715683772.5556574,520290304,155,155
1715683773.5570793,520290304,0,0
1715683774.5585477,520290304,0,0
1715683775.5600984,520290304,292,292
1715683776.561359,520290304,0,0
1715683777.562657,520290304,152,152
1715683778.5640981,520290304,0,0
1715683779.5653744,520290304,0,0
1715683780.5667686,520290304,292,292
1715683781.5681987,520290304,0,0
1715683782.5694618,520290304,152,152
1715683783.5707994,520290304,0,0
1715683784.5721812,520290304,0,0
1715683785.5734453,520290304,292,292
1715683786.5746944,520290304,152,152
1715683787.5759337,520290304,20780616,20780616
1715683788.5773227,520290304,5372,5372
1715683789.578661,520290304,1259,1259
1715683790.5797365,520290304,1841,1841
1715683791.581158,520290304,1593,1593
1715683792.5826035,520290304,1164,1164
1715683793.584,520290304,1167,1167
1715683794.5853097,520290304,1269,1269
1715683795.586838,520290304,1403,1403
1715683796.588391,520290304,1372,1372
1715683797.5898018,520290304,1220,1220
1715683798.5907817,520290304,967,967
1715683799.5921032,520290304,1217,1217
1715683800.5934272,520290304,1580,1580
1715683801.594773,520290304,1596,1596
1715683802.5960958,520290304,1500,1500
1715683803.5975466,520290304,1502,1502
1715683804.5988803,520290304,1498,1498
1715683805.6002145,520290304,2088,2088
1715683806.6016119,520290304,2032,2032
1715683807.6027293,520290304,1506,1506
1715683808.6040604,520290304,1506,1506
1715683809.6054876,520290304,1496,1496
1715683810.6066773,520290304,1805,1805
1715683811.6080325,520290304,1387,1387
1715683812.6093607,520290304,1518,1518
1715683813.6106539,520290304,1501,1501
1715683814.6119292,520290304,1512,1512
1715683815.6131945,520290304,1801,1801
1715683816.6145768,520290304,1659,1659
1715683817.6157074,520290304,1511,1511
1715683818.6168418,520290304,2004,2004
1715683819.6178815,520290304,1345,1345
1715683820.6186738,520290304,2183,2183
1715683821.6199973,520290304,1771,1771
1715683822.6213937,520290304,1509,1509
1715683823.6226778,520290304,1511,1511
1715683824.624122,520290304,1506,1506
1715683825.625516,520290304,1766,1766
1715683826.6267328,520290304,1608,1608
1715683827.6282005,520290304,1507,1507
1715683828.6294973,520421376,1556,1556
1715683829.6306772,520421376,1230,1230
1715683830.6320827,520421376,1633,1633
1715683831.633403,520421376,1528,1528
1715683832.634736,520421376,1506,1506
1715683833.6361349,520421376,1512,1512
1715683834.637539,520421376,1936,1936
1715683835.6386657,520421376,1863,1863
1715683836.6399627,520421376,1665,1665
1715683837.6413488,520421376,1509,1509
1715683838.642709,520421376,1510,1510
1715683839.6439805,520421376,1178,1178
1715683840.645235,520421376,1575,1575
1715683841.6465006,520421376,1658,1658
1715683842.6477253,520421376,1249,1249
1715683843.649039,520421376,1343,1343
1715683844.6504197,520421376,1513,1513
1715683845.651727,520421376,1865,1865
1715683846.652017,520421376,1707,1707
1715683847.6534622,520421376,2118,2118
1715683848.654697,520421376,2255,2255
1715683849.656023,520421376,1516,1516
1715683850.65745,520421376,2116,2116
1715683851.6587677,520421376,1674,1674
1715683852.6600533,520421376,1514,1514
1715683853.6613154,520421376,1509,1509
1715683854.66268,520421376,1511,1511
1715683855.664099,520421376,1814,1814
1715683856.6653705,520421376,1672,1672
1715683857.6667228,520421376,1513,1513
1715683858.6679544,520421376,1519,1519
1715683859.6692529,520421376,1508,1508
1715683860.6705432,520421376,1812,1812
1715683861.6718228,520421376,2040,2040
1715683862.673239,520421376,10389673,10389673
1715683863.6746526,520421376,10393133,10393133
1715683864.6760395,520421376,335,335
1715683865.6774974,520421376,410,410
1715683866.6788955,520421376,156,156
1715683867.680434,520421376,0,0
1715683868.681868,520421376,0,0
1715683869.6827624,520421376,0,0
1715683870.6841846,520421376,292,292
1715683871.6856534,520421376,152,152
1715683872.686907,520421376,0,0
1715683873.6883204,520421376,0,0
1715683874.689613,520421376,0,0
1715683875.690666,520421376,292,292
1715683876.6921225,520421376,152,152
1715683877.6934345,520421376,87514,87514
1715683878.6948493,520421376,590,590
1715683879.6962123,520421376,0,0
1715683880.697644,520421376,303,303
1715683881.6986966,520421376,155,155
1715683882.7000964,520421376,0,0
1715683883.7015421,520421376,0,0
1715683884.7027903,520421376,0,0
1715683885.7041879,520421376,292,292
1715683886.7056034,520421376,152,152
1715683887.706663,520421376,0,0
1715683888.7080464,520421376,0,0
1715683889.7093487,520421376,0,0
1715683890.7107658,520421376,292,292
1715683891.7120833,520421376,152,152
1715683892.7134645,520421376,0,0
1715683893.7147026,1110798336,20781108,20781108
1715683894.7160215,1155526656,0,0
1715683895.7173328,1147531264,301,301
1715683896.7187726,933761024,155,155
1715683897.720267,797147136,0,0
1715683898.7215426,776343552,0,0
1715683899.722594,759324672,0,0
1715683900.7239428,765739008,292,292
1715683901.72537,902197248,152,152
1715683902.7268403,975380480,0,0
1715683903.7282133,996610048,0,0
1715683904.7294505,778620928,20777337,20777337
1715683905.7306416,801677312,2067,2067
1715683906.731907,801607680,1596,1596
1715683907.7331338,833298432,1565,1565
1715683908.734384,801517568,2275,2275
1715683909.735898,833077248,1485,1485
1715683910.7371478,801914880,1629,1629
1715683911.738431,833417216,1323,1323
1715683912.7397816,801841152,941,941
1715683913.7410192,826986496,1493,1493
1715683914.7422397,801964032,1439,1439
1715683915.7425783,833527808,1579,1579
1715683916.743929,801894400,1645,1645
1715683917.7451518,833548288,1502,1502
1715683918.7464018,801755136,1493,1493
1715683919.747613,833183744,1442,1442
1715683920.7489767,801808384,1315,1315
1715683921.7502704,833368064,2035,2035
1715683922.7507343,852119552,1546,1546
1715683923.7520404,833478656,1493,1493
1715683924.753443,824578048,1493,1493
1715683925.7546616,824983552,1896,1896
1715683926.755959,801804288,1650,1650
1715683927.7572005,833495040,1675,1675
1715683928.758443,801910784,1502,1502
1715683929.7598042,827056128,1500,1500
1715683930.761138,801771520,1907,1907
1715683931.7623696,845783040,1656,1656
1715683932.7636304,801751040,1501,1501
1715683933.7649345,833310720,1796,1796
1715683934.7661977,801726464,2258,2258
1715683935.7668228,833191936,1805,1805
1715683936.7680354,801943552,1660,1660
1715683937.7693353,827088896,1503,1503
1715683938.77081,801808384,1999,1999
1715683939.7721274,827076608,1506,1506
1715683940.7734022,801841152,1904,1904
1715683941.7748594,877428736,1658,1658
1715683942.7763226,958279680,1493,1493
1715683943.7778494,917110784,1761,1761
1715683944.778714,1003061248,1787,1787
1715683945.780131,1074216960,1793,1793
1715683946.7815537,1118363648,1595,1595
1715683947.782766,1018744832,1866,1866
1715683948.7841885,1129869312,1558,1558
1715683949.7855933,1166123008,1504,1504
1715683950.7868137,1174274048,1805,1805
1715683951.788283,1159069696,1660,1660
1715683952.7898266,1287102464,1511,1511
1715683953.790707,988635136,1502,1502
1715683954.7914176,1053368320,1505,1505
1715683955.7928874,1068056576,2093,2093
1715683956.7942142,1251840000,1661,1661
1715683957.7946358,1217380352,1503,1503
1715683958.7959263,1073717248,1506,1506
1715683959.7972224,1056944128,1501,1501
1715683960.7985363,841580544,2078,2078
1715683961.7998781,847609856,1544,1544
1715683962.8012152,942252032,1220,1220
1715683963.8025513,949202944,1799,1799
1715683964.8037753,782888960,1217,1217
1715683965.805101,833015808,1557,1557
1715683966.8063476,801570816,1408,1408
1715683967.8066034,826634240,2045,2045
1715683968.8078318,801480704,1821,1821
1715683969.8091037,832937984,1463,1463
1715683970.8103423,801599488,1272,1272
1715683971.810736,833159168,960,960
1715683972.812151,839458816,1526,1526
1715683973.8135893,833269760,1764,1764
1715683974.8147209,853983232,2294,2294
1715683975.8161802,878096384,1833,1833
1715683976.817553,936570880,1886,1886
1715683977.8186069,845819904,10390422,10390422
1715683978.819915,833699840,10391509,10391509
1715683979.8213503,833699840,0,0
1715683980.8217795,833699840,300,300
1715683981.8226876,833699840,155,155
1715683982.8242803,833699840,0,0
1715683983.8256564,833699840,0,0
1715683984.8267736,833699840,0,0
1715683985.8281791,833699840,292,292
1715683986.8286445,833699840,152,152
1715683987.829924,833699840,0,0
1715683988.8307703,833699840,0,0
1715683989.8321595,833699840,0,0
1715683990.8334248,833699840,292,292
1715683991.8348587,833699840,440,440
1715683992.8357797,833699840,0,0
1715683993.8372228,833699840,152,152
1715683994.8385925,833699840,0,0
1715683995.8400078,833699840,345,345
1715683996.8414657,833699840,152,152
1715683997.8425748,833699840,0,0
1715683998.844028,833699840,304,304
1715683999.8453455,833699840,0,0
1715684000.8467612,833699840,295,295
1715684001.8480256,833699840,155,155
1715684002.8493302,833699840,0,0
1715684003.8506563,833699840,0,0
1715684004.8518887,833699840,0,0
1715684005.8529837,833699840,292,292
1715684006.8535168,833699840,152,152
1715684007.854694,902377472,20776267,20776267
1715684008.8561292,907325440,0,0
1715684009.8575752,879403008,305,305
1715684010.8585851,910737408,347,347
1715684011.859273,1077719040,155,155
1715684012.8606524,1124876288,0,0
1715684013.8620782,972140544,0,0
1715684014.8628838,929513472,0,0
1715684015.8643117,910622720,292,292
1715684016.865661,894775296,152,152
1715684017.8668883,885387264,1011,1011
1715684018.8683002,885387264,20778285,20778285
1715684019.8696992,885387264,1508,1508
1715684020.870869,885387264,1514,1514
1715684021.8723938,885387264,1107,1107
1715684022.873727,885387264,1534,1534
1715684023.8747852,885387264,1484,1484
1715684024.8761895,885387264,938,938
1715684025.8775337,885387264,1463,1463
1715684026.8786547,885387264,1564,1564
1715684027.8798926,885387264,1974,1974
1715684028.881122,885387264,1375,1375
1715684029.8826256,885387264,943,943
1715684030.8838892,885387264,1473,1473
1715684031.8851454,885387264,1103,1103
1715684032.8863976,885387264,1486,1486
1715684033.8876257,885387264,1258,1258
1715684034.8888886,885387264,950,950
1715684035.8901434,885387264,1573,1573
1715684036.8906083,885387264,1752,1752
1715684037.891904,885387264,1279,1279
1715684038.8931212,885387264,1223,1223
1715684039.8945804,885387264,958,958
1715684040.895895,885387264,1533,1533
1715684041.89718,885387264,1110,1110
1715684042.8984814,885387264,1491,1491
1715684043.8997407,885387264,1367,1367
1715684044.9011014,885387264,1206,1206
1715684045.9025152,885387264,1255,1255
1715684046.9038155,885387264,1278,1278
1715684047.9052615,885387264,1177,1177
1715684048.906694,885387264,694,694
1715684049.9081318,885387264,2268,2268
1715684050.9088457,885387264,2169,2169
1715684051.910304,885387264,1341,1341
1715684052.9107172,885387264,1504,1504
1715684053.9119985,885387264,957,957
1715684054.9133182,885387264,1495,1495
1715684055.9147487,885387264,1798,1798
1715684056.9161441,885387264,1653,1653
1715684057.917462,885387264,1508,1508
1715684058.9187424,885387264,1990,1990
1715684059.9200945,885387264,1493,1493
1715684060.9214156,885387264,1793,1793
1715684061.9228024,885387264,1645,1645
1715684062.9240983,885387264,1819,1819
1715684063.9254055,885387264,1548,1548
1715684064.9267213,885387264,1498,1498
1715684065.928081,885387264,1792,1792
1715684066.9293902,885387264,1599,1599
1715684067.9307373,885387264,1490,1490
1715684068.9321773,885387264,1446,1446
1715684069.9336152,885387264,1503,1503
1715684070.9347775,885387264,1739,1739
1715684071.9362261,885387264,1606,1606
1715684072.9377956,885387264,973,973
1715684073.9390023,885387264,965,965
1715684074.9403389,885387264,1242,1242
1715684075.9418516,885387264,2225,2225
1715684076.9428065,885387264,1716,1716
1715684077.9442625,885387264,1504,1504
1715684078.9456313,885387264,977,977
1715684079.9467034,885387264,1505,1505
1715684080.9480464,885387264,1803,1803
1715684081.9496262,885387264,1654,1654
1715684082.9509017,885387264,973,973
1715684083.9523299,885387264,1238,1238
1715684084.9536738,885387264,966,966
1715684085.9547448,885387264,1792,1792
1715684086.9560382,885387264,1120,1120
1715684087.9574687,885387264,1938,1938
1715684088.9586651,885387264,2108,2108
1715684089.959937,885387264,1551,1551
1715684090.9611976,885387264,20780849,20780849
1715684091.9625907,885387264,156,156
1715684092.964075,885387264,152,152
1715684093.965506,885387264,153,153
1715684094.9667423,885387264,0,0
1715684095.9680243,885387264,347,347
1715684096.9693308,885387264,152,152
1715684097.9707801,885387264,0,0
1715684098.9721434,885387264,0,0
1715684099.9735804,885387264,0,0
1715684100.9747257,885387264,292,292
1715684101.9757524,885387264,152,152
1715684102.9771922,885387264,0,0
1715684103.978514,885387264,0,0
1715684104.9797664,885387264,0,0
1715684105.9812903,885387264,292,292
1715684106.9827034,885387264,152,152
1715684107.983968,885387264,0,0
1715684108.985474,885387264,0,0
1715684109.986819,885387264,0,0
1715684110.988257,885387264,292,292
1715684111.9895172,885387264,152,152
1715684112.9906652,885387264,0,0
1715684113.992091,885387264,0,0
1715684114.9928799,885387264,0,0
1715684115.9942653,885387264,292,292
1715684116.9949002,885387264,152,152
1715684117.996132,885387264,0,0
1715684118.997638,885387264,303,303
1715684119.9986503,972550144,20777629,20777629
1715684120.9999743,1095368704,2972,2972
1715684122.0013444,1175113728,155,155
1715684123.0026371,1056645120,302,302
1715684124.0039182,1044168704,0,0
1715684125.005178,892125184,0,0
1715684126.0064642,892272640,346,346
1715684127.0077555,959254528,152,152
1715684128.0089996,917237760,0,0
1715684129.009973,1306918912,0,0
1715684130.0106668,1001369600,0,0
1715684131.0119042,910798848,643,643
1715684132.01334,910798848,20780179,20780179
1715684133.0147414,910798848,1239,1239
1715684134.0162063,910798848,1489,1489
1715684135.0176494,910798848,1489,1489
1715684136.0188253,910798848,1898,1898
1715684137.020186,910798848,1753,1753
1715684138.0215223,910798848,1444,1444
1715684139.0227745,910798848,1483,1483
1715684140.0241675,910798848,1486,1486
1715684141.0255756,910798848,1781,1781
1715684142.0267966,910798848,1639,1639
1715684143.0281727,910798848,1483,1483
1715684144.0295486,910798848,1475,1475
1715684145.0306873,910798848,1475,1475
1715684146.032117,910798848,1794,1794
1715684147.0334394,910798848,1648,1648
1715684148.0346935,910798848,2046,2046
1715684149.0360208,910798848,1733,1733
1715684150.03747,910798848,1546,1546
1715684151.03879,910798848,1861,1861
1715684152.0400443,910798848,1374,1374
1715684153.0412853,910798848,1506,1506
1715684154.0426667,910798848,1503,1503
1715684155.0439425,910798848,1503,1503
1715684156.045231,910798848,1802,1802
1715684157.0466394,910798848,1661,1661
1715684158.0479152,910798848,1508,1508
1715684159.049275,910798848,1500,1500
1715684160.0507014,910798848,1499,1499
1715684161.0520446,910798848,1803,1803
1715684162.0533195,910798848,1492,1492
1715684163.0547652,910798848,1501,1501
1715684164.0561697,910798848,1991,1991
1715684165.0574648,910798848,1505,1505
1715684166.058775,910798848,1810,1810
1715684167.0602937,910798848,1663,1663
1715684168.0617461,910798848,1498,1498
1715684169.062642,910798848,1512,1512
1715684170.0639563,910798848,1506,1506
1715684171.065296,910798848,1800,1800
1715684172.0666556,910798848,1942,1942
1715684173.0679574,910798848,1666,1666
1715684174.0692706,910798848,1341,1341
1715684175.0706,910798848,1666,1666
1715684176.0720048,910798848,1794,1794
1715684177.0734086,910798848,2040,2040
1715684178.0746777,910798848,1556,1556
1715684179.0760684,910798848,89630,89630
1715684180.0773933,910798848,1721,1721
1715684181.078593,910798848,1812,1812
1715684182.0798678,910798848,1664,1664
1715684183.0810826,910798848,1513,1513
1715684184.0823524,910798848,1505,1505
1715684185.0836911,910798848,1339,1339
1715684186.0850444,910798848,1814,1814
1715684187.086453,910798848,1662,1662
1715684188.0877652,910798848,1511,1511
1715684189.0891514,910798848,1516,1516
1715684190.0905635,910798848,1504,1504
1715684191.09191,910798848,2194,2194
1715684192.0933723,910798848,1680,1680
1715684193.0947516,910798848,1510,1510
1715684194.0960612,910798848,1516,1516
1715684195.097416,910798848,1549,1549
1715684196.0987153,910798848,1814,1814
1715684197.1000948,910798848,1664,1664
1715684198.1014187,910798848,1242,1242
1715684199.102803,910798848,970,970
1715684200.104127,910798848,1253,1253
1715684201.1055615,910798848,1548,1548
1715684202.1068068,910798848,1353,1353
1715684203.108114,910798848,1474,1474
1715684204.1093993,910798848,1624,1624
1715684205.1108446,910798848,10390729,10390729
1715684206.1122684,910798848,10395525,10395525
1715684207.1136458,910798848,157,157
1715684208.1146035,910798848,1001,1001
1715684209.1160283,910798848,354,354
1715684210.1174262,910798848,145,145
1715684211.1185853,910798848,1093,1093
1715684212.1200264,910798848,158,158
1715684213.1214309,910798848,0,0
1715684214.1225743,910798848,0,0
1715684215.1240613,910798848,195,195
1715684216.1254497,910798848,152,152
1715684217.1267688,910798848,152,152
1715684218.1282005,910798848,0,0
1715684219.1294968,910798848,0,0
1715684220.1306643,910798848,140,140
1715684221.1318865,910798848,152,152
1715684222.133455,910798848,152,152
1715684223.1347866,910798848,0,0
1715684224.1360288,910798848,0,0
1715684225.1375039,910798848,292,292
1715684226.1389256,910798848,0,0
1715684227.1401987,910798848,152,152
1715684228.1414747,910798848,0,0
1715684229.142817,910798848,0,0
1715684230.1440618,910798848,292,292
1715684231.145389,910798848,0,0
1715684232.14678,910798848,152,152
1715684233.1480193,910798848,0,0
1715684234.1485007,910798848,0,0
1715684235.1497333,913158144,20778952,20778952
1715684236.1506789,1128882176,1486,1486
1715684237.1521103,1229389824,155,155
1715684238.1534324,1116762112,304,304
1715684239.15477,963653632,358,358
1715684240.1560514,888160256,297,297
1715684241.1573174,894472192,0,0
1715684242.1585722,932327424,155,155
1715684243.1598506,1073074176,0,0
1715684244.1613183,1032822784,0,0
1715684245.1628404,875261952,292,292
1715684246.1642158,1134071808,20779391,20779391
1715684247.1656241,928194560,1209,1209
1715684248.1668215,1135153152,1550,1550
1715684249.1681976,1128857600,1224,1224
1715684250.1696308,1227685888,1514,1514
1715684251.1707616,1109454848,1468,1468
1715684252.1720855,1237635072,1643,1643
1715684253.1733932,1110663168,1152,1152
1715684254.174813,1140760576,1492,1492
1715684255.176248,1117990912,1247,1247
1715684256.1776342,1157586944,1983,1983
1715684257.1787615,1144352768,1081,1081
1715684258.1802068,1273982976,1765,1765
1715684259.181496,1252356096,1209,1209
1715684260.1827152,1225748480,1792,1792
1715684261.184048,1131376640,1493,1493
1715684262.1853333,1131941888,3312,3312
1715684263.1867008,1324003328,2093,2093
1715684264.1879878,1326231552,1503,1503
1715684265.1892965,1217552384,1910,1910
1715684266.1907277,1225220096,1986,1986
1715684267.1921163,1147756544,1731,1731
1715684268.193519,1198219264,2023,2023
1715684269.1947093,1143693312,1811,1811
1715684270.196063,1135292416,2246,2246
1715684271.1975217,1189658624,1505,1505
1715684272.198761,1128849408,2155,2155
1715684273.1993692,1128624128,1505,1505
1715684274.2007487,1128624128,1990,1990
1715684275.2021215,1128677376,1918,1918
1715684276.2026772,1120526336,1888,1888
1715684277.2030952,1327095808,1768,1768
1715684278.2044163,1189720064,1511,1511
1715684279.2056878,1020211200,1746,1746
1715684280.2066765,1005277184,2396,2396
1715684281.2081146,1063211008,1248,1248
1715684282.2094748,1044955136,1129,1129
1715684283.210752,906539008,1534,1534
1715684284.2121327,1075957760,1521,1521
1715684285.2134542,917487616,1818,1818
1715684286.2147405,944369664,1522,1522
1715684287.2162583,893915136,1630,1630
1715684288.217607,893931520,1522,1522
1715684289.2187152,893800448,1516,1516
1715684290.2201788,893816832,1812,1812
1715684291.221549,893956096,1513,1513
1715684292.2226803,919121920,1107,1107
1715684293.2240136,919121920,1895,1895
1715684294.2253466,893964288,1592,1592
1715684295.22688,918999040,2117,2117
1715684296.228112,893841408,1425,1425
1715684297.229345,893841408,1669,1669
1715684298.2307966,893841408,1510,1510
1715684299.2320592,893841408,1608,1608
1715684300.2334836,982315008,1811,1811
1715684301.2347422,964481024,1799,1799
1715684302.2361176,1095372800,1668,1668
1715684303.2374835,1055641600,1483,1483
1715684304.2386875,1028849664,1250,1250
1715684305.2401166,1158782976,1413,1413
1715684306.2415369,1172934656,1416,1416
1715684307.2427945,1242669056,1899,1899
1715684308.244198,1301024768,1530,1530
1715684309.245523,1189871616,1238,1238
1715684310.2466762,977788928,1498,1498
1715684311.2479393,1043054592,1517,1517
1715684312.2492788,1040556032,1673,1673
1715684313.2505484,1070174208,1516,1516
1715684314.2519643,971857920,1513,1513
1715684315.2532191,893988864,1814,1814
1715684316.2545567,969412608,1517,1517
1715684317.255843,969547776,1664,1664
1715684318.2570965,879345664,10390778,10390778
1715684319.258546,879345664,1477,1477
1715684320.2599351,879345664,10390973,10390973
1715684321.2614071,879345664,0,0
1715684322.2627857,879345664,156,156
1715684323.2642417,879345664,152,152
1715684324.2655544,879345664,0,0
1715684325.2667744,879345664,449,449
1715684326.2682445,879345664,0,0
1715684327.2694926,879345664,152,152
1715684328.270679,879345664,488,488
1715684329.2721128,879345664,299,299
1715684330.2733557,879345664,295,295
1715684331.2746782,879345664,0,0
1715684332.2759297,879345664,155,155
1715684333.2774868,879345664,0,0
1715684334.2787807,879345664,0,0
1715684335.2801747,879345664,292,292
1715684336.2814894,879345664,0,0
1715684337.2827587,879345664,152,152
1715684338.2841718,879345664,0,0
1715684339.2854114,879345664,0,0
1715684340.2866833,879345664,292,292
1715684341.288002,879345664,0,0
1715684342.289276,879345664,152,152
1715684343.2907305,879345664,0,0
1715684344.292148,879345664,0,0
1715684345.2934272,879345664,292,292
1715684346.2948103,879345664,0,0
1715684347.296261,879345664,152,152
1715684348.2974951,879345664,0,0
1715684349.2988105,879345664,307,307
1715684350.3002164,984645632,20782427,20782427
1715684351.3015752,954744832,287,287
1715684352.302617,917004288,155,155
1715684353.3040087,1081106432,0,0
1715684354.305418,1215168512,151,151
1715684355.306721,1106878464,345,345
1715684356.3080077,898310144,0,0
1715684357.3095634,910905344,152,152
1715684358.3105924,923492352,0,0
1715684359.3120086,1199104000,300,300
