Timestamp,MemoryUsage,NetSent,NetRecv
1715690588.3717859,512684032,0,0
1715690589.3731933,520286208,5015,5015
1715690590.3747413,520417280,357,357
1715690591.3760455,520417280,0,0
1715690592.3774467,520417280,156,156
1715690593.3787181,520417280,0,0
1715690594.3790224,520417280,0,0
1715690595.380423,520417280,448,448
1715690596.381848,520417280,0,0
1715690597.3827777,520417280,152,152
1715690598.3841612,520417280,0,0
1715690599.385438,520417280,0,0
1715690600.3868299,520417280,699,699
1715690601.3880932,520417280,0,0
1715690602.389384,520417280,307,307
1715690603.390646,520417280,0,0
1715690604.3918233,520417280,0,0
1715690605.3931992,520417280,345,345
1715690606.3945558,520417280,0,0
1715690607.395518,520417280,152,152
1715690608.396801,520417280,0,0
1715690609.39805,520417280,20779085,20779085
1715690610.3986664,520417280,5552,5552
1715690611.40002,520417280,1295,1295
1715690612.4013102,520417280,959,959
1715690613.40267,520417280,1192,1192
1715690614.4039688,520417280,1499,1499
1715690615.4052842,520417280,1912,1912
1715690616.4067333,520417280,1845,1845
1715690617.4081628,520417280,1644,1644
1715690618.4094992,520417280,1479,1479
1715690619.4107058,520417280,1493,1493
1715690620.4121082,520417280,1584,1584
1715690621.413433,520417280,1283,1283
1715690622.414727,520417280,1327,1327
1715690623.416027,520417280,1510,1510
1715690624.4174404,520417280,1502,1502
1715690625.418778,520417280,1915,1915
1715690626.420176,520417280,1512,1512
1715690627.421496,520417280,1388,1388
1715690628.4226513,520417280,2276,2276
1715690629.4240549,520417280,1923,1923
1715690630.4253886,520417280,2106,2106
1715690631.4266942,520417280,1992,1992
1715690632.4279768,520417280,1658,1658
1715690633.429287,520417280,1939,1939
1715690634.430788,520417280,1348,1348
1715690635.432169,520417280,2099,2099
1715690636.433659,520417280,1566,1566
1715690637.4347615,520417280,1933,1933
1715690638.4362543,520417280,1630,1630
1715690639.4376562,520417280,1512,1512
1715690640.4387374,520417280,1922,1922
1715690641.440054,520417280,1511,1511
1715690642.441341,520417280,1080,1080
1715690643.442802,520417280,2011,2011
1715690644.444211,520417280,1516,1516
1715690645.4456737,520417280,1865,1865
1715690646.4467413,520417280,1567,1567
1715690647.448171,520417280,10389569,10389569
1715690648.449455,520417280,10393041,10393041
1715690649.450829,520417280,0,0
1715690650.4523454,520417280,607,607
1715690651.4535666,520417280,335,335
1715690652.4550524,520417280,155,155
1715690653.456374,520417280,0,0
1715690654.4578104,520417280,152,152
1715690655.4586637,520417280,345,345
1715690656.4599574,520417280,0,0
1715690657.4612594,520417280,152,152
1715690658.462558,520417280,0,0
1715690659.4638824,520417280,0,0
1715690660.4652822,520417280,883,883
1715690661.4666808,520417280,0,0
1715690662.4681206,520417280,306,306
1715690663.4696152,520417280,0,0
1715690664.4710386,520417280,0,0
1715690665.4722636,520417280,345,345
1715690666.4736855,520417280,0,0
1715690667.4749026,520417280,152,152
1715690668.4761553,520417280,0,0
1715690669.4776196,520417280,0,0
1715690670.4786568,520417280,448,448
1715690671.4799533,520417280,0,0
1715690672.481523,520417280,152,152
1715690673.4826672,520417280,0,0
1715690674.4839716,520417280,0,0
1715690675.4853978,520417280,344,344
1715690676.4868011,520417280,0,0
1715690677.488185,520417280,20780360,20780360
1715690678.489649,520417280,0,0
1715690679.4906375,520417280,152,152
1715690680.4920838,520417280,603,603
1715690681.4933817,520417280,0,0
1715690682.4948423,520417280,532,532
1715690683.4961555,964325376,20782325,20782325
1715690684.4975944,835117056,1561,1561
1715690685.4987683,1055559680,1899,1899
1715690686.5001638,1044586496,1493,1493
1715690687.5015764,1148366848,1654,1654
1715690688.5029166,1185787904,1486,1486
1715690689.5043848,1104683008,2089,2089
1715690690.5057936,1113747456,2204,2204
1715690691.5066519,1059962880,1502,1502
1715690692.5081153,1087512576,1660,1660
1715690693.50953,1149022208,1500,1500
1715690694.5108426,1026895872,1766,1766
1715690695.5124385,950853632,2119,2119
1715690696.5138524,965226496,1500,1500
1715690697.5147483,1072078848,1657,1657
1715690698.5161762,944386048,1509,1509
1715690699.5176044,919629824,1494,1494
1715690700.5189478,730398720,1780,1780
1715690701.520371,749350912,1560,1560
1715690702.5216913,715808768,2144,2144
1715690703.522696,749469696,1512,1512
1715690704.5239289,721256448,1944,1944
1715690705.5255103,749404160,1961,1961
1715690706.5266936,721117184,1837,1837
1715690707.528071,768319488,1770,1770
1715690708.5293152,774627328,1844,1844
1715690709.5306022,749211648,1290,1290
1715690710.5318427,736772096,1913,1913
1715690711.5330946,749367296,1290,1290
1715690712.534476,721080320,1345,1345
1715690713.535689,749486080,1193,1193
1715690714.5371091,755929088,886,886
1715690715.5384474,798158848,2095,2095
1715690716.5398257,806178816,1318,1318
1715690717.541305,780828672,1661,1661
1715690718.5427613,843902976,1510,1510
1715690719.5436108,848384000,1509,1509
1715690720.5442853,741810176,10390898,10390898
1715690721.5455458,788918272,10393069,10393069
1715690722.546699,788918272,156,156
1715690723.5481083,788918272,312,312
1715690724.5493793,788918272,0,0
1715690725.550695,788918272,351,351
1715690726.5520968,788918272,0,0
1715690727.553526,788918272,152,152
1715690728.554816,788918272,0,0
1715690729.556229,788918272,0,0
1715690730.5576787,788918272,448,448
1715690731.5589488,788918272,0,0
1715690732.5603726,788918272,152,152
1715690733.5617855,788918272,0,0
1715690734.562414,788918272,0,0
1715690735.5638523,788918272,344,344
1715690736.5653284,788918272,0,0
1715690737.5659537,788918272,152,152
1715690738.56731,788918272,0,0
1715690739.5687568,788918272,0,0
1715690740.5701756,788918272,344,344
1715690741.5706465,788918272,0,0
1715690742.5710707,788918272,152,152
1715690743.5724285,788918272,0,0
1715690744.5736914,788918272,0,0
1715690745.5747192,788918272,344,344
1715690746.5761504,788918272,0,0
1715690747.5774126,788918272,152,152
1715690748.5789402,788918272,0,0
1715690749.5803642,788918272,657,657
1715690750.5817866,788918272,20783917,20783917
1715690751.5826726,788918272,0,0
1715690752.5841866,788918272,308,308
1715690753.5854645,788918272,151,151
1715690754.5867496,788918272,0,0
1715690755.5881572,788918272,760,760
1715690756.589071,932884480,20781900,20781900
1715690757.590452,812957696,1640,1640
1715690758.5917723,873652224,1477,1477
1715690759.5930889,848814080,1481,1481
1715690760.5945783,848171008,1879,1879
1715690761.5959046,963915776,908,908
1715690762.5972235,880295936,1626,1626
1715690763.5985227,1008246784,1854,1854
1715690764.5999398,908652544,1316,1316
1715690765.6013687,1094881280,1892,1892
1715690766.60273,1010483200,1476,1476
1715690767.6041582,886902784,1647,1647
1715690768.6055434,931209216,1485,1485
1715690769.606784,934797312,1488,1488
1715690770.6080909,919736320,1840,1840
1715690771.6093059,794599424,1384,1384
1715690772.6108103,826060800,1657,1657
1715690773.612119,807194624,1973,1973
1715690774.6134691,819662848,1497,1497
1715690775.6146858,785997824,2322,2322
1715690776.6155617,819695616,1513,1513
1715690777.6168745,786026496,2117,2117
1715690778.6182554,832303104,1710,1710
1715690779.6187203,794566656,1204,1204
1715690780.6199765,826159104,2623,2623
1715690781.6213005,775712768,1492,1492
1715690782.62259,819630080,1649,1649
1715690783.6239967,785960960,1488,1488
1715690784.6252692,819597312,1492,1492
1715690785.6264772,786063360,1843,1843
1715690786.6276946,819867648,1580,1580
1715690787.6289659,807034880,1384,1384
1715690788.630189,846995456,1367,1367
1715690789.6305969,791212032,965,965
1715690790.6318758,826081280,1677,1677
1715690791.633314,783228928,1747,1747
1715690792.6347961,819605504,1880,1880
1715690793.63625,813076480,10389736,10389736
1715690794.6375146,813076480,10392526,10392526
1715690795.6389282,813076480,409,409
1715690796.6398787,813076480,0,0
1715690797.6413047,813076480,87745,87745
1715690798.642715,813076480,772,772
1715690799.6440935,813076480,508,508
1715690800.6448581,813076480,352,352
1715690801.645881,813076480,0,0
1715690802.6467838,813076480,152,152
1715690803.6481168,813076480,0,0
1715690804.649382,813076480,0,0
1715690805.65095,813076480,448,448
1715690806.6522236,813076480,0,0
1715690807.6536403,813076480,152,152
1715690808.6550763,813076480,354,354
1715690809.6565242,813076480,302,302
1715690810.6579728,813076480,650,650
1715690811.6586025,813076480,0,0
1715690812.6593616,813076480,307,307
1715690813.6606553,813076480,0,0
1715690814.66205,813076480,0,0
1715690815.6628404,813076480,345,345
1715690816.6641364,813076480,0,0
1715690817.6654904,813076480,152,152
1715690818.6668067,813076480,0,0
1715690819.6680908,813076480,0,0
1715690820.6693535,813076480,344,344
1715690821.6705546,813076480,0,0
1715690822.671843,813076480,152,152
1715690823.673099,813076480,20780917,20780917
1715690824.6745849,813076480,2683,2683
1715690825.6758695,813076480,351,351
1715690826.6771495,813076480,0,0
1715690827.6789043,813076480,155,155
1715690828.6797087,813076480,0,0
1715690829.6809616,813076480,20777361,20777361
1715690830.6822665,813076480,2090,2090
1715690831.6828089,813076480,1972,1972
1715690832.684275,813076480,966,966
1715690833.6856086,813076480,1223,1223
1715690834.6867137,813076480,1498,1498
1715690835.6880755,813076480,1699,1699
1715690836.6894069,813076480,1482,1482
1715690837.6907873,813076480,1390,1390
1715690838.692303,813076480,1218,1218
1715690839.6928346,813076480,1496,1496
1715690840.6940653,813076480,1293,1293
1715690841.6951706,813076480,1183,1183
1715690842.6963565,813076480,2026,2026
1715690843.6976058,813076480,1231,1231
1715690844.698695,813076480,1877,1877
1715690845.6994805,813076480,2288,2288
1715690846.7001257,813076480,1879,1879
1715690847.7013664,813076480,1763,1763
1715690848.7027318,813076480,1768,1768
1715690849.7041419,813076480,1706,1706
1715690850.7057238,813076480,1897,1897
1715690851.706803,813076480,1720,1720
1715690852.708264,813076480,1393,1393
1715690853.7096999,813076480,1184,1184
1715690854.7107368,813076480,992,992
1715690855.712098,813076480,1863,1863
1715690856.7135372,813076480,1014,1014
1715690857.7147539,813076480,1398,1398
1715690858.7160814,813076480,966,966
1715690859.717362,813076480,2191,2191
1715690860.7186494,813076480,1910,1910
1715690861.7199159,813076480,1192,1192
1715690862.7213,813076480,1933,1933
1715690863.7221818,813076480,1261,1261
1715690864.7226663,813076480,1330,1330
1715690865.724004,813076480,1816,1816
1715690866.7253075,813076480,1552,1552
1715690867.7265522,813076480,10391000,10391000
1715690868.7281125,813076480,10391732,10391732
1715690869.7295697,813076480,303,303
1715690870.730669,813076480,709,709
1715690871.731928,813076480,0,0
1715690872.7330928,813076480,307,307
1715690873.7344365,813076480,0,0
1715690874.735927,813076480,0,0
1715690875.7371626,813076480,449,449
1715690876.7386434,813076480,0,0
1715690877.7400515,813076480,152,152
1715690878.7414863,813076480,0,0
1715690879.742621,813076480,0,0
1715690880.7440612,813076480,344,344
1715690881.7454956,813076480,0,0
1715690882.746617,813076480,152,152
1715690883.7480435,813076480,0,0
1715690884.7493625,813076480,0,0
1715690885.75075,813076480,344,344
1715690886.7512238,813076480,0,0
1715690887.7525194,813076480,152,152
1715690888.7537804,813076480,0,0
1715690889.7546282,813076480,0,0
1715690890.7560391,813076480,344,344
1715690891.7575054,813076480,0,0
1715690892.7587757,813076480,368,368
1715690893.760034,813076480,0,0
1715690894.7614622,813076480,0,0
1715690895.7626169,813076480,344,344
1715690896.7638354,813076480,234,234
1715690897.764207,866766848,20776654,20776654
1715690898.7651925,868753408,0,0
1715690899.7665586,837341184,303,303
1715690900.7677507,868806656,699,699
1715690901.769056,965287936,0,0
1715690902.7702827,850501632,20776959,20776959
1715690903.7708824,850501632,2754,2754
1715690904.772158,850501632,1443,1443
1715690905.7735558,850501632,1719,1719
1715690906.7747555,850501632,1518,1518
1715690907.776158,850501632,1620,1620
1715690908.7775846,850501632,1298,1298
1715690909.7787056,850501632,1468,1468
1715690910.780278,850501632,1830,1830
1715690911.781672,850501632,1460,1460
1715690912.7826972,850501632,1627,1627
1715690913.784049,850501632,1949,1949
1715690914.785383,850501632,1473,1473
1715690915.786839,850501632,2253,2253
1715690916.7882578,850501632,1908,1908
1715690917.7896757,850501632,1947,1947
1715690918.79072,850501632,1695,1695
1715690919.7920728,850501632,1493,1493
1715690920.7933466,850501632,2313,2313
1715690921.7947454,850501632,1422,1422
1715690922.7961848,850501632,2123,2123
1715690923.797464,850501632,1487,1487
1715690924.7987733,850501632,1489,1489
1715690925.8001637,850501632,1898,1898
1715690926.8014233,850501632,1486,1486
1715690927.8026612,850501632,1646,1646
1715690928.8040206,850501632,1966,1966
1715690929.8054516,850501632,1785,1785
1715690930.8066628,850501632,2469,2469
1715690931.807997,850501632,1227,1227
1715690932.8094373,850501632,965,965
1715690933.8107066,850501632,1236,1236
1715690934.8120956,850501632,1500,1500
1715690935.8135445,850501632,1740,1740
1715690936.814718,850501632,1493,1493
1715690937.8161063,850501632,1645,1645
1715690938.8174582,850501632,1446,1446
1715690939.8190563,850501632,1665,1665
1715690940.8204422,850501632,20781411,20781411
1715690941.8217385,850501632,0,0
1715690942.8228152,850501632,459,459
1715690943.8243308,850501632,0,0
1715690944.8257346,850501632,0,0
1715690945.8267753,850501632,346,346
1715690946.8280485,850501632,0,0
1715690947.8294969,850501632,152,152
1715690948.8307998,850501632,0,0
1715690949.8320544,850501632,0,0
1715690950.8333623,850501632,344,344
1715690951.8346605,850501632,0,0
1715690952.836026,850501632,152,152
1715690953.8374457,850501632,0,0
1715690954.838869,850501632,0,0
1715690955.8403115,850501632,344,344
1715690956.8415675,850501632,0,0
1715690957.8431494,850501632,152,152
1715690958.8444655,850501632,0,0
1715690959.8452086,850501632,0,0
1715690960.846549,850501632,700,700
1715690961.8479447,850501632,0,0
1715690962.8495288,850501632,306,306
1715690963.8508308,850501632,0,0
1715690964.8521426,850501632,0,0
1715690965.853555,850501632,561,561
1715690966.854667,850501632,0,0
1715690967.8559668,850501632,152,152
1715690968.8569107,850501632,0,0
1715690969.8578954,1165606912,20779535,20779535
1715690970.858828,1092345856,513,513
1715690971.8601332,836603904,0,0
1715690972.8615859,1044217856,155,155
1715690973.8626714,932921344,0,0
1715690974.8640964,935550976,0,0
