Timestamp,MemoryUsage,NetSent,NetRecv
1715689066.7198048,509026304,0,0
1715689067.7210534,516628480,4693,4693
1715689068.7224789,516628480,607,607
1715689069.7238564,516628480,666,666
1715689070.7252507,516628480,353,353
1715689071.7265904,516628480,0,0
1715689072.728031,516628480,155,155
1715689073.729515,516628480,0,0
1715689074.7308433,516628480,0,0
1715689075.7320786,516628480,344,344
1715689076.7335062,516628480,0,0
1715689077.7346823,516628480,152,152
1715689078.7359343,516628480,0,0
1715689079.7373414,516628480,0,0
1715689080.7386796,516628480,344,344
1715689081.7399323,516628480,0,0
1715689082.7414155,516628480,152,152
1715689083.7427878,516628480,0,0
1715689084.7442217,516628480,323,323
1715689085.745663,516628480,510,510
1715689086.7466636,516628480,0,0
1715689087.7479846,600244224,20783425,20783425
1715689088.7494867,729919488,3043,3043
1715689089.750687,730296320,1993,1993
1715689090.7519844,761999360,1947,1947
1715689091.753281,730337280,1922,1922
1715689092.7546,755363840,1728,1728
1715689093.7558403,730230784,1578,1578
1715689094.7572317,755593216,1702,1702
1715689095.7586482,787050496,1838,1838
1715689096.7600877,745123840,1506,1506
1715689097.7614105,738344960,1649,1649
1715689098.7627635,744771584,1484,1484
1715689099.7633457,841248768,1813,1813
1715689100.7647486,743936000,2288,2288
1715689101.7661223,762859520,1514,1514
1715689102.7668562,750297088,1970,1970
1715689103.7683275,824766464,1509,1509
1715689104.7696133,886231040,1505,1505
1715689105.7707472,732237824,1910,1910
1715689106.772115,786661376,1501,1501
1715689107.773376,1178185728,1652,1652
1715689108.7748141,1015558144,1497,1497
1715689109.776142,1024348160,1224,1224
1715689110.7774985,991338496,1906,1906
1715689111.778628,1090166784,1225,1225
1715689112.7800086,822145024,1671,1671
1715689113.7813,828215296,1516,1516
1715689114.782593,916033536,1665,1665
1715689115.7839963,843448320,1798,1798
1715689116.785323,892477440,1636,1636
1715689117.7867098,828006400,1714,1714
1715689118.7880516,896438272,1208,1208
1715689119.78937,883740672,1812,1812
1715689120.7907894,911667200,1739,1739
1715689121.79211,855179264,1698,1698
1715689122.7933657,911110144,1349,1349
1715689123.794803,818331648,1509,1509
1715689124.7957585,784138240,1214,1214
1715689125.7969806,763404288,20780525,20780525
1715689126.798268,763404288,2632,2632
1715689127.7986467,763404288,156,156
1715689128.7998617,763404288,1147,1147
1715689129.801334,763404288,302,302
1715689130.802774,763404288,406,406
1715689131.8041523,763404288,0,0
1715689132.8053453,763404288,155,155
1715689133.8068755,763404288,0,0
1715689134.8082786,763404288,0,0
1715689135.809641,763404288,344,344
1715689136.8107483,763404288,0,0
1715689137.8121386,763404288,152,152
1715689138.8134415,763404288,0,0
1715689139.814802,763404288,0,0
1715689140.8159924,763404288,344,344
1715689141.8174047,763404288,0,0
1715689142.818782,763404288,152,152
1715689143.8201609,763404288,0,0
1715689144.8213463,763404288,0,0
1715689145.822456,763404288,344,344
1715689146.823849,763404288,0,0
1715689147.8252895,763404288,152,152
1715689148.8265188,763404288,0,0
1715689149.8278425,763404288,0,0
1715689150.8292496,763404288,344,344
1715689151.830664,763404288,0,0
1715689152.8314319,763404288,152,152
1715689153.8328428,763404288,0,0
1715689154.8342707,763404288,20780704,20780704
1715689155.8347204,763404288,351,351
1715689156.8360724,763404288,478,478
1715689157.8374064,763404288,155,155
1715689158.8388786,763404288,475,475
1715689159.8401158,763404288,1289,1289
1715689160.84151,763404288,20783877,20783877
1715689161.8427901,763404288,1179,1179
1715689162.8441243,763404288,1754,1754
1715689163.845544,763404288,1644,1644
1715689164.8466573,763404288,1116,1116
1715689165.847928,763404288,1775,1775
1715689166.8492565,763404288,1428,1428
1715689167.8507323,763404288,1363,1363
1715689168.852182,763404288,1225,1225
1715689169.8536139,763404288,1227,1227
1715689170.8547618,763404288,1887,1887
1715689171.856221,763404288,1116,1116
1715689172.857531,763404288,1430,1430
1715689173.8586755,763404288,1452,1452
1715689174.8601308,763404288,1230,1230
1715689175.8615541,763404288,1640,1640
1715689176.8628237,763404288,1500,1500
1715689177.86419,763404288,1613,1613
1715689178.8654857,763404288,1447,1447
1715689179.8667002,763404288,1184,1184
1715689180.8680384,763404288,1365,1365
1715689181.8693688,763404288,1497,1497
1715689182.8709369,763404288,1648,1648
1715689183.872282,763404288,1223,1223
1715689184.8736362,763404288,1222,1222
1715689185.8746805,763404288,1853,1853
1715689186.8760426,763404288,1220,1220
1715689187.8773718,763404288,1349,1349
1715689188.8786123,763404288,2290,2290
1715689189.8795726,763404288,1798,1798
1715689190.880932,763404288,1642,1642
1715689191.8822384,763404288,1936,1936
1715689192.8827858,763404288,1716,1716
1715689193.8840544,763404288,1524,1524
1715689194.885307,763404288,1516,1516
1715689195.8866084,763404288,1923,1923
1715689196.888016,763404288,1323,1323
1715689197.8889313,763404288,10391442,10391442
1715689198.8903322,763404288,10391482,10391482
1715689199.890733,763404288,0,0
1715689200.89215,763404288,353,353
1715689201.8933797,763404288,0,0
1715689202.8946052,763404288,155,155
1715689203.8958604,763404288,0,0
1715689204.8972034,763404288,0,0
1715689205.898765,763404288,344,344
1715689206.9000514,763404288,0,0
1715689207.9012747,763404288,152,152
1715689208.9026682,763404288,0,0
1715689209.904064,763404288,0,0
1715689210.9054654,763404288,344,344
1715689211.9067912,763404288,336,336
1715689212.9080381,763404288,155,155
1715689213.9095573,763404288,152,152
1715689214.9107568,763404288,0,0
1715689215.9121485,763404288,345,345
1715689216.9134448,763404288,0,0
1715689217.914794,763404288,152,152
1715689218.916184,763404288,0,0
1715689219.917577,763404288,356,356
1715689220.9188693,763404288,399,399
1715689221.9201007,763404288,0,0
1715689222.9215143,763404288,155,155
1715689223.922646,763404288,0,0
1715689224.9239268,763404288,0,0
1715689225.9251115,763404288,618,618
1715689226.9267333,763404288,20781246,20781246
1715689227.9280906,763404288,625,625
1715689228.9294384,763404288,152,152
1715689229.9306448,763404288,636,636
1715689230.9320219,763404288,353,353
1715689231.9332483,763404288,853,853
1715689232.934775,763404288,31167709,31167709
1715689233.9361837,763404288,1256,1256
1715689234.9375694,763404288,1511,1511
1715689235.9387453,763404288,1337,1337
1715689236.9403157,763404288,1770,1770
1715689237.9415858,763404288,1071,1071
1715689238.9426718,763404288,1351,1351
1715689239.9439292,763404288,934,934
1715689240.9453394,763404288,1700,1700
1715689241.9467788,763404288,758,758
1715689242.9481997,763404288,1680,1680
1715689243.949601,763404288,763,763
1715689244.9510548,763404288,1244,1244
1715689245.952458,763404288,1446,1446
1715689246.9537902,763404288,941,941
1715689247.954741,763404288,1514,1514
1715689248.956096,763404288,1248,1248
1715689249.9574242,763404288,1652,1652
1715689250.9586089,763404288,1340,1340
1715689251.959778,763404288,1785,1785
1715689252.9611523,763404288,920,920
1715689253.9626133,763404288,1360,1360
1715689254.9639268,763404288,933,933
1715689255.9652462,763404288,1649,1649
1715689256.9667103,763404288,1047,1047
1715689257.9679315,763404288,10390745,10390745
1715689258.9691784,763404288,0,0
1715689259.970594,763404288,152,152
1715689260.9718838,763404288,350,350
1715689261.973332,763404288,0,0
1715689262.9745877,763404288,155,155
1715689263.9758775,763404288,0,0
1715689264.9772844,763404288,0,0
1715689265.9786365,763404288,344,344
1715689266.979853,763404288,0,0
1715689267.9812558,763404288,152,152
1715689268.9826686,763404288,0,0
1715689269.9839182,763404288,0,0
1715689270.985124,763404288,344,344
1715689271.9865654,763404288,0,0
1715689272.9880118,763404288,152,152
1715689273.9894304,763404288,0,0
1715689274.9905753,763404288,0,0
1715689275.992117,763404288,448,448
1715689276.9934123,763404288,614,614
1715689277.9947894,763404288,152,152
1715689278.996082,763404288,0,0
1715689279.9974241,763404288,354,354
1715689280.9987483,763404288,399,399
1715689282.0001202,763404288,0,0
1715689283.001528,763404288,155,155
1715689284.0027552,763404288,0,0
1715689285.0041034,763404288,0,0
1715689286.0053482,763404288,20776076,20776076
1715689287.0065923,763404288,1423,1423
1715689288.0079634,763404288,155,155
1715689289.0091963,763404288,303,303
1715689290.0106463,763404288,0,0
1715689291.0119271,763404288,347,347
1715689292.0129142,794992640,20780324,20780324
1715689293.013629,779657216,1860,1860
1715689294.014699,823709696,89513,89513
1715689295.0161252,848613376,1172,1172
1715689296.0173843,833376256,1799,1799
1715689297.0188007,858599424,2018,2018
1715689298.0201664,817422336,1498,1498
1715689299.0216599,905379840,1916,1916
1715689300.0226653,941158400,1530,1530
1715689301.023997,903487488,2278,2278
1715689302.0254161,991604736,1709,1709
1715689303.026687,905490432,1923,1923
1715689304.0279453,928833536,1557,1557
1715689305.028453,1121677312,1775,1775
1715689306.029925,1257877504,2016,2016
1715689307.030614,1161916416,1656,1656
1715689308.0319731,1157242880,1988,1988
1715689309.033369,1121476608,2102,2102
1715689310.034798,1182572544,1742,1742
1715689311.0361586,1238822912,2223,2223
1715689312.0374835,1075359744,1656,1656
1715689313.0386918,1205645312,1438,1438
1715689314.0400608,1062539264,1497,1497
1715689315.041438,1064620032,1509,1509
1715689316.0427313,1249828864,1915,1915
1715689317.0440798,1071198208,1659,1659
1715689318.0454943,1093332992,1502,1502
1715689319.0466733,1265311744,1510,1510
1715689320.0479734,1102528512,1510,1510
1715689321.0494182,1081540608,1907,1907
1715689322.050647,1104494592,1656,1656
1715689323.0519903,1205039104,1511,1511
1715689324.0533457,1227972608,1769,1769
1715689325.0547614,1125593088,1720,1720
1715689326.056147,1219158016,1904,1904
1715689327.0575306,1066921984,1654,1654
1715689328.0587401,1212387328,1503,1503
1715689329.0601318,943263744,1235,1235
1715689330.0615451,764829696,20778943,20778943
1715689331.0626829,764829696,353,353
1715689332.064074,764829696,155,155
1715689333.0653224,764829696,0,0
1715689334.0658417,764829696,0,0
1715689335.0668604,764829696,0,0
1715689336.068139,764829696,344,344
1715689337.0693624,764829696,152,152
1715689338.0707808,764829696,0,0
1715689339.0721586,764829696,0,0
1715689340.0729725,764829696,547,547
1715689341.0741863,764829696,347,347
1715689342.0747278,764829696,155,155
1715689343.0760424,764829696,0,0
1715689344.0774493,764829696,0,0
1715689345.0785782,764829696,0,0
1715689346.0799365,764829696,344,344
1715689347.081214,764829696,152,152
1715689348.0826046,764829696,0,0
1715689349.0837972,764829696,0,0
1715689350.0850787,764829696,0,0
1715689351.0853837,764829696,344,344
1715689352.0867999,764829696,152,152
1715689353.0880153,764829696,0,0
1715689354.089438,764829696,0,0
1715689355.0906265,764829696,0,0
1715689356.0918682,764829696,448,448
1715689357.0924761,764829696,152,152
1715689358.093867,932302848,20778402,20778402
1715689359.0947115,1181949952,0,0
1715689360.0960367,894406656,153,153
1715689361.0974598,880750592,453,453
1715689362.0988317,913752064,155,155
1715689363.1001916,888049664,0,0
1715689364.1016076,775602176,31170902,31170902
1715689365.1028116,775602176,780,780
1715689366.1041794,775602176,2118,2118
1715689367.105584,775602176,1185,1185
1715689368.106778,775602176,1239,1239
1715689369.1081152,775602176,1627,1627
1715689370.1094725,775602176,1935,1935
1715689371.1108043,775602176,1744,1744
1715689372.1122262,775602176,1525,1525
1715689373.113634,775602176,1401,1401
1715689374.114617,775602176,1210,1210
1715689375.115935,775602176,1563,1563
1715689376.117159,775602176,1348,1348
1715689377.1185277,775602176,1988,1988
1715689378.1198256,775602176,944,944
1715689379.1212308,775602176,1787,1787
1715689380.1225662,775602176,764,764
1715689381.1240592,775602176,1832,1832
1715689382.1253707,775602176,921,921
1715689383.126615,775602176,1529,1529
1715689384.1279504,775602176,1134,1134
1715689385.1293566,775602176,1592,1592
1715689386.130802,775602176,1122,1122
1715689387.1321843,775602176,1406,1406
1715689388.133561,775602176,1044,1044
1715689389.1348567,775602176,10392728,10392728
1715689390.1361098,775602176,199,199
1715689391.1374767,775602176,205,205
1715689392.1387374,775602176,490,490
1715689393.1401572,775602176,0,0
1715689394.1414433,775602176,152,152
1715689395.142913,775602176,193,193
1715689396.1443899,775602176,152,152
1715689397.145782,775602176,152,152
1715689398.1470182,775602176,0,0
1715689399.1482294,775602176,0,0
1715689400.1496775,775602176,499,499
1715689401.1507344,775602176,204,204
1715689402.152066,775602176,155,155
1715689403.1533494,775602176,0,0
1715689404.1548514,775602176,0,0
1715689405.1562524,775602176,192,192
1715689406.1575696,775602176,152,152
1715689407.1587458,775602176,152,152
1715689408.1599627,775602176,0,0
1715689409.1614144,775602176,0,0
1715689410.162664,775602176,192,192
1715689411.1639898,775602176,152,152
1715689412.165291,775602176,152,152
1715689413.1665108,775602176,0,0
1715689414.167922,775602176,0,0
1715689415.1693645,775602176,192,192
1715689416.1708677,775602176,152,152
1715689417.172228,775602176,20780926,20780926
1715689418.1736338,775602176,0,0
1715689419.1748905,775602176,152,152
1715689420.1761928,775602176,346,346
1715689421.177556,775602176,153,153
