Timestamp,MemoryUsage,NetSent,NetRecv
1715688548.5883074,512868352,189,189
1715688549.589565,520470528,10974,10974
1715688550.5906565,520470528,357,357
1715688551.5915186,520470528,0,0
1715688552.592825,520470528,156,156
1715688553.5940642,520470528,0,0
1715688554.594678,520470528,0,0
1715688555.5957122,520470528,344,344
1715688556.5970118,520470528,0,0
1715688557.5985112,520470528,152,152
1715688558.5997543,520470528,0,0
1715688559.601102,520470528,354,354
1715688560.602452,520470528,347,347
1715688561.603837,520470528,0,0
1715688562.6050832,520470528,155,155
1715688563.6063426,520470528,0,0
1715688564.6078374,520470528,0,0
1715688565.6092284,520470528,344,344
1715688566.6104808,520470528,0,0
1715688567.611919,520470528,152,152
1715688568.6132996,520470528,0,0
1715688569.614863,520470528,0,0
1715688570.6162207,520470528,20784073,20784073
1715688571.6177802,520470528,1738,1738
1715688572.6187766,520470528,1588,1588
1715688573.6200829,520470528,1484,1484
1715688574.621467,520470528,1215,1215
1715688575.6226149,520470528,1570,1570
1715688576.6240518,520470528,1166,1166
1715688577.6253989,520470528,949,949
1715688578.6267982,520470528,956,956
1715688579.6282148,520470528,1218,1218
1715688580.6295536,520470528,1884,1884
1715688581.6309052,520470528,669,669
1715688582.632324,520470528,2109,2109
1715688583.6330028,520470528,1104,1104
1715688584.634461,520470528,1619,1619
1715688585.63587,520470528,2399,2399
1715688586.637242,520470528,1491,1491
1715688587.6385481,520470528,1667,1667
1715688588.6399846,520470528,1954,1954
1715688589.6414044,520470528,1818,1818
1715688590.6428611,520470528,1915,1915
1715688591.6443248,520470528,1505,1505
1715688592.6452665,520470528,1654,1654
1715688593.645665,520470528,1227,1227
1715688594.6467235,520470528,1786,1786
1715688595.6480544,520470528,1859,1859
1715688596.6495342,520470528,1568,1568
1715688597.6507125,520470528,1671,1671
1715688598.6520946,520470528,2000,2000
1715688599.653542,520470528,1993,1993
1715688600.6547916,520470528,2253,2253
1715688601.6560912,520470528,1511,1511
1715688602.657496,520470528,2098,2098
1715688603.6587524,520470528,1518,1518
1715688604.6601057,520470528,1937,1937
1715688605.660956,520470528,1916,1916
1715688606.6624148,520470528,1516,1516
1715688607.663639,520470528,16032760,16032760
1715688608.6646397,520470528,4748667,4748667
1715688609.6658893,520470528,0,0
1715688610.6666408,520470528,506,506
1715688611.6680782,520470528,0,0
1715688612.669314,520470528,155,155
1715688613.6707003,520470528,0,0
1715688614.6721318,520470528,0,0
1715688615.6733797,520470528,344,344
1715688616.6748552,520470528,0,0
1715688617.6762462,520470528,152,152
1715688618.6774876,520470528,0,0
1715688619.6787522,520470528,547,547
1715688620.6801577,520470528,347,347
1715688621.6813953,520470528,0,0
1715688622.682663,520470528,155,155
1715688623.6840746,520470528,0,0
1715688624.6853101,520470528,0,0
1715688625.6867974,520470528,344,344
1715688626.6882298,520470528,0,0
1715688627.689463,520470528,152,152
1715688628.6908348,520470528,0,0
1715688629.692113,520470528,0,0
1715688630.693166,520470528,448,448
1715688631.69446,520470528,0,0
1715688632.6958592,520470528,152,152
1715688633.6972332,520470528,0,0
1715688634.6982057,520470528,0,0
1715688635.698768,520470528,344,344
1715688636.700199,520470528,0,0
1715688637.7014716,619118592,20780936,20780936
1715688638.7026236,714977280,714,714
1715688639.7039452,723378176,0,0
1715688640.7052178,883404800,664,664
1715688641.7065687,1038303232,0,0
1715688642.7078853,843317248,155,155
1715688643.7093232,707350528,20781813,20781813
1715688644.7106838,707350528,958,958
1715688645.7121024,707350528,1548,1548
1715688646.7134168,707350528,1438,1438
1715688647.7147493,707350528,1951,1951
1715688648.7161326,707350528,1797,1797
1715688649.7174897,707350528,1209,1209
1715688650.7187572,707350528,1557,1557
1715688651.720187,707350528,1156,1156
1715688652.7215862,707350528,1804,1804
1715688653.7227747,707350528,1731,1731
1715688654.7241392,707350528,1491,1491
1715688655.7254896,707350528,1619,1619
1715688656.7266366,707350528,1489,1489
1715688657.7279003,707350528,1652,1652
1715688658.7293837,707350528,1327,1327
1715688659.7306259,707350528,1491,1491
1715688660.731923,707350528,1796,1796
1715688661.7334728,707350528,1489,1489
1715688662.734795,707350528,1654,1654
1715688663.7361753,707350528,1494,1494
1715688664.7376215,707350528,1457,1457
1715688665.7387674,707350528,1903,1903
1715688666.7402046,707350528,1763,1763
1715688667.7416556,707350528,1863,1863
1715688668.7427535,707350528,1202,1202
1715688669.7441173,707350528,1865,1865
1715688670.745418,707350528,1480,1480
1715688671.746639,707350528,2198,2198
1715688672.7479029,707350528,1641,1641
1715688673.7492537,707350528,1924,1924
1715688674.7507253,707350528,1544,1544
1715688675.752155,707350528,1948,1948
1715688676.7535932,707350528,1601,1601
1715688677.754678,707350528,1669,1669
1715688678.755918,707350528,1922,1922
1715688679.7572615,707350528,1805,1805
1715688680.7586045,707350528,10391251,10391251
1715688681.75994,707350528,10389961,10389961
1715688682.761236,707350528,156,156
1715688683.7626579,707350528,306,306
1715688684.7638924,707350528,0,0
1715688685.7653012,707350528,351,351
1715688686.7667744,707350528,0,0
1715688687.7681565,707350528,152,152
1715688688.769711,707350528,0,0
1715688689.7707617,707350528,0,0
1715688690.772009,707350528,344,344
1715688691.7733057,707350528,0,0
1715688692.7747555,707350528,87741,87741
1715688693.7755208,707350528,158,158
1715688694.7760668,707350528,0,0
1715688695.7773254,707350528,505,505
1715688696.778577,707350528,0,0
1715688697.7798848,707350528,152,152
1715688698.7812808,707350528,0,0
1715688699.7825396,707350528,0,0
1715688700.783941,707350528,344,344
1715688701.7853575,707350528,0,0
1715688702.7866051,707350528,152,152
1715688703.7878733,707350528,0,0
1715688704.7893002,707350528,0,0
1715688705.7905807,707350528,344,344
1715688706.79185,707350528,0,0
1715688707.7932506,707350528,152,152
1715688708.7945058,707350528,656,656
1715688709.795911,707350528,302,302
1715688710.7972512,707350528,20777014,20777014
1715688711.7985597,707350528,3981,3981
1715688712.7998142,707350528,156,156
1715688713.801234,707350528,305,305
1715688714.8026414,707350528,0,0
1715688715.8040009,707350528,347,347
1715688716.8052857,707350528,20782959,20782959
1715688717.8066745,707350528,2353,2353
1715688718.8080335,707350528,1188,1188
1715688719.8094356,707350528,1495,1495
1715688720.8107705,707350528,1841,1841
1715688721.8120277,707350528,2147,2147
1715688722.8132815,707350528,1694,1694
1715688723.814576,707350528,1489,1489
1715688724.8158746,707350528,1495,1495
1715688725.8171456,707350528,1851,1851
1715688726.8184323,707350528,1546,1546
1715688727.8196993,707350528,1503,1503
1715688728.8209636,707350528,1494,1494
1715688729.822237,707350528,1505,1505
1715688730.822647,707350528,1855,1855
1715688731.824065,707350528,1126,1126
1715688732.8253405,707350528,1478,1478
1715688733.8263235,707350528,1702,1702
1715688734.8267648,707350528,1316,1316
1715688735.8274376,707350528,2243,2243
1715688736.8286486,707350528,1553,1553
1715688737.829966,707350528,1653,1653
1715688738.8311553,707350528,1496,1496
1715688739.832497,707350528,1308,1308
1715688740.8337734,707350528,1644,1644
1715688741.8351624,707350528,1506,1506
1715688742.8363433,707350528,1826,1826
1715688743.8376386,707350528,1562,1562
1715688744.83902,707350528,1557,1557
1715688745.8401253,707350528,1690,1690
1715688746.8415623,707350528,1453,1453
1715688747.842925,707350528,1182,1182
1715688748.8442426,707350528,1621,1621
1715688749.8453994,707350528,1768,1768
1715688750.846795,707350528,1641,1641
1715688751.8482425,707350528,813,813
1715688752.8495502,707350528,1334,1334
1715688753.850954,707350528,1509,1509
1715688754.852435,707350528,20780537,20780537
1715688755.8531642,707350528,351,351
1715688756.8546154,707350528,0,0
1715688757.8560302,707350528,155,155
1715688758.8574197,707350528,432,432
1715688759.858736,707350528,216,216
1715688760.8599114,707350528,344,344
1715688761.8612385,707350528,0,0
1715688762.8615158,707350528,152,152
1715688763.8631575,707350528,0,0
1715688764.8645546,707350528,0,0
1715688765.8653507,707350528,344,344
1715688766.8667688,707350528,0,0
1715688767.8680766,707350528,152,152
1715688768.8694224,707350528,356,356
1715688769.8709247,707350528,301,301
1715688770.872212,707350528,347,347
1715688771.873678,707350528,0,0
1715688772.8750548,707350528,155,155
1715688773.876455,707350528,0,0
1715688774.8778706,707350528,0,0
1715688775.8788168,707350528,344,344
1715688776.8800714,707350528,0,0
1715688777.881314,707350528,152,152
1715688778.882619,707350528,0,0
1715688779.88399,707350528,0,0
1715688780.885228,707350528,344,344
1715688781.886694,707350528,0,0
1715688782.8880095,707350528,152,152
1715688783.8893156,707350528,20779614,20779614
1715688784.8906002,707350528,4096,4096
1715688785.8919003,707350528,350,350
1715688786.8930821,707350528,0,0
1715688787.8942566,707350528,155,155
1715688788.895518,707350528,0,0
1715688789.8961022,707350528,955,955
1715688790.8977365,707350528,20778256,20778256
1715688791.8988523,707350528,1576,1576
1715688792.9001844,707350528,1676,1676
1715688793.9014888,707350528,1465,1465
1715688794.9027984,707350528,1467,1467
1715688795.90421,707350528,1755,1755
1715688796.9055934,707350528,1466,1466
1715688797.9068174,707350528,1619,1619
1715688798.9081025,707350528,1469,1469
1715688799.9094636,707350528,1772,1772
1715688800.9107628,707350528,1600,1600
1715688801.9121425,707350528,1419,1419
1715688802.9135222,707350528,1314,1314
1715688803.9146714,707350528,1214,1214
1715688804.9161062,707350528,804,804
1715688805.917483,707350528,1942,1942
1715688806.918776,707350528,1215,1215
1715688807.9201684,707350528,1370,1370
1715688808.9215715,707350528,1021,1021
1715688809.9229405,707350528,1475,1475
1715688810.9242475,707350528,1615,1615
1715688811.925814,707350528,1858,1858
1715688812.9266737,707350528,1660,1660
1715688813.9280798,707350528,1912,1912
1715688814.929434,707350528,1497,1497
1715688815.9306562,707350528,2301,2301
1715688816.932058,707350528,1538,1538
1715688817.9334857,707350528,1638,1638
1715688818.9347665,707350528,1290,1290
1715688819.9360824,707350528,1444,1444
1715688820.9374268,707350528,2334,2334
1715688821.9388354,707350528,1432,1432
1715688822.940357,707350528,1368,1368
1715688823.9416993,707350528,1483,1483
1715688824.9427137,707350528,1494,1494
1715688825.9440987,707350528,1905,1905
1715688826.945486,707350528,1217,1217
1715688827.9467604,707350528,20780030,20780030
1715688828.9479876,707350528,792,792
1715688829.949269,707350528,453,453
1715688830.9504817,707350528,350,350
1715688831.9517348,707350528,0,0
1715688832.9531167,707350528,155,155
1715688833.9543939,707350528,0,0
1715688834.9556174,707350528,0,0
1715688835.9570053,707350528,344,344
1715688836.9582868,707350528,0,0
1715688837.9586082,707350528,152,152
1715688838.9599159,707350528,0,0
1715688839.9612954,707350528,0,0
1715688840.9625597,707350528,448,448
1715688841.9639518,707350528,0,0
1715688842.9653528,707350528,152,152
1715688843.966596,707350528,0,0
1715688844.9678648,707350528,0,0
1715688845.9692688,707350528,344,344
1715688846.9706836,707350528,0,0
1715688847.9720862,707350528,152,152
1715688848.9730158,707350528,0,0
1715688849.9740217,707350528,0,0
1715688850.9752264,707350528,344,344
1715688851.9757075,707350528,336,336
1715688852.9771175,707350528,155,155
1715688853.978706,707350528,368,368
1715688854.9801216,707350528,0,0
1715688855.981358,707350528,345,345
1715688856.981841,707350528,0,0
1715688857.9826486,707350528,20778937,20778937
1715688858.984091,707350528,0,0
1715688859.9854014,707350528,513,513
1715688860.9866624,707350528,349,349
1715688861.9877467,707350528,0,0
1715688862.9889815,707350528,20777930,20777930
1715688863.9902139,707350528,10391884,10391884
1715688864.9906704,707350528,1404,1404
1715688865.9919236,707350528,1330,1330
1715688866.9933689,707350528,1343,1343
1715688867.9946961,707350528,910,910
1715688868.9961026,707350528,1500,1500
1715688869.9974904,707350528,762,762
1715688870.9987466,707350528,1331,1331
1715688872.0000196,707350528,1348,1348
1715688873.0013645,707350528,1098,1098
1715688874.002714,707350528,1348,1348
1715688875.0039341,707350528,940,940
1715688876.005264,707350528,1745,1745
1715688877.0065405,707350528,943,943
1715688878.0079327,707350528,1502,1502
1715688879.0093675,707350528,769,769
1715688880.0107157,707350528,1248,1248
1715688881.0115519,707350528,1452,1452
1715688882.0129108,707350528,1532,1532
1715688883.014185,707350528,1893,1893
1715688884.0154495,707350528,949,949
1715688885.01624,707350528,1829,1829
1715688886.0176294,707350528,1180,1180
1715688887.0187314,707350528,1899,1899
1715688888.0202746,707350528,979,979
1715688889.0216706,707350528,10391321,10391321
1715688890.022778,707350528,782,782
1715688891.0240579,707350528,357,357
1715688892.0253003,707350528,633,633
1715688893.0266001,707350528,0,0
1715688894.0280962,707350528,160,160
1715688895.0293508,707350528,0,0
1715688896.0309005,707350528,349,349
1715688897.032305,707350528,152,152
1715688898.0328095,707350528,0,0
1715688899.0342634,707350528,0,0
1715688900.035692,707350528,0,0
1715688901.0370073,707350528,448,448
1715688902.0385141,707350528,152,152
1715688903.039932,707350528,0,0
1715688904.0402358,707350528,0,0
1715688905.0416615,707350528,0,0
1715688906.0427701,707350528,344,344
1715688907.0431025,707350528,152,152
1715688908.0444567,707350528,0,0
1715688909.0458937,707350528,0,0
1715688910.0471919,707350528,0,0
1715688911.0485146,707350528,344,344
1715688912.049943,707350528,152,152
1715688913.0506356,707350528,0,0
1715688914.052069,707350528,0,0
1715688915.0531156,707350528,0,0
1715688916.0544693,707350528,448,448
1715688917.0557697,707350528,152,152
1715688918.0570958,707350528,0,0
1715688919.0585039,707350528,20781781,20781781
1715688920.0598178,707350528,1184,1184
1715688921.0611155,707350528,352,352
1715688922.0625277,707350528,155,155
1715688923.0639405,707350528,0,0
1715688924.065275,707350528,351,351
