Timestamp,MemoryUsage,NetSent,NetRecv
1715687589.9465473,509452288,0,0
1715687590.9475827,516530176,7496,7496
1715687591.9488826,516530176,439,439
1715687592.9501488,516530176,158,158
1715687593.9516156,516530176,153,153
1715687594.953015,516530176,0,0
1715687595.9542806,516530176,350,350
1715687596.9547043,516530176,152,152
1715687597.9559596,516530176,0,0
1715687598.957243,516530176,0,0
1715687599.958553,516530176,355,355
1715687600.959843,516530176,349,349
1715687601.9612923,516530176,155,155
1715687602.962738,516530176,0,0
1715687603.9641936,516530176,0,0
1715687604.9655924,516530176,0,0
1715687605.9667897,516530176,344,344
1715687606.9681017,516530176,152,152
1715687607.9696414,516530176,0,0
1715687608.9711316,516530176,0,0
1715687609.9723604,516530176,0,0
1715687610.9736443,516530176,20782151,20782151
1715687611.9746518,516530176,2721,2721
1715687612.9759104,516530176,1299,1299
1715687613.9771783,516530176,953,953
1715687614.9784546,516530176,944,944
1715687615.979731,516530176,1567,1567
1715687616.9810247,516530176,1423,1423
1715687617.98237,516530176,1161,1161
1715687618.9837766,516530176,1030,1030
1715687619.9851098,516530176,1168,1168
1715687620.986465,516530176,1622,1622
1715687621.9879556,516530176,1375,1375
1715687622.98939,516530176,1176,1176
1715687623.9909022,516530176,1747,1747
1715687624.9922402,516530176,1501,1501
1715687625.9935784,516530176,1901,1901
1715687626.9948342,516530176,1666,1666
1715687627.9961295,516530176,1499,1499
1715687628.997452,516530176,1797,1797
1715687629.9986854,516530176,1799,1799
1715687631.0000598,516530176,1890,1890
1715687632.0014477,516530176,1647,1647
1715687633.0027041,516530176,1507,1507
1715687634.0040927,516530176,1510,1510
1715687635.005604,516530176,1512,1512
1715687636.0067723,516530176,1537,1537
1715687637.0081706,516530176,11233,11233
1715687638.00971,516530176,5177,5177
1715687639.0107293,516530176,2004,2004
1715687640.0121455,516530176,2155,2155
1715687641.0133834,516530176,1765,1765
1715687642.014789,516530176,1502,1502
1715687643.015325,516530176,1454,1454
1715687644.0166824,516530176,1509,1509
1715687645.0175552,516530176,1513,1513
1715687646.0188823,516530176,1914,1914
1715687647.0202577,516530176,1355,1355
1715687648.0215364,516530176,1244,1244
1715687649.0227823,516530176,20780681,20780681
1715687650.024103,516530176,1935,1935
1715687651.0253634,516530176,356,356
1715687652.0268905,516530176,155,155
1715687653.0283327,516530176,0,0
1715687654.0287368,516530176,0,0
1715687655.0302057,516530176,0,0
1715687656.0316029,516530176,344,344
1715687657.0328677,516530176,152,152
1715687658.0342863,516530176,0,0
1715687659.0348184,516530176,0,0
1715687660.0360904,516530176,353,353
1715687661.0371425,516530176,347,347
1715687662.0387943,516530176,155,155
1715687663.0401893,516530176,0,0
1715687664.0416448,516530176,0,0
1715687665.0429559,516530176,0,0
1715687666.0442598,516530176,344,344
1715687667.045504,516530176,152,152
1715687668.0466306,516530176,0,0
1715687669.0479472,516530176,0,0
1715687670.0493748,516530176,0,0
1715687671.0507798,516530176,344,344
1715687672.0522296,516530176,152,152
1715687673.0528452,516530176,0,0
1715687674.0543265,516530176,0,0
1715687675.054831,516530176,0,0
1715687676.0560806,516530176,20778762,20778762
1715687677.0574949,516530176,2337,2337
1715687678.0586383,516530176,0,0
1715687679.0600204,516530176,306,306
1715687680.0614395,516530176,339,339
1715687681.0626767,516530176,350,350
1715687682.0648909,589910016,20781111,20781111
1715687683.0662377,762519552,4459,4459
1715687684.0666413,783785984,1930,1930
1715687685.0680518,895877120,1359,1359
1715687686.069511,782393344,2319,2319
1715687687.070816,836317184,2261,2261
1715687688.0721984,744329216,2136,2136
1715687689.0735378,770768896,1907,1907
1715687690.0747278,723476480,1734,1734
1715687691.0760276,836218880,2479,2479
1715687692.0773818,752586752,1651,1651
1715687693.0787673,773279744,1735,1735
1715687694.0801842,853389312,1231,1231
1715687695.0815978,859418624,1495,1495
1715687696.0827272,889729024,1897,1897
1715687697.0841825,1016160256,1667,1667
1715687698.0855439,1163337728,1507,1507
1715687699.0867465,1183772672,1514,1514
1715687700.0881977,1016905728,1507,1507
1715687701.0896637,1078276096,2340,2340
1715687702.0908318,1020481536,1667,1667
1715687703.092432,1033703424,1501,1501
1715687704.0937707,885055488,1501,1501
1715687705.0948272,843386880,1504,1504
1715687706.0962255,927006720,1855,1855
1715687707.0976617,915324928,1396,1396
1715687708.0987537,891203584,973,973
1715687709.1001618,917041152,1503,1503
1715687710.1015334,918499328,1453,1453
1715687711.1026542,899252224,1900,1900
1715687712.104019,854421504,1652,1652
1715687713.1054635,832000000,1503,1503
1715687714.1066904,739332096,1870,1870
1715687715.108061,1033203712,1557,1557
1715687716.1093252,1130192896,1906,1906
1715687717.1108332,983048192,1510,1510
1715687718.1122775,1116012544,1503,1503
1715687719.1135428,710008832,1774,1774
1715687720.1148639,758849536,20781631,20781631
1715687721.1165054,758849536,352,352
1715687722.117768,758849536,156,156
1715687723.1188004,758849536,0,0
1715687724.1201243,758849536,0,0
1715687725.1214552,758849536,192,192
1715687726.1227758,758849536,152,152
1715687727.124349,758849536,152,152
1715687728.125788,758849536,0,0
1715687729.127114,758849536,0,0
1715687730.1285238,758849536,192,192
1715687731.1298473,758849536,152,152
1715687732.1306481,758849536,152,152
1715687733.1319277,758849536,0,0
1715687734.1333807,758849536,0,0
1715687735.134826,758849536,296,296
1715687736.136232,758849536,152,152
1715687737.1376646,758849536,152,152
1715687738.1390762,758849536,0,0
1715687739.140422,758849536,0,0
1715687740.141962,758849536,192,192
1715687741.142708,758849536,152,152
1715687742.1440594,758849536,152,152
1715687743.1454003,758849536,0,0
1715687744.146672,758849536,0,0
1715687745.147924,758849536,192,192
1715687746.1491783,758849536,424,424
1715687747.1504629,758849536,20781054,20781054
1715687748.1517708,758849536,605,605
1715687749.1531985,758849536,151,151
1715687750.1545534,758849536,497,497
1715687751.155918,758849536,205,205
1715687752.1571157,758849536,1092,1092
1715687753.158445,758849536,20777599,20777599
1715687754.1597223,758849536,1307,1307
1715687755.161058,758849536,1343,1343
1715687756.1624832,758849536,1601,1601
1715687757.1634877,758849536,1833,1833
1715687758.1648338,758849536,1457,1457
1715687759.1662464,758849536,1407,1407
1715687760.1667848,758849536,1406,1406
1715687761.168111,758849536,1672,1672
1715687762.1695187,758849536,1619,1619
1715687763.170789,758849536,1472,1472
1715687764.1720955,758849536,1475,1475
1715687765.1734607,758849536,1627,1627
1715687766.1748133,758849536,1694,1694
1715687767.1752424,758849536,1650,1650
1715687768.1766648,758849536,1968,1968
1715687769.1779797,758849536,1498,1498
1715687770.1786957,758849536,1682,1682
1715687771.1799603,758849536,1138,1138
1715687772.181229,758849536,1946,1946
1715687773.182497,758849536,1502,1502
1715687774.1837847,758849536,1497,1497
1715687775.1851335,758849536,1527,1527
1715687776.1865842,758849536,1695,1695
1715687777.1879892,758849536,1638,1638
1715687778.189433,758849536,1492,1492
1715687779.1908114,758849536,1497,1497
1715687780.1924083,758849536,2179,2179
1715687781.1937006,758849536,1639,1639
1715687782.1948197,758849536,1917,1917
1715687783.1962092,758849536,1497,1497
1715687784.1975465,758849536,1217,1217
1715687785.1988075,758849536,1700,1700
1715687786.1993468,758849536,1650,1650
1715687787.200781,758849536,1648,1648
1715687788.2020946,758849536,88101,88101
1715687789.2026522,758849536,1061,1061
1715687790.2041104,758849536,10388979,10388979
1715687791.2045767,758849536,10393005,10393005
1715687792.2058449,758849536,155,155
1715687793.2070203,758849536,305,305
1715687794.20832,758849536,0,0
1715687795.2098997,758849536,194,194
1715687796.2109559,758849536,156,156
1715687797.2123675,758849536,152,152
1715687798.2135756,758849536,0,0
1715687799.214627,758849536,0,0
1715687800.2158957,758849536,892,892
1715687801.217342,758849536,152,152
1715687802.2186503,758849536,525,525
1715687803.2199388,758849536,9857,9857
1715687804.2212682,758849536,6232,6232
1715687805.2226021,758849536,1130,1130
1715687806.2231061,758849536,3521,3521
1715687807.224539,758849536,158,158
1715687808.2258315,758849536,0,0
1715687809.2273426,758849536,360,360
1715687810.228706,758849536,652,652
1715687811.2301214,758849536,938,938
1715687812.2314365,758849536,157,157
1715687813.2327232,758849536,0,0
1715687814.2339947,758849536,0,0
1715687815.2349102,758849536,837,837
1715687816.2358227,758849536,0,0
1715687817.2367508,758849536,20781900,20781900
1715687818.2381797,758849536,3015,3015
1715687819.238818,758849536,319,319
1715687820.2401497,758849536,662,662
1715687821.2414284,758849536,0,0
1715687822.2427495,758849536,632,632
1715687823.2440002,758849536,20777994,20777994
1715687824.245358,758849536,4319,4319
1715687825.2468421,758849536,1928,1928
1715687826.2481863,758849536,1535,1535
1715687827.2495444,758849536,1634,1634
1715687828.250923,758849536,1486,1486
1715687829.252297,758849536,1483,1483
1715687830.2536206,758849536,1575,1575
1715687831.254856,758849536,1535,1535
1715687832.2562885,758849536,950,950
1715687833.25771,758849536,965,965
1715687834.258692,758849536,1434,1434
1715687835.2593822,758849536,1590,1590
1715687836.2607179,758849536,1275,1275
1715687837.262023,758849536,1113,1113
1715687838.2627409,758849536,962,962
1715687839.2641878,758849536,1184,1184
1715687840.2655191,758849536,1896,1896
1715687841.2666762,758849536,1227,1227
1715687842.268094,758849536,1347,1347
1715687843.2695293,758849536,953,953
1715687844.2707884,758849536,964,964
1715687845.2722096,758849536,1318,1318
1715687846.2735085,758849536,1229,1229
1715687847.274773,758849536,1509,1509
1715687848.2763216,758849536,1247,1247
1715687849.2776847,758849536,962,962
1715687850.27878,758849536,1861,1861
1715687851.2796376,758849536,1504,1504
1715687852.2807114,758849536,1601,1601
1715687853.2816014,758849536,968,968
1715687854.2827976,758849536,1505,1505
1715687855.284245,758849536,1806,1806
1715687856.2852726,758849536,1507,1507
1715687857.2867746,758849536,1664,1664
1715687858.2882044,758849536,1230,1230
1715687859.2894826,758849536,1175,1175
1715687860.2906752,758849536,1807,1807
1715687861.2921252,758849536,20782348,20782348
1715687862.2933848,758849536,156,156
1715687863.294835,758849536,313,313
1715687864.296341,758849536,153,153
1715687865.297799,758849536,349,349
1715687866.298731,758849536,0,0
1715687867.3000197,758849536,152,152
1715687868.3012402,758849536,535,535
1715687869.302656,758849536,301,301
1715687870.3040857,758849536,650,650
1715687871.3054042,758849536,0,0
1715687872.3067813,758849536,155,155
1715687873.3082004,758849536,0,0
1715687874.3095894,758849536,0,0
1715687875.3106432,758849536,344,344
1715687876.3121247,758849536,0,0
1715687877.3134537,758849536,152,152
1715687878.3146508,758849536,0,0
1715687879.3153605,758849536,0,0
1715687880.3160694,758849536,344,344
1715687881.3174672,758849536,0,0
1715687882.318654,758849536,152,152
1715687883.3196368,758849536,0,0
1715687884.3210661,758849536,0,0
1715687885.322322,758849536,344,344
1715687886.322865,758849536,480,480
1715687887.3242984,758849536,152,152
1715687888.3255439,758849536,20776858,20776858
1715687889.3266966,758849536,871,871
1715687890.3281536,758849536,678,678
1715687891.3294666,758849536,159,159
1715687892.3307061,758849536,155,155
1715687893.332044,758849536,635,635
1715687894.3334742,758849536,20778375,20778375
1715687895.3347852,758849536,1991,1991
1715687896.3358543,758849536,1473,1473
1715687897.337231,758849536,1066,1066
1715687898.3386548,758849536,1465,1465
1715687899.340084,758849536,878,878
1715687900.3415601,758849536,1703,1703
1715687901.3427835,758849536,1201,1201
1715687902.3441062,758849536,1315,1315
1715687903.345509,758849536,2199,2199
1715687904.346702,758849536,1201,1201
1715687905.3474839,758849536,1885,1885
1715687906.348842,758849536,1483,1483
1715687907.3501635,758849536,1328,1328
1715687908.3506634,758849536,1472,1472
1715687909.3519197,758849536,1475,1475
1715687910.3531885,758849536,1772,1772
1715687911.3544707,758849536,1473,1473
1715687912.355714,758849536,1640,1640
1715687913.3569648,758849536,1174,1174
1715687914.3582573,758849536,1319,1319
1715687915.3587132,758849536,1843,1843
1715687916.3599958,758849536,1542,1542
1715687917.3613763,758849536,2070,2070
1715687918.362701,758849536,1543,1543
1715687919.364127,758849536,1805,1805
1715687920.3655648,758849536,2193,2193
1715687921.3667564,758849536,1488,1488
1715687922.3676453,758849536,1644,1644
1715687923.3689175,758849536,1483,1483
1715687924.370312,758849536,956,956
1715687925.3708117,758849536,1594,1594
1715687926.372188,758849536,1448,1448
1715687927.3736649,758849536,1659,1659
1715687928.3747854,758849536,1673,1673
1715687929.3762362,758849536,2111,2111
1715687930.3775868,758849536,2471,2471
1715687931.3788223,758849536,10391785,10391785
1715687932.3801792,758849536,10389382,10389382
1715687933.3814082,758849536,0,0
1715687934.3825953,758849536,305,305
1715687935.3840082,758849536,352,352
1715687936.385402,758849536,0,0
1715687937.386811,758849536,152,152
1715687938.3882372,758849536,0,0
1715687939.3896399,758849536,0,0
1715687940.390614,758849536,344,344
1715687941.3918421,758849536,0,0
1715687942.3932555,758849536,152,152
1715687943.394892,758849536,0,0
1715687944.3962016,758849536,0,0
1715687945.3976262,758849536,344,344
1715687946.3985884,758849536,0,0
1715687947.4000092,758849536,152,152
1715687948.4013538,758849536,0,0
1715687949.4022536,758849536,0,0
1715687950.402761,758849536,448,448
1715687951.4039898,758849536,0,0
1715687952.4054487,758849536,491,491
1715687953.4068453,758849536,0,0
1715687954.4082382,758849536,151,151
1715687955.4095001,758849536,345,345
1715687956.410788,758849536,0,0
1715687957.4120345,758849536,631,631
1715687958.4132664,758849536,0,0
1715687959.414741,758849536,20780089,20780089
1715687960.416165,758849536,515,515
1715687961.4174376,758849536,0,0
1715687962.4186456,758849536,631,631
1715687963.4199412,758849536,0,0
