Timestamp,MemoryUsage,NetSent,NetRecv
1715688548.5148966,512569344,203,203
1715688549.5162146,520433664,16401,16401
1715688550.517419,520433664,357,357
1715688551.518702,520433664,0,0
1715688552.5201073,520433664,156,156
1715688553.5215216,520433664,0,0
1715688554.522663,520433664,0,0
1715688555.523947,520433664,344,344
1715688556.5253382,520433664,0,0
1715688557.5267348,520433664,152,152
1715688558.5279977,520433664,0,0
1715688559.529383,520433664,0,0
1715688560.5307405,520433664,701,701
1715688561.5320532,520433664,0,0
1715688562.5334196,520433664,155,155
1715688563.5346417,520433664,0,0
1715688564.535997,520433664,0,0
1715688565.5372887,520433664,344,344
1715688566.5385828,520433664,0,0
1715688567.539961,520433664,152,152
1715688568.5413382,520433664,0,0
1715688569.542767,520433664,0,0
1715688570.5441167,896921600,20784073,20784073
1715688571.5446343,1131814912,1738,1738
1715688572.546075,917278720,1297,1297
1715688573.5469108,1077985280,1448,1448
1715688574.5483499,876421120,1542,1542
1715688575.5497808,890474496,1518,1518
1715688576.5508544,909307904,1166,1166
1715688577.5524006,904761344,717,717
1715688578.5537884,875151360,954,954
1715688579.5547197,921006080,1047,1047
1715688580.5560393,893759488,1510,1510
1715688581.5573442,826511360,1192,1192
1715688582.5587504,820527104,1604,1604
1715688583.5601032,855019520,1498,1498
1715688584.5614884,883994624,1759,1759
1715688585.56275,952561664,2120,2120
1715688586.5641184,918089728,2049,2049
1715688587.5654101,945225728,1492,1492
1715688588.566699,959922176,1828,1828
1715688589.568037,884281344,1818,1818
1715688590.5693755,859246592,2216,2216
1715688591.5707986,762675200,1225,1225
1715688592.572024,775225344,1349,1349
1715688593.5736566,762773504,1504,1504
1715688594.5747843,740372480,1813,1813
1715688595.576153,814178304,1552,1552
1715688596.5773516,800575488,1567,1567
1715688597.578646,881631232,1979,1979
1715688598.5799854,906657792,2001,2001
1715688599.581348,978366464,2273,2273
1715688600.5827177,827367424,2253,2253
1715688601.5841188,1027006464,1511,1511
1715688602.585475,1131995136,2098,2098
1715688603.5866785,1039474688,1518,1518
1715688604.5881298,1126379520,1779,1779
1715688605.5894208,1000255488,2074,2074
1715688606.5906796,877801472,1244,1244
1715688607.591904,751656960,10389643,10389643
1715688608.5931268,751656960,10392056,10392056
1715688609.5946865,751656960,0,0
1715688610.5961032,751656960,506,506
1715688611.5973508,751656960,0,0
1715688612.598796,751656960,155,155
1715688613.6001027,751656960,0,0
1715688614.6014664,751656960,0,0
1715688615.6026297,751656960,344,344
1715688616.6040385,751656960,0,0
1715688617.6054168,751656960,152,152
1715688618.6065826,751656960,0,0
1715688619.6078432,751656960,547,547
1715688620.6089714,751656960,347,347
1715688621.610257,751656960,0,0
1715688622.6107168,751656960,155,155
1715688623.6120837,751656960,0,0
1715688624.6133237,751656960,0,0
1715688625.6146913,751656960,344,344
1715688626.6160748,751656960,0,0
1715688627.616769,751656960,152,152
1715688628.6181724,751656960,0,0
1715688629.6195214,751656960,0,0
1715688630.6207345,751656960,448,448
1715688631.6219978,751656960,0,0
1715688632.6227102,751656960,152,152
1715688633.6239088,751656960,0,0
1715688634.6250017,751656960,0,0
1715688635.6263006,751656960,344,344
1715688636.6275258,751656960,0,0
1715688637.6288192,751656960,20780372,20780372
1715688638.6301458,751656960,1278,1278
1715688639.6306524,751656960,0,0
1715688640.631952,751656960,664,664
1715688641.633384,751656960,0,0
1715688642.6347408,751656960,155,155
1715688643.636054,947204096,20781567,20781567
1715688644.6374555,982085632,618,618
1715688645.6386383,987688960,1555,1555
1715688646.6400037,991899648,1505,1505
1715688647.6413567,834621440,1907,1907
1715688648.6427338,954073088,2073,2073
1715688649.644026,859881472,1182,1182
1715688650.6454191,884899840,1287,1287
1715688651.646744,1021747200,1202,1202
1715688652.6480186,985481216,1886,1886
1715688653.6493492,972947456,1624,1624
1715688654.6506422,919195648,1765,1765
1715688655.6518998,1235742720,1901,1901
1715688656.6532757,1065725952,1319,1319
1715688657.6546447,1144987648,1649,1649
1715688658.656102,1280892928,1500,1500
1715688659.6574116,1258475520,1491,1491
1715688660.658758,1204875264,1796,1796
1715688661.6602755,1028128768,1489,1489
1715688662.6615245,1130795008,1654,1654
1715688663.6626248,1056456704,1494,1494
1715688664.6640198,1052516352,1457,1457
1715688665.6654303,1013600256,1903,1903
1715688666.6667123,1015476224,1763,1763
1715688667.6680615,912052224,1582,1582
1715688668.6692884,836440064,1177,1177
1715688669.6708536,778510336,1863,1863
1715688670.6720622,811094016,1788,1788
1715688671.673255,855121920,2198,2198
1715688672.6745675,767119360,1641,1641
1715688673.6758065,811184128,1742,1742
1715688674.677109,855371776,1547,1547
1715688675.678477,842805248,2127,2127
1715688676.6798334,803151872,1601,1601
1715688677.6811135,855502848,1498,1498
1715688678.6824558,855408640,1922,1922
1715688679.683727,810471424,1976,1976
1715688680.6849868,770527232,10391093,10391093
1715688681.686236,770527232,10390119,10390119
1715688682.686749,770527232,156,156
1715688683.6880078,770527232,306,306
1715688684.689302,770527232,0,0
1715688685.6904945,770527232,351,351
1715688686.6916966,770527232,0,0
1715688687.6929524,770527232,152,152
1715688688.6944625,770527232,0,0
1715688689.6958442,770527232,0,0
1715688690.697137,770527232,344,344
1715688691.6976807,770527232,0,0
1715688692.69875,770527232,87741,87741
1715688693.7000978,770527232,158,158
1715688694.701385,770527232,0,0
1715688695.702736,770527232,505,505
1715688696.704174,770527232,0,0
1715688697.7055895,770527232,152,152
1715688698.7066398,770527232,0,0
1715688699.7080266,770527232,0,0
1715688700.7093139,770527232,344,344
1715688701.7107127,770527232,0,0
1715688702.712162,770527232,152,152
1715688703.7135956,770527232,0,0
1715688704.7146833,770527232,0,0
1715688705.71641,770527232,344,344
1715688706.71753,770527232,0,0
1715688707.71866,770527232,152,152
1715688708.7200477,770527232,656,656
1715688709.721156,770527232,302,302
1715688710.722153,782323712,20776770,20776770
1715688711.722609,820785152,4225,4225
1715688712.7235658,814747648,156,156
1715688713.724867,1001533440,305,305
1715688714.7262309,849649664,0,0
1715688715.726753,1071132672,347,347
1715688716.7281592,764760064,20782067,20782067
1715688717.729475,764760064,2938,2938
1715688718.730677,764760064,1495,1495
1715688719.7319746,764760064,1495,1495
1715688720.7332711,764760064,1841,1841
1715688721.734638,764760064,1984,1984
1715688722.7359362,764760064,1695,1695
1715688723.7372236,764760064,1488,1488
1715688724.7384992,764760064,1490,1490
1715688725.739781,764760064,1853,1853
1715688726.7410645,764760064,1546,1546
1715688727.742343,764760064,1502,1502
1715688728.742651,764760064,1493,1493
1715688729.7439635,764760064,1504,1504
1715688730.7453804,764760064,1668,1668
1715688731.746816,764760064,1290,1290
1715688732.7478294,764760064,1670,1670
1715688733.7492256,764760064,1511,1511
1715688734.750655,764760064,1507,1507
1715688735.7520216,764760064,2243,2243
1715688736.7533336,764760064,1553,1553
1715688737.7555885,764760064,1653,1653
1715688738.7568629,764760064,1496,1496
1715688739.7577157,764760064,1308,1308
1715688740.7587066,764760064,1644,1644
1715688741.7601466,764760064,1506,1506
1715688742.761566,764760064,1826,1826
1715688743.7627063,764760064,1562,1562
1715688744.764117,764760064,1557,1557
1715688745.7654424,764760064,1690,1690
1715688746.7667615,764760064,1453,1453
1715688747.7680259,764760064,1182,1182
1715688748.769329,764760064,1621,1621
1715688749.7706444,764760064,1768,1768
1715688750.7720137,764760064,1641,1641
1715688751.7735093,764760064,813,813
1715688752.774835,764760064,1334,1334
1715688753.7762258,764760064,1509,1509
1715688754.7776043,764760064,20780537,20780537
1715688755.778959,764760064,351,351
1715688756.7801862,764760064,0,0
1715688757.781532,764760064,155,155
1715688758.782735,764760064,432,432
1715688759.7840018,764760064,216,216
1715688760.7852833,764760064,344,344
1715688761.786178,764760064,0,0
1715688762.786623,764760064,152,152
1715688763.7879152,764760064,0,0
1715688764.7893186,764760064,0,0
1715688765.7905538,764760064,344,344
1715688766.7919521,764760064,0,0
1715688767.793354,764760064,152,152
1715688768.7945833,764760064,356,356
1715688769.795973,764760064,301,301
1715688770.79722,764760064,347,347
1715688771.7984288,764760064,0,0
1715688772.7997305,764760064,155,155
1715688773.8011067,764760064,0,0
1715688774.8023171,764760064,0,0
1715688775.8033044,764760064,344,344
1715688776.8041728,764760064,0,0
1715688777.8053951,764760064,152,152
1715688778.8067355,764760064,0,0
1715688779.8079555,764760064,0,0
1715688780.8092496,764760064,344,344
1715688781.8105564,764760064,0,0
1715688782.8117118,764760064,152,152
1715688783.8128958,764760064,234,234
1715688784.8142579,764760064,20783476,20783476
1715688785.8146672,764760064,350,350
1715688786.8159096,764760064,0,0
1715688787.817311,764760064,155,155
1715688788.8187466,764760064,0,0
1715688789.8199894,764760064,728,728
1715688790.820858,958869504,20778483,20778483
1715688791.8222108,1021816832,1576,1576
1715688792.822679,969650176,1676,1676
1715688793.824045,1147678720,1465,1465
1715688794.8252969,952516608,1467,1467
1715688795.8266134,860221440,1755,1755
1715688796.8280356,981991424,1466,1466
1715688797.829349,913059840,1619,1619
1715688798.8307633,1015918592,1469,1469
1715688799.832138,890646528,1772,1772
1715688800.8334665,905072640,1600,1600
1715688801.8348165,1138024448,1419,1419
1715688802.8361866,968699904,1314,1314
1715688803.8374887,864509952,1214,1214
1715688804.8386602,1074356224,804,804
1715688805.839978,981979136,1942,1942
1715688806.8413484,841609216,1215,1215
1715688807.8427086,1174568960,1370,1370
1715688808.8440433,1116741632,1021,1021
1715688809.845357,1122430976,1475,1475
1715688810.8467193,1217060864,1615,1615
1715688811.8479786,1254813696,1858,1858
1715688812.849226,1146028032,1660,1660
1715688813.850525,1243435008,1912,1912
1715688814.851782,1283694592,1497,1497
1715688815.8530395,1112190976,2143,2143
1715688816.8543463,1149960192,1696,1696
1715688817.8548212,1167814656,1368,1368
1715688818.8562102,1192701952,1560,1560
1715688819.8576097,1070145536,1444,1444
1715688820.8588097,1053122560,2334,2334
1715688821.8598256,1215901696,1380,1380
1715688822.8606927,1211195392,1420,1420
1715688823.862082,1135497216,1205,1205
1715688824.8627694,1081413632,1494,1494
1715688825.8640018,1085202432,1619,1619
1715688826.865353,835444736,1500,1500
1715688827.8667753,768098304,20780311,20780311
1715688828.868019,768098304,792,792
1715688829.869332,768098304,453,453
1715688830.870802,768098304,350,350
1715688831.8714068,768098304,0,0
1715688832.872051,768098304,155,155
1715688833.873459,768098304,0,0
1715688834.8747387,768098304,0,0
1715688835.8761866,768098304,344,344
1715688836.877621,768098304,0,0
1715688837.8788025,768098304,152,152
1715688838.8801093,768098304,0,0
1715688839.8815281,768098304,0,0
1715688840.882608,768098304,448,448
1715688841.8840275,768098304,0,0
1715688842.88528,768098304,152,152
1715688843.8865232,768098304,0,0
1715688844.8878212,768098304,0,0
1715688845.8893476,768098304,344,344
1715688846.8905966,768098304,0,0
1715688847.8919604,768098304,152,152
1715688848.8933346,768098304,0,0
1715688849.8945842,768098304,0,0
1715688850.895965,768098304,344,344
1715688851.8970847,768098304,336,336
1715688852.898353,768098304,155,155
1715688853.8996773,768098304,368,368
1715688854.9010887,768098304,0,0
1715688855.9023526,768098304,345,345
1715688856.9026527,768098304,0,0
1715688857.904108,1035014144,20778937,20778937
1715688858.9055696,990687232,0,0
1715688859.9068062,940318720,513,513
1715688860.9080803,835555328,349,349
1715688861.9093847,851390464,0,0
1715688862.9105701,779763712,1037,1037
1715688863.9117918,779763712,31168777,31168777
1715688864.9130843,779763712,1404,1404
1715688865.9145517,779763712,1159,1159
1715688866.9159262,779763712,1232,1232
1715688867.9172158,779763712,1192,1192
1715688868.9188209,779763712,915,915
1715688869.9202006,779763712,1347,1347
1715688870.9208958,779763712,1331,1331
1715688871.9213119,779763712,1348,1348
1715688872.9222088,779763712,1098,1098
1715688873.9226575,779763712,1348,1348
1715688874.9239843,779763712,765,765
1715688875.9253917,779763712,1639,1639
1715688876.9267535,779763712,1044,1044
1715688877.9280958,779763712,1096,1096
1715688878.9294198,779763712,1355,1355
1715688879.9307468,779763712,941,941
1715688880.9320812,779763712,1759,1759
1715688881.9333036,779763712,1376,1376
1715688882.9346457,779763712,2049,2049
1715688883.93601,779763712,772,772
1715688884.937223,779763712,1724,1724
1715688885.9387357,779763712,1462,1462
1715688886.9401374,779763712,1209,1209
1715688887.9415224,779763712,1669,1669
1715688888.9425628,779763712,10390666,10390666
1715688889.9439523,779763712,1437,1437
1715688890.9452567,779763712,357,357
1715688891.9464908,779763712,477,477
1715688892.94787,779763712,156,156
1715688893.94924,779763712,160,160
1715688894.9504702,779763712,0,0
1715688895.9518313,779763712,349,349
1715688896.953108,779763712,0,0
1715688897.9545135,779763712,152,152
1715688898.955869,779763712,0,0
1715688899.9572809,779763712,0,0
1715688900.9585364,779763712,448,448
1715688901.959805,779763712,0,0
1715688902.9612367,779763712,152,152
1715688903.9626498,779763712,0,0
1715688904.9639368,779763712,0,0
1715688905.9653368,779763712,344,344
1715688906.9666216,779763712,0,0
1715688907.9680095,779763712,152,152
1715688908.9693937,779763712,0,0
1715688909.9707851,779763712,0,0
1715688910.9721906,779763712,344,344
1715688911.9736032,779763712,0,0
1715688912.9748309,779763712,152,152
1715688913.9761267,779763712,0,0
1715688914.9767869,779763712,0,0
1715688915.9782064,779763712,448,448
1715688916.9787292,779763712,0,0
1715688917.9800181,779763712,152,152
1715688918.9813175,779763712,20781502,20781502
1715688919.9827073,779763712,1463,1463
1715688920.9841976,779763712,352,352
1715688921.9855406,779763712,0,0
1715688922.9867096,779763712,155,155
1715688923.987965,779763712,0,0
