Timestamp,MemoryUsage,NetSent,NetRecv
1715689066.4249382,512356352,0,0
1715689067.4263597,520220672,16846,16846
1715689068.4266016,520220672,307,307
1715689069.4281294,520220672,612,612
1715689070.4294064,520220672,707,707
1715689071.430613,520220672,0,0
1715689072.4313214,520220672,155,155
1715689073.4327004,520220672,0,0
1715689074.4339445,520220672,0,0
1715689075.434813,520220672,344,344
1715689076.4362283,520220672,0,0
1715689077.437627,520220672,152,152
1715689078.438788,520220672,0,0
1715689079.4401133,520220672,0,0
1715689080.4415388,520220672,344,344
1715689081.4426048,520220672,0,0
1715689082.4439979,520220672,152,152
1715689083.445542,520220672,0,0
1715689084.446841,520220672,0,0
1715689085.4480991,520220672,833,833
1715689086.4495194,520220672,0,0
1715689087.5366886,552517632,20781298,20781298
1715689088.5379977,710819840,4967,4967
1715689089.538765,858095616,2001,2001
1715689090.5402086,951238656,1955,1955
1715689091.5415308,871936000,1758,1758
1715689092.542781,921382912,1887,1887
1715689093.5441728,827969536,1499,1499
1715689094.54557,776880128,1973,1973
1715689095.5467236,730370048,1838,1838
1715689096.5479949,1011363840,1506,1506
1715689097.5494094,1035894784,1649,1649
1715689098.550773,953094144,1484,1484
1715689099.551399,897818624,1506,1506
1715689100.552727,764276736,2595,2595
1715689101.5541584,894230528,1236,1236
1715689102.554782,890687488,1970,1970
1715689103.5561688,900272128,1787,1787
1715689104.557451,864747520,1225,1225
1715689105.5589488,749309952,1634,1634
1715689106.5601609,709091328,1501,1501
1715689107.56095,749232128,1654,1654
1715689108.56224,749236224,1159,1159
1715689109.5634322,752390144,1244,1244
1715689110.5646188,777568256,1858,1858
1715689111.5659988,706813952,1386,1386
1715689112.5671144,769351680,1676,1676
1715689113.568511,703434752,1503,1503
1715689114.569712,801865728,1955,1955
1715689115.5709772,751480832,1920,1920
1715689116.572284,739033088,1565,1565
1715689117.5735826,776937472,1665,1665
1715689118.5749133,785428480,1513,1513
1715689119.5763397,783138816,1507,1507
1715689120.5777626,793030656,1912,1912
1715689121.5786483,795066368,1522,1522
1715689122.5799384,802910208,1526,1526
1715689123.581221,871477248,1510,1510
1715689124.582502,901103616,1514,1514
1715689125.5838616,776179712,10389745,10389745
1715689126.5851169,786771968,10393412,10393412
1715689127.5860543,786771968,156,156
1715689128.5874496,786771968,845,845
1715689129.5879538,786771968,302,302
1715689130.5891986,786771968,708,708
1715689131.5901508,786771968,0,0
1715689132.5914485,786771968,155,155
1715689133.5927582,786771968,0,0
1715689134.594047,786771968,0,0
1715689135.5953257,786771968,344,344
1715689136.5967755,786771968,0,0
1715689137.5980775,786771968,152,152
1715689138.5996535,786771968,0,0
1715689139.6009116,786771968,0,0
1715689140.6022024,786771968,344,344
1715689141.602778,786771968,0,0
1715689142.6041741,786771968,152,152
1715689143.605371,786771968,0,0
1715689144.6066754,786771968,0,0
1715689145.6079912,786771968,344,344
1715689146.6094024,786771968,0,0
1715689147.6106122,786771968,152,152
1715689148.6120112,786771968,0,0
1715689149.6134608,786771968,0,0
1715689150.61489,786771968,344,344
1715689151.6161368,786771968,0,0
1715689152.6175034,786771968,152,152
1715689153.618898,786771968,0,0
1715689154.620596,893657088,20780704,20780704
1715689155.6220222,978448384,351,351
1715689156.6228762,877883392,478,478
1715689157.6243055,827695104,155,155
1715689158.6254666,821403648,475,475
1715689159.626749,815525888,403,403
1715689160.6280794,815525888,20784763,20784763
1715689161.6294904,815525888,1127,1127
1715689162.6308029,815525888,1648,1648
1715689163.632229,815525888,1644,1644
1715689164.633684,815525888,1005,1005
1715689165.6347492,815525888,2044,2044
1715689166.6361618,815525888,650,650
1715689167.6374092,815525888,1280,1280
1715689168.6386104,815525888,1216,1216
1715689169.6398754,815525888,1225,1225
1715689170.641132,815525888,1578,1578
1715689171.6424007,815525888,1529,1529
1715689172.643692,815525888,1328,1328
1715689173.6450183,815525888,1228,1228
1715689174.6462913,815525888,1450,1450
1715689175.646621,815525888,1588,1588
1715689176.6479678,815525888,1283,1283
1715689177.649224,815525888,1659,1659
1715689178.6506293,815525888,1613,1613
1715689179.651991,815525888,1293,1293
1715689180.653269,815525888,1536,1536
1715689181.6545622,815525888,1007,1007
1715689182.6548784,815525888,1652,1652
1715689183.6561613,815525888,1494,1494
1715689184.657094,815525888,1500,1500
1715689185.6585054,815525888,1630,1630
1715689186.6599824,815525888,1555,1555
1715689187.6608844,815525888,1658,1658
1715689188.6622937,815525888,2102,2102
1715689189.6627893,815525888,1494,1494
1715689190.6641762,815525888,2109,2109
1715689191.6655476,815525888,1934,1934
1715689192.6667662,815525888,1721,1721
1715689193.668107,815525888,1522,1522
1715689194.6688907,815525888,1515,1515
1715689195.670362,815525888,1924,1924
1715689196.6706672,815525888,1514,1514
1715689197.672068,815525888,1676,1676
1715689198.6733434,815525888,20781248,20781248
1715689199.67479,815525888,0,0
1715689200.676078,815525888,353,353
1715689201.6767938,815525888,0,0
1715689202.6781006,815525888,155,155
1715689203.6795473,815525888,0,0
1715689204.6808004,815525888,0,0
1715689205.6820467,815525888,344,344
1715689206.6834433,815525888,0,0
1715689207.684749,815525888,152,152
1715689208.6863317,815525888,0,0
1715689209.6877427,815525888,0,0
1715689210.6889775,815525888,344,344
1715689211.6903703,815525888,336,336
1715689212.691692,815525888,155,155
1715689213.6930816,815525888,152,152
1715689214.6945539,815525888,0,0
1715689215.6958284,815525888,345,345
1715689216.6972437,815525888,0,0
1715689217.6985466,815525888,152,152
1715689218.6998346,815525888,0,0
1715689219.70108,815525888,0,0
1715689220.7025445,815525888,755,755
1715689221.7039895,815525888,0,0
1715689222.7053883,815525888,155,155
1715689223.7065783,815525888,0,0
1715689224.7079706,815525888,0,0
1715689225.70842,815525888,344,344
1715689226.7098765,898420736,20781520,20781520
1715689227.7108357,973668352,625,625
1715689228.7122464,871280640,0,0
1715689229.7137275,873230336,788,788
1715689230.7146382,810332160,353,353
1715689231.7160628,785113088,695,695
1715689232.7174213,1105526784,31167709,31167709
1715689233.7187371,870805504,973,973
1715689234.7201538,1182326784,1952,1952
1715689235.7216182,845529088,1169,1169
1715689236.7228198,1067765760,1659,1659
1715689237.72424,864358400,1182,1182
1715689238.725711,912314368,929,929
1715689239.7267916,968179712,1345,1345
1715689240.7278926,820322304,1293,1293
1715689241.7293274,1010098176,1344,1344
1715689242.730554,839114752,1096,1096
1715689243.7319171,895885312,1347,1347
1715689244.7324712,870526976,938,938
1715689245.7337384,1212653568,1752,1752
1715689246.7351854,838963200,761,761
1715689247.7364461,1057869824,1694,1694
1715689248.737153,870502400,1068,1068
1715689249.7386117,1043517440,1250,1250
1715689250.7399442,878460928,1745,1745
1715689251.7413738,929607680,1321,1321
1715689252.7427511,997339136,1561,1561
1715689253.7439759,838897664,943,943
1715689254.7453775,899604480,1350,1350
1715689255.7467551,864186368,1346,1346
1715689256.7481554,1205035008,1350,1350
1715689257.7493808,835444736,10389449,10389449
1715689258.750794,835444736,1296,1296
1715689259.752225,835444736,0,0
1715689260.7534394,835444736,502,502
1715689261.7548378,835444736,0,0
1715689262.7562222,835444736,155,155
1715689263.7576346,835444736,0,0
1715689264.758584,835444736,0,0
1715689265.760087,835444736,344,344
1715689266.7614012,835444736,0,0
1715689267.7629128,835444736,152,152
1715689268.7642899,835444736,0,0
1715689269.7657552,835444736,0,0
1715689270.7668135,835444736,344,344
1715689271.7680583,835444736,0,0
1715689272.7694614,835444736,152,152
1715689273.7706194,835444736,0,0
1715689274.772026,835444736,0,0
1715689275.7727072,835444736,448,448
1715689276.7739353,835444736,614,614
1715689277.7751973,835444736,152,152
1715689278.7766972,835444736,0,0
1715689279.7781098,835444736,354,354
1715689280.778919,835444736,399,399
1715689281.7802205,835444736,0,0
1715689282.7817254,835444736,155,155
1715689283.7830257,835444736,0,0
1715689284.7843246,835444736,0,0
1715689285.7947152,848158720,20774789,20774789
1715689286.7960346,858079232,2710,2710
1715689287.8004274,883257344,155,155
1715689288.8018916,832802816,303,303
1715689289.802596,889204736,0,0
1715689290.8040206,924938240,347,347
1715689291.8059607,831365120,20778547,20778547
1715689292.8067565,856616960,3271,3271
1715689293.8080046,888176640,89637,89637
1715689294.8094382,856702976,1226,1226
1715689295.8108475,900685824,1795,1795
1715689296.8181057,876285952,2022,2022
1715689297.818666,938561536,1686,1686
1715689298.8200855,961900544,1916,1916
1715689299.8206918,938688512,1530,1530
1715689300.822073,979709952,2278,2278
1715689301.8227859,1013669888,1553,1553
1715689302.8241959,935591936,1921,1921
1715689303.8256347,1087770624,1715,1715
1715689304.8268127,1078091776,1506,1506
1715689305.8281302,964698112,2285,2285
1715689306.8294268,902967296,1500,1500
1715689307.8306732,1159053312,2144,2144
1715689308.832008,1161158656,2102,2102
1715689309.8334672,1164029952,1463,1463
1715689310.8348007,1154461696,2171,2171
1715689311.8362527,1097953280,1552,1552
1715689312.8376558,1196257280,1319,1319
1715689313.8386755,1211437056,1495,1495
1715689314.839985,1151795200,1504,1504
1715689315.841438,1272205312,1919,1919
1715689316.8427227,1194868736,1785,1785
1715689317.8441718,1201025024,1378,1378
1715689318.8455682,1072889856,1789,1789
1715689319.846689,1259511808,1786,1786
1715689320.8480582,1119662080,1855,1855
1715689321.8494418,1097883648,1552,1552
1715689322.850707,1072848896,1105,1105
1715689323.8521035,1110605824,2001,2001
1715689324.85353,1188868096,1772,1772
1715689325.8547966,1097887744,1904,1904
1715689326.8561518,1266581504,1776,1776
1715689327.8571997,1107283968,1383,1383
1715689328.8586106,1029681152,1214,1214
1715689329.8596199,853258240,20779240,20779240
1715689330.8608284,853258240,353,353
1715689331.861823,853258240,0,0
1715689332.862667,853258240,155,155
1715689333.8640656,853258240,0,0
1715689334.8652987,853258240,0,0
1715689335.8666568,853258240,344,344
1715689336.8679388,853258240,0,0
1715689337.8693583,853258240,152,152
1715689338.8706005,853258240,0,0
1715689339.8713214,853258240,547,547
1715689340.872591,853258240,347,347
1715689341.87399,853258240,0,0
1715689342.8746235,853258240,155,155
1715689343.8758664,853258240,0,0
1715689344.8771582,853258240,0,0
1715689345.878583,853258240,344,344
1715689346.8799975,853258240,0,0
1715689347.8812559,853258240,152,152
1715689348.8826666,853258240,0,0
1715689349.8841617,853258240,0,0
1715689350.8855588,853258240,344,344
1715689351.8868167,853258240,0,0
1715689352.8882143,853258240,152,152
1715689353.8894708,853258240,0,0
1715689354.8906534,853258240,0,0
1715689355.891899,853258240,448,448
1715689356.8933084,853258240,0,0
1715689357.8937383,853258240,20777676,20777676
1715689358.894711,853258240,878,878
1715689359.8960059,853258240,0,0
1715689360.8966084,853258240,606,606
1715689361.897973,853258240,0,0
1715689362.898711,853258240,155,155
1715689363.900002,853258240,31169556,31169556
1715689364.9014523,853258240,2126,2126
1715689365.9026358,853258240,1756,1756
1715689366.903455,853258240,1391,1391
1715689367.904699,853258240,1086,1086
1715689368.9060404,853258240,1936,1936
1715689369.906695,853258240,1760,1760
1715689370.9080935,853258240,1638,1638
1715689371.9094272,853258240,1417,1417
1715689372.9108002,853258240,1790,1790
1715689373.9121828,853258240,1034,1034
1715689374.9136467,853258240,1154,1154
1715689375.9146988,853258240,1755,1755
1715689376.9161048,853258240,1374,1374
1715689377.9175382,853258240,1556,1556
1715689378.918794,853258240,1326,1326
1715689379.9200997,853258240,1405,1405
1715689380.9213555,853258240,1246,1246
1715689381.9228306,853258240,1351,1351
1715689382.9233513,853258240,1099,1099
1715689383.9246333,853258240,1562,1562
1715689384.925914,853258240,1158,1158
1715689385.9267185,853258240,1714,1714
1715689386.9279819,853258240,947,947
1715689387.9293642,853258240,1503,1503
1715689388.9305906,853258240,10391430,10391430
1715689389.9319003,853258240,1350,1350
1715689390.933327,853258240,352,352
1715689391.9345975,853258240,335,335
1715689392.9358218,853258240,155,155
1715689393.9372377,853258240,152,152
1715689394.9385579,853258240,0,0
1715689395.9398577,853258240,345,345
1715689396.9411147,853258240,0,0
1715689397.9425764,853258240,152,152
1715689398.9439964,853258240,0,0
1715689399.9453073,853258240,356,356
1715689400.946569,853258240,347,347
1715689401.9478493,853258240,0,0
1715689402.9491453,853258240,155,155
1715689403.9505992,853258240,0,0
1715689404.9520245,853258240,0,0
1715689405.9532843,853258240,344,344
1715689406.9545603,853258240,0,0
1715689407.9554818,853258240,152,152
1715689408.956738,853258240,0,0
1715689409.9581742,853258240,0,0
1715689410.9586146,853258240,344,344
1715689411.9601014,853258240,0,0
1715689412.9605315,853258240,152,152
1715689413.9619265,853258240,0,0
1715689414.963332,853258240,0,0
1715689415.9645853,853258240,344,344
1715689416.965918,853258240,20779382,20779382
1715689417.9668138,853258240,1544,1544
1715689418.9681969,853258240,0,0
1715689419.9696338,853258240,304,304
1715689420.9708931,853258240,347,347
1715689421.9722314,853258240,0,0
