Timestamp,MemoryUsage,NetSent,NetRecv
1715687589.9792087,512139264,0,0
1715687590.9806833,519610368,5766,5766
1715687591.9818127,519610368,439,439
1715687592.9826329,519610368,158,158
1715687593.983077,519610368,153,153
1715687594.9843628,519610368,0,0
1715687595.9853222,519610368,350,350
1715687596.986776,519610368,152,152
1715687597.9882147,519610368,0,0
1715687598.9894674,519610368,0,0
1715687599.9908695,519610368,355,355
1715687600.9923024,519610368,349,349
1715687601.9935625,519610368,155,155
1715687602.9946887,519610368,0,0
1715687603.9960432,519610368,0,0
1715687604.9966316,519610368,0,0
1715687605.998019,519610368,344,344
1715687606.9987571,519610368,152,152
1715687608.0002248,519610368,0,0
1715687609.0014796,519610368,0,0
1715687610.002749,519610368,0,0
1715687611.0038202,519610368,20782151,20782151
1715687612.005063,519741440,2721,2721
1715687613.0063176,519741440,1299,1299
1715687614.0066109,519741440,953,953
1715687615.0078738,519741440,944,944
1715687616.008572,519741440,1567,1567
1715687617.0098593,519741440,1582,1582
1715687618.0106568,519741440,1002,1002
1715687619.0119808,519741440,1219,1219
1715687620.013349,519741440,1167,1167
1715687621.0148003,519741440,1434,1434
1715687622.0162096,519741440,1375,1375
1715687623.0175745,519741440,1176,1176
1715687624.0188851,519741440,1747,1747
1715687625.019856,519741440,1501,1501
1715687626.0212073,519741440,1901,1901
1715687627.022755,519741440,1666,1666
1715687628.0241299,519741440,1499,1499
1715687629.0255373,519741440,1797,1797
1715687630.0266957,519741440,1799,1799
1715687631.0275974,519741440,1890,1890
1715687632.0291176,519741440,1647,1647
1715687633.0305037,519741440,1507,1507
1715687634.03187,519741440,1510,1510
1715687635.033239,519741440,1512,1512
1715687636.034672,519741440,1813,1813
1715687637.0360892,519741440,10957,10957
1715687638.0375113,519741440,5177,5177
1715687639.0386982,519741440,2347,2347
1715687640.0400229,519741440,1812,1812
1715687641.0412576,519741440,1765,1765
1715687642.0426173,519741440,1672,1672
1715687643.0438905,519741440,1455,1455
1715687644.0453477,519741440,1338,1338
1715687645.04677,519741440,1513,1513
1715687646.0481303,519741440,1914,1914
1715687647.0495665,519741440,1355,1355
1715687648.0508409,519741440,1515,1515
1715687649.0520692,519741440,20780518,20780518
1715687650.0535028,519741440,1827,1827
1715687651.0548174,519741440,356,356
1715687652.056195,519741440,155,155
1715687653.0576172,519741440,0,0
1715687654.0586216,519741440,0,0
1715687655.059891,519741440,0,0
1715687656.0612361,519741440,344,344
1715687657.062671,519741440,152,152
1715687658.0640693,519741440,0,0
1715687659.065372,519741440,0,0
1715687660.0666149,519741440,353,353
1715687661.0678737,519741440,347,347
1715687662.0692582,519741440,155,155
1715687663.070694,519741440,0,0
1715687664.0721593,519741440,0,0
1715687665.0735557,519741440,0,0
1715687666.0748014,519741440,344,344
1715687667.0762284,519741440,152,152
1715687668.0774758,519741440,0,0
1715687669.0786552,519741440,0,0
1715687670.0800865,519741440,0,0
1715687671.0817227,519741440,344,344
1715687672.0827825,519741440,152,152
1715687673.0841975,519741440,0,0
1715687674.0855024,519741440,0,0
1715687675.0867763,519741440,0,0
1715687676.0880203,519741440,20778994,20778994
1715687677.08929,519741440,2105,2105
1715687678.0905488,519741440,0,0
1715687679.091808,519741440,306,306
1715687680.093135,519741440,339,339
1715687681.0944936,519741440,350,350
1715687682.0958178,519741440,20781824,20781824
1715687683.0971618,519741440,3746,3746
1715687684.098479,519741440,1930,1930
1715687685.0989306,519741440,1544,1544
1715687686.1002913,519741440,2327,2327
1715687687.101839,519741440,2068,2068
1715687688.1027374,519741440,2431,2431
1715687689.1042142,519741440,1612,1612
1715687690.10551,519741440,2144,2144
1715687691.106768,519741440,2069,2069
1715687692.108171,519741440,1651,1651
1715687693.109619,519741440,1735,1735
1715687694.111159,519741440,1231,1231
1715687695.1126025,519741440,1495,1495
1715687696.1139333,519741440,1897,1897
1715687697.1148975,519741440,1667,1667
1715687698.1162448,519741440,1507,1507
1715687699.1176634,519741440,1514,1514
1715687700.1188378,519741440,1607,1607
1715687701.1202574,519741440,2240,2240
1715687702.1217167,519741440,1667,1667
1715687703.1227317,519741440,1501,1501
1715687704.1242568,519741440,1501,1501
1715687705.1257179,519741440,1504,1504
1715687706.126776,519741440,1855,1855
1715687707.1281412,519741440,1396,1396
1715687708.1295464,519741440,973,973
1715687709.1307297,519741440,1503,1503
1715687710.1321526,519741440,1602,1602
1715687711.1335826,519741440,1751,1751
1715687712.134785,519741440,1652,1652
1715687713.1360984,519741440,1503,1503
1715687714.1374633,519741440,1870,1870
1715687715.1387231,519741440,1705,1705
1715687716.1401339,519741440,1758,1758
1715687717.1415753,519741440,1510,1510
1715687718.1427035,519741440,1503,1503
1715687719.1442327,519741440,1774,1774
1715687720.1457586,519741440,20781778,20781778
1715687721.146812,519741440,205,205
1715687722.148112,519741440,156,156
1715687723.1494136,519741440,0,0
1715687724.1507947,519741440,0,0
1715687725.1520538,519741440,192,192
1715687726.1533194,519741440,152,152
1715687727.1549568,519741440,152,152
1715687728.1562743,519741440,0,0
1715687729.1576915,519741440,0,0
1715687730.1587667,519741440,192,192
1715687731.1600652,519741440,152,152
1715687732.1610823,519741440,152,152
1715687733.1623898,519741440,0,0
1715687734.1637757,519741440,0,0
1715687735.164093,519741440,296,296
1715687736.165343,519741440,152,152
1715687737.1667411,519741440,152,152
1715687738.1675634,519741440,0,0
1715687739.1688113,519741440,0,0
1715687740.169134,519741440,192,192
1715687741.1707604,519741440,152,152
1715687742.1720653,519741440,152,152
1715687743.1734746,519741440,0,0
1715687744.1746457,519741440,0,0
1715687745.176039,519741440,192,192
1715687746.1772583,519741440,424,424
1715687747.178669,519741440,20781054,20781054
1715687748.180069,519741440,605,605
1715687749.181481,519741440,151,151
1715687750.1826491,519741440,549,549
1715687751.1840127,519741440,153,153
1715687752.185228,519741440,1267,1267
1715687753.1866703,519741440,20777424,20777424
1715687754.1881945,519741440,1307,1307
1715687755.1896498,519741440,1395,1395
1715687756.190755,519741440,1718,1718
1715687757.1920764,519741440,1664,1664
1715687758.193542,519741440,1457,1457
1715687759.1948316,519741440,1407,1407
1715687760.1962364,519741440,1406,1406
1715687761.1975768,519741440,1672,1672
1715687762.1987922,519741440,1619,1619
1715687763.2002397,519741440,1472,1472
1715687764.2017791,519741440,1475,1475
1715687765.2026534,519741440,1627,1627
1715687766.2039459,519741440,1694,1694
1715687767.2052913,519741440,1650,1650
1715687768.2066638,519741440,1968,1968
1715687769.2079546,519741440,1498,1498
1715687770.2092016,519741440,1734,1734
1715687771.210668,519741440,1371,1371
1715687772.2120533,519741440,1661,1661
1715687773.2134447,519741440,1502,1502
1715687774.2146518,519741440,1497,1497
1715687775.2161636,519741440,1527,1527
1715687776.217441,519741440,1695,1695
1715687777.2187734,519741440,1638,1638
1715687778.2201922,519741440,1492,1492
1715687779.2216384,519741440,1497,1497
1715687780.2226923,519741440,2332,2332
1715687781.224098,519741440,1486,1486
1715687782.2254148,519741440,1917,1917
1715687783.2267253,519741440,1497,1497
1715687784.228155,519741440,1499,1499
1715687785.2291303,519741440,1857,1857
1715687786.2304544,519741440,1211,1211
1715687787.231807,519741440,1648,1648
1715687788.233087,519741440,88101,88101
1715687789.2344065,519741440,1061,1061
1715687790.235801,519741440,10389137,10389137
1715687791.2371159,519741440,10392847,10392847
1715687792.2383683,519741440,155,155
1715687793.2398865,519741440,305,305
1715687794.2414882,519741440,0,0
1715687795.2426653,519741440,350,350
1715687796.244169,519741440,0,0
1715687797.2454257,519741440,152,152
1715687798.246817,519741440,0,0
1715687799.2480812,519741440,0,0
1715687800.249338,519741440,1044,1044
1715687801.2508047,519741440,0,0
1715687802.252219,519741440,1505,1505
1715687803.2536676,519741440,9113,9113
1715687804.2548003,519741440,5996,5996
1715687805.2562048,519741440,1130,1130
1715687806.2576249,519741440,3521,3521
1715687807.258632,519741440,158,158
1715687808.2601967,519741440,0,0
1715687809.261723,519741440,360,360
1715687810.263143,519741440,652,652
1715687811.2644634,519741440,938,938
1715687812.2658675,519741440,157,157
1715687813.2666178,519741440,0,0
1715687814.2678764,519741440,0,0
1715687815.269273,519741440,837,837
1715687816.2706962,519741440,0,0
1715687817.271938,519741440,20782371,20782371
1715687818.2734146,519741440,2544,2544
1715687819.2747495,519741440,319,319
1715687820.2760532,519741440,662,662
1715687821.2774684,519741440,0,0
1715687822.27869,519741440,632,632
1715687823.2799344,556679168,20777994,20777994
1715687824.2813714,713539584,4319,4319
1715687825.2829018,806420480,1928,1928
1715687826.2834258,846192640,1535,1535
1715687827.2848806,826695680,1634,1634
1715687828.2862825,836567040,1486,1486
1715687829.286765,872476672,1483,1483
1715687830.2883186,784166912,1575,1575
1715687831.2897017,774483968,1535,1535
1715687832.2907557,860991488,950,950
1715687833.2922535,756084736,965,965
1715687834.2935667,824078336,1434,1434
1715687835.2947357,784130048,1590,1590
1715687836.2959936,835538944,1275,1275
1715687837.2974074,854286336,1113,1113
1715687838.2986279,898482176,962,962
1715687839.300039,834629632,1184,1184
1715687840.3014932,782856192,1896,1896
1715687841.302745,843952128,1227,1227
1715687842.3041086,846987264,1347,1347
1715687843.305504,855506944,953,953
1715687844.3066995,869797888,964,964
1715687845.3080494,795230208,1318,1318
1715687846.309346,801923072,1229,1229
1715687847.3106577,774914048,1509,1509
1715687848.31199,836558848,1247,1247
1715687849.3133864,791748608,962,962
1715687850.3147132,904450048,1861,1861
1715687851.316096,942739456,1504,1504
1715687852.3174658,824614912,1601,1601
1715687853.318768,838529024,968,968
1715687854.3202202,1172340736,1505,1505
1715687855.3216157,965267456,1806,1806
1715687856.322855,831795200,1507,1507
1715687857.3242066,749887488,1664,1664
1715687858.3256001,887304192,1230,1230
1715687859.3267374,762540032,1175,1175
1715687860.3280535,793255936,1807,1807
1715687861.329467,802885632,20782348,20782348
1715687862.3306046,802885632,156,156
1715687863.3318915,802885632,313,313
1715687864.332622,802885632,153,153
1715687865.3339355,802885632,349,349
1715687866.3352516,802885632,0,0
1715687867.3366902,802885632,152,152
1715687868.3379972,802885632,535,535
1715687869.3390868,802885632,301,301
1715687870.3403957,802885632,650,650
1715687871.341693,802885632,0,0
1715687872.342867,802885632,155,155
1715687873.3442714,802885632,0,0
1715687874.3456826,802885632,0,0
1715687875.3466184,802885632,344,344
1715687876.348056,802885632,0,0
1715687877.3495076,802885632,152,152
1715687878.3507833,802885632,0,0
1715687879.3520846,802885632,0,0
1715687880.3533397,802885632,344,344
1715687881.3550265,802885632,0,0
1715687882.3563101,802885632,152,152
1715687883.357904,802885632,0,0
1715687884.358766,802885632,0,0
1715687885.3600087,802885632,344,344
1715687886.3613207,802885632,480,480
1715687887.3629367,802885632,152,152
1715687888.3643444,802885632,20776910,20776910
1715687889.365716,802885632,819,819
1715687890.3666255,802885632,678,678
1715687891.3679821,802885632,159,159
1715687892.3693264,802885632,155,155
1715687893.3708239,802885632,635,635
1715687894.3722463,802885632,20778375,20778375
1715687895.3736384,802885632,1991,1991
1715687896.3747964,802885632,1473,1473
1715687897.3762782,802885632,1346,1346
1715687898.3777196,802885632,1465,1465
1715687899.3787794,802885632,1155,1155
1715687900.3800647,802885632,1444,1444
1715687901.3813646,802885632,903,903
1715687902.3827653,802885632,2075,2075
1715687903.3841472,802885632,1439,1439
1715687904.3854356,802885632,1484,1484
1715687905.3867505,802885632,1602,1602
1715687906.3880148,802885632,1764,1764
1715687907.3893425,802885632,1352,1352
1715687908.390648,802885632,1167,1167
1715687909.3919551,802885632,1475,1475
1715687910.39324,802885632,1772,1772
1715687911.394593,802885632,1473,1473
1715687912.3958483,802885632,1640,1640
1715687913.3971112,802885632,1174,1174
1715687914.3984606,802885632,1319,1319
1715687915.3997664,802885632,1843,1843
1715687916.4010637,802885632,1707,1707
1715687917.4024994,802885632,1905,1905
1715687918.4039047,802885632,1543,1543
1715687919.4053495,802885632,2086,2086
1715687920.4067457,802885632,1912,1912
1715687921.4079998,802885632,1488,1488
1715687922.409385,802885632,1644,1644
1715687923.4106774,802885632,1483,1483
1715687924.4120584,802885632,956,956
1715687925.4135022,802885632,1594,1594
1715687926.4147494,802885632,1448,1448
1715687927.4157803,802885632,1659,1659
1715687928.4171379,802885632,1976,1976
1715687929.4184775,802885632,1808,1808
1715687930.4199073,802885632,2471,2471
1715687931.4211528,802885632,10391785,10391785
1715687932.4225955,802885632,10389382,10389382
1715687933.424056,802885632,0,0
1715687934.4253001,802885632,305,305
1715687935.4267802,802885632,352,352
1715687936.4281857,802885632,0,0
1715687937.4295902,802885632,152,152
1715687938.4310093,802885632,0,0
1715687939.432444,802885632,0,0
1715687940.4338605,802885632,344,344
1715687941.4346912,802885632,0,0
1715687942.435962,802885632,152,152
1715687943.4374273,802885632,0,0
1715687944.438842,802885632,0,0
1715687945.4398472,802885632,344,344
1715687946.441248,802885632,0,0
1715687947.4425383,802885632,152,152
1715687948.4439409,802885632,0,0
1715687949.4452603,802885632,0,0
1715687950.4466836,802885632,448,448
1715687951.4480684,802885632,336,336
1715687952.4493477,802885632,155,155
1715687953.4507837,802885632,0,0
1715687954.452098,802885632,151,151
1715687955.4534414,802885632,345,345
1715687956.4548185,802885632,0,0
1715687957.4561388,802885632,631,631
1715687958.4573765,802885632,240,240
1715687959.4588194,802885632,20779849,20779849
1715687960.460268,802885632,515,515
1715687961.4616354,802885632,0,0
1715687962.4626243,802885632,631,631
1715687963.4640505,802885632,0,0
