Timestamp,MemoryUsage,NetSent,NetRecv
1715689066.407748,512274432,0,0
1715689067.4092464,519876608,18917,18917
1715689068.4104924,519876608,307,307
1715689069.4117799,519876608,612,612
1715689070.4131677,519876608,707,707
1715689071.4144218,519876608,0,0
1715689072.4158354,519876608,155,155
1715689073.4172542,519876608,0,0
1715689074.4185078,519876608,0,0
1715689075.4200015,519876608,344,344
1715689076.4212542,519876608,0,0
1715689077.4221163,519876608,152,152
1715689078.4228532,519876608,0,0
1715689079.424239,519876608,0,0
1715689080.4256625,519876608,344,344
1715689081.426753,519876608,0,0
1715689082.427985,520007680,152,152
1715689083.4294827,520007680,0,0
1715689084.430753,520007680,0,0
1715689085.431645,520007680,833,833
1715689086.4330323,520007680,0,0
1715689087.4341607,520007680,20780155,20780155
1715689088.4354596,520007680,6110,6110
1715689089.4368079,520007680,2001,2001
1715689090.4381378,520007680,1955,1955
1715689091.4393487,520007680,1758,1758
1715689092.4407885,520007680,1887,1887
1715689093.4420917,520007680,1499,1499
1715689094.442782,520007680,1973,1973
1715689095.4442096,520007680,1838,1838
1715689096.4448636,520007680,1506,1506
1715689097.446147,520007680,1649,1649
1715689098.4467206,520007680,1484,1484
1715689099.4480329,520007680,1229,1229
1715689100.4495282,520007680,2206,2206
1715689101.450692,520007680,1619,1619
1715689102.4520302,520007680,1970,1970
1715689103.4532557,520007680,1507,1507
1715689104.4545546,520007680,1508,1508
1715689105.4559565,520007680,1914,1914
1715689106.457215,520007680,1168,1168
1715689107.4584646,520007680,1401,1401
1715689108.4597478,520007680,1331,1331
1715689109.4610898,520007680,1494,1494
1715689110.4624727,520007680,1855,1855
1715689111.4638252,520007680,1553,1553
1715689112.465167,520007680,1676,1676
1715689113.466434,520007680,1503,1503
1715689114.4678545,520007680,1761,1761
1715689115.4692104,520007680,1926,1926
1715689116.470545,520007680,1562,1562
1715689117.472012,520007680,1669,1669
1715689118.4734757,520007680,1507,1507
1715689119.4746914,520007680,1512,1512
1715689120.4761012,520007680,1916,1916
1715689121.4774847,520007680,1516,1516
1715689122.478795,520007680,1527,1527
1715689123.4802153,520007680,1512,1512
1715689124.4816108,520007680,1511,1511
1715689125.4828131,520007680,10389578,10389578
1715689126.4840486,520007680,10393769,10393769
1715689127.4853356,520007680,156,156
1715689128.4868667,520007680,845,845
1715689129.4882658,520007680,302,302
1715689130.4895098,520007680,708,708
1715689131.4909892,520007680,0,0
1715689132.4924502,520007680,155,155
1715689133.4937677,520007680,0,0
1715689134.4946206,520007680,0,0
1715689135.4959593,520007680,344,344
1715689136.4973607,520007680,0,0
1715689137.4987805,520007680,152,152
1715689138.5000172,520007680,0,0
1715689139.5014555,520007680,0,0
1715689140.5026567,520007680,344,344
1715689141.5040443,520007680,0,0
1715689142.5053074,520007680,152,152
1715689143.5067587,520007680,0,0
1715689144.5080492,520007680,0,0
1715689145.5094543,520007680,344,344
1715689146.5105877,520007680,0,0
1715689147.5120316,520007680,152,152
1715689148.5134423,520007680,0,0
1715689149.5149074,520007680,0,0
1715689150.5161786,520007680,344,344
1715689151.517571,520007680,0,0
1715689152.518875,520007680,152,152
1715689153.5199616,520007680,0,0
1715689154.5211532,642306048,20780358,20780358
1715689155.5226011,871149568,697,697
1715689156.5240078,896987136,478,478
1715689157.5254507,1016262656,155,155
1715689158.5266972,978112512,475,475
1715689159.5270236,818978816,403,403
1715689160.5284083,746139648,20783718,20783718
1715689161.5293128,746139648,1707,1707
1715689162.5297785,746139648,1022,1022
1715689163.5309408,746139648,1596,1596
1715689164.5322196,746139648,1497,1497
1715689165.5335176,746139648,1774,1774
1715689166.5346475,746139648,1263,1263
1715689167.5359,746139648,1584,1584
1715689168.5372024,746139648,1216,1216
1715689169.53853,746139648,1225,1225
1715689170.5398402,746139648,1414,1414
1715689171.541075,746139648,1693,1693
1715689172.5424058,746139648,1166,1166
1715689173.543663,746139648,1390,1390
1715689174.5449116,746139648,1450,1450
1715689175.5461557,746139648,1588,1588
1715689176.5466306,746139648,1283,1283
1715689177.5478597,746139648,1659,1659
1715689178.549105,746139648,1613,1613
1715689179.5503366,746139648,1293,1293
1715689180.5506065,746139648,1536,1536
1715689181.5518482,746139648,842,842
1715689182.5532267,746139648,1650,1650
1715689183.5542636,746139648,1494,1494
1715689184.5547621,746139648,1500,1500
1715689185.556213,746139648,1608,1608
1715689186.5576553,746139648,1553,1553
1715689187.558892,746139648,1655,1655
1715689188.5603707,746139648,1994,1994
1715689189.5616927,746139648,1796,1796
1715689190.562732,746139648,2109,2109
1715689191.5641344,746139648,1934,1934
1715689192.5654368,746139648,1721,1721
1715689193.5666363,746139648,1522,1522
1715689194.568075,746139648,1515,1515
1715689195.5694616,746139648,1924,1924
1715689196.5707576,746139648,1514,1514
1715689197.5720806,746139648,1676,1676
1715689198.573389,746139648,20781248,20781248
1715689199.5744343,746139648,0,0
1715689200.5756624,746139648,353,353
1715689201.5771863,746139648,0,0
1715689202.5785592,746139648,155,155
1715689203.579953,746139648,0,0
1715689204.5812476,746139648,0,0
1715689205.581656,746139648,344,344
1715689206.583045,746139648,0,0
1715689207.5844336,746139648,152,152
1715689208.5857682,746139648,0,0
1715689209.5870454,746139648,0,0
1715689210.5875406,746139648,344,344
1715689211.588844,746139648,336,336
1715689212.5902238,746139648,155,155
1715689213.5907562,746139648,100,100
1715689214.5920513,746139648,52,52
1715689215.593533,746139648,345,345
1715689216.594958,746139648,0,0
1715689217.5963788,746139648,152,152
1715689218.5976048,746139648,0,0
1715689219.598766,746139648,0,0
1715689220.6000237,746139648,755,755
1715689221.6012464,746139648,0,0
1715689222.6026244,746139648,155,155
1715689223.6040149,746139648,0,0
1715689224.6053867,746139648,0,0
1715689225.6067512,746139648,344,344
1715689226.6081355,746139648,20781520,20781520
1715689227.6095877,746139648,625,625
1715689228.6107557,746139648,0,0
1715689229.6120727,746139648,788,788
1715689230.613538,746139648,353,353
1715689231.614681,746139648,318,318
1715689232.6160762,746139648,31167792,31167792
1715689233.6176124,746139648,1267,1267
1715689234.6187587,746139648,1363,1363
1715689235.6191683,746139648,1758,1758
1715689236.6205726,746139648,1298,1298
1715689237.6219842,746139648,1543,1543
1715689238.623237,746139648,929,929
1715689239.6246352,746139648,1345,1345
1715689240.6258862,746139648,1293,1293
1715689241.6268196,746139648,1344,1344
1715689242.6281793,746139648,920,920
1715689243.6295555,746139648,1523,1523
1715689244.6306906,746139648,764,764
1715689245.6320763,746139648,1291,1291
1715689246.6334357,746139648,1396,1396
1715689247.63466,746139648,1104,1104
1715689248.6360745,746139648,1658,1658
1715689249.637256,746139648,946,946
1715689250.6386898,746139648,2049,2049
1715689251.639929,746139648,1321,1321
1715689252.6413221,746139648,1561,1561
1715689253.6426988,746139648,767,767
1715689254.6439722,746139648,1526,1526
1715689255.645387,746139648,1169,1169
1715689256.6467826,746139648,1244,1244
1715689257.6481292,746139648,1410,1410
1715689258.6495156,746139648,10389618,10389618
1715689259.6500714,746139648,0,0
1715689260.6506293,746139648,502,502
1715689261.6519601,746139648,0,0
1715689262.6532595,746139648,155,155
1715689263.6545138,746139648,0,0
1715689264.6559017,746139648,0,0
1715689265.6572046,746139648,344,344
1715689266.6585228,746139648,0,0
1715689267.6597562,746139648,152,152
1715689268.6609964,746139648,0,0
1715689269.6623273,746139648,0,0
1715689270.662742,746139648,344,344
1715689271.6640935,746139648,0,0
1715689272.6653404,746139648,152,152
1715689273.6667154,746139648,0,0
1715689274.6680896,746139648,0,0
1715689275.6695063,746139648,448,448
1715689276.670748,746139648,614,614
1715689277.6721065,746139648,152,152
1715689278.6733768,746139648,0,0
1715689279.6746662,746139648,0,0
1715689280.675904,746139648,753,753
1715689281.6772876,746139648,0,0
1715689282.6785853,746139648,155,155
1715689283.679962,746139648,0,0
1715689284.6812687,746139648,0,0
1715689285.6824958,746139648,570,570
1715689286.6838229,746139648,20776929,20776929
1715689287.6851647,746139648,155,155
1715689288.686556,746139648,303,303
1715689289.6879542,746139648,0,0
1715689290.6892076,746139648,347,347
1715689291.6903224,746139648,20777969,20777969
1715689292.6907458,746139648,3849,3849
1715689293.6921406,746139648,89637,89637
1715689294.6935227,746139648,1226,1226
1715689295.694849,746139648,1795,1795
1715689296.6961827,746139648,2022,2022
1715689297.6977482,746139648,1686,1686
1715689298.6986773,746139648,1916,1916
1715689299.7000983,746139648,1530,1530
1715689300.7015274,746139648,2120,2120
1715689301.7027974,746139648,1711,1711
1715689302.7041378,746139648,1652,1652
1715689303.7045963,746139648,1984,1984
1715689304.7052824,746139648,1227,1227
1715689305.7066307,746139648,2004,2004
1715689306.7078774,746139648,1501,1501
1715689307.7091608,746139648,2424,2424
1715689308.7104774,746139648,1825,1825
1715689309.711314,746139648,1444,1444
1715689310.712083,746139648,2365,2365
1715689311.7134151,746139648,1656,1656
1715689312.7146761,746139648,1544,1544
1715689313.7153497,746139648,1379,1379
1715689314.7162542,746139648,1620,1620
1715689315.7176325,746139648,1971,1971
1715689316.7187612,746139648,1225,1225
1715689317.7200294,746139648,1487,1487
1715689318.721418,746139648,1678,1678
1715689319.7226813,746139648,1507,1507
1715689320.7240555,746139648,1912,1912
1715689321.7254188,746139648,1499,1499
1715689322.7267222,746139648,1660,1660
1715689323.7280989,746139648,1505,1505
1715689324.7294989,746139648,1987,1987
1715689325.7306347,746139648,1905,1905
1715689326.7318723,746139648,1782,1782
1715689327.7332735,746139648,1373,1373
1715689328.7346811,746139648,1199,1199
1715689329.7360828,746139648,20779821,20779821
1715689330.7373414,746139648,353,353
1715689331.7387884,746139648,0,0
1715689332.7401576,746139648,155,155
1715689333.7415593,746139648,0,0
1715689334.7429094,746139648,0,0
1715689335.7442057,746139648,344,344
1715689336.7455487,746139648,0,0
1715689337.7468295,746139648,152,152
1715689338.7483032,746139648,0,0
1715689339.7497017,746139648,0,0
1715689340.750775,746139648,894,894
1715689341.752066,746139648,0,0
1715689342.7533317,746139648,155,155
1715689343.75466,746139648,0,0
1715689344.7559555,746139648,0,0
1715689345.7573142,746139648,344,344
1715689346.7585726,746139648,0,0
1715689347.7595634,746139648,152,152
1715689348.761024,746139648,0,0
1715689349.762453,746139648,0,0
1715689350.7636867,746139648,344,344
1715689351.7650836,746139648,0,0
1715689352.7663913,746139648,152,152
1715689353.76768,746139648,0,0
1715689354.768923,746139648,0,0
1715689355.7705393,746139648,448,448
1715689356.771828,746139648,0,0
1715689357.7730663,746139648,20776718,20776718
1715689358.7743409,746139648,1836,1836
1715689359.774715,746139648,0,0
1715689360.7760665,746139648,606,606
1715689361.777396,746139648,0,0
1715689362.7787175,746139648,155,155
1715689363.7799573,746139648,31168407,31168407
1715689364.7812173,746139648,3275,3275
1715689365.7826202,746139648,1584,1584
1715689366.7840478,746139648,1283,1283
1715689367.7853565,746139648,1196,1196
1715689368.7867925,746139648,1533,1533
1715689369.7882,746139648,2117,2117
1715689370.7896585,746139648,1555,1555
1715689371.7907035,746139648,1611,1611
1715689372.792012,746139648,1312,1312
1715689373.7935066,746139648,1348,1348
1715689374.7946355,746139648,1423,1423
1715689375.7961104,746139648,1755,1755
1715689376.7973697,746139648,1374,1374
1715689377.7987578,746139648,1556,1556
1715689378.8000088,746139648,1326,1326
1715689379.8014565,746139648,1405,1405
1715689380.8027434,746139648,1070,1070
1715689381.80404,746139648,1527,1527
1715689382.805481,746139648,920,920
1715689383.806768,746139648,1741,1741
1715689384.808172,746139648,979,979
1715689385.8094268,746139648,1893,1893
1715689386.8108041,746139648,770,770
1715689387.8115182,746139648,1680,1680
1715689388.8127518,746139648,10390957,10390957
1715689389.8143094,746139648,1823,1823
1715689390.8146722,746139648,352,352
1715689391.8159313,746139648,335,335
1715689392.8172312,746139648,155,155
1715689393.818635,746139648,152,152
1715689394.8199162,746139648,0,0
1715689395.8211513,746139648,345,345
1715689396.8217096,746139648,0,0
1715689397.8227768,746139648,152,152
1715689398.8243697,746139648,0,0
1715689399.825799,746139648,356,356
1715689400.826639,746139648,347,347
1715689401.8281054,746139648,0,0
1715689402.8295383,746139648,155,155
1715689403.8307881,746139648,0,0
1715689404.832036,746139648,0,0
1715689405.8332994,746139648,344,344
1715689406.834631,746139648,0,0
1715689407.8359334,746139648,152,152
1715689408.8371959,746139648,0,0
1715689409.8384576,746139648,0,0
1715689410.8398993,746139648,344,344
1715689411.8412256,746139648,0,0
1715689412.8425953,746139648,152,152
1715689413.8438923,746139648,0,0
1715689414.8451252,746139648,0,0
1715689415.8465538,746139648,344,344
1715689416.847801,746139648,20778853,20778853
1715689417.8490746,746139648,2073,2073
1715689418.8504539,746139648,0,0
1715689419.8518195,746139648,304,304
1715689420.852737,746139648,347,347
1715689421.8542182,746139648,0,0
