Timestamp,MemoryUsage,NetSent,NetRecv
1715689066.577933,508882944,0,0
1715689067.5787897,516354048,10334,10334
1715689068.5802162,516354048,307,307
1715689069.5814674,516354048,612,612
1715689070.5827496,516354048,707,707
1715689071.5841444,516354048,0,0
1715689072.5854223,516354048,155,155
1715689073.586685,516354048,0,0
1715689074.587445,516354048,0,0
1715689075.5888593,516354048,344,344
1715689076.5891943,516354048,0,0
1715689077.5905893,516354048,152,152
1715689078.592062,516354048,0,0
1715689079.5935473,516354048,0,0
1715689080.594594,516354048,344,344
1715689081.5959854,516354048,0,0
1715689082.5975475,516354048,152,152
1715689083.598794,516354048,0,0
1715689084.600068,516354048,0,0
1715689085.6013458,516354048,833,833
1715689086.6027513,516354048,0,0
1715689087.6039674,516354048,20781824,20781824
1715689088.6053586,516354048,4441,4441
1715689089.606918,516354048,2001,2001
1715689090.6082606,516354048,1955,1955
1715689091.6096804,516354048,1758,1758
1715689092.6107826,516354048,1887,1887
1715689093.612343,516354048,1499,1499
1715689094.6137803,516354048,1973,1973
1715689095.6148381,516354048,1838,1838
1715689096.6160989,516354048,1506,1506
1715689097.6173832,516354048,1649,1649
1715689098.6187508,516354048,1484,1484
1715689099.6201622,516354048,1506,1506
1715689100.6214678,516354048,2595,2595
1715689101.622678,516354048,1514,1514
1715689102.6241186,516354048,1970,1970
1715689103.6255255,516354048,1509,1509
1715689104.6267092,516354048,1505,1505
1715689105.6281364,516354048,1634,1634
1715689106.6288102,516354048,1221,1221
1715689107.6301308,516354048,1654,1654
1715689108.6306798,516354048,1493,1493
1715689109.6320193,516354048,1501,1501
1715689110.6332955,516354048,1624,1624
1715689111.6346202,516354048,1788,1788
1715689112.635862,516354048,1081,1081
1715689113.6371493,516354048,1339,1339
1715689114.6384819,516354048,1955,1955
1715689115.639825,516354048,1920,1920
1715689116.6406283,516354048,1565,1565
1715689117.6419222,516354048,1665,1665
1715689118.6427238,516354048,1513,1513
1715689119.644034,516354048,1507,1507
1715689120.6453743,516354048,1912,1912
1715689121.646827,516354048,1522,1522
1715689122.6481578,516354048,1526,1526
1715689123.6494749,516354048,1510,1510
1715689124.6506655,516354048,1514,1514
1715689125.6518967,516354048,10390236,10390236
1715689126.6532054,516354048,10392921,10392921
1715689127.6541157,516354048,156,156
1715689128.6547306,516354048,1147,1147
1715689129.6560261,516354048,0,0
1715689130.6574523,516354048,708,708
1715689131.6586192,516354048,0,0
1715689132.6600657,516354048,155,155
1715689133.661375,516354048,0,0
1715689134.6627676,516354048,0,0
1715689135.6641617,516354048,344,344
1715689136.6655307,516354048,0,0
1715689137.6666777,516354048,152,152
1715689138.6680825,516354048,0,0
1715689139.6693292,516354048,0,0
1715689140.6708612,516354048,344,344
1715689141.6721647,516354048,0,0
1715689142.6734338,516354048,152,152
1715689143.674691,516354048,0,0
1715689144.6761332,516354048,0,0
1715689145.6775665,516354048,344,344
1715689146.6787858,516354048,0,0
1715689147.6800072,516354048,152,152
1715689148.6815262,516354048,0,0
1715689149.6828282,516354048,0,0
1715689150.68408,516354048,344,344
1715689151.6853485,516354048,0,0
1715689152.6868453,516354048,152,152
1715689153.6881552,516354048,0,0
1715689154.689557,516354048,20780704,20780704
1715689155.6907907,516354048,351,351
1715689156.6921644,516354048,478,478
1715689157.6935666,516354048,155,155
1715689158.6947079,516354048,475,475
1715689159.6960049,516354048,403,403
1715689160.6973991,516354048,20784763,20784763
1715689161.698724,516354048,1179,1179
1715689162.700071,516354048,1596,1596
1715689163.7014873,516354048,1644,1644
1715689164.7027667,516354048,1005,1005
1715689165.7042067,516354048,2044,2044
1715689166.7056398,516354048,1153,1153
1715689167.7070656,516354048,777,777
1715689168.7086828,516354048,1216,1216
1715689169.7100952,516354048,1225,1225
1715689170.7107735,516354048,1578,1578
1715689171.7122064,516354048,1529,1529
1715689172.713506,516354048,1328,1328
1715689173.7147112,516354048,1537,1537
1715689174.716142,516354048,1141,1141
1715689175.717555,516354048,1588,1588
1715689176.7187703,516354048,1593,1593
1715689177.7200341,516354048,1619,1619
1715689178.7214477,516354048,1705,1705
1715689179.7228925,516354048,1068,1068
1715689180.7242208,516354048,1399,1399
1715689181.7255638,516354048,1315,1315
1715689182.7267742,516354048,1344,1344
1715689183.7281585,516354048,1494,1494
1715689184.7294078,516354048,1500,1500
1715689185.7306104,516354048,1801,1801
1715689186.7320192,516354048,1384,1384
1715689187.7333772,516354048,1658,1658
1715689188.73487,516354048,2293,2293
1715689189.7361803,516354048,1793,1793
1715689190.7375498,516354048,1619,1619
1715689191.7387462,516354048,1934,1934
1715689192.7400434,516354048,1721,1721
1715689193.741466,516354048,1522,1522
1715689194.7427883,516354048,1515,1515
1715689195.744125,516354048,1924,1924
1715689196.7454238,516354048,1514,1514
1715689197.7468016,516354048,1924,1924
1715689198.7482386,516354048,20781000,20781000
1715689199.7495754,516354048,0,0
1715689200.7505713,516354048,353,353
1715689201.7518115,516354048,0,0
1715689202.7534533,516354048,155,155
1715689203.7548282,516354048,0,0
1715689204.756153,516354048,0,0
1715689205.7575653,516354048,344,344
1715689206.7586505,516354048,0,0
1715689207.7600276,516354048,152,152
1715689208.7613819,516354048,0,0
1715689209.7626896,516354048,0,0
1715689210.7639947,516354048,344,344
1715689211.7652795,516354048,336,336
1715689212.7666388,516354048,155,155
1715689213.7679725,516354048,152,152
1715689214.769389,516354048,0,0
1715689215.770635,516354048,345,345
1715689216.771894,516354048,0,0
1715689217.7733057,516354048,152,152
1715689218.774614,516354048,0,0
1715689219.7760208,516354048,356,356
1715689220.7772925,516354048,399,399
1715689221.778708,516354048,0,0
1715689222.780022,516354048,155,155
1715689223.781464,516354048,0,0
1715689224.7826002,516354048,0,0
1715689225.7839897,516354048,344,344
1715689226.785489,1020583936,20781520,20781520
1715689227.7868116,1045262336,625,625
1715689228.7882762,1089515520,0,0
1715689229.7896056,834334720,788,788
1715689230.790648,935002112,353,353
1715689231.791997,794378240,801,801
1715689232.7933772,689811456,31167603,31167603
1715689233.7946308,689811456,1414,1414
1715689234.7960234,689811456,1511,1511
1715689235.7972782,689811456,1337,1337
1715689236.798674,689811456,1770,1770
1715689237.8000615,689811456,903,903
1715689238.8014827,689811456,1238,1238
1715689239.8027735,689811456,1036,1036
1715689240.8042192,689811456,1293,1293
1715689241.8057997,689811456,1344,1344
1715689242.80671,689811456,1096,1096
1715689243.808134,689811456,1347,1347
1715689244.809376,689811456,938,938
1715689245.8107724,689811456,1752,1752
1715689246.8120072,689811456,941,941
1715689247.813445,689811456,1514,1514
1715689248.8147395,689811456,1068,1068
1715689249.815978,689811456,1832,1832
1715689250.8173764,689811456,1163,1163
1715689251.8188276,689811456,1680,1680
1715689252.8203795,689811456,1202,1202
1715689253.8217914,689811456,943,943
1715689254.8227916,689811456,1350,1350
1715689255.8240447,689811456,1346,1346
1715689256.8253896,689811456,1350,1350
1715689257.8266585,689811456,10389449,10389449
1715689258.8279614,689811456,1296,1296
1715689259.8292763,689811456,0,0
1715689260.8305943,689811456,502,502
1715689261.8318512,689811456,0,0
1715689262.8332558,689811456,155,155
1715689263.8348136,689811456,0,0
1715689264.8362765,689811456,0,0
1715689265.837373,689811456,344,344
1715689266.8387754,689811456,0,0
1715689267.84016,689811456,152,152
1715689268.841577,689811456,0,0
1715689269.8426335,689811456,0,0
1715689270.844007,689811456,344,344
1715689271.8454463,689811456,0,0
1715689272.8468716,689811456,152,152
1715689273.8481162,689811456,0,0
1715689274.8495557,689811456,0,0
1715689275.8502676,689811456,448,448
1715689276.8507888,689811456,614,614
1715689277.8520324,689811456,152,152
1715689278.8534846,689811456,0,0
1715689279.8546822,689811456,354,354
1715689280.8559344,689811456,399,399
1715689281.8572521,689811456,0,0
1715689282.8585205,689811456,155,155
1715689283.8599746,689811456,0,0
1715689284.8612716,689811456,0,0
1715689285.8625078,689811456,20775031,20775031
1715689286.8632405,689811456,2468,2468
1715689287.8644793,689811456,155,155
1715689288.8656366,689811456,303,303
1715689289.8666625,689811456,0,0
1715689290.8678544,689811456,347,347
1715689291.8685117,689811456,20779499,20779499
1715689292.869776,689811456,2518,2518
1715689293.8706436,689811456,89680,89680
1715689294.871926,689811456,1172,1172
1715689295.8733525,689811456,1607,1607
1715689296.8748438,689811456,2022,2022
1715689297.8761318,689811456,1686,1686
1715689298.8774416,689811456,1916,1916
1715689299.8787098,689811456,1530,1530
1715689300.8801184,689811456,2278,2278
1715689301.8815846,689811456,1553,1553
1715689302.8826764,689811456,1921,1921
1715689303.8839765,689811456,1715,1715
1715689304.885375,689811456,1506,1506
1715689305.8867242,689811456,2285,2285
1715689306.8874412,689811456,1500,1500
1715689307.8887892,689811456,2144,2144
1715689308.8901846,689811456,2102,2102
1715689309.8907773,689811456,1742,1742
1715689310.8921154,689811456,2223,2223
1715689311.8934422,689811456,1500,1500
1715689312.894878,689811456,1315,1315
1715689313.8963706,689811456,1220,1220
1715689314.8977368,689811456,1786,1786
1715689315.8989148,689811456,1915,1915
1715689316.9003115,689811456,1782,1782
1715689317.901681,689811456,1382,1382
1715689318.9027948,689811456,1786,1786
1715689319.9041836,689811456,1510,1510
1715689320.905559,689811456,1907,1907
1715689321.9067876,689811456,1500,1500
1715689322.9081013,689811456,1667,1667
1715689323.9095218,689811456,1769,1769
1715689324.9106526,689811456,1720,1720
1715689325.912026,689811456,1904,1904
1715689326.9133377,689811456,1498,1498
1715689327.9147687,689811456,1659,1659
1715689328.9160612,689811456,1235,1235
1715689329.9175007,689811456,20778943,20778943
1715689330.918903,689811456,353,353
1715689331.920148,689811456,0,0
1715689332.92173,689811456,155,155
1715689333.9229863,689811456,0,0
1715689334.9244435,689811456,0,0
1715689335.925669,689811456,344,344
1715689336.9269507,689811456,0,0
1715689337.9283576,689811456,152,152
1715689338.929755,689811456,0,0
1715689339.9306386,689811456,547,547
1715689340.932028,689811456,347,347
1715689341.933502,689811456,0,0
1715689342.9349234,689811456,155,155
1715689343.93616,689811456,0,0
1715689344.9377098,689811456,0,0
1715689345.9390528,689811456,344,344
1715689346.940502,689811456,0,0
1715689347.9417336,689811456,152,152
1715689348.9427807,689811456,0,0
1715689349.9440837,689811456,0,0
1715689350.9455128,689811456,344,344
1715689351.9465978,689811456,0,0
1715689352.9480639,689811456,152,152
1715689353.949503,689811456,0,0
1715689354.9509063,689811456,0,0
1715689355.9521513,689811456,448,448
1715689356.9536564,689811456,0,0
1715689357.954601,722055168,20777905,20777905
1715689358.9559526,906575872,649,649
1715689359.9573588,1197133824,0,0
1715689360.9586992,816488448,606,606
1715689361.9601016,873484288,0,0
1715689362.961453,782901248,155,155
1715689363.9627843,722104320,31169898,31169898
1715689364.9634225,722104320,1784,1784
1715689365.9648323,722104320,1756,1756
1715689366.9653447,722104320,1391,1391
1715689367.966614,722104320,1086,1086
1715689368.968255,722104320,1936,1936
1715689369.9695787,722104320,1935,1935
1715689370.9707081,722104320,1744,1744
1715689371.972005,722104320,1369,1369
1715689372.973287,722104320,1557,1557
1715689373.9748795,722104320,1034,1034
1715689374.9761448,722104320,1458,1458
1715689375.9776955,722235392,1451,1451
1715689376.9787655,722235392,1562,1562
1715689377.9802046,722235392,1368,1368
1715689378.981518,722235392,1326,1326
1715689379.9828048,722235392,1405,1405
1715689380.984111,722235392,1246,1246
1715689381.985433,722235392,1351,1351
1715689382.9867744,722235392,1099,1099
1715689383.9882665,722235392,1668,1668
1715689384.9897063,722235392,1052,1052
1715689385.9907217,722235392,1714,1714
1715689386.9919822,722235392,947,947
1715689387.99353,722235392,1503,1503
1715689388.994641,722235392,10391430,10391430
1715689389.99616,722235392,1350,1350
1715689390.9974246,722235392,352,352
1715689391.9987683,722235392,335,335
1715689392.9999819,722235392,155,155
1715689394.0015523,722235392,152,152
1715689395.0028152,722235392,0,0
1715689396.0042293,722235392,345,345
1715689397.005493,722235392,0,0
1715689398.0069506,722235392,152,152
1715689399.008234,722235392,0,0
1715689400.0097363,722235392,356,356
1715689401.0107515,722235392,347,347
1715689402.0119984,722235392,0,0
1715689403.0135574,722235392,155,155
1715689404.0147097,722235392,0,0
1715689405.0163243,722235392,0,0
1715689406.0177853,722235392,344,344
1715689407.0189238,722235392,0,0
1715689408.0204,722235392,152,152
1715689409.0216954,722235392,0,0
1715689410.0233245,722235392,0,0
1715689411.0247753,722235392,344,344
1715689412.026021,722235392,0,0
1715689413.0267842,722235392,152,152
1715689414.0280983,722235392,0,0
1715689415.0294938,722235392,0,0
1715689416.0306563,722235392,344,344
1715689417.0320694,722235392,20779664,20779664
1715689418.0334601,722235392,1262,1262
1715689419.0347023,722235392,0,0
1715689420.035122,722235392,304,304
1715689421.0364735,722235392,347,347
1715689422.037842,722235392,325,325
