Timestamp,MemoryUsage,NetSent,NetRecv
1715690588.0923846,512745472,283,283
1715690589.0938025,520216576,19337,19337
1715690590.0946589,520216576,0,0
1715690591.0960941,520216576,357,357
1715690592.0975125,520216576,0,0
1715690593.0987632,520216576,156,156
1715690594.1001642,520216576,0,0
1715690595.1014054,520216576,0,0
1715690596.1028385,520216576,448,448
1715690597.104134,520216576,0,0
1715690598.1053925,520216576,152,152
1715690599.1068122,520216576,0,0
1715690600.108224,520216576,354,354
1715690601.1096733,520216576,345,345
1715690602.1106622,520216576,0,0
1715690603.1120558,520216576,307,307
1715690604.1134398,520216576,0,0
1715690605.1146758,520216576,0,0
1715690606.115897,520216576,345,345
1715690607.1171935,520216576,0,0
1715690608.1185193,520216576,152,152
1715690609.1199887,520216576,0,0
1715690610.1212404,520216576,20784285,20784285
1715690611.1228292,520216576,1647,1647
1715690612.124101,520216576,803,803
1715690613.1254246,520216576,1348,1348
1715690614.1267052,520216576,1499,1499
1715690615.1272924,520216576,1555,1555
1715690616.1286604,520216576,1892,1892
1715690617.130091,520216576,1798,1798
1715690618.1307373,520216576,1635,1635
1715690619.1320126,520216576,1493,1493
1715690620.1333077,520216576,1233,1233
1715690621.134585,520216576,1634,1634
1715690622.1359632,520216576,1171,1171
1715690623.137349,520216576,1389,1389
1715690624.1386185,520216576,1225,1225
1715690625.1398635,520216576,1646,1646
1715690626.1410956,520216576,1772,1772
1715690627.1424146,520216576,1341,1341
1715690628.143808,520216576,1836,1836
1715690629.145224,520216576,2809,2809
1715690630.1458964,520216576,1897,1897
1715690631.1467626,520216576,2192,2192
1715690632.1481657,520216576,1510,1510
1715690633.149671,520216576,2036,2036
1715690634.1508358,520216576,1290,1290
1715690635.1521409,520216576,1783,1783
1715690636.1534438,520216576,1576,1576
1715690637.154777,520216576,1504,1504
1715690638.1560366,520216576,2052,2052
1715690639.1572926,520216576,1518,1518
1715690640.1585917,520216576,1665,1665
1715690641.159853,520216576,1771,1771
1715690642.1613212,520216576,1322,1322
1715690643.1627076,520216576,2161,2161
1715690644.164026,520216576,1522,1522
1715690645.1654735,520216576,1658,1658
1715690646.1667514,520216576,1494,1494
1715690647.1682909,520216576,10388720,10388720
1715690648.1696005,520216576,10394358,10394358
1715690649.1706762,520216576,0,0
1715690650.171927,520216576,454,454
1715690651.173224,520216576,153,153
1715690652.1746914,520216576,490,490
1715690653.1759713,520216576,0,0
1715690654.1773727,520216576,152,152
1715690655.1788006,520216576,193,193
1715690656.1802516,520216576,152,152
1715690657.181721,520216576,152,152
1715690658.1828346,520216576,0,0
1715690659.1841173,520216576,0,0
1715690660.1853743,520216576,679,679
1715690661.1867874,520216576,204,204
1715690662.1883676,520216576,155,155
1715690663.1896145,520216576,151,151
1715690664.1907113,520216576,0,0
1715690665.1921563,520216576,193,193
1715690666.19359,520216576,152,152
1715690667.1946409,520216576,152,152
1715690668.196233,520216576,0,0
1715690669.1976435,520216576,0,0
1715690670.1986377,520216576,296,296
1715690671.20007,520216576,152,152
1715690672.2013714,520216576,152,152
1715690673.2024026,520216576,0,0
1715690674.2036943,520216576,0,0
1715690675.2049446,520216576,192,192
1715690676.2062244,520216576,152,152
1715690677.206623,614191104,20779576,20779576
1715690678.2078981,719495168,784,784
1715690679.2092245,727314432,0,0
1715690680.210628,925204480,602,602
1715690681.211904,1012215808,153,153
1715690682.2133067,1064980480,532,532
1715690683.2148046,684691456,20781817,20781817
1715690684.2161188,684691456,1793,1793
1715690685.2175195,684691456,1742,1742
1715690686.2187693,684691456,1362,1362
1715690687.2190862,684691456,1658,1658
1715690688.2200258,684691456,1486,1486
1715690689.2209957,684691456,2088,2088
1715690690.2223372,684691456,1998,1998
1715690691.2227466,684691456,1708,1708
1715690692.2240167,684691456,1660,1660
1715690693.2243989,684691456,1497,1497
1715690694.2257874,684691456,1497,1497
1715690695.2266555,684691456,2181,2181
1715690696.2272596,684691456,1709,1709
1715690697.228517,684691456,1660,1660
1715690698.2298174,684691456,1506,1506
1715690699.2307436,684691456,1496,1496
1715690700.2321594,684691456,2009,2009
1715690701.233557,684691456,1719,1719
1715690702.2347932,684691456,2148,2148
1715690703.2362227,684691456,1503,1503
1715690704.2375188,684691456,1793,1793
1715690705.2387033,684691456,1686,1686
1715690706.240023,684691456,1356,1356
1715690707.2412868,684691456,2101,2101
1715690708.2426825,684691456,1506,1506
1715690709.2440364,684691456,2018,2018
1715690710.2456143,684691456,1761,1761
1715690711.2467985,684691456,1446,1446
1715690712.248075,684691456,1347,1347
1715690713.249458,684691456,1189,1189
1715690714.2507007,684691456,1247,1247
1715690715.2519765,684691456,1754,1754
1715690716.253273,684691456,1659,1659
1715690717.254781,684691456,1661,1661
1715690718.2561622,684691456,1510,1510
1715690719.2575555,684691456,1509,1509
1715690720.258767,684691456,2200,2200
1715690721.2601783,684691456,20781767,20781767
1715690722.261614,684691456,156,156
1715690723.2626266,684691456,312,312
1715690724.2639463,684691456,0,0
1715690725.2654014,684691456,196,196
1715690726.2666552,684691456,155,155
1715690727.2680569,684691456,152,152
1715690728.2694683,684691456,0,0
1715690729.2705903,684691456,0,0
1715690730.2720346,684691456,296,296
1715690731.2733383,684691456,152,152
1715690732.274276,684691456,152,152
1715690733.27482,684691456,0,0
1715690734.2762134,684691456,0,0
1715690735.2776296,684691456,344,344
1715690736.2788935,684691456,0,0
1715690737.2802806,684691456,152,152
1715690738.2816865,684691456,0,0
1715690739.2829456,684691456,0,0
1715690740.2834985,684691456,344,344
1715690741.2847874,684691456,0,0
1715690742.2860205,684691456,152,152
1715690743.2867908,684691456,0,0
1715690744.2880387,684691456,0,0
1715690745.2894313,684691456,344,344
1715690746.2906766,684691456,0,0
1715690747.2921243,684691456,152,152
1715690748.2935722,684691456,0,0
1715690749.294631,684691456,657,657
1715690750.296037,684691456,20782258,20782258
1715690751.2966132,684691456,1659,1659
1715690752.297955,684691456,156,156
1715690753.298931,684691456,303,303
1715690754.3002832,684691456,0,0
1715690755.301694,684691456,346,346
1715690756.302746,684691456,20781895,20781895
1715690757.3041992,684691456,1494,1494
1715690758.3054695,684691456,1478,1478
1715690759.306874,684691456,1477,1477
1715690760.3082297,684691456,1834,1834
1715690761.30962,684691456,1358,1358
1715690762.310811,684691456,1624,1624
1715690763.3122587,684691456,1856,1856
1715690764.3136642,684691456,1479,1479
1715690765.3147955,684691456,1254,1254
1715690766.3160932,684691456,1529,1529
1715690767.31745,684691456,1643,1643
1715690768.318631,684691456,1486,1486
1715690769.3200948,684691456,1489,1489
1715690770.3215134,684691456,1838,1838
1715690771.322713,684691456,1519,1519
1715690772.3240697,684691456,1662,1662
1715690773.3254452,684691456,1631,1631
1715690774.3266747,684691456,1550,1550
1715690775.3280473,684691456,2172,2172
1715690776.3293064,684691456,1653,1653
1715690777.3307416,684691456,1915,1915
1715690778.332146,684691456,2023,2023
1715690779.333459,684691456,1495,1495
1715690780.3346992,684691456,2615,2615
1715690781.3361034,684691456,1498,1498
1715690782.3374512,684691456,1647,1647
1715690783.338847,684691456,1493,1493
1715690784.340205,684691456,1485,1485
1715690785.3417351,684691456,1846,1846
1715690786.3428872,684691456,1576,1576
1715690787.344261,684691456,1385,1385
1715690788.3456337,684691456,1497,1497
1715690789.3468409,684691456,831,831
1715690790.3482094,684691456,1862,1862
1715690791.349622,684691456,1918,1918
1715690792.350802,684691456,1709,1709
1715690793.3517666,684691456,1702,1702
1715690794.3530116,684691456,20779258,20779258
1715690795.3538847,684691456,1882,1882
1715690796.3546383,684691456,0,0
1715690797.3561811,684691456,155,155
1715690798.3574805,684691456,88362,88362
1715690799.358623,684691456,0,0
1715690800.3600438,684691456,860,860
1715690801.3614464,684691456,0,0
1715690802.3619258,684691456,152,152
1715690803.363466,684691456,0,0
1715690804.3648663,684691456,0,0
1715690805.3662884,684691456,448,448
1715690806.367561,684691456,0,0
1715690807.369082,684691456,152,152
1715690808.3705454,684691456,0,0
1715690809.371787,684691456,656,656
1715690810.373224,684691456,650,650
1715690811.3745818,684691456,0,0
1715690812.376108,684691456,307,307
1715690813.3772461,684691456,0,0
1715690814.3786712,684691456,0,0
1715690815.3796947,684691456,345,345
1715690816.3809397,684691456,0,0
1715690817.3822103,684691456,152,152
1715690818.3826742,684691456,0,0
1715690819.3840883,684691456,0,0
1715690820.3855662,684691456,344,344
1715690821.3868256,684691456,0,0
1715690822.388258,684691456,152,152
1715690823.3894804,684691456,312,312
1715690824.3907676,684691456,20783288,20783288
1715690825.3922563,684691456,351,351
1715690826.3935897,684691456,0,0
1715690827.3946397,684691456,155,155
1715690828.3959098,684691456,0,0
1715690829.3971207,684691456,959,959
1715690830.3984387,684691456,20778492,20778492
1715690831.3995852,684691456,1972,1972
1715690832.4010122,684691456,966,966
1715690833.4024768,684691456,1223,1223
1715690834.403896,684691456,1498,1498
1715690835.4052663,684691456,1699,1699
1715690836.4069176,684691456,1482,1482
1715690837.4083607,684691456,1390,1390
1715690838.4096277,684691456,1218,1218
1715690839.4107533,684691456,1496,1496
1715690840.4121256,684691456,1293,1293
1715690841.4136522,684691456,1183,1183
1715690842.4148843,684691456,2026,2026
1715690843.4162867,684691456,1231,1231
1715690844.4176714,684691456,1160,1160
1715690845.4187384,684691456,2288,2288
1715690846.4201255,684691456,1668,1668
1715690847.4215577,684691456,2137,2137
1715690848.4226937,684691456,1221,1221
1715690849.423979,684691456,1973,1973
1715690850.425253,684691456,1596,1596
1715690851.4265249,684691456,1925,1925
1715690852.4277775,684691456,1439,1439
1715690853.4291198,684691456,1076,1076
1715690854.4304447,684691456,1319,1319
1715690855.431778,684691456,1837,1837
1715690856.4331312,684691456,1037,1037
1715690857.43449,684691456,1855,1855
1715690858.4357808,684691456,819,819
1715690859.437088,684691456,1833,1833
1715690860.437553,684691456,1908,1908
1715690861.4389284,684691456,1556,1556
1715690862.4402983,684691456,1659,1659
1715690863.4416962,684691456,1529,1529
1715690864.4427836,684691456,1504,1504
1715690865.4442139,684691456,1816,1816
1715690866.4455926,684691456,1549,1549
1715690867.4467847,684691456,1860,1860
1715690868.448072,684691456,20780569,20780569
1715690869.4493725,684691456,795,795
1715690870.450659,684691456,709,709
1715690871.4520586,684691456,0,0
1715690872.453457,684691456,307,307
1715690873.4547913,684691456,0,0
1715690874.4553614,684691456,0,0
1715690875.4567914,684691456,449,449
1715690876.458236,684691456,0,0
1715690877.4586375,684691456,152,152
1715690878.460127,684691456,0,0
1715690879.461394,684691456,0,0
1715690880.4628067,684691456,344,344
1715690881.4641912,684691456,0,0
1715690882.4654968,684691456,152,152
1715690883.4667861,684691456,0,0
1715690884.4676564,684691456,0,0
1715690885.4689496,684691456,344,344
1715690886.470491,684691456,0,0
1715690887.4717379,684691456,152,152
1715690888.4731586,684691456,0,0
1715690889.4746432,684691456,0,0
1715690890.4760702,684691456,344,344
1715690891.4773293,684691456,0,0
1715690892.478684,684691456,152,152
1715690893.479941,684691456,216,216
1715690894.4813309,684691456,0,0
1715690895.482629,684691456,344,344
1715690896.484082,684691456,0,0
1715690897.4855592,684691456,20776888,20776888
1715690898.4866333,684691456,0,0
1715690899.488008,684691456,303,303
1715690900.4892242,684691456,699,699
1715690901.4905806,684691456,0,0
1715690902.491806,684691456,1209,1209
1715690903.4932368,684691456,20778504,20778504
1715690904.4945922,684691456,1268,1268
1715690905.495927,684691456,1726,1726
1715690906.4973385,684691456,1522,1522
1715690907.4987926,684691456,1616,1616
1715690908.5002272,684691456,1466,1466
1715690909.5015502,684691456,1468,1468
1715690910.5026999,684691456,1830,1830
1715690911.5041113,684691456,1460,1460
1715690912.5054178,684691456,1627,1627
1715690913.506807,684691456,1624,1624
1715690914.5082266,684691456,1524,1524
1715690915.5096755,684691456,2095,2095
1715690916.510726,684691456,1679,1679
1715690917.5120943,684691456,2064,2064
1715690918.5134504,684691456,1683,1683
1715690919.5147207,684691456,1489,1489
1715690920.5160215,684691456,2316,2316
1715690921.5173643,684691456,1426,1426
1715690922.518665,684691456,2118,2118
1715690923.520064,684691456,1487,1487
1715690924.5214183,684691456,1211,1211
1715690925.5226912,684691456,2176,2176
1715690926.524069,684691456,1489,1489
1715690927.5253978,684691456,1925,1925
1715690928.5268207,684691456,1302,1302
1715690929.528196,684691456,2448,2448
1715690930.5295005,684691456,2032,2032
1715690931.530919,684691456,1645,1645
1715690932.5323718,684691456,970,970
1715690933.5338106,684691456,1527,1527
1715690934.5348244,684691456,1170,1170
1715690935.536157,684691456,2018,2018
1715690936.5375926,684691456,1267,1267
1715690937.5387452,684691456,1923,1923
1715690938.5401294,684691456,1446,1446
1715690939.5415344,684691456,1169,1169
1715690940.542774,684691456,20781907,20781907
1715690941.5440564,684691456,0,0
1715690942.5454888,684691456,307,307
1715690943.5469081,684691456,152,152
1715690944.5481648,684691456,0,0
1715690945.549596,684691456,346,346
1715690946.5506666,684691456,0,0
1715690947.5520692,684691456,152,152
1715690948.553565,684691456,0,0
1715690949.5550056,684691456,0,0
1715690950.5563142,684691456,344,344
1715690951.5575924,684691456,0,0
1715690952.5587914,684691456,152,152
1715690953.5602674,684691456,0,0
1715690954.5618842,684691456,0,0
1715690955.563395,684691456,344,344
1715690956.5647206,684691456,0,0
1715690957.5661366,684691456,152,152
1715690958.5667372,684691456,0,0
1715690959.568124,684691456,0,0
1715690960.5695448,684691456,700,700
1715690961.5706291,684691456,0,0
1715690962.5720475,684691456,306,306
1715690963.5734515,684691456,0,0
1715690964.5746326,684691456,0,0
1715690965.5761867,684691456,345,345
1715690966.5775905,684691456,216,216
1715690967.5787537,684691456,152,152
1715690968.5801728,684691456,0,0
1715690969.5814278,684691456,20777825,20777825
1715690970.5825956,684691456,2223,2223
1715690971.5839787,684691456,0,0
1715690972.5854495,684691456,155,155
1715690973.5866458,684691456,0,0
1715690974.5879877,684691456,0,0
