Timestamp,MemoryUsage,NetSent,NetRecv
1715687589.7399378,512262144,0,0
1715687590.7408552,519864320,14771,14771
1715687591.7420986,519864320,284,284
1715687592.7434385,519864320,313,313
1715687593.7445233,519864320,153,153
1715687594.745758,519864320,0,0
1715687595.7466576,519864320,350,350
1715687596.7480369,519864320,0,0
1715687597.7493415,519864320,152,152
1715687598.7507443,519864320,0,0
1715687599.752136,519864320,355,355
1715687600.7535322,519864320,349,349
1715687601.7548127,519864320,0,0
1715687602.7562668,519864320,155,155
1715687603.7576168,519864320,0,0
1715687604.7587824,519864320,0,0
1715687605.760303,519864320,344,344
1715687606.7618282,519864320,0,0
1715687607.7631717,519864320,152,152
1715687608.7644026,519864320,0,0
1715687609.76568,519864320,0,0
1715687610.766888,519864320,20780309,20780309
1715687611.7682505,519864320,4044,4044
1715687612.7696843,519864320,1465,1465
1715687613.7707932,519864320,956,956
1715687614.7722752,519864320,951,951
1715687615.7737162,519864320,1558,1558
1715687616.774733,519864320,1436,1436
1715687617.7761724,519864320,1312,1312
1715687618.777653,519864320,1218,1218
1715687619.7788284,519864320,1168,1168
1715687620.7802541,519864320,1622,1622
1715687621.781645,519864320,1219,1219
1715687622.7828007,519864320,1332,1332
1715687623.7842557,519864320,1747,1747
1715687624.7851014,519864320,1501,1501
1715687625.7865553,519864320,1901,1901
1715687626.7879598,519864320,1510,1510
1715687627.78867,519864320,1655,1655
1715687628.789927,519864320,1797,1797
1715687629.7907991,519864320,1799,1799
1715687630.7922113,519864320,1890,1890
1715687631.7934968,519864320,1491,1491
1715687632.7948053,519864320,1663,1663
1715687633.7962427,519864320,1233,1233
1715687634.797534,519864320,1227,1227
1715687635.7986522,519864320,1815,1815
1715687636.799912,519864320,8657,8657
1715687637.801248,519864320,7507,7507
1715687638.8027384,519864320,2355,2355
1715687639.8041353,519864320,2163,2163
1715687640.8055563,519864320,1765,1765
1715687641.806649,519864320,1517,1517
1715687642.8081098,519864320,1610,1610
1715687643.8094652,519864320,1509,1509
1715687644.81063,519864320,1513,1513
1715687645.811961,519864320,1914,1914
1715687646.8134627,519864320,1199,1199
1715687647.81489,519864320,1400,1400
1715687648.81612,519864320,10389865,10389865
1715687649.817677,519864320,10392751,10392751
1715687650.8185892,519864320,356,356
1715687651.819811,519864320,0,0
1715687652.821238,519864320,155,155
1715687653.8224382,519864320,0,0
1715687654.8239026,519864320,0,0
1715687655.8249087,519864320,344,344
1715687656.8261259,519864320,0,0
1715687657.8266373,519864320,152,152
1715687658.8280394,519864320,0,0
1715687659.8295438,519864320,353,353
1715687660.8308203,519864320,347,347
1715687661.8322213,519864320,0,0
1715687662.8328722,519864320,155,155
1715687663.8341224,519864320,0,0
1715687664.8353558,519864320,0,0
1715687665.836844,519864320,344,344
1715687666.838279,519864320,0,0
1715687667.839723,519864320,152,152
1715687668.8409712,519864320,0,0
1715687669.842292,519864320,0,0
1715687670.8425982,519864320,344,344
1715687671.8441563,519864320,0,0
1715687672.845525,519864320,152,152
1715687673.8467846,519864320,0,0
1715687674.8482172,519864320,0,0
1715687675.849437,519864320,20777905,20777905
1715687676.8506527,519864320,3039,3039
1715687677.8520024,519864320,155,155
1715687678.8534546,519864320,306,306
1715687679.8548596,519864320,339,339
1715687680.8562253,519864320,350,350
1715687681.8574574,519864320,20778696,20778696
1715687682.8587904,519864320,6517,6517
1715687683.8601482,519864320,2096,2096
1715687684.8616216,519864320,1550,1550
1715687685.8626661,519864320,2267,2267
1715687686.864019,519864320,2157,2157
1715687687.8654273,519864320,2240,2240
1715687688.8667588,519864320,1959,1959
1715687689.868059,519864320,1734,1734
1715687690.8694782,519864320,2278,2278
1715687691.8708508,519864320,1507,1507
1715687692.8722622,519864320,2080,2080
1715687693.8737078,519864320,1231,1231
1715687694.8747432,519864320,1495,1495
1715687695.8761618,519864320,1897,1897
1715687696.8775454,519864320,1511,1511
1715687697.8788133,519864320,1663,1663
1715687698.880194,519864320,1236,1236
1715687699.8815217,519864320,1785,1785
1715687700.8825865,519864320,2340,2340
1715687701.8838758,519864320,1459,1459
1715687702.885107,519864320,1709,1709
1715687703.8864727,519864320,1501,1501
1715687704.8877835,519864320,1504,1504
1715687705.889129,519864320,1855,1855
1715687706.8904686,519864320,893,893
1715687707.8917704,519864320,864,864
1715687708.8930905,519864320,2115,2115
1715687709.894436,519864320,1453,1453
1715687710.895807,519864320,1900,1900
1715687711.8971677,519864320,1496,1496
1715687712.8985367,519864320,1659,1659
1715687713.8999274,519864320,1712,1712
1715687714.9012473,519864320,1715,1715
1715687715.9015765,519864320,1906,1906
1715687716.9026015,519864320,1224,1224
1715687717.9039397,519864320,1789,1789
1715687718.9052749,519864320,954,954
1715687719.9065104,519864320,20782451,20782451
1715687720.9077692,519864320,352,352
1715687721.9089909,519864320,0,0
1715687722.9101806,519864320,156,156
1715687723.9109378,519864320,0,0
1715687724.9123225,519864320,0,0
1715687725.9126513,519864320,344,344
1715687726.9140506,519864320,0,0
1715687727.9148235,519864320,152,152
1715687728.9160423,519864320,0,0
1715687729.9172926,519864320,0,0
1715687730.9187317,519864320,344,344
1715687731.920157,519864320,0,0
1715687732.921573,519864320,152,152
1715687733.9226131,519864320,0,0
1715687734.9239357,519864320,0,0
1715687735.9243522,519864320,448,448
1715687736.9256,519864320,0,0
1715687737.9268525,519864320,152,152
1715687738.9281757,519864320,0,0
1715687739.9293966,519864320,0,0
1715687740.9307096,519864320,344,344
1715687741.9319685,519864320,152,152
1715687742.9331799,519864320,0,0
1715687743.9344077,519864320,0,0
1715687744.9357748,519864320,0,0
1715687745.9371352,519864320,344,344
1715687746.9385386,519864320,20781326,20781326
1715687747.9398937,519864320,304,304
1715687748.9412823,519864320,452,452
1715687749.9427187,519864320,353,353
1715687750.9441023,519864320,349,349
1715687751.945484,519864320,480,480
1715687752.9467502,519864320,20778211,20778211
1715687753.9480119,519864320,1307,1307
1715687754.9492898,519864320,324,324
1715687755.9506857,519864320,2477,2477
1715687756.9520907,519864320,1976,1976
1715687757.953392,519864320,1457,1457
1715687758.9546916,519864320,1407,1407
1715687759.955988,519864320,1208,1208
1715687760.9574068,519864320,1870,1870
1715687761.9587765,519864320,1619,1619
1715687762.9600496,519864320,1472,1472
1715687763.9614646,519864320,1475,1475
1715687764.962626,519864320,1429,1429
1715687765.9640403,519864320,1892,1892
1715687766.9652817,519864320,1088,1088
1715687767.9666002,519864320,1915,1915
1715687768.9679086,519864320,1547,1547
1715687769.9692569,519864320,1488,1488
1715687770.9704978,519864320,1898,1898
1715687771.971376,519864320,1779,1779
1715687772.9722965,519864320,1496,1496
1715687773.9734948,519864320,1504,1504
1715687774.974682,519864320,1214,1214
1715687775.9760318,519864320,1893,1893
1715687776.9773364,519864320,1331,1331
1715687777.9787369,519864320,1486,1486
1715687778.9797072,519864320,1496,1496
1715687779.9809659,519864320,1987,1987
1715687780.9823952,519864320,1836,1836
1715687781.9836826,519864320,1865,1865
1715687782.984947,519864320,1550,1550
1715687783.986183,519864320,1499,1499
1715687784.986621,519864320,1509,1509
1715687785.987884,519864320,1842,1842
1715687786.9892702,519864320,1652,1652
1715687787.9907238,519864320,1325,1325
1715687788.991209,519864320,87956,87956
1715687789.9924333,519864320,10388963,10388963
1715687790.9938688,519864320,10393204,10393204
1715687791.9946349,519864320,155,155
1715687792.995973,519864320,305,305
1715687793.9970531,519864320,0,0
1715687794.9984684,519864320,0,0
1715687795.9991453,519864320,350,350
1715687797.0003734,519864320,152,152
1715687798.0018878,519864320,0,0
1715687799.002721,519864320,0,0
1715687800.004102,519864320,648,648
1715687801.0053222,519864320,396,396
1715687802.0060973,519864320,152,152
1715687803.006597,519864320,8473,8473
1715687804.0077689,519864320,7169,7169
1715687805.0093071,519864320,1596,1596
1715687806.0107846,519864320,3875,3875
1715687807.0121536,519864320,158,158
1715687808.0135481,519864320,0,0
1715687809.0148306,519864320,360,360
1715687810.0160816,519864320,305,305
1715687811.017524,519864320,1285,1285
1715687812.0188897,519864320,157,157
1715687813.0201702,519864320,0,0
1715687814.021555,519864320,0,0
1715687815.02264,519864320,484,484
1715687816.0240366,519864320,353,353
1715687817.0252688,519864320,20780432,20780432
1715687818.0265746,519864320,4483,4483
1715687819.0278323,519864320,0,0
1715687820.028735,519864320,629,629
1715687821.030072,519864320,352,352
1715687822.0306728,519864320,632,632
1715687823.0318804,519864320,949,949
1715687824.033282,519864320,20781364,20781364
1715687825.0347376,519864320,1571,1571
1715687826.036013,519864320,1892,1892
1715687827.0373602,519864320,1634,1634
1715687828.0388439,519864320,1486,1486
1715687829.040172,519864320,1483,1483
1715687830.0405777,519864320,1222,1222
1715687831.041925,519864320,1888,1888
1715687832.0426862,519864320,950,950
1715687833.0439541,519864320,965,965
1715687834.045221,519864320,1275,1275
1715687835.0466292,519864320,1393,1393
1715687836.0480266,519864320,1631,1631
1715687837.0493982,519864320,1113,1113
1715687838.0507762,519864320,962,962
1715687839.052095,519864320,1184,1184
1715687840.0535479,519864320,1543,1543
1715687841.0548835,519864320,1580,1580
1715687842.0559134,519864320,1347,1347
1715687843.057228,519864320,953,953
1715687844.0586238,519864320,964,964
1715687845.0600255,519864320,965,965
1715687846.0614917,519864320,1582,1582
1715687847.0626683,519864320,1350,1350
1715687848.0641627,519864320,1406,1406
1715687849.0655632,519864320,962,962
1715687850.0667624,519864320,1451,1451
1715687851.0681398,519864320,1914,1914
1715687852.0695975,519864320,1601,1601
1715687853.0708225,519864320,916,916
1715687854.0722685,519864320,1283,1283
1715687855.0735745,519864320,1220,1220
1715687856.0746696,519864320,1526,1526
1715687857.0760345,519864320,1356,1356
1715687858.077088,519864320,1763,1763
1715687859.078532,519864320,1087,1087
1715687860.079969,519864320,1458,1458
1715687861.0811918,519864320,20782102,20782102
1715687862.0826333,519864320,1455,1455
1715687863.0841022,519864320,161,161
1715687864.0855498,519864320,305,305
1715687865.08679,519864320,0,0
1715687866.0880396,519864320,349,349
1715687867.0894454,519864320,152,152
1715687868.0906317,519864320,0,0
1715687869.0920284,519864320,836,836
1715687870.0934606,519864320,303,303
1715687871.0947816,519864320,347,347
1715687872.096027,519864320,155,155
1715687873.0973012,519864320,0,0
1715687874.098703,519864320,0,0
1715687875.1001406,519864320,0,0
1715687876.1014423,519864320,344,344
1715687877.1028035,519864320,152,152
1715687878.1040404,519864320,0,0
1715687879.1055017,519864320,0,0
1715687880.10665,519864320,0,0
1715687881.1079726,519864320,344,344
1715687882.1092725,519864320,152,152
1715687883.1105287,519864320,0,0
1715687884.112125,519864320,0,0
1715687885.1135194,519864320,0,0
1715687886.1147869,519864320,824,824
1715687887.116219,519864320,152,152
1715687888.1174953,519864320,20775346,20775346
1715687889.1188166,519864320,2383,2383
1715687890.1200783,519864320,0,0
1715687891.1213944,519864320,837,837
1715687892.1226308,519864320,155,155
1715687893.1240754,519864320,635,635
1715687894.125317,519864320,20776851,20776851
1715687895.1265948,519864320,2380,2380
1715687896.1279068,519864320,1470,1470
1715687897.1291447,519864320,1622,1622
1715687898.130414,519864320,1464,1464
1715687899.131788,519864320,1301,1301
1715687900.1331353,519864320,1545,1545
1715687901.13458,519864320,1188,1188
1715687902.135835,519864320,1646,1646
1715687903.1371799,519864320,1385,1385
1715687904.1385643,519864320,1541,1541
1715687905.1398976,519864320,1629,1629
1715687906.141231,519864320,1738,1738
1715687907.142526,519864320,1637,1637
1715687908.1438313,519864320,1474,1474
1715687909.1447022,519864320,1302,1302
1715687910.146165,519864320,1624,1624
1715687911.147194,519864320,1622,1622
1715687912.1486235,519864320,1635,1635
1715687913.1500764,519864320,1173,1173
1715687914.1507144,519864320,1484,1484
1715687915.1521153,519864320,1636,1636
1715687916.1534252,519864320,1749,1749
1715687917.154787,519864320,2073,2073
1715687918.1561165,519864320,1717,1717
1715687919.1574392,519864320,1497,1497
1715687920.158651,519864320,1646,1646
1715687921.1598828,519864320,1755,1755
1715687922.1611507,519864320,1648,1648
1715687923.16246,519864320,925,925
1715687924.1639042,519864320,1493,1493
1715687925.1652188,519864320,1103,1103
1715687926.1666083,519864320,1577,1577
1715687927.1679516,519864320,1776,1776
1715687928.169316,519864320,1940,1940
1715687929.1707866,519864320,1820,1820
1715687930.172082,519864320,2412,2412
1715687931.1733458,519864320,10392515,10392515
1715687932.174825,519864320,10389585,10389585
1715687933.1762168,519864320,0,0
1715687934.177647,519864320,305,305
1715687935.178765,519864320,194,194
1715687936.1800327,519864320,158,158
1715687937.1812255,519864320,152,152
1715687938.1820617,519864320,0,0
1715687939.1827621,519864320,0,0
1715687940.1840444,519864320,192,192
1715687941.185392,519864320,152,152
1715687942.1867085,519864320,152,152
1715687943.1880562,519864320,0,0
1715687944.1894128,519864320,0,0
1715687945.1906204,519864320,192,192
1715687946.192059,519864320,152,152
1715687947.19335,519864320,152,152
1715687948.1947696,519864320,0,0
1715687949.1960301,519864320,0,0
1715687950.1974957,519864320,296,296
1715687951.1988883,519864320,152,152
1715687952.2001617,519864320,491,491
1715687953.2015247,519864320,0,0
1715687954.2027316,519864320,151,151
1715687955.2039614,519864320,193,193
1715687956.2052057,519864320,152,152
1715687957.2064953,519864320,472,472
1715687958.2078485,519864320,159,159
1715687959.2092173,519864320,20779514,20779514
1715687960.2106159,519864320,933,933
1715687961.2119741,519864320,157,157
1715687962.2132897,519864320,631,631
1715687963.2147613,519864320,0,0
1715687964.216008,519864320,956,956
