Timestamp,MemoryUsage,NetSent,NetRecv
1715687589.7231622,512692224,0,0
1715687590.7244384,520163328,17178,17178
1715687591.7256947,520163328,284,284
1715687592.7266445,520163328,313,313
1715687593.7278404,520163328,153,153
1715687594.7290843,520163328,0,0
1715687595.7303905,520163328,350,350
1715687596.7316754,520163328,0,0
1715687597.733099,520163328,152,152
1715687598.7343981,520163328,0,0
1715687599.7358046,520163328,355,355
1715687600.737383,520163328,349,349
1715687601.7386796,520163328,0,0
1715687602.7400405,520163328,155,155
1715687603.7414663,520163328,0,0
1715687604.7425704,520163328,0,0
1715687605.7439256,520163328,344,344
1715687606.745331,520163328,0,0
1715687607.7467084,520163328,152,152
1715687608.747944,520163328,0,0
1715687609.7492096,520163328,0,0
1715687610.7504272,520163328,20780309,20780309
1715687611.751786,520163328,4044,4044
1715687612.7531896,520163328,1465,1465
1715687613.7547512,520163328,956,956
1715687614.7561247,520163328,951,951
1715687615.7575016,520163328,1558,1558
1715687616.7587461,520163328,1436,1436
1715687617.7600844,520163328,1312,1312
1715687618.7607665,520163328,1218,1218
1715687619.7622368,520163328,1168,1168
1715687620.7627883,520163328,1622,1622
1715687621.764097,520163328,1219,1219
1715687622.7653902,520163328,1332,1332
1715687623.7668307,520163328,1747,1747
1715687624.7682102,520163328,1501,1501
1715687625.769681,520163328,1901,1901
1715687626.7706418,520163328,1510,1510
1715687627.771949,520163328,1655,1655
1715687628.773354,520163328,1797,1797
1715687629.7746732,520163328,1799,1799
1715687630.775996,520163328,1890,1890
1715687631.7774441,520163328,1491,1491
1715687632.778833,520163328,1663,1663
1715687633.78031,520163328,1233,1233
1715687634.7815716,520163328,1227,1227
1715687635.7826385,520163328,1815,1815
1715687636.7839131,520163328,8657,8657
1715687637.7853365,520163328,7507,7507
1715687638.7866998,520163328,2355,2355
1715687639.7880828,520163328,2163,2163
1715687640.7895389,520163328,1765,1765
1715687641.7907054,520163328,1517,1517
1715687642.792166,520163328,1610,1610
1715687643.7934928,520163328,1509,1509
1715687644.794821,520163328,1513,1513
1715687645.7962294,520163328,1914,1914
1715687646.7976809,520163328,1199,1199
1715687647.7987983,520163328,1400,1400
1715687648.8000085,520163328,10389865,10389865
1715687649.8014169,520163328,10392751,10392751
1715687650.802601,520163328,356,356
1715687651.8038287,520163328,0,0
1715687652.8053184,520163328,155,155
1715687653.8066294,520163328,0,0
1715687654.8078833,520163328,0,0
1715687655.8092866,520163328,344,344
1715687656.8099954,520163328,0,0
1715687657.8106143,520163328,152,152
1715687658.8121374,520163328,0,0
1715687659.8135445,520163328,353,353
1715687660.8146229,520163328,347,347
1715687661.8158789,520163328,0,0
1715687662.8173053,520163328,155,155
1715687663.8185465,520163328,0,0
1715687664.8198047,520163328,0,0
1715687665.821205,520163328,344,344
1715687666.8226204,520163328,0,0
1715687667.8238683,520163328,152,152
1715687668.8252828,520163328,0,0
1715687669.8266976,520163328,0,0
1715687670.8279312,520163328,344,344
1715687671.8294046,520163328,0,0
1715687672.8308375,520163328,152,152
1715687673.8322384,520163328,0,0
1715687674.833494,520163328,0,0
1715687675.9249508,552140800,20778198,20778198
1715687676.9262912,692031488,2901,2901
1715687677.9267688,787529728,0,0
1715687678.9280248,762925056,306,306
1715687679.9293509,756658176,339,339
1715687680.930596,781688832,350,350
1715687681.93182,702775296,20779308,20779308
1715687682.9332495,702775296,5905,5905
1715687683.9347377,702775296,2096,2096
1715687684.935997,702775296,1550,1550
1715687685.9373493,702775296,2319,2319
1715687686.9387362,702775296,2261,2261
1715687687.939349,702775296,2136,2136
1715687688.9407198,702775296,1907,1907
1715687689.942147,702775296,1734,1734
1715687690.9427037,702775296,2278,2278
1715687691.9440572,702775296,1663,1663
1715687692.94536,702775296,1924,1924
1715687693.9458916,702775296,1231,1231
1715687694.9466455,702775296,1495,1495
1715687695.9481237,702775296,1897,1897
1715687696.9494605,702775296,1667,1667
1715687697.9507422,702775296,1507,1507
1715687698.9521453,702775296,1514,1514
1715687699.9534087,702775296,1507,1507
1715687700.9548798,702775296,2340,2340
1715687701.9561362,702775296,1667,1667
1715687702.957422,702775296,1501,1501
1715687703.95876,702775296,1501,1501
1715687704.9601595,702775296,1504,1504
1715687705.9613078,702775296,1855,1855
1715687706.962674,702775296,1344,1344
1715687707.9640002,702775296,730,730
1715687708.9654045,702775296,1798,1798
1715687709.9667234,702775296,1453,1453
1715687710.9680514,702775296,1900,1900
1715687711.969421,702775296,1652,1652
1715687712.9708016,702775296,1503,1503
1715687713.9722722,702775296,1818,1818
1715687714.9736216,702775296,1609,1609
1715687715.9749007,702775296,1906,1906
1715687716.9763532,702775296,1510,1510
1715687717.9778104,702775296,1503,1503
1715687718.9787114,702775296,1520,1520
1715687719.9798174,702775296,20781885,20781885
1715687720.981233,702775296,352,352
1715687721.9827013,702775296,156,156
1715687722.9840271,702775296,0,0
1715687723.9853823,702775296,0,0
1715687724.9869504,702775296,0,0
1715687725.988277,702775296,344,344
1715687726.9896204,702775296,152,152
1715687727.9899547,702775296,0,0
1715687728.9907942,702775296,0,0
1715687729.9920745,702775296,0,0
1715687730.9933996,702775296,344,344
1715687731.9950118,702775296,152,152
1715687732.9963236,702775296,0,0
1715687733.9976077,702775296,0,0
1715687734.998726,702775296,0,0
1715687736.0000458,702775296,448,448
1715687737.0013146,702775296,152,152
1715687738.0025892,702775296,0,0
1715687739.0036426,702775296,0,0
1715687740.004297,702775296,0,0
1715687741.0058742,702775296,344,344
1715687742.0068448,702775296,152,152
1715687743.008133,702775296,0,0
1715687744.0089967,702775296,0,0
1715687745.01055,702775296,0,0
1715687746.011875,702775296,344,344
1715687747.013347,702775296,20781326,20781326
1715687748.0146809,702775296,304,304
1715687749.0160074,702775296,452,452
1715687750.0173712,702775296,353,353
1715687751.0186317,702775296,349,349
1715687752.019891,702775296,532,532
1715687753.021205,964079616,20778159,20778159
1715687754.0225866,864346112,1307,1307
1715687755.024033,1001971712,906,906
1715687756.025454,908775424,1895,1895
1715687757.0267303,960561152,1976,1976
1715687758.0282078,923262976,1457,1457
1715687759.0296204,908689408,1407,1407
1715687760.0307486,1123618816,1208,1208
1715687761.032112,906928128,1870,1870
1715687762.0335212,798040064,1619,1619
1715687763.0347898,1168363520,1472,1472
1715687764.0361884,1095716864,1475,1475
1715687765.0375798,1024335872,1429,1429
1715687766.0388362,858943488,1892,1892
1715687767.0402915,967270400,1088,1088
1715687768.0415945,942501888,2201,2201
1715687769.0426946,772005888,1261,1261
1715687770.0442374,808169472,1488,1488
1715687771.0454636,771878912,1898,1898
1715687772.046597,808173568,1946,1946
1715687773.0478694,776744960,1329,1329
1715687774.0492792,814477312,1504,1504
1715687775.0507278,785264640,1495,1495
1715687776.0521822,834568192,1893,1893
1715687777.053555,851013632,1638,1638
1715687778.0548391,864858112,1208,1208
1715687779.0562286,864870400,1497,1497
1715687780.0574896,900669440,1676,1676
1715687781.0586352,845901824,1836,1836
1715687782.060019,933208064,1865,1865
1715687783.0612803,885915648,1550,1550
1715687784.062547,867688448,1499,1499
1715687785.063848,965332992,1509,1509
1715687786.0645125,931917824,1842,1842
1715687787.0658164,940433408,1652,1652
1715687788.0667224,893378560,1629,1629
1715687789.067844,851591168,87835,87835
1715687790.069103,812417024,10388780,10388780
1715687791.0705967,832909312,10393204,10393204
1715687792.0719955,832909312,155,155
1715687793.0728223,832909312,305,305
1715687794.0741365,832909312,0,0
1715687795.0748215,832909312,0,0
1715687796.0762286,832909312,350,350
1715687797.0775018,832909312,152,152
1715687798.0789297,832909312,0,0
1715687799.0803971,832909312,0,0
1715687800.0818453,832909312,700,700
1715687801.0828054,832909312,344,344
1715687802.0841084,832909312,152,152
1715687803.0854933,832909312,9445,9445
1715687804.086662,832909312,6550,6550
1715687805.0879183,832909312,1243,1243
1715687806.089312,832909312,3875,3875
1715687807.0907137,832909312,158,158
1715687808.0921364,832909312,0,0
1715687809.0933986,832909312,360,360
1715687810.0947275,832909312,305,305
1715687811.0958745,832909312,1285,1285
1715687812.097136,832909312,157,157
1715687813.0982187,832909312,0,0
1715687814.0986729,832909312,0,0
1715687815.1000662,832909312,484,484
1715687816.1014752,832909312,353,353
1715687817.1026,832909312,20780806,20780806
1715687818.1038933,832909312,4109,4109
1715687819.1054137,832909312,319,319
1715687820.1068208,832909312,310,310
1715687821.108091,832909312,352,352
1715687822.109547,832909312,632,632
1715687823.1107547,832909312,1001,1001
1715687824.1120858,881823744,20781312,20781312
1715687825.1135335,962842624,1571,1571
1715687826.1147153,1023807488,1892,1892
1715687827.1161332,1006002176,1634,1634
1715687828.1174924,954970112,1486,1486
1715687829.1187606,937312256,1483,1483
1715687830.1200478,986607616,1222,1222
1715687831.1214745,1003302912,1888,1888
1715687832.1228852,989024256,950,950
1715687833.1242664,967880704,965,965
1715687834.1256452,1005113344,1434,1434
1715687835.1267984,976424960,1381,1381
1715687836.128246,951136256,1484,1484
1715687837.1295304,964780032,1113,1113
1715687838.130782,1026265088,962,962
1715687839.1321702,962318336,1184,1184
1715687840.1334612,951054336,1691,1691
1715687841.1348388,932065280,1432,1432
1715687842.136169,1067212800,1347,1347
1715687843.137565,932225024,953,953
1715687844.138829,1028968448,964,964
1715687845.1401997,969994240,1113,1113
1715687846.1415067,957685760,1434,1434
1715687847.1427135,1001467904,1509,1509
1715687848.1440759,1102151680,1247,1247
1715687849.145392,954228736,962,962
1715687850.1467059,950964224,1703,1703
1715687851.1481786,983048192,1662,1662
1715687852.1495805,964739072,1601,1601
1715687853.1507697,1094406144,968,968
1715687854.1521103,1196294144,1505,1505
1715687855.153463,1290039296,1601,1601
1715687856.1547186,1076420608,1153,1153
1715687857.15612,928047104,1664,1664
1715687858.157386,1028722688,1509,1509
1715687859.1588142,993476608,1172,1172
1715687860.1602144,1082056704,1601,1601
1715687861.161503,857157632,20782127,20782127
1715687862.162798,857157632,866,866
1715687863.1640997,857157632,161,161
1715687864.1655118,857157632,305,305
1715687865.166664,857157632,194,194
1715687866.1680143,857157632,155,155
1715687867.1692984,857157632,152,152
1715687868.170707,857157632,535,535
1715687869.1722064,857157632,301,301
1715687870.173686,857157632,498,498
1715687871.174821,857157632,152,152
1715687872.1751623,857157632,155,155
1715687873.176416,857157632,0,0
1715687874.1774316,857157632,0,0
1715687875.178809,857157632,192,192
1715687876.1802568,857157632,152,152
1715687877.1816375,857157632,152,152
1715687878.1826577,857157632,0,0
1715687879.1839135,857157632,0,0
1715687880.1852438,857157632,192,192
1715687881.1865656,857157632,152,152
1715687882.1879685,857157632,152,152
1715687883.1883974,857157632,0,0
1715687884.189667,857157632,0,0
1715687885.190767,857157632,192,192
1715687886.1922283,857157632,632,632
1715687887.193683,857157632,152,152
1715687888.1949537,857157632,20775674,20775674
1715687889.1962228,857157632,2055,2055
1715687890.1976643,857157632,251,251
1715687891.1986952,857157632,586,586
1715687892.2000632,857157632,155,155
1715687893.2014065,857157632,635,635
1715687894.202864,857157632,20777579,20777579
1715687895.204165,857157632,1704,1704
1715687896.205465,857157632,1722,1722
1715687897.2066238,857157632,1318,1318
1715687898.207905,857157632,1464,1464
1715687899.2091773,857157632,1461,1461
1715687900.2104316,857157632,1550,1550
1715687901.211694,857157632,1354,1354
1715687902.2129726,857157632,1315,1315
1715687903.2142484,857157632,1553,1553
1715687904.214652,857157632,1373,1373
1715687905.2160487,857157632,1681,1681
1715687906.2173786,857157632,1686,1686
1715687907.2186835,857157632,1637,1637
1715687908.219981,857157632,1474,1474
1715687909.221262,857157632,1472,1472
1715687910.2227545,857157632,1775,1775
1715687911.2241206,857157632,1471,1471
1715687912.2254968,857157632,1465,1465
1715687913.2266803,857157632,1173,1173
1715687914.2280433,857157632,1661,1661
1715687915.2293549,857157632,1664,1664
1715687916.2306757,857157632,1721,1721
1715687917.2321262,857157632,2070,2070
1715687918.2333975,857157632,1543,1543
1715687919.2346702,857157632,1497,1497
1715687920.236033,857157632,1856,1856
1715687921.2373855,857157632,1545,1545
1715687922.2388031,857157632,1648,1648
1715687923.2401724,857157632,1485,1485
1715687924.2415767,857157632,1244,1244
1715687925.2427003,857157632,1354,1354
1715687926.2440283,857157632,1649,1649
1715687927.2454553,857157632,1712,1712
1715687928.2468255,857157632,1657,1657
1715687929.2476294,857157632,2105,2105
1715687930.2489424,857157632,2721,2721
1715687931.2504,857157632,10391634,10391634
1715687932.251666,857157632,10389585,10389585
1715687933.2531388,857157632,0,0
1715687934.2546492,857157632,305,305
1715687935.2560828,857157632,352,352
1715687936.2576983,857157632,0,0
1715687937.258884,857157632,152,152
1715687938.260304,857157632,0,0
1715687939.2615538,857157632,0,0
1715687940.2628186,857157632,344,344
1715687941.2642503,857157632,0,0
1715687942.2656415,857157632,152,152
1715687943.2668183,857157632,0,0
1715687944.2682686,857157632,0,0
1715687945.2695024,857157632,344,344
1715687946.270846,857157632,0,0
1715687947.2721345,857157632,152,152
1715687948.2735462,857157632,0,0
1715687949.2748027,857157632,0,0
1715687950.2760534,857157632,448,448
1715687951.2774851,857157632,0,0
1715687952.2788544,857157632,491,491
1715687953.2802944,857157632,0,0
1715687954.2817035,857157632,151,151
1715687955.2831252,857157632,345,345
1715687956.2843735,857157632,0,0
1715687957.2857628,857157632,631,631
1715687958.2871609,857157632,0,0
1715687959.288742,866787328,20779782,20779782
1715687960.290059,1000116224,822,822
1715687961.290877,876392448,0,0
1715687962.2922735,876466176,631,631
1715687963.2935145,851423232,0,0
