Timestamp,MemoryUsage,NetSent,NetRecv
1715690588.1153107,511176704,0,0
1715690589.116752,519041024,17957,17957
1715690590.1179261,519041024,0,0
1715690591.1186187,519041024,357,357
1715690592.1193407,519041024,0,0
1715690593.1206052,519041024,156,156
1715690594.122009,519041024,0,0
1715690595.1227596,519041024,148,148
1715690596.124129,519041024,300,300
1715690597.1255403,519041024,0,0
1715690598.1268191,519041024,152,152
1715690599.1281378,519041024,0,0
1715690600.1295257,519041024,354,354
1715690601.1305938,519041024,345,345
1715690602.131067,519041024,0,0
1715690603.132492,519041024,307,307
1715690604.133872,519041024,0,0
1715690605.134797,519041024,193,193
1715690606.136021,519041024,152,152
1715690607.1373935,519041024,0,0
1715690608.1387794,519041024,152,152
1715690609.1400638,519041024,0,0
1715690610.1414351,726171648,20784432,20784432
1715690611.1426773,903352320,1500,1500
1715690612.1440048,790360064,803,803
1715690613.1454253,881205248,1348,1348
1715690614.146844,846770176,1499,1499
1715690615.1481342,935534592,1754,1754
1715690616.1490743,905392128,2003,2003
1715690617.1505008,875405312,1488,1488
1715690618.1518855,1056591872,1635,1635
1715690619.1532762,1121878016,1493,1493
1715690620.154627,1014550528,1379,1379
1715690621.1553643,981336064,1488,1488
1715690622.1567712,1042673664,1171,1171
1715690623.1582923,981344256,1389,1389
1715690624.1587183,1013854208,1225,1225
1715690625.1599584,1054199808,1646,1646
1715690626.161338,1189109760,1772,1772
1715690627.162753,815300608,1511,1511
1715690628.1640902,941514752,1666,1666
1715690629.165494,922660864,2809,2809
1715690630.1667528,909676544,1897,1897
1715690631.1681445,947834880,2192,2192
1715690632.169466,933003264,1666,1666
1715690633.1706991,908234752,1880,1880
1715690634.1720934,882409472,1290,1290
1715690635.1735556,933015552,2015,2015
1715690636.1746469,765386752,1344,1344
1715690637.176038,796725248,1660,1660
1715690638.1772754,765030400,1896,1896
1715690639.1786704,796344320,1518,1518
1715690640.1800418,746176512,1717,1717
1715690641.1812832,796487680,1719,1719
1715690642.1826892,795324416,1478,1478
1715690643.184087,796491776,2005,2005
1715690644.1854475,802922496,1522,1522
1715690645.1868465,796717056,1710,1710
1715690646.1882813,789577728,1722,1722
1715690647.1897209,798224384,10388760,10388760
1715690648.1908011,798224384,10394038,10394038
1715690649.1920884,798224384,0,0
1715690650.1925423,798224384,454,454
1715690651.193964,798224384,153,153
1715690652.1947753,798224384,490,490
1715690653.1961613,798224384,0,0
1715690654.1968694,798224384,152,152
1715690655.198168,798224384,193,193
1715690656.1986794,798224384,152,152
1715690657.199903,798224384,152,152
1715690658.2013297,798224384,0,0
1715690659.2027454,798224384,0,0
1715690660.2039592,798224384,731,731
1715690661.2053113,798224384,152,152
1715690662.2068253,798224384,155,155
1715690663.2078953,798224384,151,151
1715690664.2091928,798224384,0,0
1715690665.2105296,798224384,193,193
1715690666.2118952,798224384,152,152
1715690667.213131,798224384,152,152
1715690668.2144282,798224384,0,0
1715690669.2158365,798224384,0,0
1715690670.2170937,798224384,296,296
1715690671.2185323,798224384,152,152
1715690672.219916,798224384,152,152
1715690673.221065,798224384,0,0
1715690674.2225552,798224384,0,0
1715690675.223926,798224384,192,192
1715690676.225168,798224384,152,152
1715690677.2265375,798224384,20779803,20779803
1715690678.2278302,798224384,557,557
1715690679.2291465,798224384,0,0
1715690680.2302694,798224384,602,602
1715690681.2307465,798224384,153,153
1715690682.2319744,798224384,532,532
1715690683.2334077,798224384,20781869,20781869
1715690684.2347178,798224384,1741,1741
1715690685.2360952,798224384,1742,1742
1715690686.2371638,798224384,1646,1646
1715690687.2385902,798224384,1374,1374
1715690688.2398806,798224384,1486,1486
1715690689.241133,798224384,2088,2088
1715690690.2424996,798224384,1998,1998
1715690691.2430792,798224384,1992,1992
1715690692.2444866,798224384,1376,1376
1715690693.245805,798224384,1497,1497
1715690694.2466629,798224384,1497,1497
1715690695.2480474,798224384,2181,2181
1715690696.2493412,798224384,1709,1709
1715690697.2506413,798224384,1660,1660
1715690698.2519872,798224384,1506,1506
1715690699.2531056,798224384,1496,1496
1715690700.2545643,798224384,2009,2009
1715690701.2559927,798224384,1719,1719
1715690702.2572958,798224384,2148,2148
1715690703.2582889,798224384,1503,1503
1715690704.259472,798224384,1793,1793
1715690705.260732,798224384,1967,1967
1715690706.2611303,798224384,1075,1075
1715690707.2625165,798224384,2101,2101
1715690708.2637897,798224384,1506,1506
1715690709.2651448,798224384,2018,2018
1715690710.266749,798224384,1761,1761
1715690711.2680972,798224384,1446,1446
1715690712.2695234,798224384,1347,1347
1715690713.2707555,798224384,1189,1189
1715690714.2721841,798224384,1247,1247
1715690715.2736082,798224384,1754,1754
1715690716.2748175,798224384,1659,1659
1715690717.276219,798224384,1661,1661
1715690718.2774544,798224384,1510,1510
1715690719.2788165,798224384,1509,1509
1715690720.2801344,798224384,2353,2353
1715690721.2814822,798224384,20781614,20781614
1715690722.2829049,798224384,156,156
1715690723.283938,798224384,312,312
1715690724.2854314,798224384,0,0
1715690725.2867966,798224384,351,351
1715690726.2880425,798224384,0,0
1715690727.2893322,798224384,152,152
1715690728.2906363,798224384,0,0
1715690729.2920263,798224384,0,0
1715690730.293542,798224384,448,448
1715690731.294668,798224384,0,0
1715690732.2959926,798224384,152,152
1715690733.2972627,798224384,0,0
1715690734.298705,798224384,0,0
1715690735.3001153,798224384,344,344
1715690736.3013346,798224384,0,0
1715690737.3028982,798224384,152,152
1715690738.3041282,798224384,0,0
1715690739.3053663,798224384,0,0
1715690740.3067129,798224384,344,344
1715690741.3080053,798224384,0,0
1715690742.3093815,798224384,152,152
1715690743.3108354,798224384,0,0
1715690744.3122551,798224384,0,0
1715690745.313649,798224384,344,344
1715690746.3148086,798224384,0,0
1715690747.3160844,798224384,152,152
1715690748.316838,798224384,0,0
1715690749.3180764,798224384,657,657
1715690750.3187895,798224384,20782463,20782463
1715690751.3200705,798224384,1454,1454
1715690752.3213923,798224384,156,156
1715690753.3228073,798224384,303,303
1715690754.3243208,798224384,0,0
1715690755.3257492,798224384,708,708
1715690756.3267593,798224384,20781652,20781652
1715690757.3280911,798224384,1375,1375
1715690758.329351,798224384,1478,1478
1715690759.3307948,798224384,1477,1477
1715690760.3320453,798224384,1834,1834
1715690761.3325925,798224384,1358,1358
1715690762.3338747,798224384,1624,1624
1715690763.3346775,798224384,1856,1856
1715690764.3361177,798224384,1479,1479
1715690765.3374708,798224384,1611,1611
1715690766.3386142,798224384,1172,1172
1715690767.3399782,798224384,1643,1643
1715690768.341256,798224384,1486,1486
1715690769.3425193,798224384,1489,1489
1715690770.3438497,798224384,1838,1838
1715690771.3451962,798224384,1519,1519
1715690772.3465831,798224384,1662,1662
1715690773.3478642,798224384,1631,1631
1715690774.3491986,798224384,1550,1550
1715690775.350484,798224384,2172,2172
1715690776.3518357,798224384,1653,1653
1715690777.3531775,798224384,2085,2085
1715690778.3545036,798224384,2025,2025
1715690779.355908,798224384,1323,1323
1715690780.3572838,798224384,2615,2615
1715690781.3586774,798224384,1498,1498
1715690782.3601196,798224384,1647,1647
1715690783.3614457,798224384,1493,1493
1715690784.3628004,798224384,1485,1485
1715690785.3641665,798224384,1846,1846
1715690786.365554,798224384,1576,1576
1715690787.3668585,798224384,1385,1385
1715690788.3681457,798224384,1497,1497
1715690789.369566,798224384,831,831
1715690790.3707209,798224384,1862,1862
1715690791.3721213,798224384,1918,1918
1715690792.3734078,798224384,1709,1709
1715690793.3746393,798224384,1702,1702
1715690794.3758578,798224384,20779526,20779526
1715690795.3772988,798224384,1614,1614
1715690796.378553,798224384,0,0
1715690797.3800611,798224384,155,155
1715690798.381461,798224384,88362,88362
1715690799.38272,798224384,0,0
1715690800.3842309,798224384,860,860
1715690801.3848484,798224384,0,0
1715690802.3862395,798224384,152,152
1715690803.3872344,798224384,0,0
1715690804.3886445,798224384,0,0
1715690805.3900652,798224384,448,448
1715690806.390608,798224384,0,0
1715690807.391321,798224384,152,152
1715690808.3927245,798224384,0,0
1715690809.3939772,798224384,656,656
1715690810.3947797,798224384,650,650
1715690811.396201,798224384,0,0
1715690812.3975995,798224384,307,307
1715690813.3985834,798224384,0,0
1715690814.3999631,798224384,0,0
1715690815.4011908,798224384,345,345
1715690816.4015026,798224384,0,0
1715690817.4028127,798224384,152,152
1715690818.4041033,798224384,0,0
1715690819.4054008,798224384,0,0
1715690820.4067907,798224384,344,344
1715690821.4080794,798224384,0,0
1715690822.4096122,798224384,152,152
1715690823.410813,798224384,312,312
1715690824.4122386,798224384,20783288,20783288
1715690825.4136918,798224384,351,351
1715690826.41467,798224384,0,0
1715690827.4160583,798224384,155,155
1715690828.4173427,798224384,0,0
1715690829.4185562,798224384,959,959
1715690830.419837,798224384,20778492,20778492
1715690831.421265,798224384,1972,1972
1715690832.4225945,798224384,966,966
1715690833.4240205,798224384,1223,1223
1715690834.4254541,798224384,1498,1498
1715690835.4267638,798224384,1699,1699
1715690836.4282413,798224384,1482,1482
1715690837.429658,798224384,1390,1390
1715690838.4306579,798224384,1218,1218
1715690839.4319637,798224384,1496,1496
1715690840.4332986,798224384,1293,1293
1715690841.4347024,798224384,1183,1183
1715690842.436002,798224384,2026,2026
1715690843.4374514,798224384,1231,1231
1715690844.4389584,798224384,1545,1545
1715690845.4401472,798224384,2182,2182
1715690846.4415915,798224384,1658,1658
1715690847.4427488,798224384,1868,1868
1715690848.444026,798224384,1503,1503
1715690849.445338,798224384,1804,1804
1715690850.446637,798224384,1782,1782
1715690851.4470882,798224384,1626,1626
1715690852.4483562,798224384,1439,1439
1715690853.4496171,798224384,1245,1245
1715690854.4506793,798224384,1343,1343
1715690855.452009,798224384,1644,1644
1715690856.4533248,798224384,1037,1037
1715690857.4549067,798224384,1855,1855
1715690858.4564505,798224384,819,819
1715690859.4577963,798224384,1833,1833
1715690860.4587755,798224384,1908,1908
1715690861.4602094,798224384,1556,1556
1715690862.4616196,798224384,1659,1659
1715690863.4627128,798224384,1529,1529
1715690864.4635139,798224384,1504,1504
1715690865.464871,798224384,1816,1816
1715690866.4662814,798224384,1549,1549
1715690867.4666631,798224384,1860,1860
1715690868.4681404,798224384,20780569,20780569
1715690869.4694235,798224384,795,795
1715690870.4708002,798224384,709,709
1715690871.4721832,798224384,0,0
1715690872.4735024,798224384,307,307
1715690873.4740694,798224384,0,0
1715690874.4746325,798224384,0,0
1715690875.4761457,798224384,449,449
1715690876.4771173,798224384,0,0
1715690877.4783533,798224384,152,152
1715690878.4788184,798224384,0,0
1715690879.4802747,798224384,0,0
1715690880.4815917,798224384,344,344
1715690881.482799,798224384,0,0
1715690882.484209,798224384,152,152
1715690883.485585,798224384,0,0
1715690884.4866352,798224384,0,0
1715690885.4880986,798224384,344,344
1715690886.4895108,798224384,0,0
1715690887.4907482,798224384,152,152
1715690888.492142,798224384,0,0
1715690889.4934485,798224384,0,0
1715690890.4947958,798224384,344,344
1715690891.4960706,798224384,0,0
1715690892.4974253,798224384,152,152
1715690893.4987159,798224384,216,216
1715690894.4999745,798224384,0,0
1715690895.501243,798224384,344,344
1715690896.50265,798224384,0,0
1715690897.5040905,798224384,20776888,20776888
1715690898.5053053,798224384,0,0
1715690899.5066447,798224384,303,303
1715690900.5080845,798224384,699,699
1715690901.5094252,798224384,0,0
1715690902.5105617,798224384,1261,1261
1715690903.5118287,798224384,20778452,20778452
1715690904.5132692,798224384,1268,1268
1715690905.5146468,798224384,1726,1726
1715690906.5160356,798224384,1522,1522
1715690907.5174286,798224384,1616,1616
1715690908.518807,798224384,1466,1466
1715690909.520221,798224384,1468,1468
1715690910.521615,798224384,1830,1830
1715690911.5227015,798224384,1460,1460
1715690912.524124,798224384,1627,1627
1715690913.5254972,798224384,1676,1676
1715690914.5267632,798224384,1578,1578
1715690915.5281174,798224384,2263,2263
1715690916.5294847,798224384,1630,1630
1715690917.5307436,798224384,1839,1839
1715690918.5319996,798224384,1683,1683
1715690919.533193,798224384,1489,1489
1715690920.534582,798224384,2316,2316
1715690921.5359714,798224384,1426,1426
1715690922.53734,798224384,2118,2118
1715690923.5386376,798224384,1487,1487
1715690924.539854,798224384,1492,1492
1715690925.5412142,798224384,1895,1895
1715690926.5426888,798224384,1768,1768
1715690927.544036,798224384,1646,1646
1715690928.545233,798224384,1471,1471
1715690929.5465496,798224384,2279,2279
1715690930.5478423,798224384,2259,2259
1715690931.5491898,798224384,1418,1418
1715690932.5504706,798224384,1261,1261
1715690933.5518818,798224384,1236,1236
1715690934.553129,798224384,1331,1331
1715690935.5545661,798224384,1857,1857
1715690936.5558271,798224384,1545,1545
1715690937.5570233,798224384,1645,1645
1715690938.5584257,798224384,1446,1446
1715690939.5598834,798224384,1451,1451
1715690940.5610795,798224384,20781625,20781625
1715690941.562318,798224384,0,0
1715690942.562895,798224384,307,307
1715690943.5642662,798224384,152,152
1715690944.565501,798224384,0,0
1715690945.566825,798224384,346,346
1715690946.5682437,798224384,0,0
1715690947.5696256,798224384,152,152
1715690948.570778,798224384,0,0
1715690949.5721352,798224384,0,0
1715690950.5735118,798224384,344,344
1715690951.574765,798224384,0,0
1715690952.575361,798224384,152,152
1715690953.576706,798224384,0,0
1715690954.5780606,798224384,0,0
1715690955.5788102,798224384,344,344
1715690956.5802183,798224384,0,0
1715690957.581514,798224384,152,152
1715690958.582622,798224384,0,0
1715690959.5839508,798224384,0,0
1715690960.5853252,798224384,700,700
1715690961.5865903,798224384,0,0
1715690962.5878897,798224384,306,306
1715690963.5886614,798224384,0,0
1715690964.5898757,798224384,0,0
1715690965.5907853,798224384,345,345
1715690966.5921972,798224384,216,216
1715690967.593604,798224384,152,152
1715690968.5951393,798224384,0,0
1715690969.5964062,798224384,20777825,20777825
1715690970.5977244,798224384,2223,2223
1715690971.5986927,798224384,0,0
1715690972.6000903,798224384,155,155
1715690973.6014888,798224384,0,0
1715690974.6026971,798224384,0,0
