Timestamp,MemoryUsage,NetSent,NetRecv
1715690588.144648,512434176,226,226
1715690589.1460812,520036352,15276,15276
1715690590.146741,520036352,199,199
1715690591.147977,520036352,158,158
1715690592.1492546,520036352,0,0
1715690593.1505642,520036352,156,156
1715690594.1519496,520036352,0,0
1715690595.1532235,520036352,296,296
1715690596.1544456,520036352,152,152
1715690597.1558428,520036352,0,0
1715690598.1572578,520036352,152,152
1715690599.1586945,520036352,0,0
1715690600.1600685,520036352,495,495
1715690601.1612847,520036352,204,204
1715690602.1627343,520036352,0,0
1715690603.1641102,520036352,307,307
1715690604.1654541,520036352,0,0
1715690605.1665788,520036352,193,193
1715690606.1678345,520036352,152,152
1715690607.169219,520036352,0,0
1715690608.170646,520036352,152,152
1715690609.171904,520036352,0,0
1715690610.1732638,520036352,20784484,20784484
1715690611.1746075,520036352,1448,1448
1715690612.1758556,520036352,959,959
1715690613.1765404,520036352,1192,1192
1715690614.177844,520036352,1499,1499
1715690615.1786976,520036352,1754,1754
1715690616.1800797,520036352,2003,2003
1715690617.18072,520036352,1644,1644
1715690618.181997,520036352,1479,1479
1715690619.1827507,520036352,1493,1493
1715690620.1840096,520036352,1431,1431
1715690621.1852238,520036352,1436,1436
1715690622.186459,520036352,1327,1327
1715690623.1878736,520036352,1510,1510
1715690624.1892095,520036352,1224,1224
1715690625.190495,520036352,1422,1422
1715690626.1918297,520036352,1720,1720
1715690627.1932037,520036352,1667,1667
1715690628.1944997,520036352,1510,1510
1715690629.195882,520036352,2809,2809
1715690630.1967225,520036352,1949,1949
1715690631.1981547,520036352,2140,2140
1715690632.1988552,520036352,1666,1666
1715690633.2002652,520036352,1932,1932
1715690634.2016993,520036352,1520,1520
1715690635.2026327,520036352,1733,1733
1715690636.203985,520036352,1652,1652
1715690637.205281,520036352,1491,1491
1715690638.20654,520036352,1757,1757
1715690639.2078643,520036352,1518,1518
1715690640.2091038,520036352,1717,1717
1715690641.2103395,520036352,1719,1719
1715690642.2107525,520036352,1478,1478
1715690643.2120984,520036352,2005,2005
1715690644.213512,520036352,1522,1522
1715690645.2146778,520036352,1710,1710
1715690646.216029,520036352,1722,1722
1715690647.2173944,520036352,10388812,10388812
1715690648.2186513,520036352,10393986,10393986
1715690649.2199714,520036352,0,0
1715690650.22122,520036352,454,454
1715690651.22261,520036352,153,153
1715690652.2239661,520036352,490,490
1715690653.225279,520036352,0,0
1715690654.2266695,520036352,152,152
1715690655.2279403,520036352,193,193
1715690656.2293804,520036352,152,152
1715690657.2306108,520036352,152,152
1715690658.2320538,520036352,0,0
1715690659.2334507,520036352,0,0
1715690660.2346077,520036352,731,731
1715690661.2360291,520036352,152,152
1715690662.2372873,520036352,155,155
1715690663.2384317,520036352,151,151
1715690664.239667,520036352,0,0
1715690665.241099,520036352,193,193
1715690666.242515,520036352,152,152
1715690667.2437403,520036352,152,152
1715690668.245122,520036352,0,0
1715690669.2459548,520036352,0,0
1715690670.2465744,520036352,296,296
1715690671.2478383,520036352,152,152
1715690672.249231,520036352,152,152
1715690673.2506504,520036352,0,0
1715690674.2518141,520036352,0,0
1715690675.2531385,520036352,192,192
1715690676.2545817,520036352,152,152
1715690677.255792,520036352,20780070,20780070
1715690678.2568347,520036352,290,290
1715690679.2578816,520036352,0,0
1715690680.2588234,520036352,602,602
1715690681.2598014,520036352,153,153
1715690682.2611296,520036352,532,532
1715690683.2618496,520036352,20782167,20782167
1715690684.2626681,520036352,1719,1719
1715690685.2637486,520036352,1743,1743
1715690686.2648516,520036352,1369,1369
1715690687.2658334,520036352,1489,1489
1715690688.2666767,520036352,1654,1654
1715690689.2675357,520036352,1805,1805
1715690690.2685962,520036352,1998,1998
1715690691.2695003,520036352,1992,1992
1715690692.2707198,520036352,1376,1376
1715690693.2716057,520036352,1497,1497
1715690694.2721922,520036352,1497,1497
1715690695.2733524,520036352,2518,2518
1715690696.2743306,520036352,1372,1372
1715690697.2751625,520036352,1660,1660
1715690698.276264,520036352,1506,1506
1715690699.2775054,520036352,1496,1496
1715690700.2787158,520036352,2166,2166
1715690701.2800364,520036352,1562,1562
1715690702.2814069,520036352,2148,2148
1715690703.2826276,520036352,1503,1503
1715690704.2841384,520036352,1793,1793
1715690705.285489,520036352,2124,2124
1715690706.2866733,520036352,1228,1228
1715690707.2879388,520036352,1791,1791
1715690708.2882965,520036352,1506,1506
1715690709.2897406,520036352,2018,2018
1715690710.2907238,520036352,1918,1918
1715690711.2920563,520036352,1289,1289
1715690712.2934408,520036352,1347,1347
1715690713.2946498,520036352,1189,1189
1715690714.2959409,520036352,1247,1247
1715690715.297273,520036352,1907,1907
1715690716.298527,520036352,1506,1506
1715690717.2998145,520036352,1661,1661
1715690718.3011937,520036352,1510,1510
1715690719.3026183,520036352,1509,1509
1715690720.3039808,520036352,2353,2353
1715690721.3052912,520036352,20781614,20781614
1715690722.3067439,520036352,156,156
1715690723.3078566,520036352,312,312
1715690724.309163,520036352,0,0
1715690725.3105981,520036352,351,351
1715690726.3110282,520036352,0,0
1715690727.3115494,520036352,152,152
1715690728.3129802,520036352,0,0
1715690729.3136406,520036352,0,0
1715690730.3148534,520036352,448,448
1715690731.316266,520036352,0,0
1715690732.3175614,520036352,152,152
1715690733.3186135,520036352,0,0
1715690734.3200088,520036352,0,0
1715690735.3216028,520036352,344,344
1715690736.322591,520036352,0,0
1715690737.3241093,520036352,152,152
1715690738.32538,520036352,0,0
1715690739.3266573,520036352,0,0
1715690740.3281252,520036352,344,344
1715690741.3295436,520036352,0,0
1715690742.3308465,520036352,152,152
1715690743.332279,520036352,0,0
1715690744.3336794,520036352,0,0
1715690745.3349302,520036352,344,344
1715690746.3362248,520036352,0,0
1715690747.3376253,520036352,152,152
1715690748.3387928,520036352,0,0
1715690749.3400428,520036352,657,657
1715690750.3413107,520036352,20782696,20782696
1715690751.3426626,520036352,1221,1221
1715690752.344093,520036352,156,156
1715690753.3454182,520036352,303,303
1715690754.3467782,520036352,0,0
1715690755.3480694,520036352,708,708
1715690756.3494215,520036352,20781900,20781900
1715690757.3507488,520036352,1127,1127
1715690758.3520617,520036352,1478,1478
1715690759.3533444,520036352,1477,1477
1715690760.3548563,520036352,1834,1834
1715690761.3563113,520036352,1358,1358
1715690762.3577003,520036352,1624,1624
1715690763.3586972,520036352,1856,1856
1715690764.3601053,520036352,1479,1479
1715690765.3614228,520036352,1611,1611
1715690766.3626196,520036352,1172,1172
1715690767.3638709,520036352,1643,1643
1715690768.3651824,520036352,1486,1486
1715690769.3664656,520036352,1489,1489
1715690770.3672278,520036352,1838,1838
1715690771.3686726,520036352,1519,1519
1715690772.3700705,520036352,1940,1940
1715690773.3706772,520036352,1353,1353
1715690774.3720117,520036352,1550,1550
1715690775.373334,520036352,2172,2172
1715690776.3737376,520036352,1653,1653
1715690777.3746705,520036352,2085,2085
1715690778.3759587,520036352,2025,2025
1715690779.3774226,520036352,1323,1323
1715690780.378867,520036352,2615,2615
1715690781.38021,520036352,1498,1498
1715690782.3816519,520036352,1647,1647
1715690783.3826861,520036352,1493,1493
1715690784.3840053,520036352,1485,1485
1715690785.3853898,520036352,1846,1846
1715690786.386779,520036352,1576,1576
1715690787.3882334,520036352,1385,1385
1715690788.3895633,520036352,1497,1497
1715690789.39087,520036352,831,831
1715690790.392178,520036352,1862,1862
1715690791.393621,520036352,1918,1918
1715690792.3947093,520036352,1709,1709
1715690793.3960104,520036352,10389040,10389040
1715690794.397231,520036352,10392188,10392188
1715690795.3986242,520036352,1614,1614
1715690796.3998685,520036352,0,0
1715690797.401269,520036352,155,155
1715690798.402576,520036352,88362,88362
1715690799.4039147,520036352,0,0
1715690800.4053857,520036352,860,860
1715690801.406622,520036352,0,0
1715690802.407947,520036352,152,152
1715690803.409399,520036352,0,0
1715690804.4106524,520036352,0,0
1715690805.411544,520036352,448,448
1715690806.412746,520036352,0,0
1715690807.4140382,520036352,152,152
1715690808.4152203,520036352,0,0
1715690809.416473,520036352,656,656
1715690810.4178529,520036352,650,650
1715690811.4187129,520036352,0,0
1715690812.42012,520036352,307,307
1715690813.421378,520036352,0,0
1715690814.4228463,520036352,0,0
1715690815.424266,520036352,345,345
1715690816.4254951,520036352,0,0
1715690817.4268296,520036352,152,152
1715690818.428267,520036352,0,0
1715690819.4297316,520036352,0,0
1715690820.4306266,520036352,344,344
1715690821.4320478,520036352,0,0
1715690822.4334912,520036352,152,152
1715690823.434638,520036352,10389702,10389702
1715690824.4359653,786345984,10393898,10393898
1715690825.43742,795512832,351,351
1715690826.4388094,759357440,0,0
1715690827.4400892,715345920,155,155
1715690828.4408374,727961600,0,0
1715690829.442028,697896960,959,959
1715690830.4426775,908537856,20778492,20778492
1715690831.4441514,909721600,1972,1972
1715690832.4456215,1007656960,966,966
1715690833.4468355,893321216,1223,1223
1715690834.4482846,829304832,1498,1498
1715690835.4495955,1065267200,1699,1699
1715690836.4507234,883335168,1482,1482
1715690837.4522817,842964992,1390,1390
1715690838.4538023,813576192,1218,1218
1715690839.454744,877543424,1496,1496
1715690840.4561148,1088925696,1293,1293
1715690841.4574249,870674432,1183,1183
1715690842.4586902,1030914048,2026,2026
1715690843.4601583,1011494912,1231,1231
1715690844.4615705,899489792,1545,1545
1715690845.4627943,912031744,2288,2288
1715690846.4641583,832368640,1552,1552
1715690847.4655294,901718016,1868,1868
1715690848.4666755,765296640,1503,1503
1715690849.4679914,759205888,1973,1973
1715690850.4692507,767815680,1613,1613
1715690851.4704692,777785344,1626,1626
1715690852.4716604,744382464,1439,1439
1715690853.47286,777949184,1245,1245
1715690854.4740922,757297152,1343,1343
1715690855.474606,777879552,1808,1808
1715690856.4759815,746438656,1063,1063
1715690857.4773085,781520896,1665,1665
1715690858.4787607,792875008,819,819
1715690859.480047,805130240,2022,2022
1715690860.4813716,771596288,1719,1719
1715690861.4827607,781623296,1556,1556
1715690862.48408,755679232,1848,1848
1715690863.485512,878223360,1340,1340
1715690864.4866898,909942784,1504,1504
1715690865.4880836,962404352,1816,1816
1715690866.4892585,966492160,1549,1549
1715690867.490617,819761152,1860,1860
1715690868.4920015,840929280,20780569,20780569
1715690869.4934433,840929280,795,795
1715690870.4946914,840929280,709,709
1715690871.495957,840929280,0,0
1715690872.4972403,840929280,307,307
1715690873.4986682,840929280,0,0
1715690874.4991872,840929280,0,0
1715690875.5002165,840929280,449,449
1715690876.5015259,840929280,0,0
1715690877.5027726,840929280,152,152
1715690878.5042048,840929280,0,0
1715690879.504968,840929280,0,0
1715690880.5063584,840929280,344,344
1715690881.5076168,840929280,0,0
1715690882.5090337,840929280,152,152
1715690883.510432,840929280,0,0
1715690884.5111296,840929280,0,0
1715690885.5125344,840929280,344,344
1715690886.5139453,840929280,0,0
1715690887.5147924,840929280,152,152
1715690888.5160506,840929280,0,0
1715690889.5175076,840929280,0,0
1715690890.5191183,840929280,344,344
1715690891.5203514,840929280,0,0
1715690892.5219016,840929280,152,152
1715690893.522789,840929280,216,216
1715690894.5240843,840929280,0,0
1715690895.525353,840929280,344,344
1715690896.5267906,840929280,0,0
1715690897.5282278,840929280,20776888,20776888
1715690898.529558,840929280,0,0
1715690899.5306761,840929280,303,303
1715690900.5321295,840929280,699,699
1715690901.533416,840929280,0,0
1715690902.5345569,840929280,1313,1313
1715690903.535878,840929280,20778400,20778400
1715690904.5372062,840929280,1268,1268
1715690905.538746,840929280,1726,1726
1715690906.540141,840929280,1522,1522
1715690907.5416079,840929280,1616,1616
1715690908.5426269,840929280,1466,1466
1715690909.5440402,840929280,1468,1468
1715690910.545352,840929280,1830,1830
1715690911.5467272,840929280,1460,1460
1715690912.5480988,840929280,1627,1627
1715690913.5496638,840929280,1949,1949
1715690914.5507455,840929280,1473,1473
1715690915.5520375,840929280,2095,2095
1715690916.553494,840929280,1630,1630
1715690917.5547857,840929280,1839,1839
1715690918.5561712,840929280,1683,1683
1715690919.5575783,840929280,1489,1489
1715690920.558698,840929280,2316,2316
1715690921.5599813,840929280,1426,1426
1715690922.5612967,840929280,2118,2118
1715690923.5626276,840929280,1487,1487
1715690924.5640736,840929280,1492,1492
1715690925.5655234,840929280,2008,2008
1715690926.5666912,840929280,1655,1655
1715690927.5681157,840929280,1922,1922
1715690928.5695589,840929280,1195,1195
1715690929.5706892,840929280,2556,2556
1715690930.5721283,840929280,1982,1982
1715690931.5735252,840929280,1662,1662
1715690932.5748382,840929280,1017,1017
1715690933.5763154,840929280,1236,1236
1715690934.5777295,840929280,1500,1500
1715690935.5787854,840929280,1740,1740
1715690936.580035,840929280,1493,1493
1715690937.5814745,840929280,1645,1645
1715690938.5826848,840929280,1446,1446
1715690939.5841656,840929280,1451,1451
1715690940.5856655,840929280,20781625,20781625
1715690941.5866032,840929280,0,0
1715690942.5875251,840929280,307,307
1715690943.5882685,840929280,152,152
1715690944.5894878,840929280,0,0
1715690945.5908618,840929280,346,346
1715690946.5916426,840929280,0,0
1715690947.592784,840929280,152,152
1715690948.5940485,840929280,0,0
1715690949.595354,840929280,0,0
1715690950.5966578,840929280,344,344
1715690951.5978873,840929280,0,0
1715690952.5993848,840929280,152,152
1715690953.6007938,840929280,0,0
1715690954.6015327,840929280,0,0
1715690955.6026871,840929280,344,344
1715690956.6040132,840929280,0,0
1715690957.6054602,840929280,152,152
1715690958.606655,840929280,0,0
1715690959.6079812,840929280,0,0
1715690960.6094012,840929280,700,700
1715690961.6106188,840929280,0,0
1715690962.6116052,840929280,306,306
1715690963.6128864,840929280,0,0
1715690964.6141233,840929280,0,0
1715690965.6148107,840929280,345,345
1715690966.616115,840929280,216,216
1715690967.6174004,840929280,152,152
1715690968.6186152,840929280,0,0
1715690969.6198387,854560768,20778387,20778387
1715690970.621389,904204288,1661,1661
1715690971.622785,1045880832,0,0
1715690972.6241639,1070198784,155,155
1715690973.6255617,1120653312,0,0
1715690974.6266532,1032159232,0,0
