Timestamp,MemoryUsage,NetSent,NetRecv
1715690028.6868796,514650112,0,0
1715690029.6882863,518975488,5091,5091
1715690030.6895003,518975488,356,356
1715690031.6906388,518975488,0,0
1715690032.6920347,518975488,156,156
1715690033.6934617,518975488,0,0
1715690034.6947942,518975488,0,0
1715690035.6960523,518975488,344,344
1715690036.697347,518975488,0,0
1715690037.6987662,518975488,152,152
1715690038.7000103,518975488,0,0
1715690039.7014415,518975488,0,0
1715690040.702626,518975488,448,448
1715690041.7040675,518975488,0,0
1715690042.7053666,518975488,152,152
1715690043.7066426,518975488,0,0
1715690044.708047,518975488,0,0
1715690045.7094133,518975488,344,344
1715690046.7106009,518975488,0,0
1715690047.7119713,518975488,152,152
1715690048.713345,518975488,0,0
1715690049.7146475,623296512,20782570,20782570
1715690050.7159128,690286592,2829,2829
1715690051.7171905,727498752,863,863
1715690052.7185848,745095168,1193,1193
1715690053.7199368,770207744,1490,1490
1715690054.7212722,758910976,1226,1226
1715690055.7226644,839368704,1840,1840
1715690056.7239583,848822272,1496,1496
1715690057.725228,818184192,1841,1841
1715690058.7266386,843563008,1314,1314
1715690059.7280755,860352512,1492,1492
1715690060.7294466,775495680,2203,2203
1715690061.7308009,861396992,1506,1506
1715690062.7322261,919535616,1957,1957
1715690063.7336042,870162432,1982,1982
1715690064.7348006,898850816,868,868
1715690065.736257,887353344,1758,1758
1715690066.7375638,844427264,1503,1503
1715690067.7387726,758382592,1662,1662
1715690068.7402651,1024626688,1505,1505
1715690069.7416592,1070915584,1492,1492
1715690070.7428205,907235328,2230,2230
1715690071.744254,874369024,1499,1499
1715690072.7455108,880828416,1864,1864
1715690073.7467768,880971776,1776,1776
1715690074.7480283,780570624,1720,1720
1715690075.749399,748072960,1377,1377
1715690076.7507956,840921088,763,763
1715690077.7522173,922017792,1701,1701
1715690078.7536511,886910976,1022,1022
1715690079.7546597,865161216,2082,2082
1715690080.7559972,741191680,1557,1557
1715690081.7572346,766369792,1239,1239
1715690082.7584844,741220352,1662,1662
1715690083.7596657,766398464,1186,1186
1715690084.760876,739741696,1510,1510
1715690085.7620852,764473344,1758,1758
1715690086.7627249,777400320,1512,1512
1715690087.763965,746401792,20781335,20781335
1715690088.7654042,746401792,2868,2868
1715690089.7666554,746401792,303,303
1715690090.7678883,746401792,815,815
1715690091.7691824,746401792,0,0
1715690092.770477,746401792,308,308
1715690093.771723,746401792,0,0
1715690094.7731454,746401792,0,0
1715690095.774415,746401792,345,345
1715690096.7758095,746401792,0,0
1715690097.7772598,746401792,152,152
1715690098.7785778,746401792,0,0
1715690099.779988,746401792,0,0
1715690100.7812257,746401792,344,344
1715690101.7825265,746401792,0,0
1715690102.783887,746401792,152,152
1715690103.785131,746401792,0,0
1715690104.786433,746401792,0,0
1715690105.7876854,746401792,344,344
1715690106.7889218,746401792,0,0
1715690107.790359,746401792,152,152
1715690108.7907965,746401792,0,0
1715690109.792046,746401792,0,0
1715690110.793519,746401792,344,344
1715690111.7946992,746401792,338,338
1715690112.7961137,746401792,155,155
1715690113.7975485,746401792,151,151
1715690114.798797,746401792,0,0
1715690115.800112,746401792,345,345
1715690116.8013396,746401792,1442320,1442320
1715690117.8028228,833056768,19334829,19334829
1715690118.8041923,801665024,0,0
1715690119.8054116,845570048,303,303
1715690120.806664,877121536,702,702
1715690121.808097,988487680,0,0
1715690122.8093345,739946496,20780900,20780900
1715690123.8107123,739946496,3529,3529
1715690124.8120503,739946496,1173,1173
1715690125.813453,739946496,1620,1620
1715690126.8148096,739946496,1225,1225
1715690127.8161545,739946496,1310,1310
1715690128.8177114,739946496,1164,1164
1715690129.8187838,739946496,1556,1556
1715690130.8202817,739946496,1900,1900
1715690131.8216572,739946496,799,799
1715690132.82268,739946496,1661,1661
1715690133.8240888,739946496,1495,1495
1715690134.825502,739946496,1443,1443
1715690135.8268206,739946496,1899,1899
1715690136.8281257,739946496,1501,1501
1715690137.8295507,739946496,1653,1653
1715690138.830805,739946496,1500,1500
1715690139.8320727,739946496,1502,1502
1715690140.8334138,739946496,1906,1906
1715690141.8347836,739946496,1929,1929
1715690142.8361828,739946496,1665,1665
1715690143.8375137,739946496,2041,2041
1715690144.8388035,739946496,1595,1595
1715690145.8402343,739946496,2039,2039
1715690146.8415525,739946496,1550,1550
1715690147.8426096,739946496,1658,1658
1715690148.8438454,739946496,2204,2204
1715690149.84525,739946496,1336,1336
1715690150.84661,739946496,2554,2554
1715690151.8478644,739946496,1570,1570
1715690152.849164,739946496,1968,1968
1715690153.8499055,739946496,1208,1208
1715690154.8506646,739946496,1814,1814
1715690155.8520603,739946496,2202,2202
1715690156.8534443,739946496,1515,1515
1715690157.8547425,739946496,2150,2150
1715690158.8561194,739946496,1511,1511
1715690159.8567197,739946496,1220,1220
1715690160.8581355,739946496,10391881,10391881
1715690161.8587606,739946496,10391841,10391841
1715690162.8601508,739946496,156,156
1715690163.8613007,739946496,306,306
1715690164.8625634,739946496,0,0
1715690165.863986,739946496,347,347
1715690166.865369,739946496,0,0
1715690167.8666174,739946496,152,152
1715690168.8680105,739946496,0,0
1715690169.8694494,739946496,0,0
1715690170.8706255,739946496,344,344
1715690171.8720303,739946496,0,0
1715690172.8734338,739946496,152,152
1715690173.8745937,739946496,0,0
1715690174.8760464,739946496,0,0
1715690175.8764117,739946496,344,344
1715690176.8776515,739946496,0,0
1715690177.878741,739946496,152,152
1715690178.8800843,739946496,0,0
1715690179.881389,739946496,0,0
1715690180.882736,739946496,699,699
1715690181.8840122,739946496,0,0
1715690182.8853703,739946496,306,306
1715690183.8866892,739946496,0,0
1715690184.887977,739946496,0,0
1715690185.889415,739946496,449,449
1715690186.8906097,739946496,0,0
1715690187.891864,739946496,152,152
1715690188.893225,739946496,0,0
1715690189.894457,739946496,0,0
1715690190.8958733,976449536,20779525,20779525
1715690191.897277,1251078144,1491,1491
1715690192.898716,993345536,155,155
1715690193.900159,939356160,303,303
1715690194.901568,873676800,0,0
1715690195.9026399,952733696,347,347
1715690196.9040604,767369216,88144,88144
1715690197.9053824,833191936,31169822,31169822
1715690198.9066138,1079775232,1278,1278
1715690199.908013,860991488,1055,1055
1715690200.9093974,1020473344,1671,1671
1715690201.9107819,901550080,1045,1045
1715690202.9120789,816898048,1551,1551
1715690203.9133751,1003651072,1410,1410
1715690204.9147658,825249792,953,953
1715690205.9161997,928370688,1564,1564
1715690206.91756,869433344,772,772
1715690207.9189882,1087438848,1421,1421
1715690208.9204128,881602560,1660,1660
1715690209.9217155,986316800,960,960
1715690210.923062,999182336,2065,2065
1715690211.9242861,834961408,958,958
1715690212.925624,890155008,1947,1947
1715690213.926569,845000704,781,781
1715690214.9279737,1195466752,1539,1539
1715690215.9292703,853962752,1630,1630
1715690216.930629,971210752,956,956
1715690217.932014,958685184,1953,1953
1715690218.9333076,813977600,961,961
1715690219.9346192,1007874048,1852,1852
1715690220.935984,860790784,1175,1175
1715690221.9368966,1060655104,2128,2128
1715690222.9381323,760102912,10389320,10389320
1715690223.9395683,760102912,1509,1509
1715690224.9408627,760102912,0,0
1715690225.9423416,760102912,357,357
1715690226.9427671,760102912,0,0
1715690227.9440248,760102912,155,155
1715690228.9453337,760102912,0,0
1715690229.9468668,760102912,0,0
1715690230.948132,760102912,344,344
1715690231.9485085,760102912,0,0
1715690232.9498923,760102912,152,152
1715690233.9507425,760102912,0,0
1715690234.952261,760102912,0,0
1715690235.9537804,760102912,344,344
1715690236.9548755,760102912,0,0
1715690237.9562652,760102912,152,152
1715690238.9577382,760102912,700,700
1715690239.9587758,760102912,170,170
1715690240.9600189,760102912,582,582
1715690241.961446,760102912,0,0
1715690242.9626288,760102912,307,307
1715690243.963891,760102912,0,0
1715690244.9651766,760102912,0,0
1715690245.966617,760102912,345,345
1715690246.9678433,760102912,0,0
1715690247.9693394,760102912,152,152
1715690248.970645,760102912,0,0
1715690249.971906,760102912,0,0
1715690250.973468,760102912,344,344
1715690251.974855,760102912,0,0
1715690252.9762173,760102912,20784323,20784323
1715690253.97764,760102912,0,0
1715690254.9790416,760102912,151,151
1715690255.9805791,760102912,350,350
1715690256.9818335,760102912,0,0
1715690257.983043,760102912,480,480
1715690258.9842987,760102912,20784494,20784494
1715690259.9852648,760102912,1750,1750
1715690260.9863694,760102912,1841,1841
1715690261.9876297,760102912,1917,1917
1715690262.988101,760102912,1481,1481
1715690263.9895005,760102912,1643,1643
1715690264.9907098,760102912,1321,1321
1715690265.9921389,760102912,1881,1881
1715690266.9935958,760102912,1477,1477
1715690267.994745,760102912,1647,1647
1715690268.9960613,760102912,2093,2093
1715690269.9974682,760102912,1793,1793
1715690270.9987383,760102912,1898,1898
1715690271.9992673,760102912,1491,1491
1715690273.000643,760102912,1651,1651
1715690274.0019822,760102912,901,901
1715690275.0027182,760102912,1498,1498
1715690276.003512,760102912,2274,2274
1715690277.0044944,760102912,1484,1484
1715690278.0055487,760102912,1653,1653
1715690279.0066855,760102912,1494,1494
1715690280.007724,760102912,1317,1317
1715690281.0090582,760102912,1897,1897
1715690282.010353,760102912,1493,1493
1715690283.0107553,760102912,1650,1650
1715690284.011754,760102912,1916,1916
1715690285.0129101,760102912,1544,1544
1715690286.0141444,760102912,2173,2173
1715690287.0147748,760102912,1700,1700
1715690288.0162923,760102912,1641,1641
1715690289.0168755,760102912,2251,2251
1715690290.0181704,760102912,1155,1155
1715690291.0187788,760102912,2342,2342
1715690292.0201015,760102912,1788,1788
1715690293.0214329,760102912,2075,2075
1715690294.0227273,760102912,1555,1555
1715690295.0240703,760102912,1328,1328
1715690296.0255141,760102912,1845,1845
1715690297.0266087,760102912,20781197,20781197
1715690298.0280025,760102912,863,863
1715690299.029446,760102912,0,0
1715690300.0306125,760102912,842,842
1715690301.0319092,760102912,348,348
1715690302.0333972,760102912,0,0
1715690303.0346165,760102912,306,306
1715690304.0359213,760102912,0,0
1715690305.037327,760102912,0,0
1715690306.038636,760102912,345,345
1715690307.0400953,760102912,0,0
1715690308.0406518,760102912,152,152
1715690309.042096,760102912,0,0
1715690310.0436175,760102912,0,0
1715690311.0450206,760102912,344,344
1715690312.0464795,760102912,0,0
1715690313.0477319,760102912,152,152
1715690314.049011,760102912,0,0
1715690315.0493808,760102912,0,0
1715690316.0502625,760102912,344,344
1715690317.050735,760102912,0,0
1715690318.0521307,760102912,152,152
1715690319.0533822,760102912,0,0
1715690320.05483,760102912,0,0
1715690321.056302,760102912,344,344
1715690322.057698,760102912,0,0
1715690323.0588334,760102912,152,152
1715690324.0601144,760102912,0,0
1715690325.0615294,760102912,0,0
1715690326.0625997,760102912,616,616
1715690327.063925,760102912,20777135,20777135
1715690328.0653064,760102912,155,155
1715690329.0665736,760102912,756,756
1715690330.0678296,760102912,303,303
1715690331.0692084,760102912,350,350
1715690332.070442,760102912,20778369,20778369
1715690333.071736,760102912,2715,2715
1715690334.0731158,760102912,1577,1577
1715690335.0745914,760102912,977,977
1715690336.0759754,760102912,1487,1487
1715690337.0773184,760102912,928,928
1715690338.0786624,760102912,1348,1348
1715690339.080127,760102912,1203,1203
1715690340.0815372,760102912,1203,1203
1715690341.0826886,760102912,2045,2045
1715690342.0839689,760102912,1303,1303
1715690343.0852726,760102912,1639,1639
1715690344.086556,760102912,1482,1482
1715690345.087864,760102912,1487,1487
1715690346.0891771,760102912,2057,2057
1715690347.090474,760102912,1916,1916
1715690348.0918825,760102912,1522,1522
1715690349.0933118,760102912,1216,1216
1715690350.0947466,760102912,826,826
1715690351.0959935,760102912,1571,1571
1715690352.097383,760102912,1162,1162
1715690353.0988455,760102912,1374,1374
1715690354.100139,760102912,1253,1253
1715690355.1010935,760102912,1444,1444
1715690356.1025398,760102912,1632,1632
1715690357.1040041,760102912,1491,1491
1715690358.1054163,760102912,2124,2124
1715690359.1067603,760102912,1226,1226
1715690360.108201,760102912,2473,2473
1715690361.1094925,760102912,2376,2376
1715690362.1108017,760102912,2022,2022
1715690363.1121993,760102912,1647,1647
1715690364.1137435,760102912,1824,1824
1715690365.1148353,760102912,1276,1276
1715690366.1162016,760102912,1889,1889
1715690367.117595,760102912,1482,1482
1715690368.1187925,760102912,1589,1589
1715690369.1201622,760102912,1479,1479
1715690370.121461,760102912,20779431,20779431
1715690371.122775,760102912,405,405
1715690372.1240602,760102912,190,190
1715690373.1254673,760102912,156,156
1715690374.1267765,760102912,0,0
1715690375.128022,760102912,140,140
1715690376.129468,760102912,204,204
1715690377.1308038,760102912,0,0
1715690378.1320803,760102912,152,152
1715690379.1334808,760102912,0,0
1715690380.1348093,760102912,0,0
1715690381.1360724,760102912,344,344
1715690382.1374707,760102912,0,0
1715690383.1386766,760102912,152,152
1715690384.139907,760102912,0,0
1715690385.1412623,760102912,192,192
1715690386.1425912,760102912,152,152
1715690387.1438863,760102912,0,0
1715690388.145297,760102912,152,152
1715690389.1467216,760102912,661,661
1715690390.1479723,760102912,446,446
1715690391.1493795,760102912,204,204
1715690392.150794,760102912,0,0
1715690393.15205,760102912,306,306
1715690394.1534586,760102912,0,0
1715690395.1548502,760102912,193,193
1715690396.1557996,760102912,152,152
1715690397.1572077,760102912,0,0
1715690398.1576202,760102912,152,152
1715690399.1586027,760102912,10387363,10387363
1715690400.160013,760102912,10389386,10389386
1715690401.160401,760102912,205,205
1715690402.1617725,760102912,155,155
1715690403.1626308,760102912,0,0
1715690404.1632621,760102912,0,0
