Timestamp,MemoryUsage,NetSent,NetRecv
1715690028.5877302,512589824,0,0
1715690029.5890224,520454144,9371,9371
1715690030.590336,520454144,356,356
1715690031.5915682,520454144,0,0
1715690032.5927937,520454144,156,156
1715690033.594185,520454144,0,0
1715690034.5947697,520454144,0,0
1715690035.596004,520454144,344,344
1715690036.5974302,520454144,0,0
1715690037.5987723,520454144,152,152
1715690038.6002054,520454144,0,0
1715690039.6016018,520454144,0,0
1715690040.6025932,520454144,448,448
1715690041.6040366,520454144,0,0
1715690042.605407,520454144,152,152
1715690043.6067417,520454144,0,0
1715690044.6080656,520454144,0,0
1715690045.609472,520454144,344,344
1715690046.6108189,520454144,0,0
1715690047.6121387,520454144,152,152
1715690048.6133652,520454144,0,0
1715690049.61546,593022976,20782414,20782414
1715690050.6168675,736645120,2763,2763
1715690051.6176097,737271808,894,894
1715690052.618781,752562176,1384,1384
1715690053.6200907,724680704,1490,1490
1715690054.6214428,750002176,1226,1226
1715690055.622752,775159808,1840,1840
1715690056.6242344,749891584,1496,1496
1715690057.625547,775045120,1649,1649
1715690058.6267288,726097920,1506,1506
1715690059.628045,762679296,1492,1492
1715690060.6292977,699760640,2203,2203
1715690061.6307223,833097728,1506,1506
1715690062.6320388,936558592,1957,1957
1715690063.6334496,1063821312,1930,1930
1715690064.63481,1148137472,920,920
1715690065.6361282,1141993472,1758,1758
1715690066.6375089,937529344,1503,1503
1715690067.6388185,886505472,1662,1662
1715690068.6402001,979976192,1505,1505
1715690069.6416404,946302976,1492,1492
1715690070.6428201,963612672,1955,1955
1715690071.644234,792305664,1223,1223
1715690072.6456716,896790528,2033,2033
1715690073.646749,781189120,1604,1604
1715690074.6480548,928124928,1721,1721
1715690075.6494505,808091648,1276,1276
1715690076.6507668,829743104,863,863
1715690077.6519804,739311616,1501,1501
1715690078.6532323,764571648,1776,1776
1715690079.6544895,739409920,1723,1723
1715690080.6557703,764592128,1916,1916
1715690081.657347,739434496,1064,1064
1715690082.6586478,764882944,1671,1671
1715690083.6598842,790011904,1183,1183
1715690084.6611743,744017920,1510,1510
1715690085.662789,758583296,1565,1565
1715690086.6642356,752041984,1705,1705
1715690087.665459,753631232,20780363,20780363
1715690088.6667776,753631232,4009,4009
1715690089.6676183,753631232,303,303
1715690090.6682332,753631232,815,815
1715690091.6696503,753631232,0,0
1715690092.6707554,753631232,308,308
1715690093.672014,753631232,0,0
1715690094.673338,753631232,0,0
1715690095.6747878,753631232,345,345
1715690096.6759984,753631232,0,0
1715690097.677438,753631232,152,152
1715690098.6789243,753631232,0,0
1715690099.6801252,753631232,0,0
1715690100.6814167,753631232,344,344
1715690101.6826572,753631232,0,0
1715690102.6839106,753631232,152,152
1715690103.6852074,753631232,0,0
1715690104.686661,753631232,0,0
1715690105.6880615,753631232,344,344
1715690106.6894343,753631232,0,0
1715690107.6906457,753631232,152,152
1715690108.6920598,753631232,0,0
1715690109.6934667,753631232,0,0
1715690110.6947963,753631232,344,344
1715690111.6962135,753631232,338,338
1715690112.697478,753631232,155,155
1715690113.6987743,753631232,151,151
1715690114.7001643,753631232,0,0
1715690115.701393,753631232,345,345
1715690116.702812,753631232,0,0
1715690117.704268,770830336,20777149,20777149
1715690118.7048168,815464448,0,0
1715690119.706009,834281472,303,303
1715690120.706649,780947456,702,702
1715690121.7080894,905646080,0,0
1715690122.7093847,775925760,20780428,20780428
1715690123.7108495,775925760,4001,4001
1715690124.7114644,775925760,1173,1173
1715690125.712835,775925760,1620,1620
1715690126.7141643,775925760,1225,1225
1715690127.7148366,775925760,1310,1310
1715690128.7160952,775925760,1164,1164
1715690129.717517,775925760,1556,1556
1715690130.7188013,775925760,1900,1900
1715690131.7200947,775925760,799,799
1715690132.7215533,775925760,1661,1661
1715690133.7226887,775925760,1495,1495
1715690134.7242587,775925760,1443,1443
1715690135.7257361,775925760,1899,1899
1715690136.7267916,775925760,1501,1501
1715690137.7280996,775925760,1653,1653
1715690138.7297268,775925760,1500,1500
1715690139.7307515,775925760,1502,1502
1715690140.7321365,775925760,1906,1906
1715690141.7334778,775925760,1653,1653
1715690142.7348816,775925760,1665,1665
1715690143.7354326,775925760,1762,1762
1715690144.736637,775925760,1872,1872
1715690145.7380037,775925760,1618,1618
1715690146.738734,775925760,1608,1608
1715690147.7399614,775925760,1709,1709
1715690148.741288,775925760,2324,2324
1715690149.7426405,775925760,1806,1806
1715690150.7439082,775925760,2554,2554
1715690151.7452877,775925760,1570,1570
1715690152.7467103,775925760,1666,1666
1715690153.7479749,775925760,1510,1510
1715690154.7492943,775925760,1510,1510
1715690155.750614,775925760,1920,1920
1715690156.7519362,775925760,1517,1517
1715690157.7533529,775925760,2046,2046
1715690158.7548332,775925760,1616,1616
1715690159.7561603,775925760,1455,1455
1715690160.7575636,775925760,10391948,10391948
1715690161.7588146,775925760,10392122,10392122
1715690162.760187,775925760,156,156
1715690163.7614403,775925760,306,306
1715690164.7628381,775925760,0,0
1715690165.7642279,775925760,347,347
1715690166.7654617,775925760,0,0
1715690167.7667792,775925760,152,152
1715690168.76807,775925760,0,0
1715690169.769314,775925760,0,0
1715690170.7707682,775925760,344,344
1715690171.772185,775925760,0,0
1715690172.7729175,775925760,152,152
1715690173.7744968,775925760,0,0
1715690174.7758155,775925760,0,0
1715690175.7772272,775925760,344,344
1715690176.7781937,775925760,0,0
1715690177.7787812,775925760,152,152
1715690178.7801776,775925760,0,0
1715690179.7813964,775925760,0,0
1715690180.7826495,775925760,699,699
1715690181.7840285,775925760,0,0
1715690182.7848341,775925760,306,306
1715690183.786124,775925760,0,0
1715690184.786745,775925760,0,0
1715690185.7879603,775925760,449,449
1715690186.7893493,775925760,0,0
1715690187.7906597,775925760,152,152
1715690188.7920358,775925760,0,0
1715690189.7932994,775925760,0,0
1715690190.7946327,775925760,20778720,20778720
1715690191.7960484,775925760,2296,2296
1715690192.7974617,775925760,155,155
1715690193.7988214,775925760,303,303
1715690194.8002722,775925760,0,0
1715690195.8016741,775925760,347,347
1715690196.8029342,775925760,88144,88144
1715690197.8042889,790343680,31169822,31169822
1715690198.8056686,790343680,970,970
1715690199.8067698,790343680,1363,1363
1715690200.8081884,790343680,1364,1364
1715690201.8094783,790343680,1352,1352
1715690202.8106961,790343680,1551,1551
1715690203.8120937,790343680,1410,1410
1715690204.8135574,790343680,762,762
1715690205.8142443,790343680,1755,1755
1715690206.8147237,790343680,772,772
1715690207.8160584,790343680,1116,1116
1715690208.8175018,790343680,1965,1965
1715690209.8186066,790343680,960,960
1715690210.8199582,790343680,2065,2065
1715690211.8213956,790343680,770,770
1715690212.822659,790343680,2083,2083
1715690213.8241022,790343680,833,833
1715690214.8255272,790343680,1232,1232
1715690215.8266613,790343680,1937,1937
1715690216.8279116,790343680,956,956
1715690217.8292,790343680,1953,1953
1715690218.83052,790343680,768,768
1715690219.8319468,790343680,1764,1764
1715690220.8332903,790343680,1456,1456
1715690221.8347428,790343680,1822,1822
1715690222.8361864,790343680,1582,1582
1715690223.8374288,790343680,10389553,10389553
1715690224.838854,790343680,0,0
1715690225.8402526,790343680,357,357
1715690226.8416562,790343680,0,0
1715690227.8428955,790343680,155,155
1715690228.8442962,790343680,0,0
1715690229.8455775,790343680,0,0
1715690230.8466086,790343680,344,344
1715690231.8474648,790343680,0,0
1715690232.848823,790343680,152,152
1715690233.850051,790343680,0,0
1715690234.850836,790343680,0,0
1715690235.8522568,790343680,344,344
1715690236.853484,790343680,0,0
1715690237.854703,790343680,152,152
1715690238.856074,790343680,700,700
1715690239.857344,790343680,0,0
1715690240.858837,790343680,752,752
1715690241.8600752,790343680,0,0
1715690242.861461,790343680,307,307
1715690243.8628106,790343680,0,0
1715690244.864228,790343680,0,0
1715690245.8656816,790343680,345,345
1715690246.8668413,790343680,0,0
1715690247.8681426,790343680,152,152
1715690248.8695474,790343680,0,0
1715690249.8706007,790343680,0,0
1715690250.8718925,790343680,344,344
1715690251.8732777,790343680,0,0
1715690252.8747582,790343680,20784038,20784038
1715690253.8755646,790343680,285,285
1715690254.8769636,790343680,99,99
1715690255.878402,790343680,402,402
1715690256.8798716,790343680,0,0
1715690257.881212,790343680,155,155
1715690258.8826263,1034240000,20784257,20784257
1715690259.8839557,969207808,2312,2312
1715690260.8853354,940261376,1673,1673
1715690261.8866522,1001218048,1917,1917
1715690262.8880448,1005277184,1597,1597
1715690263.8895235,948420608,1535,1535
1715690264.8907995,989278208,1481,1481
1715690265.8921497,924672000,1601,1601
1715690266.893584,997036032,1478,1478
1715690267.894819,980135936,1645,1645
1715690268.896191,942006272,2094,2094
1715690269.8976505,931397632,1489,1489
1715690270.8986573,820916224,1894,1894
1715690271.8999481,880939008,1491,1491
1715690272.901355,879550464,1958,1958
1715690273.9026823,816775168,1182,1182
1715690274.9032655,837165056,1498,1498
1715690275.904585,874889216,2274,2274
1715690276.905931,824565760,1484,1484
1715690277.9069076,877023232,1653,1653
1715690278.9083514,883474432,1314,1314
1715690279.9098372,820051968,1497,1497
1715690280.910884,845234176,1897,1897
1715690281.9123173,894001152,1493,1493
1715690282.913658,1000251392,1650,1650
1715690283.9148269,965394432,1758,1758
1715690284.9163399,1023033344,1702,1702
1715690285.9177778,1022763008,1903,1903
1715690286.9190757,1032482816,1693,1693
1715690287.9195335,1007337472,1642,1642
1715690288.9207845,1043628032,1696,1696
1715690289.9213486,950317056,1986,1986
1715690290.9225876,1053380608,2342,2342
1715690291.9239404,1028366336,1788,1788
1715690292.9253643,1131597824,2023,2023
1715690293.9267247,1078779904,1437,1437
1715690294.9280863,1298358272,1498,1498
1715690295.9294453,1040211968,1845,1845
1715690296.930573,778768384,20780654,20780654
1715690297.9318943,778768384,1406,1406
1715690298.9331589,778768384,0,0
1715690299.934713,778768384,305,305
1715690300.9360077,778768384,885,885
1715690301.9372933,778768384,0,0
1715690302.938563,778768384,306,306
1715690303.9398715,778768384,0,0
1715690304.9413083,778768384,0,0
1715690305.942536,778768384,345,345
1715690306.9439542,778768384,0,0
1715690307.945366,778768384,152,152
1715690308.9466224,778768384,0,0
1715690309.948037,778768384,0,0
1715690310.9494226,778768384,344,344
1715690311.9506888,778768384,0,0
1715690312.9520285,778768384,152,152
1715690313.953311,778768384,0,0
1715690314.9547696,778768384,0,0
1715690315.9560826,778768384,344,344
1715690316.9573832,778768384,0,0
1715690317.9589798,778768384,152,152
1715690318.960225,778768384,0,0
1715690319.9615002,778768384,0,0
1715690320.9628067,778768384,344,344
1715690321.964041,778768384,0,0
1715690322.965459,778768384,152,152
1715690323.966882,778768384,0,0
1715690324.9681163,778768384,0,0
1715690325.9696202,778768384,344,344
1715690326.9707737,778768384,20777407,20777407
1715690327.971184,778768384,155,155
1715690328.9725156,778768384,756,756
1715690329.9737535,778768384,0,0
1715690330.974695,778768384,653,653
1715690331.9753249,778768384,20778076,20778076
1715690332.976706,856788992,3008,3008
1715690333.9780622,831606784,1577,1577
1715690334.9787035,831528960,977,977
1715690335.9801164,864563200,1487,1487
1715690336.9814746,864448512,928,928
1715690337.9827003,868085760,1348,1348
1715690338.9840245,902336512,1203,1203
1715690339.9854367,851623936,1203,1203
1715690340.9867418,934813696,1874,1874
1715690341.988126,830640128,1474,1474
1715690342.9894872,927830016,1639,1639
1715690343.9908268,930066432,1482,1482
1715690344.992115,980410368,1487,1487
1715690345.9926786,1022341120,1881,1881
1715690346.994067,970842112,1913,1913
1715690347.994733,995766272,1701,1701
1715690348.9961767,924876800,1216,1216
1715690349.997585,942735360,826,826
1715690350.9989285,944713728,1571,1571
1715690352.0003638,915214336,1162,1162
1715690353.001785,960454656,1374,1374
1715690354.0027344,999002112,1253,1253
1715690355.0039842,927711232,1444,1444
1715690356.0053804,987070464,1632,1632
1715690357.006675,944750592,1491,1491
1715690358.008015,921636864,2124,2124
1715690359.0094764,868814848,1226,1226
1715690360.010769,1284288512,2473,2473
1715690361.0120375,1184546816,2376,2376
1715690362.0134003,1053315072,2022,2022
1715690363.0147371,1073774592,1647,1647
1715690364.015167,1227464704,1666,1666
1715690365.016553,1040834560,1434,1434
1715690366.0179248,939933696,1889,1889
1715690367.0187554,1053822976,1482,1482
1715690368.0202737,1046921216,1537,1537
1715690369.0215871,1015971840,1531,1531
1715690370.0226545,780988416,20779431,20779431
1715690371.0238833,780988416,405,405
1715690372.0251682,780988416,190,190
1715690373.0265734,780988416,156,156
1715690374.0269306,780988416,0,0
1715690375.028297,780988416,0,0
1715690376.0296087,780988416,344,344
1715690377.0307255,780988416,0,0
1715690378.0321145,780988416,152,152
1715690379.0335817,780988416,0,0
1715690380.0349889,780988416,0,0
1715690381.036204,780988416,344,344
1715690382.0376103,780988416,0,0
1715690383.0386639,780988416,152,152
1715690384.0400865,780988416,0,0
1715690385.041502,780988416,0,0
1715690386.042637,780988416,344,344
1715690387.0440674,780988416,0,0
1715690388.0454645,780988416,152,152
1715690389.0467763,780988416,661,661
1715690390.0480332,780988416,302,302
1715690391.049471,780988416,348,348
1715690392.0506644,780988416,0,0
1715690393.0519044,780988416,306,306
1715690394.0534265,780988416,0,0
1715690395.0547857,780988416,0,0
1715690396.0560255,780988416,345,345
1715690397.057434,780988416,0,0
1715690398.0588055,780988416,152,152
1715690399.0591278,780988416,230,230
1715690400.0605903,780988416,20776373,20776373
1715690401.061969,780988416,351,351
1715690402.062683,780988416,0,0
1715690403.0640655,780988416,155,155
1715690404.0654092,780988416,0,0
