Timestamp,MemoryUsage,NetSent,NetRecv
1715690028.4953115,510799872,0,0
1715690029.496562,518270976,13603,13603
1715690030.4972596,518270976,356,356
1715690031.498671,518270976,0,0
1715690032.4992626,518270976,156,156
1715690033.5006623,518270976,0,0
1715690034.5020761,518270976,0,0
1715690035.5027788,518270976,344,344
1715690036.5041592,518270976,0,0
1715690037.5053961,518270976,152,152
1715690038.5067546,518402048,0,0
1715690039.508143,518402048,0,0
1715690040.5093575,518402048,448,448
1715690041.510848,518402048,0,0
1715690042.5118976,518402048,152,152
1715690043.513313,518402048,0,0
1715690044.5147486,518402048,0,0
1715690045.5150948,518402048,344,344
1715690046.5165029,518402048,0,0
1715690047.5179162,518402048,152,152
1715690048.5186176,518402048,0,0
1715690049.5198443,518402048,20780858,20780858
1715690050.5208926,518402048,4319,4319
1715690051.5222306,518402048,894,894
1715690052.5227733,518402048,1384,1384
1715690053.5241032,518402048,1490,1490
1715690054.5253603,518402048,1226,1226
1715690055.5266597,518402048,1840,1840
1715690056.5280912,518402048,1496,1496
1715690057.5285952,518402048,1649,1649
1715690058.529909,518402048,1506,1506
1715690059.530797,518402048,1492,1492
1715690060.53211,518402048,2203,2203
1715690061.5334916,518402048,1506,1506
1715690062.534934,518402048,1957,1957
1715690063.5354748,518402048,1824,1824
1715690064.5367637,518402048,1026,1026
1715690065.5381587,518402048,1483,1483
1715690066.538789,518402048,1778,1778
1715690067.5402188,518402048,1109,1109
1715690068.5416133,518402048,1505,1505
1715690069.542846,518402048,1495,1495
1715690070.544199,518402048,2050,2050
1715690071.5455153,518402048,1088,1088
1715690072.5466697,518402048,2237,2237
1715690073.547414,518402048,1402,1402
1715690074.5487165,518402048,1504,1504
1715690075.5499773,518402048,2081,2081
1715690076.5506074,518402048,863,863
1715690077.551846,518402048,1501,1501
1715690078.5530915,518402048,1776,1776
1715690079.5544958,518402048,1555,1555
1715690080.5558958,518402048,1718,1718
1715690081.5572927,518402048,1237,1237
1715690082.5587306,518402048,1673,1673
1715690083.5600839,518402048,1180,1180
1715690084.5614896,518402048,1510,1510
1715690085.5627878,518402048,1759,1759
1715690086.5633569,518402048,1511,1511
1715690087.5645878,518402048,10390273,10390273
1715690088.5659769,518402048,10394293,10394293
1715690089.5666335,518402048,303,303
1715690090.567986,518402048,815,815
1715690091.5692663,518402048,0,0
1715690092.5705144,518402048,308,308
1715690093.5719428,518402048,0,0
1715690094.5731943,518402048,0,0
1715690095.5745902,518402048,345,345
1715690096.5753295,518402048,0,0
1715690097.5767353,518402048,152,152
1715690098.578117,518402048,0,0
1715690099.578851,518402048,0,0
1715690100.5801432,518402048,344,344
1715690101.581527,518402048,0,0
1715690102.5827463,518402048,152,152
1715690103.5840364,518402048,0,0
1715690104.585296,518402048,0,0
1715690105.5865333,518402048,344,344
1715690106.5879648,518402048,0,0
1715690107.5893233,518402048,152,152
1715690108.5905857,518402048,0,0
1715690109.592,518402048,0,0
1715690110.5934062,518402048,344,344
1715690111.5946436,518402048,338,338
1715690112.595937,518402048,155,155
1715690113.5972319,518402048,99,99
1715690114.5986378,518402048,52,52
1715690115.600066,518402048,345,345
1715690116.6013918,518402048,0,0
1715690117.602789,518402048,20777149,20777149
1715690118.6041353,518402048,0,0
1715690119.6056027,518402048,303,303
1715690120.6066926,518402048,702,702
1715690121.6080139,518402048,0,0
1715690122.6086142,518402048,1323,1323
1715690123.6099744,518402048,20783106,20783106
1715690124.6109447,518402048,1173,1173
1715690125.6122546,518402048,1620,1620
1715690126.613555,518402048,1225,1225
1715690127.614826,518402048,1310,1310
1715690128.6161215,518402048,1164,1164
1715690129.6175447,518402048,1556,1556
1715690130.6190042,518402048,1900,1900
1715690131.6203198,518402048,799,799
1715690132.6217265,518402048,1661,1661
1715690133.6227984,518402048,1495,1495
1715690134.6241338,518402048,1443,1443
1715690135.6253982,518402048,1899,1899
1715690136.626789,518402048,1501,1501
1715690137.6282356,518402048,1653,1653
1715690138.6296215,518402048,1500,1500
1715690139.6307716,518402048,1502,1502
1715690140.6316984,518402048,1578,1578
1715690141.6320293,518402048,1651,1651
1715690142.6332943,518402048,1436,1436
1715690143.6345713,518402048,1469,1469
1715690144.6358247,518402048,2082,2082
1715690145.6370642,518402048,1958,1958
1715690146.6383255,518402048,1743,1743
1715690147.6388872,518402048,1709,1709
1715690148.6403155,518402048,2299,2299
1715690149.6416948,518402048,1808,1808
1715690150.642748,518402048,2744,2744
1715690151.64408,518402048,1570,1570
1715690152.6447284,518402048,1666,1666
1715690153.6461456,518402048,1510,1510
1715690154.6467652,518402048,1510,1510
1715690155.648069,518402048,1920,1920
1715690156.6492913,518402048,1517,1517
1715690157.6506984,518402048,1940,1940
1715690158.6520083,518402048,1722,1722
1715690159.6532555,518402048,942,942
1715690160.6547475,518402048,10392174,10392174
1715690161.656142,518402048,10392409,10392409
1715690162.657715,518402048,156,156
1715690163.658615,518402048,306,306
1715690164.6600351,518402048,0,0
1715690165.6616192,518402048,347,347
1715690166.6626456,518402048,0,0
1715690167.6639378,518402048,152,152
1715690168.665226,518402048,0,0
1715690169.6665199,518402048,0,0
1715690170.6678114,518402048,344,344
1715690171.6692119,518402048,0,0
1715690172.6705093,518402048,152,152
1715690173.6719666,518402048,0,0
1715690174.6733592,518402048,0,0
1715690175.674631,518402048,344,344
1715690176.6760461,518402048,0,0
1715690177.6773047,518402048,152,152
1715690178.6786873,518402048,0,0
1715690179.680121,518402048,0,0
1715690180.6815248,518402048,699,699
1715690181.682806,518402048,0,0
1715690182.6842396,518402048,306,306
1715690183.6848195,518402048,0,0
1715690184.6862116,518402048,0,0
1715690185.686605,518402048,449,449
1715690186.6879892,518402048,0,0
1715690187.6892774,518402048,152,152
1715690188.6905062,518402048,0,0
1715690189.691949,518402048,0,0
1715690190.6932218,518402048,20777990,20777990
1715690191.6945746,518402048,3026,3026
1715690192.6959577,518402048,155,155
1715690193.6973355,518402048,303,303
1715690194.698689,518402048,0,0
1715690195.6994684,518402048,347,347
1715690196.700868,518402048,87986,87986
1715690197.7021434,518402048,31169980,31169980
1715690198.7026548,518402048,970,970
1715690199.7039828,518402048,1363,1363
1715690200.70524,518402048,1364,1364
1715690201.70662,518402048,1352,1352
1715690202.7079952,518402048,1359,1359
1715690203.7093844,518402048,1017,1017
1715690204.7107856,518402048,1347,1347
1715690205.712195,518402048,1169,1169
1715690206.713497,518402048,1358,1358
1715690207.7147725,518402048,1116,1116
1715690208.7161763,518402048,1662,1662
1715690209.7175336,518402048,1072,1072
1715690210.7186952,518402048,2204,2204
1715690211.720101,518402048,822,822
1715690212.7205398,518402048,1388,1388
1715690213.7219956,518402048,1528,1528
1715690214.7226505,518402048,963,963
1715690215.7240582,518402048,2206,2206
1715690216.7254238,518402048,766,766
1715690217.726767,518402048,1861,1861
1715690218.7281501,518402048,1050,1050
1715690219.7293682,518402048,1404,1404
1715690220.7306511,518402048,1816,1816
1715690221.7319152,518402048,1770,1770
1715690222.7332482,518402048,1634,1634
1715690223.7338367,518402048,10389553,10389553
1715690224.7346885,518402048,0,0
1715690225.7361124,518402048,357,357
1715690226.737375,518402048,0,0
1715690227.7387936,518402048,155,155
1715690228.7398627,518402048,0,0
1715690229.7411318,518402048,0,0
1715690230.742548,518402048,344,344
1715690231.743962,518402048,0,0
1715690232.745221,518402048,152,152
1715690233.746556,518402048,0,0
1715690234.7479148,518402048,0,0
1715690235.749255,518402048,344,344
1715690236.7507365,518402048,0,0
1715690237.752075,518402048,152,152
1715690238.753487,518402048,700,700
1715690239.7547417,518402048,0,0
1715690240.7561612,518402048,752,752
1715690241.7575498,518402048,0,0
1715690242.7588246,518402048,307,307
1715690243.760235,518402048,0,0
1715690244.7615573,518402048,0,0
1715690245.7626386,518402048,345,345
1715690246.7640107,518402048,0,0
1715690247.7653975,518402048,152,152
1715690248.7666304,518402048,0,0
1715690249.768046,518402048,0,0
1715690250.769423,518402048,344,344
1715690251.770622,518402048,0,0
1715690252.7720592,650817536,20783006,20783006
1715690253.7734194,723103744,1317,1317
1715690254.7746246,700657664,0,0
1715690255.775884,920887296,501,501
1715690256.77728,1031995392,0,0
1715690257.7786567,1135681536,155,155
1715690258.7799933,665542656,20783415,20783415
1715690259.7812636,665542656,2982,2982
1715690260.782613,665542656,1566,1566
1715690261.7839618,665542656,1916,1916
1715690262.7852185,665542656,1341,1341
1715690263.7864826,665542656,1485,1485
1715690264.7877455,665542656,1480,1480
1715690265.7889895,665542656,1884,1884
1715690266.7902353,665542656,1476,1476
1715690267.7906044,665542656,1644,1644
1715690268.7918665,665542656,2103,2103
1715690269.7931445,665542656,1480,1480
1715690270.7944279,665542656,2201,2201
1715690271.7957284,665542656,1491,1491
1715690272.7975802,665542656,1650,1650
1715690273.7986033,665542656,1490,1490
1715690274.799888,665542656,1498,1498
1715690275.8011358,665542656,2274,2274
1715690276.8024447,665542656,1308,1308
1715690277.8037896,665542656,1648,1648
1715690278.8051453,665542656,1495,1495
1715690279.8064775,665542656,1497,1497
1715690280.8078005,665542656,1897,1897
1715690281.809141,665542656,1493,1493
1715690282.8101177,665542656,1373,1373
1715690283.810702,665542656,1758,1758
1715690284.8119886,665542656,1420,1420
1715690285.8134449,665542656,2183,2183
1715690286.8146124,665542656,1693,1693
1715690287.8158798,665542656,1640,1640
1715690288.817176,665542656,1977,1977
1715690289.818558,665542656,1986,1986
1715690290.8198197,665542656,2342,2342
1715690291.8212705,665542656,1615,1615
1715690292.8226135,665542656,1922,1922
1715690293.8239992,665542656,1428,1428
1715690294.8253417,665542656,1498,1498
1715690295.8268428,665542656,2128,2128
1715690296.828077,665542656,20780602,20780602
1715690297.829508,665542656,1458,1458
1715690298.8306177,665542656,0,0
1715690299.832047,665542656,305,305
1715690300.8334477,665542656,885,885
1715690301.834615,665542656,0,0
1715690302.8360322,665542656,306,306
1715690303.8373435,665542656,0,0
1715690304.8386106,665542656,0,0
1715690305.840043,665542656,345,345
1715690306.8413384,665542656,0,0
1715690307.842749,665542656,152,152
1715690308.8440986,665542656,0,0
1715690309.845501,665542656,0,0
1715690310.8467262,665542656,344,344
1715690311.8479726,665542656,0,0
1715690312.8494081,665542656,152,152
1715690313.8507733,665542656,0,0
1715690314.8520205,665542656,0,0
1715690315.853321,665542656,344,344
1715690316.8547375,665542656,0,0
1715690317.8559525,665542656,152,152
1715690318.8572304,665542656,0,0
1715690319.8586342,665542656,0,0
1715690320.8598878,665542656,344,344
1715690321.8612647,665542656,0,0
1715690322.8623605,665542656,152,152
1715690323.863612,665542656,0,0
1715690324.8643177,665542656,0,0
1715690325.8656776,665542656,344,344
1715690326.8667817,920858624,20777407,20777407
1715690327.8681867,852152320,155,155
1715690328.8695629,752029696,756,756
1715690329.870738,816586752,0,0
1715690330.8720198,730214400,653,653
1715690331.873215,697200640,958,958
1715690332.87456,697200640,20780126,20780126
1715690333.8758864,697200640,1577,1577
1715690334.8773491,697200640,977,977
1715690335.8787827,697200640,1487,1487
1715690336.8801973,697200640,928,928
1715690337.8816621,697200640,1348,1348
1715690338.882655,697200640,1203,1203
1715690339.8839667,697200640,1203,1203
1715690340.8851988,697200640,1874,1874
1715690341.8864334,697200640,1474,1474
1715690342.887806,697200640,1639,1639
1715690343.889114,697200640,1482,1482
1715690344.89042,697200640,1487,1487
1715690345.891744,697200640,1881,1881
1715690346.8931546,697200640,1913,1913
1715690347.8946962,697200640,1701,1701
1715690348.8959868,697200640,1216,1216
1715690349.8973002,697200640,826,826
1715690350.8986142,697200640,1571,1571
1715690351.899987,697200640,1162,1162
1715690352.9013696,697200640,1374,1374
1715690353.9027805,697200640,1253,1253
1715690354.9040723,697200640,1444,1444
1715690355.905418,697200640,1632,1632
1715690356.9066691,697200640,1491,1491
1715690357.9081054,697200640,2124,2124
1715690358.909478,697200640,1226,1226
1715690359.910715,697200640,1974,1974
1715690360.9119644,697200640,2717,2717
1715690361.9133327,697200640,2128,2128
1715690362.9146693,697200640,1699,1699
1715690363.9160907,697200640,1336,1336
1715690364.9174602,697200640,1468,1468
1715690365.9188056,697200640,1460,1460
1715690366.9201276,697200640,1370,1370
1715690367.9215174,697200640,1639,1639
1715690368.9227765,697200640,1426,1426
1715690369.9240804,697200640,20780271,20780271
1715690370.9254622,697200640,405,405
1715690371.9266288,697200640,190,190
1715690372.9279046,697200640,156,156
1715690373.929193,697200640,0,0
1715690374.9304774,697200640,0,0
1715690375.9317362,697200640,344,344
1715690376.932968,697200640,0,0
1715690377.9343152,697200640,152,152
1715690378.9346516,697200640,0,0
1715690379.9351523,697200640,0,0
1715690380.9365852,697200640,344,344
1715690381.9380066,697200640,0,0
1715690382.9386146,697200640,152,152
1715690383.9392123,697200640,0,0
1715690384.9405909,697200640,0,0
1715690385.9418874,697200640,344,344
1715690386.9427722,697200640,0,0
1715690387.9441657,697200640,152,152
1715690388.945461,697200640,661,661
1715690389.9468086,697200640,0,0
1715690390.948142,697200640,650,650
1715690391.9494066,697200640,0,0
1715690392.9507291,697200640,306,306
1715690393.951612,697200640,0,0
1715690394.9528902,697200640,0,0
1715690395.9542923,697200640,345,345
1715690396.954652,697200640,0,0
1715690397.9559035,697200640,152,152
1715690398.957282,697200640,0,0
1715690399.958702,697200640,20776603,20776603
1715690400.9600918,697200640,351,351
1715690401.96144,697200640,0,0
1715690402.9626644,697200640,155,155
1715690403.9640236,697200640,0,0
1715690404.9653811,697200640,414,414
