Timestamp,MemoryUsage,NetSent,NetRecv
1715687589.7162933,512684032,0,0
1715687590.7176442,520286208,18098,18098
1715687591.7186084,520286208,284,284
1715687592.7199686,520286208,313,313
1715687593.721236,520286208,153,153
1715687594.7224975,520286208,0,0
1715687595.723737,520286208,350,350
1715687596.7250013,520286208,0,0
1715687597.7263644,520286208,152,152
1715687598.7277558,520286208,0,0
1715687599.729016,520286208,355,355
1715687600.7305167,520286208,349,349
1715687601.7317364,520286208,0,0
1715687602.7329993,520286208,155,155
1715687603.7344146,520286208,0,0
1715687604.7356615,520286208,0,0
1715687605.7370002,520286208,344,344
1715687606.7384503,520286208,0,0
1715687607.7397888,520286208,152,152
1715687608.7410188,520286208,0,0
1715687609.7418754,520286208,0,0
1715687610.7426453,520286208,20780309,20780309
1715687611.7441924,520286208,4044,4044
1715687612.745563,520286208,1465,1465
1715687613.7468011,520286208,956,956
1715687614.7482262,520286208,951,951
1715687615.749729,520286208,1558,1558
1715687616.7506723,520286208,1436,1436
1715687617.7519665,520286208,1312,1312
1715687618.7534158,520286208,1218,1218
1715687619.7547314,520286208,1168,1168
1715687620.7561166,520286208,1622,1622
1715687621.757374,520286208,1219,1219
1715687622.758632,520286208,1332,1332
1715687623.7600188,520286208,1747,1747
1715687624.7613215,520286208,1501,1501
1715687625.762688,520286208,1901,1901
1715687626.764026,520286208,1510,1510
1715687627.765303,520286208,1655,1655
1715687628.766602,520286208,1797,1797
1715687629.7677488,520286208,1799,1799
1715687630.7688468,520286208,1890,1890
1715687631.7698798,520286208,1491,1491
1715687632.7707484,520286208,1663,1663
1715687633.7717714,520286208,1065,1065
1715687634.7730803,520286208,1395,1395
1715687635.7743578,520286208,1815,1815
1715687636.7746942,520286208,8657,8657
1715687637.7760239,520286208,7507,7507
1715687638.777341,520286208,2355,2355
1715687639.778718,520286208,2163,2163
1715687640.7800462,520286208,1765,1765
1715687641.7813516,520286208,1517,1517
1715687642.7826629,520286208,1610,1610
1715687643.7839468,520286208,1509,1509
1715687644.7852736,520286208,1513,1513
1715687645.786605,520286208,1914,1914
1715687646.7879384,520286208,1199,1199
1715687647.7893288,520286208,1400,1400
1715687648.7899382,520286208,10389659,10389659
1715687649.790755,520286208,10392957,10392957
1715687650.7920377,520286208,356,356
1715687651.7933168,520286208,0,0
1715687652.7949176,520286208,155,155
1715687653.7962234,520286208,0,0
1715687654.797722,520286208,0,0
1715687655.7986608,520286208,344,344
1715687656.799909,520286208,0,0
1715687657.801201,520286208,152,152
1715687658.8027568,520286208,0,0
1715687659.8041584,520286208,353,353
1715687660.8055203,520286208,347,347
1715687661.8067307,520286208,0,0
1715687662.8080754,520286208,155,155
1715687663.8093154,520286208,0,0
1715687664.810561,520286208,0,0
1715687665.811947,520286208,344,344
1715687666.8132215,520286208,0,0
1715687667.8145044,520286208,152,152
1715687668.8158836,520286208,0,0
1715687669.817122,520286208,0,0
1715687670.8184059,520286208,344,344
1715687671.8198097,520286208,0,0
1715687672.8211908,520286208,152,152
1715687673.8224392,520286208,0,0
1715687674.8238044,520286208,0,0
1715687675.825013,520286208,20777741,20777741
1715687676.8262506,520286208,3203,3203
1715687677.8266127,520286208,155,155
1715687678.8280053,520286208,306,306
1715687679.8293328,520286208,339,339
1715687680.830681,520286208,350,350
1715687681.831898,520286208,20778644,20778644
1715687682.8332615,520286208,6569,6569
1715687683.8346848,520286208,2096,2096
1715687684.8361022,520286208,1550,1550
1715687685.8375206,520286208,2161,2161
1715687686.8387706,520286208,2263,2263
1715687687.8400817,520286208,1974,1974
1715687688.8407476,520286208,2225,2225
1715687689.8420708,520286208,1734,1734
1715687690.8427982,520286208,2278,2278
1715687691.8441062,520286208,1507,1507
1715687692.845766,520286208,2080,2080
1715687693.8466897,520286208,1231,1231
1715687694.8480215,520286208,1495,1495
1715687695.8493385,520286208,1897,1897
1715687696.8506916,520286208,1511,1511
1715687697.8520443,520286208,1385,1385
1715687698.8533616,520286208,1514,1514
1715687699.8547387,520286208,1507,1507
1715687700.8560567,520286208,2340,2340
1715687701.8574164,520286208,1512,1512
1715687702.8586097,520286208,1657,1657
1715687703.860019,520286208,1778,1778
1715687704.8612351,520286208,1504,1504
1715687705.8625367,520286208,1855,1855
1715687706.8637686,520286208,360,360
1715687707.8650022,520286208,1397,1397
1715687708.866356,520286208,2115,2115
1715687709.866703,520286208,1453,1453
1715687710.8675258,520286208,1900,1900
1715687711.8688474,520286208,1496,1496
1715687712.8701982,520286208,1659,1659
1715687713.8706884,520286208,1712,1712
1715687714.8721435,520286208,1715,1715
1715687715.8737159,520286208,1906,1906
1715687716.874808,520286208,1056,1056
1715687717.8754692,520286208,1676,1676
1715687718.876932,520286208,1235,1235
1715687719.8783953,520286208,20782451,20782451
1715687720.8797505,520286208,352,352
1715687721.8810053,520286208,0,0
1715687722.8822768,520286208,156,156
1715687723.8827574,520286208,0,0
1715687724.884341,520286208,0,0
1715687725.8856902,520286208,344,344
1715687726.8868096,520286208,0,0
1715687727.8882184,520286208,152,152
1715687728.8894663,520286208,0,0
1715687729.8906295,520286208,0,0
1715687730.8919823,520286208,344,344
1715687731.893291,520286208,0,0
1715687732.894884,520286208,152,152
1715687733.8962002,520286208,0,0
1715687734.8976061,520286208,0,0
1715687735.8988779,520286208,448,448
1715687736.9002898,520286208,0,0
1715687737.9016929,520286208,152,152
1715687738.9027946,520286208,0,0
1715687739.90438,520286208,0,0
1715687740.9058237,520286208,344,344
1715687741.906675,520286208,0,0
1715687742.907925,520286208,152,152
1715687743.909195,520286208,0,0
1715687744.910507,520286208,0,0
1715687745.9118376,520286208,344,344
1715687746.913237,520286208,20781171,20781171
1715687747.9147522,520286208,459,459
1715687748.916182,520286208,452,452
1715687749.917527,520286208,353,353
1715687750.918736,520286208,349,349
1715687751.9200103,520286208,325,325
1715687752.9213383,520286208,20778366,20778366
1715687753.9226255,520286208,1255,1255
1715687754.9239194,520286208,376,376
1715687755.925221,520286208,2477,2477
1715687756.926641,520286208,1976,1976
1715687757.9280343,520286208,1457,1457
1715687758.9293952,520286208,1407,1407
1715687759.9306974,520286208,1208,1208
1715687760.9319906,520286208,1870,1870
1715687761.9333906,520286208,1619,1619
1715687762.934697,520286208,1472,1472
1715687763.936077,520286208,1475,1475
1715687764.9374192,520286208,1377,1377
1715687765.9387658,520286208,1666,1666
1715687766.9401,520286208,1366,1366
1715687767.9413898,520286208,1915,1915
1715687768.9426467,520286208,1547,1547
1715687769.9438622,520286208,1488,1488
1715687770.9451501,520286208,1729,1729
1715687771.9465086,520286208,1948,1948
1715687772.9479215,520286208,1496,1496
1715687773.9493346,520286208,1223,1223
1715687774.9507618,520286208,1495,1495
1715687775.952038,520286208,1582,1582
1715687776.9533792,520286208,1642,1642
1715687777.95477,520286208,1486,1486
1715687778.956085,520286208,1496,1496
1715687779.957393,520286208,1987,1987
1715687780.9587169,520286208,1836,1836
1715687781.960108,520286208,1865,1865
1715687782.9614508,520286208,1550,1550
1715687783.962646,520286208,1499,1499
1715687784.964034,520286208,1509,1509
1715687785.9653475,520286208,1842,1842
1715687786.9666488,520286208,1652,1652
1715687787.9680815,520286208,1325,1325
1715687788.969553,520286208,87956,87956
1715687789.9706612,520286208,10388963,10388963
1715687790.9720263,520286208,10393204,10393204
1715687791.9734344,520286208,155,155
1715687792.9747188,520286208,305,305
1715687793.975921,520286208,0,0
1715687794.9771495,520286208,0,0
1715687795.97841,520286208,350,350
1715687796.9799304,520286208,152,152
1715687797.9811888,520286208,0,0
1715687798.982594,520286208,0,0
1715687799.9836283,520286208,432,432
1715687800.984973,520286208,612,612
1715687801.9861753,520286208,152,152
1715687802.9874315,520286208,7934,7934
1715687803.9886754,520286208,7574,7574
1715687804.990034,520286208,1579,1579
1715687805.9906337,520286208,4026,4026
1715687806.9920146,520286208,158,158
1715687807.9933915,520286208,0,0
1715687808.994646,520286208,360,360
1715687809.9958827,520286208,305,305
1715687810.9972682,520286208,1285,1285
1715687811.9987514,520286208,157,157
1715687813.000027,520286208,0,0
1715687814.0012717,520286208,0,0
1715687815.0025022,520286208,484,484
1715687816.0038424,520286208,353,353
1715687817.0045521,525922304,17345390,17345390
1715687818.0059576,748716032,3439525,3439525
1715687819.0067494,858664960,0,0
1715687820.0073495,859336704,629,629
1715687821.0086741,782434304,352,352
1715687822.0100992,807755776,632,632
1715687823.0108066,746864640,403,403
1715687824.0122561,736587776,20781910,20781910
1715687825.0136049,736587776,1571,1571
1715687826.0148182,736587776,1892,1892
1715687827.0162582,736587776,1634,1634
1715687828.0176592,736587776,1486,1486
1715687829.0188339,736587776,1483,1483
1715687830.0201657,736587776,1222,1222
1715687831.0214727,736587776,1888,1888
1715687832.0228095,736587776,950,950
1715687833.0241966,736587776,965,965
1715687834.0254912,736587776,1275,1275
1715687835.0266352,736587776,1393,1393
1715687836.0279257,736587776,1631,1631
1715687837.0285974,736587776,1113,1113
1715687838.0291417,736587776,962,962
1715687839.0298524,736587776,1184,1184
1715687840.031047,736587776,1543,1543
1715687841.0324757,736587776,1580,1580
1715687842.033791,736587776,1347,1347
1715687843.0351148,736587776,953,953
1715687844.036246,736587776,964,964
1715687845.0374856,736587776,965,965
1715687846.0388582,736587776,1582,1582
1715687847.0400655,736587776,1350,1350
1715687848.0414412,736587776,1406,1406
1715687849.0430026,736587776,962,962
1715687850.044222,736587776,1451,1451
1715687851.0453799,736587776,1914,1914
1715687852.0466213,736587776,1601,1601
1715687853.0478237,736587776,916,916
1715687854.049136,736587776,1002,1002
1715687855.0502625,736587776,1221,1221
1715687856.051528,736587776,1498,1498
1715687857.0527055,736587776,1664,1664
1715687858.0539427,736587776,1508,1508
1715687859.0546706,736587776,1342,1342
1715687860.0560074,736587776,1458,1458
1715687861.057276,736587776,20781995,20781995
1715687862.0585988,736587776,1562,1562
1715687863.059918,736587776,0,0
1715687864.0611763,736587776,466,466
1715687865.0614457,736587776,0,0
1715687866.0626996,736587776,349,349
1715687867.064082,736587776,152,152
1715687868.0654325,736587776,0,0
1715687869.0666602,736587776,836,836
1715687870.0680394,736587776,303,303
1715687871.069288,736587776,347,347
1715687872.0705595,736587776,155,155
1715687873.0719585,736587776,0,0
1715687874.0732217,736587776,0,0
1715687875.0746236,736587776,0,0
1715687876.075886,736587776,344,344
1715687877.077145,736587776,152,152
1715687878.0784154,736587776,0,0
1715687879.0798392,736587776,0,0
1715687880.0811017,736587776,0,0
1715687881.0824916,736587776,344,344
1715687882.0837357,736587776,152,152
1715687883.084976,736587776,0,0
1715687884.0863657,736587776,0,0
1715687885.0866957,736587776,0,0
1715687886.0880558,736587776,824,824
1715687887.089414,736587776,152,152
1715687888.090647,767913984,20775242,20775242
1715687889.0922108,785879040,2487,2487
1715687890.093415,829906944,0,0
1715687891.0947287,920190976,837,837
1715687892.096096,974082048,155,155
1715687893.097346,1159262208,635,635
1715687894.098564,782577664,20776268,20776268
1715687895.0997875,804052992,2817,2817
1715687896.1010108,847982592,1616,1616
1715687897.1025522,803958784,1459,1459
1715687898.1034825,848093184,1464,1464
1715687899.104784,841687040,1464,1464
1715687900.106049,847851520,1235,1235
1715687901.106699,841445376,1498,1498
1715687902.1080546,847679488,1307,1307
1715687903.109275,891834368,1724,1724
1715687904.1105347,803897344,1541,1541
1715687905.111993,847953920,1481,1481
1715687906.1132739,891613184,1886,1886
1715687907.1146555,803545088,1468,1468
1715687908.1160166,847470592,1475,1475
1715687909.1174157,860069888,1470,1470
1715687910.1187708,847626240,1478,1478
1715687911.1202266,860225536,1768,1768
1715687912.1215944,853807104,1635,1635
1715687913.1227849,823283712,1173,1173
1715687914.1241565,828645376,1484,1484
1715687915.1254888,966684672,1636,1636
1715687916.12687,828682240,1749,1749
1715687917.1282356,1004843008,2073,2073
1715687918.1295838,931594240,1541,1541
1715687919.1306164,1249234944,1673,1673
1715687920.131864,1217372160,1646,1646
1715687921.1331196,1051971584,1755,1755
1715687922.1343553,976404480,1371,1371
1715687923.1346319,828833792,1202,1202
1715687924.1358824,891637760,1493,1493
1715687925.137111,811495424,1103,1103
1715687926.1384907,829046784,1442,1442
1715687927.1398299,811397120,1911,1911
1715687928.1412528,924106752,1196,1196
1715687929.142711,828764160,2512,2512
1715687930.1432254,942657536,2464,2464
1715687931.144666,928473088,10392515,10392515
1715687932.146126,870469632,10389585,10389585
1715687933.1475682,870469632,0,0
1715687934.149068,870469632,305,305
1715687935.1505146,870469632,194,194
1715687936.151846,870469632,158,158
1715687937.1528857,870469632,152,152
1715687938.153711,870469632,0,0
1715687939.1549497,870469632,0,0
1715687940.156342,870469632,192,192
1715687941.1576903,870469632,152,152
1715687942.1587207,870469632,152,152
1715687943.1601253,870469632,0,0
1715687944.1614077,870469632,0,0
1715687945.1628127,870469632,192,192
1715687946.1641915,870469632,152,152
1715687947.1655035,870469632,152,152
1715687948.167007,870469632,0,0
1715687949.168276,870469632,0,0
1715687950.1697059,870469632,296,296
1715687951.1707735,870469632,152,152
1715687952.1721323,870469632,491,491
1715687953.1735072,870469632,0,0
1715687954.1749878,870469632,151,151
1715687955.1762865,870469632,193,193
1715687956.1776788,870469632,152,152
1715687957.179212,870469632,472,472
1715687958.1805482,870469632,159,159
1715687959.1819847,870469632,20779514,20779514
1715687960.1827364,870469632,933,933
1715687961.184072,870469632,157,157
1715687962.1854966,870469632,631,631
1715687963.186752,870469632,0,0
1715687964.1880488,870469632,631,631
