Timestamp,MemoryUsage,NetSent,NetRecv
1715690028.4076178,512163840,0,0
1715690029.4088817,519503872,18875,18875
1715690030.410055,519503872,356,356
1715690031.4108,519503872,0,0
1715690032.4121716,519503872,156,156
1715690033.4134398,519503872,0,0
1715690034.414614,519503872,0,0
1715690035.415862,519503872,344,344
1715690036.417251,519503872,0,0
1715690037.4187236,519503872,152,152
1715690038.4201207,519503872,0,0
1715690039.421307,519503872,0,0
1715690040.421945,519503872,448,448
1715690041.4228,519503872,0,0
1715690042.4240003,519503872,152,152
1715690043.4247565,519503872,0,0
1715690044.426173,519503872,0,0
1715690045.426754,519503872,344,344
1715690046.4275157,519503872,0,0
1715690047.4286075,519503872,152,152
1715690048.43002,519503872,0,0
1715690049.4305696,519503872,20780377,20780377
1715690050.4320204,519503872,4800,4800
1715690051.4334047,519503872,894,894
1715690052.434797,519503872,1384,1384
1715690053.436175,519503872,1490,1490
1715690054.4375632,519503872,1226,1226
1715690055.4388363,519503872,1840,1840
1715690056.439338,519503872,1496,1496
1715690057.4400084,519503872,1649,1649
1715690058.4407673,519503872,1506,1506
1715690059.4415107,519503872,1492,1492
1715690060.4427164,519503872,2203,2203
1715690061.4440885,519503872,1506,1506
1715690062.4453464,519503872,1957,1957
1715690063.446125,519503872,1772,1772
1715690064.446784,519503872,1078,1078
1715690065.447891,519503872,1204,1204
1715690066.4493403,519503872,1504,1504
1715690067.4502106,519503872,1662,1662
1715690068.4507415,519503872,1225,1225
1715690069.4515195,519503872,1190,1190
1715690070.4527516,519503872,2335,2335
1715690071.4539795,519503872,1388,1388
1715690072.454705,519503872,1757,1757
1715690073.4559314,519503872,1882,1882
1715690074.4571593,519503872,1504,1504
1715690075.4583988,519503872,2081,2081
1715690076.4596288,519503872,863,863
1715690077.4608836,519503872,1332,1332
1715690078.4622455,519503872,1583,1583
1715690079.4627461,519503872,1722,1722
1715690080.4640267,519503872,1913,1913
1715690081.4654088,519503872,1237,1237
1715690082.4666939,519503872,1673,1673
1715690083.4680521,519503872,1180,1180
1715690084.4694042,519503872,1510,1510
1715690085.4706006,519503872,1759,1759
1715690086.471983,519503872,1511,1511
1715690087.4733095,519503872,1919,1919
1715690088.474585,519503872,20782108,20782108
1715690089.4759371,519503872,842,842
1715690090.4773088,519503872,815,815
1715690091.4780347,519503872,0,0
1715690092.478795,519503872,308,308
1715690093.4801664,519503872,0,0
1715690094.4815764,519503872,0,0
1715690095.4826183,519503872,345,345
1715690096.4839962,519503872,0,0
1715690097.4852345,519503872,152,152
1715690098.4864976,519503872,0,0
1715690099.4877524,519503872,0,0
1715690100.4890034,519503872,344,344
1715690101.490229,519503872,0,0
1715690102.4907267,519503872,152,152
1715690103.492016,519503872,0,0
1715690104.4927928,519503872,0,0
1715690105.4941368,519503872,344,344
1715690106.4946942,519503872,0,0
1715690107.496008,519503872,152,152
1715690108.4966536,519503872,0,0
1715690109.4979856,519503872,0,0
1715690110.4990847,519503872,344,344
1715690111.5003653,519503872,338,338
1715690112.501647,519503872,155,155
1715690113.5026493,519503872,0,0
1715690114.503929,519503872,151,151
1715690115.5044684,519503872,345,345
1715690116.5057623,519503872,0,0
1715690117.5070539,519503872,20777149,20777149
1715690118.5084944,519503872,0,0
1715690119.5099401,519503872,303,303
1715690120.5107827,519503872,702,702
1715690121.512027,519503872,0,0
1715690122.5132837,519503872,631,631
1715690123.5146124,519503872,20783798,20783798
1715690124.5160627,519503872,1173,1173
1715690125.517507,519503872,1620,1620
1715690126.5187767,519503872,1225,1225
1715690127.520174,519503872,1310,1310
1715690128.5215132,519503872,1164,1164
1715690129.5227218,519503872,1556,1556
1715690130.524151,519503872,1900,1900
1715690131.5255158,519503872,799,799
1715690132.5268054,519503872,1661,1661
1715690133.5282557,519503872,1495,1495
1715690134.5296483,519503872,1443,1443
1715690135.530658,519503872,1899,1899
1715690136.531995,519503872,1501,1501
1715690137.5333931,519503872,1653,1653
1715690138.534808,519503872,1500,1500
1715690139.5362186,519503872,944,944
1715690140.537609,519503872,1629,1629
1715690141.5386064,519503872,1467,1467
1715690142.5398805,519503872,1819,1819
1715690143.541162,519503872,1334,1334
1715690144.5424547,519503872,2361,2361
1715690145.54273,519503872,1958,1958
1715690146.5435824,519503872,1907,1907
1715690147.5448704,519503872,1709,1709
1715690148.5462956,519503872,2299,2299
1715690149.5467093,519503872,1808,1808
1715690150.548121,519503872,2391,2391
1715690151.5494173,519503872,1732,1732
1715690152.550835,519503872,1670,1670
1715690153.552245,519503872,1509,1509
1715690154.5534577,519503872,1232,1232
1715690155.5546718,519503872,2199,2199
1715690156.5560899,519503872,1517,1517
1715690157.5574772,519503872,2127,2127
1715690158.5586092,519503872,1155,1155
1715690159.559906,519503872,1326,1326
1715690160.5611348,519503872,10392069,10392069
1715690161.5624425,519503872,10392697,10392697
1715690162.5636716,519503872,156,156
1715690163.5652106,519503872,152,152
1715690164.5666153,519503872,154,154
1715690165.5678353,519503872,347,347
1715690166.5693839,519503872,0,0
1715690167.570629,519503872,152,152
1715690168.5718925,519503872,0,0
1715690169.5731518,519503872,0,0
1715690170.5744245,519503872,344,344
1715690171.5752575,519503872,0,0
1715690172.576728,519503872,152,152
1715690173.5780761,519503872,0,0
1715690174.5794652,519503872,0,0
1715690175.5806963,519503872,344,344
1715690176.5819633,519503872,0,0
1715690177.5833526,519503872,152,152
1715690178.584593,519503872,0,0
1715690179.5860214,519503872,0,0
1715690180.586704,519503872,699,699
1715690181.5879588,519503872,0,0
1715690182.5892336,519503872,306,306
1715690183.5905104,519503872,0,0
1715690184.591718,519503872,0,0
1715690185.5929418,519503872,449,449
1715690186.594351,519503872,0,0
1715690187.5946555,519503872,152,152
1715690188.5951312,519503872,0,0
1715690189.5963852,519503872,0,0
1715690190.5976355,519503872,20777274,20777274
1715690191.5987048,519503872,3742,3742
1715690192.6001558,519503872,155,155
1715690193.601465,519503872,303,303
1715690194.6027071,519503872,0,0
1715690195.60407,519503872,347,347
1715690196.6053631,519503872,87986,87986
1715690197.6066628,519503872,31169980,31169980
1715690198.6079495,519503872,780,780
1715690199.6092217,519503872,1553,1553
1715690200.6105862,519503872,1176,1176
1715690201.611992,519503872,1262,1262
1715690202.6134148,519503872,1637,1637
1715690203.6145852,519503872,1017,1017
1715690204.6159544,519503872,1347,1347
1715690205.6171796,519503872,1169,1169
1715690206.6181223,519503872,1358,1358
1715690207.6195147,519503872,925,925
1715690208.620908,519503872,1686,1686
1715690209.6221328,519503872,1239,1239
1715690210.6227353,519503872,1619,1619
1715690211.6240954,519503872,1407,1407
1715690212.6253328,519503872,1388,1388
1715690213.6267416,519503872,1528,1528
1715690214.6281,519503872,773,773
1715690215.6294272,519503872,2114,2114
1715690216.6307344,519503872,1048,1048
1715690217.6321225,519503872,1502,1502
1715690218.6335006,519503872,1409,1409
1715690219.634627,519503872,1404,1404
1715690220.6358926,519503872,1816,1816
1715690221.6372974,519503872,1473,1473
1715690222.6387177,519503872,1931,1931
1715690223.6400938,519503872,10389553,10389553
1715690224.6409662,519503872,0,0
1715690225.64234,519503872,357,357
1715690226.6438234,519503872,0,0
1715690227.6450675,519503872,155,155
1715690228.646406,519503872,0,0
1715690229.64765,519503872,0,0
1715690230.6487365,519503872,344,344
1715690231.650132,519503872,0,0
1715690232.6506307,519503872,152,152
1715690233.6519656,519503872,0,0
1715690234.6533754,519503872,0,0
1715690235.6546156,519503872,344,344
1715690236.6560743,519503872,0,0
1715690237.657516,519503872,152,152
1715690238.6585975,519503872,700,700
1715690239.659992,519503872,0,0
1715690240.6612628,519503872,752,752
1715690241.6625495,519503872,0,0
1715690242.6639538,519503872,307,307
1715690243.665308,519503872,0,0
1715690244.6666596,519503872,0,0
1715690245.6680384,519503872,345,345
1715690246.6693165,519503872,0,0
1715690247.6705942,519503872,152,152
1715690248.6713276,519503872,0,0
1715690249.6725698,519503872,0,0
1715690250.6739528,519503872,344,344
1715690251.6746154,519503872,0,0
1715690252.6757488,603262976,20782466,20782466
1715690253.6769645,807059456,1857,1857
1715690254.6782131,1018728448,0,0
1715690255.6787243,1148874752,501,501
1715690256.6800528,902160384,0,0
1715690257.6814384,826048512,155,155
1715690258.682701,778444800,20782330,20782330
1715690259.6841488,778444800,3476,3476
1715690260.6854534,778444800,1853,1853
1715690261.6867354,778444800,1864,1864
1715690262.6880896,778444800,1697,1697
1715690263.689372,778444800,1485,1485
1715690264.6906714,778444800,1480,1480
1715690265.6919868,778444800,1884,1884
1715690266.6932974,778444800,1476,1476
1715690267.694593,778444800,1644,1644
1715690268.69594,778444800,1800,1800
1715690269.6972864,778444800,1783,1783
1715690270.6985984,778444800,2201,2201
1715690271.6998987,778444800,1491,1491
1715690272.7012186,778444800,1650,1650
1715690273.7026238,778444800,1314,1314
1715690274.7039092,778444800,1497,1497
1715690275.705325,778444800,2273,2273
1715690276.7067556,778444800,1486,1486
1715690277.7081926,778444800,1648,1648
1715690278.7094815,778444800,1495,1495
1715690279.7107131,778444800,1497,1497
1715690280.7120733,778444800,1620,1620
1715690281.7134402,778444800,1493,1493
1715690282.7146616,778444800,1368,1368
1715690283.715493,778444800,1761,1761
1715690284.7168486,778444800,1699,1699
1715690285.7181797,778444800,1901,1901
1715690286.7187085,778444800,1975,1975
1715690287.7199752,778444800,1640,1640
1715690288.7212768,778444800,1977,1977
1715690289.722737,778444800,1813,1813
1715690290.7231886,778444800,2061,2061
1715690291.7246273,778444800,2069,2069
1715690292.7259467,778444800,1338,1338
1715690293.7266743,778444800,1707,1707
1715690294.7280502,778444800,1499,1499
1715690295.7294886,778444800,1846,1846
1715690296.7307231,778444800,10390890,10390890
1715690297.7320595,778444800,10391756,10391756
1715690298.7334404,778444800,0,0
1715690299.734777,778444800,305,305
1715690300.7362196,778444800,885,885
1715690301.7375085,778444800,0,0
1715690302.7388213,778444800,306,306
1715690303.7400405,778444800,0,0
1715690304.7413485,778444800,0,0
1715690305.7427733,778444800,345,345
1715690306.744153,778444800,0,0
1715690307.7454305,778444800,152,152
1715690308.7467475,778444800,0,0
1715690309.748121,778444800,0,0
1715690310.7493422,778444800,344,344
1715690311.7507522,778444800,0,0
1715690312.7520046,778444800,152,152
1715690313.7533958,778444800,0,0
1715690314.754757,778444800,0,0
1715690315.7560997,778444800,344,344
1715690316.7574387,778444800,0,0
1715690317.7587776,778444800,152,152
1715690318.7600343,778444800,0,0
1715690319.7614038,778444800,0,0
1715690320.7625635,778444800,344,344
1715690321.763817,778444800,0,0
1715690322.7652261,778444800,152,152
1715690323.7664711,778444800,0,0
1715690324.7679513,778444800,0,0
1715690325.7692883,778444800,344,344
1715690326.7705243,778444800,20777407,20777407
1715690327.7719655,778444800,155,155
1715690328.7732463,778444800,454,454
1715690329.7746763,778444800,302,302
1715690330.775989,778444800,653,653
1715690331.777334,778444800,0,0
1715690332.7786064,778444800,20781084,20781084
1715690333.7799003,778444800,1577,1577
1715690334.781413,778444800,977,977
1715690335.782645,778444800,1487,1487
1715690336.7840219,778444800,928,928
1715690337.7854333,778444800,1348,1348
1715690338.7866783,778444800,1203,1203
1715690339.7879872,778444800,1203,1203
1715690340.789377,778444800,1874,1874
1715690341.790701,778444800,1474,1474
1715690342.7920413,778444800,1639,1639
1715690343.7933989,778444800,1482,1482
1715690344.7947533,778444800,1487,1487
1715690345.7960482,778444800,1881,1881
1715690346.797432,778444800,1913,1913
1715690347.7987788,778444800,1701,1701
1715690348.8001113,778444800,1216,1216
1715690349.8013518,778444800,826,826
1715690350.8027406,778444800,1571,1571
1715690351.8040683,778444800,1162,1162
1715690352.805399,778444800,1374,1374
1715690353.8067222,778444800,1253,1253
1715690354.8079815,778444800,1173,1173
1715690355.809233,778444800,1903,1903
1715690356.8106182,778444800,1491,1491
1715690357.8119977,778444800,2124,2124
1715690358.8134298,778444800,1226,1226
1715690359.814689,778444800,1974,1974
1715690360.8159816,778444800,2717,2717
1715690361.817342,778444800,1413,1413
1715690362.8186116,778444800,1857,1857
1715690363.819981,778444800,1211,1211
1715690364.8213325,778444800,1510,1510
1715690365.8226924,778444800,1626,1626
1715690366.8239198,778444800,1538,1538
1715690367.8252232,778444800,1639,1639
1715690368.8265455,778444800,1426,1426
1715690369.8278086,778444800,20780294,20780294
1715690370.8292572,778444800,688,688
1715690371.8305974,778444800,190,190
1715690372.8318386,778444800,156,156
1715690373.8332121,778444800,0,0
1715690374.8344836,778444800,0,0
1715690375.8358326,778444800,344,344
1715690376.8371801,778444800,0,0
1715690377.8385096,778444800,152,152
1715690378.8397765,778444800,0,0
1715690379.840936,778444800,0,0
1715690380.842297,778444800,344,344
1715690381.8427606,778444800,0,0
1715690382.8441846,778444800,152,152
1715690383.8455708,778444800,0,0
1715690384.8468122,778444800,0,0
1715690385.8482451,778444800,344,344
1715690386.8496094,778444800,0,0
1715690387.8507001,778444800,152,152
1715690388.8519504,778444800,661,661
1715690389.853213,778444800,0,0
1715690390.8546166,778444800,650,650
1715690391.8558698,778444800,0,0
1715690392.857216,778444800,306,306
1715690393.8586113,778444800,0,0
1715690394.8598514,778444800,0,0
1715690395.860695,778444800,345,345
1715690396.862036,778444800,0,0
1715690397.862601,778444800,152,152
1715690398.8639722,778444800,0,0
1715690399.8653407,778444800,20776603,20776603
1715690400.8666263,778444800,351,351
1715690401.8680298,778444800,0,0
1715690402.8693697,778444800,155,155
1715690403.8707116,778444800,0,0
1715690404.8720503,778444800,414,414
