Timestamp,MemoryUsage,NetSent,NetRecv
1715688548.683112,513032192,0,0
1715688549.6846135,520634368,8850,8850
1715688550.6860018,520634368,357,357
1715688551.6873922,520634368,0,0
1715688552.6886883,520634368,156,156
1715688553.690044,520634368,0,0
1715688554.690884,520634368,0,0
1715688555.6914933,520634368,344,344
1715688556.6927485,520634368,0,0
1715688557.6938937,520634368,152,152
1715688558.6948311,520634368,0,0
1715688559.696351,520634368,354,354
1715688560.6977468,520634368,347,347
1715688561.6986086,520634368,0,0
1715688562.6999073,520634368,155,155
1715688563.701291,520634368,0,0
1715688564.7027013,520634368,0,0
1715688565.7040422,520634368,344,344
1715688566.705323,520634368,0,0
1715688567.7057726,520634368,152,152
1715688568.7067704,520634368,0,0
1715688569.707999,520634368,278,278
1715688570.7088711,520634368,20783795,20783795
1715688571.7097237,520634368,1845,1845
1715688572.710695,520634368,1481,1481
1715688573.7120636,520634368,1484,1484
1715688574.7129712,520634368,1215,1215
1715688575.7144015,520634368,1570,1570
1715688576.7158067,520634368,1166,1166
1715688577.7170906,520634368,949,949
1715688578.718559,520634368,956,956
1715688579.7197616,520634368,1218,1218
1715688580.7208612,520634368,1884,1884
1715688581.7218883,520634368,1398,1398
1715688582.7226546,520634368,1706,1706
1715688583.723815,520634368,1449,1449
1715688584.7247176,520634368,1501,1501
1715688585.7259297,520634368,2172,2172
1715688586.726681,520634368,1444,1444
1715688587.7277558,520634368,1388,1388
1715688588.7291927,520634368,2129,2129
1715688589.730498,520634368,1812,1812
1715688590.7323732,520634368,1913,1913
1715688591.7336645,520634368,1502,1502
1715688592.73474,520634368,1490,1490
1715688593.7360742,520634368,1507,1507
1715688594.7373989,520634368,1506,1506
1715688595.7387137,520634368,1859,1859
1715688596.7400243,520634368,1568,1568
1715688597.74134,520634368,1943,1943
1715688598.7426772,520634368,1728,1728
1715688599.7440627,520634368,1993,1993
1715688600.7453194,520634368,2253,2253
1715688601.7467024,520634368,1511,1511
1715688602.748067,520634368,2098,2098
1715688603.7494447,520634368,1518,1518
1715688604.7507377,520634368,1937,1937
1715688605.7520125,520634368,1916,1916
1715688606.7534237,520634368,1516,1516
1715688607.7546816,520634368,20778867,20778867
1715688608.7560189,520634368,2560,2560
1715688609.7572596,520634368,0,0
1715688610.7586923,520634368,506,506
1715688611.7600014,520634368,0,0
1715688612.76125,520634368,155,155
1715688613.762684,520634368,0,0
1715688614.7640793,520634368,0,0
1715688615.764593,520634368,344,344
1715688616.7661374,520634368,0,0
1715688617.766689,520634368,152,152
1715688618.7680829,520634368,0,0
1715688619.7695386,520634368,547,547
1715688620.7707968,520634368,347,347
1715688621.7719884,520634368,0,0
1715688622.7732906,520634368,155,155
1715688623.7747886,520634368,0,0
1715688624.7763534,520634368,0,0
1715688625.777646,520634368,344,344
1715688626.7787716,520634368,0,0
1715688627.780056,520634368,152,152
1715688628.781305,520634368,0,0
1715688629.7827115,520634368,0,0
1715688630.7841282,520634368,448,448
1715688631.7847648,520634368,0,0
1715688632.786175,520634368,152,152
1715688633.7868016,520634368,0,0
1715688634.7880533,520634368,0,0
1715688635.7895298,520634368,344,344
1715688636.7909105,520634368,0,0
1715688637.7923684,520634368,20781598,20781598
1715688638.7937996,520634368,52,52
1715688639.7947025,520634368,161,161
1715688640.7962716,520634368,503,503
1715688641.7973907,520634368,0,0
1715688642.798857,520634368,155,155
1715688643.8002508,520634368,20781865,20781865
1715688644.801619,520634368,1200,1200
1715688645.802763,520634368,1544,1544
1715688646.8041644,520634368,1476,1476
1715688647.805458,520634368,1623,1623
1715688648.8067615,520634368,2073,2073
1715688649.8081796,520634368,1225,1225
1715688650.8096232,520634368,1555,1555
1715688651.8110154,520634368,1155,1155
1715688652.8123837,520634368,1842,1842
1715688653.8137941,520634368,1680,1680
1715688654.8147829,520634368,1491,1491
1715688655.8162384,520634368,1631,1631
1715688656.8175445,520634368,1201,1201
1715688657.8187742,520634368,1652,1652
1715688658.8200622,520634368,1497,1497
1715688659.8213646,520634368,1494,1494
1715688660.8227365,520634368,1623,1623
1715688661.824178,520634368,1489,1489
1715688662.8255832,520634368,1654,1654
1715688663.8268251,520634368,1494,1494
1715688664.828094,520634368,1457,1457
1715688665.8294535,520634368,1903,1903
1715688666.830909,520634368,1922,1922
1715688667.832499,520634368,1704,1704
1715688668.8339336,520634368,1483,1483
1715688669.8346972,520634368,1865,1865
1715688670.8357985,520634368,1505,1505
1715688671.83725,520634368,2480,2480
1715688672.838659,520634368,1359,1359
1715688673.8398995,520634368,1618,1618
1715688674.8411605,520634368,1544,1544
1715688675.8425539,520634368,2235,2235
1715688676.8438091,520634368,1487,1487
1715688677.84515,520634368,1765,1765
1715688678.8465555,520634368,1653,1653
1715688679.8478148,520634368,1976,1976
1715688680.8491683,520634368,10391545,10391545
1715688681.8504574,520634368,10389496,10389496
1715688682.8517036,520634368,156,156
1715688683.8531883,520634368,306,306
1715688684.8545535,520634368,0,0
1715688685.8550992,520634368,351,351
1715688686.8563843,520634368,0,0
1715688687.8576198,520634368,152,152
1715688688.8590102,520634368,0,0
1715688689.860498,520634368,0,0
1715688690.8617275,520634368,344,344
1715688691.8627896,520634368,0,0
1715688692.864049,520634368,87899,87899
1715688693.865264,520634368,0,0
1715688694.8665624,520634368,157,157
1715688695.867941,520634368,348,348
1715688696.8693414,520634368,0,0
1715688697.8707983,520634368,152,152
1715688698.8720455,520634368,0,0
1715688699.873314,520634368,0,0
1715688700.87462,520634368,344,344
1715688701.8752944,520634368,0,0
1715688702.8766735,520634368,152,152
1715688703.8779988,520634368,0,0
1715688704.8792763,520634368,0,0
1715688705.880394,520634368,344,344
1715688706.8816829,520634368,0,0
1715688707.8822107,520634368,152,152
1715688708.8826103,520634368,656,656
1715688709.8839567,520634368,302,302
1715688710.8851917,520634368,20777957,20777957
1715688711.8864539,520634368,3038,3038
1715688712.8877847,520634368,156,156
1715688713.8892498,520634368,305,305
1715688714.890666,520634368,0,0
1715688715.89209,520634368,347,347
1715688716.8933728,520634368,20783415,20783415
1715688717.8946524,520634368,2338,2338
1715688718.8959181,520634368,1440,1440
1715688719.8972256,520634368,1266,1266
1715688720.8985503,520634368,2175,2175
1715688721.8998666,520634368,1706,1706
1715688722.9011738,520634368,1641,1641
1715688723.9024425,520634368,1488,1488
1715688724.9037077,520634368,1497,1497
1715688725.9049783,520634368,1903,1903
1715688726.9062529,520634368,1491,1491
1715688727.9066465,520634368,1201,1201
1715688728.9079578,520634368,1799,1799
1715688729.9090228,520634368,1200,1200
1715688730.9102738,520634368,1855,1855
1715688731.9106767,520634368,1296,1296
1715688732.911957,520634368,1498,1498
1715688733.9132686,520634368,1512,1512
1715688734.914699,520634368,1508,1508
1715688735.9161394,520634368,2243,2243
1715688736.9174383,520634368,1551,1551
1715688737.918804,520634368,1463,1463
1715688738.9202385,520634368,1496,1496
1715688739.9216316,520634368,1308,1308
1715688740.9227,520634368,1644,1644
1715688741.9241729,520634368,1506,1506
1715688742.925595,520634368,1826,1826
1715688743.9267015,520634368,1562,1562
1715688744.9282346,520634368,1557,1557
1715688745.929587,520634368,1690,1690
1715688746.930643,520634368,1453,1453
1715688747.9323106,520634368,1182,1182
1715688748.9337113,520634368,1621,1621
1715688749.9347348,520634368,1768,1768
1715688750.936138,520634368,1641,1641
1715688751.937546,520634368,813,813
1715688752.9387796,520634368,1334,1334
1715688753.940166,520634368,1509,1509
1715688754.9414303,520634368,20780537,20780537
1715688755.9424622,520634368,351,351
1715688756.9438567,520634368,0,0
1715688757.945118,520634368,155,155
1715688758.946552,520634368,432,432
1715688759.9478903,520634368,216,216
1715688760.948759,520634368,344,344
1715688761.950254,520634368,0,0
1715688762.9506857,520634368,152,152
1715688763.9521244,520634368,0,0
1715688764.9535177,520634368,0,0
1715688765.9546752,520634368,344,344
1715688766.9561298,520634368,0,0
1715688767.9573896,520634368,152,152
1715688768.9587152,520634368,356,356
1715688769.9599617,520634368,301,301
1715688770.9613192,520634368,347,347
1715688771.9627507,520634368,0,0
1715688772.9640267,520634368,155,155
1715688773.965466,520634368,0,0
1715688774.966767,520634368,0,0
1715688775.9670918,520634368,344,344
1715688776.9683993,520634368,0,0
1715688777.9696932,520634368,152,152
1715688778.970645,520634368,0,0
1715688779.9720514,520634368,0,0
1715688780.9733503,520634368,344,344
1715688781.9739153,520634368,0,0
1715688782.974801,520634368,152,152
1715688783.996064,551784448,20780057,20780057
1715688784.9974403,733114368,3653,3653
1715688785.99903,835215360,350,350
1715688787.0003984,795529216,0,0
1715688788.0018356,810127360,155,155
1715688789.0026526,759959552,0,0
1715688790.0038729,699908096,20775523,20775523
1715688791.005214,699908096,3688,3688
1715688792.0065932,699908096,1731,1731
1715688793.0080388,699908096,1521,1521
1715688794.009391,699908096,1465,1465
1715688795.0107183,699908096,1467,1467
1715688796.0121055,699908096,1755,1755
1715688797.0135462,699908096,1622,1622
1715688798.0148227,699908096,1463,1463
1715688799.0161922,699908096,1469,1469
1715688800.0174887,699908096,1772,1772
1715688801.0188231,699908096,1600,1600
1715688802.020315,699908096,1575,1575
1715688803.0217466,699908096,1158,1158
1715688804.0228152,699908096,1214,1214
1715688805.0241857,699908096,804,804
1715688806.025474,699908096,1942,1942
1715688807.0267344,699908096,1371,1371
1715688808.0281265,699908096,1214,1214
1715688809.0295234,699908096,1021,1021
1715688810.0306451,699908096,1475,1475
1715688811.0319445,699908096,1615,1615
1715688812.032825,699908096,2014,2014
1715688813.034171,699908096,1504,1504
1715688814.0347483,699908096,1912,1912
1715688815.0362089,699908096,1497,1497
1715688816.0368414,699908096,2301,2301
1715688817.0382771,699908096,1694,1694
1715688818.0386944,699908096,1482,1482
1715688819.0401173,699908096,1449,1449
1715688820.0416837,699908096,1285,1285
1715688821.042676,699908096,2334,2334
1715688822.0430706,699908096,1588,1588
1715688823.0444837,699908096,1212,1212
1715688824.0459251,699908096,1483,1483
1715688825.0467575,699908096,1494,1494
1715688826.0482087,699908096,1905,1905
1715688827.0496578,699908096,1655,1655
1715688828.0508163,699908096,20779592,20779592
1715688829.0522597,699908096,792,792
1715688830.0536253,699908096,453,453
1715688831.05482,699908096,350,350
1715688832.0561984,699908096,155,155
1715688833.057608,699908096,0,0
1715688834.0587564,699908096,0,0
1715688835.0601447,699908096,0,0
1715688836.0615716,699908096,344,344
1715688837.0628073,699908096,152,152
1715688838.0642033,699908096,0,0
1715688839.0654957,699908096,0,0
1715688840.0667794,699908096,0,0
1715688841.0680666,699908096,448,448
1715688842.0693474,699908096,152,152
1715688843.0707848,699908096,0,0
1715688844.072033,699908096,0,0
1715688845.072417,699908096,0,0
1715688846.0739458,699908096,344,344
1715688847.0748258,699908096,152,152
1715688848.076088,699908096,0,0
1715688849.0774283,699908096,0,0
1715688850.0786824,699908096,0,0
1715688851.0799894,699908096,344,344
1715688852.081328,699908096,491,491
1715688853.0820007,699908096,0,0
1715688854.0825956,699908096,368,368
1715688855.0835192,699908096,0,0
1715688856.0849428,699908096,345,345
1715688857.0861585,699908096,395,395
1715688858.0866923,699908096,20778542,20778542
1715688859.0879705,699908096,0,0
1715688860.0892143,699908096,513,513
1715688861.0905323,699908096,349,349
1715688862.0919807,699908096,155,155
1715688863.0932245,699908096,20778219,20778219
1715688864.094592,699908096,10391440,10391440
1715688865.095934,699908096,1404,1404
1715688866.0965707,699908096,1330,1330
1715688867.0978727,699908096,1498,1498
1715688868.0986338,699908096,923,923
1715688869.099939,699908096,1332,1332
1715688870.1012013,699908096,936,936
1715688871.1024995,699908096,1740,1740
1715688872.103946,699908096,921,921
1715688873.1053765,699908096,1247,1247
1715688874.1066923,699908096,1043,1043
1715688875.1081252,699908096,940,940
1715688876.109545,699908096,1745,1745
1715688877.1105978,699908096,1099,1099
1715688878.1119277,699908096,1346,1346
1715688879.1131737,699908096,944,944
1715688880.1147115,699908096,1353,1353
1715688881.1161563,699908096,1172,1172
1715688882.117585,699908096,1888,1888
1715688883.1187708,699908096,1537,1537
1715688884.1201577,699908096,949,949
1715688885.1214786,699908096,1829,1829
1715688886.1225986,699908096,1356,1356
1715688887.1240404,699908096,1881,1881
1715688888.1250672,699908096,821,821
1715688889.1265175,699908096,10391592,10391592
1715688890.1278236,699908096,511,511
1715688891.1291416,699908096,357,357
1715688892.1305456,699908096,633,633
1715688893.1311145,699908096,0,0
1715688894.1325257,699908096,160,160
1715688895.1339462,699908096,195,195
1715688896.1346383,699908096,154,154
1715688897.1359642,699908096,152,152
1715688898.1372583,699908096,0,0
1715688899.1386855,699908096,0,0
1715688900.1401134,699908096,296,296
1715688901.1415439,699908096,152,152
1715688902.142826,699908096,152,152
1715688903.1441326,699908096,0,0
1715688904.1455255,699908096,0,0
1715688905.1470068,699908096,192,192
1715688906.148312,699908096,152,152
1715688907.149598,699908096,152,152
1715688908.1508327,699908096,0,0
1715688909.1521182,699908096,0,0
1715688910.1533735,699908096,192,192
1715688911.1548097,699908096,152,152
1715688912.1562681,699908096,152,152
1715688913.1575692,699908096,0,0
1715688914.158767,699908096,0,0
1715688915.1601734,699908096,296,296
1715688916.1614087,699908096,152,152
1715688917.1627607,699908096,152,152
1715688918.164043,699908096,0,0
1715688919.1653855,800362496,20782663,20782663
1715688920.1667366,925237248,449,449
1715688921.1682568,857063424,205,205
1715688922.169753,800509952,155,155
1715688923.1707697,779812864,0,0
1715688924.1721911,731185152,403,403
