Timestamp,MemoryUsage,NetSent,NetRecv
1715689066.6037807,512892928,489,489
1715689067.605142,520364032,8410,8410
1715689068.6065638,520364032,307,307
1715689069.6078126,520364032,612,612
1715689070.609204,520364032,707,707
1715689071.610616,520364032,0,0
1715689072.611823,520364032,155,155
1715689073.6131086,520364032,0,0
1715689074.6144912,520364032,0,0
1715689075.6154163,520364032,344,344
1715689076.6167073,520364032,0,0
1715689077.6180058,520364032,152,152
1715689078.6188924,520364032,0,0
1715689079.6201649,520364032,0,0
1715689080.620593,520364032,344,344
1715689081.6220133,520364032,0,0
1715689082.6226408,520364032,152,152
1715689083.6238718,520364032,0,0
1715689084.62517,520364032,0,0
1715689085.6265976,520364032,833,833
1715689086.627997,520364032,0,0
1715689087.6292083,520364032,20781985,20781985
1715689088.6305182,520364032,4280,4280
1715689089.63194,520364032,2001,2001
1715689090.6333735,520364032,1955,1955
1715689091.6346796,520364032,1864,1864
1715689092.635979,520364032,1781,1781
1715689093.637276,520364032,1770,1770
1715689094.6386635,520364032,1702,1702
1715689095.639989,520364032,1838,1838
1715689096.641278,520364032,1506,1506
1715689097.6425679,520364032,1649,1649
1715689098.643925,520364032,1484,1484
1715689099.6453276,520364032,1506,1506
1715689100.6467667,520364032,2595,2595
1715689101.6481674,520364032,1514,1514
1715689102.6495383,520364032,1970,1970
1715689103.6508183,520364032,1509,1509
1715689104.6522176,520364032,1505,1505
1715689105.6536646,520364032,1910,1910
1715689106.6547923,520364032,1225,1225
1715689107.6560862,520364032,1374,1374
1715689108.657474,520364032,1493,1493
1715689109.6586194,520364032,1501,1501
1715689110.659867,520364032,1907,1907
1715689111.661178,520364032,1505,1505
1715689112.662536,520364032,1336,1336
1715689113.6637928,520364032,1084,1084
1715689114.6650743,520364032,1955,1955
1715689115.6663532,520364032,1920,1920
1715689116.666846,520364032,1565,1565
1715689117.6682122,520364032,1665,1665
1715689118.6695106,520364032,1513,1513
1715689119.6706793,520364032,1507,1507
1715689120.6719563,520364032,1912,1912
1715689121.6732662,520364032,1522,1522
1715689122.6746106,520364032,1526,1526
1715689123.6759777,520364032,1510,1510
1715689124.6773136,520364032,1514,1514
1715689125.678533,520364032,20779694,20779694
1715689126.679911,520364032,3463,3463
1715689127.6811583,520364032,156,156
1715689128.6827366,520364032,1147,1147
1715689129.6841311,520364032,0,0
1715689130.6852791,520364032,708,708
1715689131.6865013,520364032,0,0
1715689132.6879141,520364032,155,155
1715689133.6892953,520364032,0,0
1715689134.6908183,520364032,0,0
1715689135.6920612,520364032,344,344
1715689136.693346,520364032,0,0
1715689137.6947849,520364032,152,152
1715689138.69631,520364032,0,0
1715689139.6975439,520364032,0,0
1715689140.6990752,520364032,344,344
1715689141.700365,520364032,0,0
1715689142.7016044,520364032,152,152
1715689143.7027917,520364032,0,0
1715689144.7040431,520364032,0,0
1715689145.7054508,520364032,344,344
1715689146.7067332,520364032,0,0
1715689147.708106,520364032,152,152
1715689148.7093992,520364032,0,0
1715689149.7107568,520364032,0,0
1715689150.7120032,520364032,344,344
1715689151.713238,520364032,0,0
1715689152.7146368,520364032,152,152
1715689153.716056,520364032,0,0
1715689154.7174406,520364032,20780704,20780704
1715689155.7187135,520364032,351,351
1715689156.720024,520364032,478,478
1715689157.7206724,520364032,155,155
1715689158.7220988,520364032,475,475
1715689159.7228308,520364032,755,755
1715689160.7243392,1137971200,20784411,20784411
1715689161.7257483,1117306880,1179,1179
1715689162.7268047,1002520576,1596,1596
1715689163.7281196,1186177024,1644,1644
1715689164.7294946,1164136448,1005,1005
1715689165.730739,1182961664,2044,2044
1715689166.732146,918777856,1153,1153
1715689167.7335813,988016640,1077,1077
1715689168.734726,888135680,1218,1218
1715689169.736125,987631616,1230,1230
1715689170.7374263,874950656,1620,1620
1715689171.7388167,911269888,1180,1180
1715689172.7401931,834920448,1634,1634
1715689173.7416396,896401408,1231,1231
1715689174.7427297,842698752,1141,1141
1715689175.7440517,988061696,1943,1943
1715689176.7454166,967114752,1519,1519
1715689177.7467835,936046592,1818,1818
1715689178.74808,915894272,1447,1447
1715689179.749497,933720064,1243,1243
1715689180.7506616,914481152,1363,1363
1715689181.7519875,948293632,954,954
1715689182.753227,918687744,1344,1344
1715689183.754521,887635968,1802,1802
1715689184.7559123,873508864,1192,1192
1715689185.7571526,786309120,1801,1801
1715689186.7576451,742420480,1551,1551
1715689187.7587495,786268160,1491,1491
1715689188.7600808,742379520,2293,2293
1715689189.7614703,786300928,1793,1793
1715689190.762671,742686720,1619,1619
1715689191.7640762,786620416,1934,1934
1715689192.7656145,799084544,1721,1721
1715689193.766698,786386944,1522,1522
1715689194.7680964,742498304,1515,1515
1715689195.7694936,786493440,1924,1924
1715689196.7706287,778190848,1514,1514
1715689197.7731364,772390912,1924,1924
1715689198.7734485,782782464,20781000,20781000
1715689199.7747238,782782464,0,0
1715689200.7761385,782782464,353,353
1715689201.777529,782782464,0,0
1715689202.778635,782782464,155,155
1715689203.780028,782782464,0,0
1715689204.7814648,782782464,0,0
1715689205.7827585,782782464,344,344
1715689206.784,782782464,0,0
1715689207.7854426,782782464,152,152
1715689208.7867577,782782464,0,0
1715689209.7880297,782782464,0,0
1715689210.7893407,782782464,344,344
1715689211.790611,782782464,336,336
1715689212.7918503,782782464,155,155
1715689213.793202,782782464,152,152
1715689214.7946656,782782464,0,0
1715689215.7960844,782782464,345,345
1715689216.7973583,782782464,0,0
1715689217.7986565,782782464,152,152
1715689218.800129,782782464,0,0
1715689219.8014233,782782464,356,356
1715689220.8025956,782782464,399,399
1715689221.803993,782782464,0,0
1715689222.8052826,782782464,155,155
1715689223.8066812,782782464,0,0
1715689224.807879,782782464,0,0
1715689225.8092842,782782464,344,344
1715689226.8107498,782782464,20781520,20781520
1715689227.812169,782782464,625,625
1715689228.8134875,782782464,0,0
1715689229.8147464,782782464,788,788
1715689230.8159955,782782464,353,353
1715689231.8173466,782782464,853,853
1715689232.8186553,825511936,31167551,31167551
1715689233.8198836,825511936,1414,1414
1715689234.8212118,825511936,1511,1511
1715689235.8214977,825511936,1337,1337
1715689236.8227708,825511936,1770,1770
1715689237.824231,825511936,903,903
1715689238.8256729,825511936,1238,1238
1715689239.8269114,825511936,1036,1036
1715689240.8283134,825511936,1293,1293
1715689241.8296683,825511936,1344,1344
1715689242.8308275,825511936,1096,1096
1715689243.8322463,825511936,1347,1347
1715689244.8336482,825511936,938,938
1715689245.8347387,825511936,1752,1752
1715689246.8359447,825511936,941,941
1715689247.8373513,825511936,1514,1514
1715689248.8386018,825511936,1248,1248
1715689249.8400097,825511936,1652,1652
1715689250.8414507,825511936,1163,1163
1715689251.84264,825511936,1680,1680
1715689252.843975,825511936,1202,1202
1715689253.8453865,825511936,943,943
1715689254.846776,825511936,1350,1350
1715689255.8481565,825511936,1346,1346
1715689256.8495686,825511936,1350,1350
1715689257.8508036,825511936,10389804,10389804
1715689258.8521905,825511936,941,941
1715689259.8535037,825511936,0,0
1715689260.8547683,825511936,502,502
1715689261.8555906,825511936,0,0
1715689262.856802,825511936,155,155
1715689263.857904,825511936,0,0
1715689264.8592095,825511936,0,0
1715689265.860086,825511936,344,344
1715689266.8615673,825511936,0,0
1715689267.8627634,825511936,152,152
1715689268.8641589,825511936,0,0
1715689269.8652174,825511936,0,0
1715689270.8666584,825511936,344,344
1715689271.8678548,825511936,0,0
1715689272.8691535,825511936,152,152
1715689273.8704154,825511936,0,0
1715689274.8714533,825511936,0,0
1715689275.872771,825511936,448,448
1715689276.8739712,825511936,614,614
1715689277.8747923,825511936,152,152
1715689278.876026,825511936,0,0
1715689279.877426,825511936,354,354
1715689280.8788562,825511936,399,399
1715689281.8802752,825511936,0,0
1715689282.8814735,825511936,155,155
1715689283.8827872,825511936,0,0
1715689284.8841887,825511936,0,0
1715689285.8854,825511936,20775367,20775367
1715689286.8866704,825511936,2132,2132
1715689287.887927,825511936,155,155
1715689288.889163,825511936,303,303
1715689289.8904371,825511936,0,0
1715689290.8917162,825511936,347,347
1715689291.8929658,825511936,20779499,20779499
1715689292.8942616,825511936,2518,2518
1715689293.894638,825511936,89680,89680
1715689294.8959744,825511936,1172,1172
1715689295.89732,825511936,1799,1799
1715689296.8987885,825511936,1830,1830
1715689297.9001153,825511936,1686,1686
1715689298.90153,825511936,1916,1916
1715689299.902719,825511936,1530,1530
1715689300.904106,825511936,2278,2278
1715689301.9053717,825511936,1553,1553
1715689302.9067342,825511936,1921,1921
1715689303.9081166,825511936,1715,1715
1715689304.9093986,825511936,1506,1506
1715689305.9108036,825511936,2285,2285
1715689306.9121013,825511936,1500,1500
1715689307.913456,825511936,2144,2144
1715689308.9148014,825511936,2102,2102
1715689309.9161103,825511936,1742,1742
1715689310.9175744,825511936,2223,2223
1715689311.9188688,825511936,1500,1500
1715689312.920181,825511936,1315,1315
1715689313.9214845,825511936,1609,1609
1715689314.9227705,825511936,1397,1397
1715689315.9241405,825511936,2194,2194
1715689316.9255466,825511936,1503,1503
1715689317.9267502,825511936,1658,1658
1715689318.92818,825511936,1510,1510
1715689319.9295511,825511936,1510,1510
1715689320.9307523,825511936,1907,1907
1715689321.9320729,825511936,1500,1500
1715689322.9334075,825511936,1667,1667
1715689323.9347532,825511936,1769,1769
1715689324.9361951,825511936,1720,1720
1715689325.9367888,825511936,1904,1904
1715689326.9381964,825511936,1498,1498
1715689327.9393668,825511936,1659,1659
1715689328.939907,825511936,1235,1235
1715689329.9413233,825511936,20778943,20778943
1715689330.9427671,825511936,353,353
1715689331.9440136,825511936,0,0
1715689332.9455168,825511936,155,155
1715689333.9467475,825511936,0,0
1715689334.9482906,825511936,0,0
1715689335.94953,825511936,344,344
1715689336.9507334,825511936,0,0
1715689337.9520764,825511936,152,152
1715689338.9527874,825511936,0,0
1715689339.9540267,825511936,547,547
1715689340.9547887,825511936,347,347
1715689341.9562128,825511936,0,0
1715689342.9575107,825511936,155,155
1715689343.9586074,825511936,0,0
1715689344.9600217,825511936,0,0
1715689345.9614933,825511936,344,344
1715689346.9629135,825511936,0,0
1715689347.964149,825511936,152,152
1715689348.965532,825511936,0,0
1715689349.9669788,825511936,0,0
1715689350.967361,825511936,344,344
1715689351.9685993,825511936,0,0
1715689352.9699981,825511936,152,152
1715689353.970768,825511936,0,0
1715689354.9721544,825511936,0,0
1715689355.9735708,825511936,448,448
1715689356.974799,825511936,0,0
1715689357.976116,825511936,20777905,20777905
1715689358.9774392,825511936,649,649
1715689359.9787893,825511936,0,0
1715689360.9800937,825511936,606,606
1715689361.981621,825511936,0,0
1715689362.9829214,825511936,155,155
1715689363.984304,847925248,31170599,31170599
1715689364.9850001,847925248,1083,1083
1715689365.9862897,847925248,1756,1756
1715689366.9867523,847925248,1391,1391
1715689367.9872444,847925248,1086,1086
1715689368.9886622,847925248,1936,1936
1715689369.989921,847925248,1935,1935
1715689370.9906902,847925248,1744,1744
1715689371.9919448,847925248,1369,1369
1715689372.993314,847925248,1557,1557
1715689373.9947653,847925248,1034,1034
1715689374.996178,847925248,1570,1570
1715689375.9975977,847925248,1339,1339
1715689376.9987528,847925248,1729,1729
1715689378.0001073,847925248,1201,1201
1715689379.0015664,847925248,1326,1326
1715689380.0028958,847925248,1405,1405
1715689381.0044868,847925248,1246,1246
1715689382.005845,847925248,1351,1351
1715689383.00672,847925248,1099,1099
1715689384.0080805,847925248,1668,1668
1715689385.0094104,847925248,1052,1052
1715689386.0107715,847925248,1714,1714
1715689387.012137,847925248,947,947
1715689388.0134904,847925248,1503,1503
1715689389.0146148,847925248,10392017,10392017
1715689390.0160418,847925248,763,763
1715689391.0174577,847925248,352,352
1715689392.0188086,847925248,335,335
1715689393.0200405,847925248,155,155
1715689394.0215049,847925248,152,152
1715689395.0227582,847925248,0,0
1715689396.0241551,847925248,345,345
1715689397.0253992,847925248,0,0
1715689398.026619,847925248,152,152
1715689399.0280328,847925248,0,0
1715689400.0293393,847925248,356,356
1715689401.0297997,847925248,347,347
1715689402.030614,847925248,0,0
1715689403.0320435,847925248,155,155
1715689404.0334597,847925248,0,0
1715689405.0349422,847925248,0,0
1715689406.0355642,847925248,344,344
1715689407.0367997,847925248,0,0
1715689408.0382006,847925248,152,152
1715689409.0387528,847925248,0,0
1715689410.0400493,847925248,0,0
1715689411.041469,847925248,344,344
1715689412.0425928,847925248,152,152
1715689413.044024,847925248,0,0
1715689414.045008,847925248,0,0
1715689415.046312,847925248,0,0
1715689416.0467787,847925248,344,344
1715689417.0476396,847925248,20779819,20779819
1715689418.0489917,847925248,1107,1107
1715689419.0502987,847925248,0,0
1715689420.0507274,847925248,304,304
1715689421.0521836,847925248,347,347
1715689422.0536165,847925248,532,532
