Timestamp,MemoryUsage,NetSent,NetRecv
1715688548.9785411,513085440,0,0
1715688549.9800107,520556544,3415,3415
1715688550.98145,520556544,357,357
1715688551.982611,520556544,0,0
1715688552.9838672,520556544,156,156
1715688553.985374,520556544,0,0
1715688554.9867625,520556544,0,0
1715688555.988207,520556544,344,344
1715688556.9896047,520556544,0,0
1715688557.9908834,520556544,152,152
1715688558.9921854,520556544,0,0
1715688559.9927928,520556544,354,354
1715688560.99395,520556544,347,347
1715688561.9948077,520556544,155,155
1715688562.9960508,520556544,0,0
1715688563.9973118,520556544,0,0
1715688564.9987159,520556544,0,0
1715688565.9999828,520556544,344,344
1715688567.0012655,520556544,152,152
1715688568.0024633,520556544,0,0
1715688569.0039017,520556544,0,0
1715688570.005136,520556544,20779690,20779690
1715688571.0066001,520556544,4383,4383
1715688572.0080369,520556544,2053,2053
1715688573.0093374,520556544,1273,1273
1715688574.0107853,520556544,1484,1484
1715688575.0122583,520556544,1215,1215
1715688576.0126443,520556544,1570,1570
1715688577.013995,520556544,1322,1322
1715688578.01517,520556544,793,793
1715688579.0165336,520556544,956,956
1715688580.0179596,520556544,1218,1218
1715688581.0187705,520556544,1884,1884
1715688582.0200493,520556544,1606,1606
1715688583.0214553,520556544,1498,1498
1715688584.0226908,520556544,1449,1449
1715688585.0240755,520556544,1501,1501
1715688586.025453,520556544,2331,2331
1715688587.0268424,520556544,1720,1720
1715688588.02826,520556544,1514,1514
1715688589.029328,520556544,2130,2130
1715688590.0307481,520556544,1810,1810
1715688591.0321748,520556544,1911,1911
1715688592.0334694,520556544,1660,1660
1715688593.0347648,520556544,1499,1499
1715688594.0363195,520556544,1231,1231
1715688595.0375905,520556544,1224,1224
1715688596.0386539,520556544,1859,1859
1715688597.0399384,520556544,1729,1729
1715688598.0412347,520556544,1945,1945
1715688599.042552,520556544,1569,1569
1715688600.0438118,520556544,2264,2264
1715688601.0452304,520556544,1981,1981
1715688602.0465539,520556544,1497,1497
1715688603.0479953,520556544,1942,1942
1715688604.0493946,520556544,1518,1518
1715688605.050696,520556544,2112,2112
1715688606.0520368,520556544,1741,1741
1715688607.0533082,520556544,10389232,10389232
1715688608.0547562,520556544,10393427,10393427
1715688609.0559907,520556544,284,284
1715688610.057276,520556544,99,99
1715688611.0587049,520556544,407,407
1715688612.0600998,520556544,155,155
1715688613.0614996,520556544,0,0
1715688614.0627792,520556544,0,0
1715688615.0640132,520556544,0,0
1715688616.0654495,520556544,344,344
1715688617.0667644,520556544,152,152
1715688618.068001,520556544,0,0
1715688619.0694075,520556544,0,0
1715688620.070651,520556544,547,547
1715688621.0719302,520556544,347,347
1715688622.073225,520556544,155,155
1715688623.0746725,520556544,0,0
1715688624.0759113,520556544,0,0
1715688625.0774155,520556544,0,0
1715688626.0788784,520556544,344,344
1715688627.0801184,520556544,152,152
1715688628.0815396,520556544,0,0
1715688629.0828447,520556544,0,0
1715688630.0839105,520556544,0,0
1715688631.085344,520556544,448,448
1715688632.0866425,520556544,152,152
1715688633.0879397,520556544,0,0
1715688634.0893648,520556544,0,0
1715688635.0908117,520556544,0,0
1715688636.0922506,520556544,344,344
1715688637.0934844,520556544,152,152
1715688638.09471,520556544,20781498,20781498
1715688639.0960772,520556544,0,0
1715688640.0976193,520556544,314,314
1715688641.0987527,520556544,350,350
1715688642.100143,520556544,155,155
1715688643.100859,520556544,0,0
1715688644.1023352,520556544,20781865,20781865
1715688645.1028028,520556544,1200,1200
1715688646.1042235,520556544,1544,1544
1715688647.105567,520556544,1631,1631
1715688648.1068172,520556544,1468,1468
1715688649.1082692,520556544,2073,2073
1715688650.109571,520556544,1225,1225
1715688651.1106625,520556544,1555,1555
1715688652.112021,520556544,1311,1311
1715688653.113311,520556544,1845,1845
1715688654.114694,520556544,1521,1521
1715688655.1164427,520556544,1491,1491
1715688656.1178415,520556544,1909,1909
1715688657.1186903,520556544,1642,1642
1715688658.1199646,520556544,1497,1497
1715688659.1213508,520556544,1495,1495
1715688660.1226895,520556544,1494,1494
1715688661.1235433,520556544,1516,1516
1715688662.1248713,520556544,1646,1646
1715688663.1262257,520556544,1211,1211
1715688664.1267014,520556544,1501,1501
1715688665.1280005,520556544,1455,1455
1715688666.129338,520556544,1899,1899
1715688667.1303122,520556544,2081,2081
1715688668.1306243,520556544,1545,1545
1715688669.1320019,520556544,1856,1856
1715688670.1325052,520556544,1471,1471
1715688671.1338139,520556544,1909,1909
1715688672.1347475,520556544,2083,2083
1715688673.1362412,520556544,1484,1484
1715688674.1376362,520556544,1976,1976
1715688675.1387055,520556544,1642,1642
1715688676.1401477,520556544,2086,2086
1715688677.1414366,520556544,1493,1493
1715688678.1427567,520556544,1916,1916
1715688679.1440976,520556544,1496,1496
1715688680.1455247,520556544,2124,2124
1715688681.1465824,520556544,20779367,20779367
1715688682.1480281,520556544,1094,1094
1715688683.149405,520556544,0,0
1715688684.1507726,520556544,306,306
1715688685.1514587,520556544,194,194
1715688686.15287,520556544,157,157
1715688687.1542385,520556544,152,152
1715688688.1547685,520556544,0,0
1715688689.1561813,520556544,0,0
1715688690.15759,520556544,192,192
1715688691.1586297,520556544,152,152
1715688692.1598678,520556544,87741,87741
1715688693.1611078,520556544,158,158
1715688694.1616151,520556544,0,0
1715688695.162746,520556544,352,352
1715688696.1640134,520556544,153,153
1715688697.1652958,520556544,152,152
1715688698.1660302,520556544,0,0
1715688699.1666102,520556544,0,0
1715688700.1681757,520556544,192,192
1715688701.1694238,520556544,152,152
1715688702.1706462,520556544,152,152
1715688703.1714802,520556544,0,0
1715688704.172904,520556544,0,0
1715688705.174155,520556544,192,192
1715688706.17479,520556544,152,152
1715688707.1761925,520556544,152,152
1715688708.1774073,520556544,0,0
1715688709.1786711,520556544,656,656
1715688710.179619,520556544,497,497
1715688711.1811054,520556544,20779866,20779866
1715688712.1825953,520556544,1090,1090
1715688713.1838918,520556544,0,0
1715688714.1853163,520556544,305,305
1715688715.1861255,520556544,194,194
1715688716.1866965,520556544,153,153
1715688717.1881251,520556544,20784803,20784803
1715688718.1895075,520556544,1510,1510
1715688719.1907032,520556544,1494,1494
1715688720.1920366,520556544,1686,1686
1715688721.1934566,520556544,1977,1977
1715688722.1947873,520556544,1860,1860
1715688723.1961718,520556544,1482,1482
1715688724.197514,520556544,1492,1492
1715688725.1987743,520556544,1696,1696
1715688726.200199,520556544,1704,1704
1715688727.20172,520556544,1497,1497
1715688728.202673,520556544,1498,1498
1715688729.2040076,520556544,1502,1502
1715688730.2054958,520556544,1705,1705
1715688731.2066998,520556544,1443,1443
1715688732.207937,520556544,1670,1670
1715688733.2092245,520556544,1235,1235
1715688734.2106662,520556544,1506,1506
1715688735.2119913,520556544,1876,1876
1715688736.213282,520556544,1921,1921
1715688737.2147346,520556544,1375,1375
1715688738.2161202,520556544,1214,1214
1715688739.2174342,520556544,1040,1040
1715688740.21876,520556544,1778,1778
1715688741.2201185,520556544,1331,1331
1715688742.2213385,520556544,1659,1659
1715688743.222632,520556544,1675,1675
1715688744.2238536,520556544,1555,1555
1715688745.2251003,520556544,1860,1860
1715688746.226343,520556544,1386,1386
1715688747.226623,520556544,1623,1623
1715688748.227899,520556544,1016,1016
1715688749.2292917,520556544,1927,1927
1715688750.230661,520556544,1492,1492
1715688751.2321262,520556544,1252,1252
1715688752.2334936,520556544,968,968
1715688753.2348588,520556544,1179,1179
1715688754.235192,520556544,20780832,20780832
1715688755.2364397,520556544,1412,1412
1715688756.2376912,520556544,153,153
1715688757.2387652,520556544,155,155
1715688758.240166,520556544,0,0
1715688759.241554,520556544,648,648
1715688760.2428563,520556544,344,344
1715688761.2442544,520556544,0,0
1715688762.2455027,520556544,152,152
1715688763.246928,520556544,0,0
1715688764.2483244,520556544,0,0
1715688765.2495725,520556544,344,344
1715688766.250873,520556544,0,0
1715688767.2518778,520556544,152,152
1715688768.2531345,520556544,0,0
1715688769.254571,520556544,356,356
1715688770.2558887,520556544,648,648
1715688771.257263,520556544,0,0
1715688772.2588558,520556544,155,155
1715688773.2601159,520556544,0,0
1715688774.2613537,520556544,0,0
1715688775.262769,520556544,344,344
1715688776.264143,520556544,0,0
1715688777.2654185,520556544,152,152
1715688778.2668152,520556544,0,0
1715688779.2681546,520556544,0,0
1715688780.26943,520556544,344,344
1715688781.2707422,520556544,0,0
1715688782.2723446,520556544,152,152
1715688783.2736146,520556544,0,0
1715688784.274718,520556544,20782212,20782212
1715688785.2759845,520556544,1848,1848
1715688786.2772293,520556544,0,0
1715688787.2785702,520556544,155,155
1715688788.2790437,520556544,0,0
1715688789.2803638,520556544,0,0
1715688790.2817705,520556544,20777959,20777959
1715688791.2826185,520556544,1575,1575
1715688792.2839942,520556544,1742,1742
1715688793.2852392,520556544,1518,1518
1715688794.286583,520556544,1467,1467
1715688795.2878864,520556544,1600,1600
1715688796.2892337,520556544,1621,1621
1715688797.2905421,520556544,1621,1621
1715688798.2918813,520556544,1465,1465
1715688799.293146,520556544,1468,1468
1715688800.2944453,520556544,2124,2124
1715688801.2958112,520556544,1086,1086
1715688802.297129,520556544,1576,1576
1715688803.2984443,520556544,1159,1159
1715688804.299838,520556544,1042,1042
1715688805.301174,520556544,1156,1156
1715688806.3025253,520556544,1763,1763
1715688807.3038936,520556544,1198,1198
1715688808.3052413,520556544,1214,1214
1715688809.3059685,520556544,1021,1021
1715688810.3066812,520556544,1832,1832
1715688811.3080647,520556544,1528,1528
1715688812.3095884,520556544,1744,1744
1715688813.310912,520556544,1504,1504
1715688814.3123267,520556544,1912,1912
1715688815.3136942,520556544,1906,1906
1715688816.314817,520556544,1892,1892
1715688817.3161235,520556544,1694,1694
1715688818.3176007,520556544,1640,1640
1715688819.3188014,520556544,1291,1291
1715688820.320206,520556544,1911,1911
1715688821.3215497,520556544,1708,1708
1715688822.3227892,520556544,1588,1588
1715688823.3232136,520556544,1212,1212
1715688824.3244739,520556544,1483,1483
1715688825.325931,520556544,1904,1904
1715688826.3268027,520556544,1495,1495
1715688827.3282623,520556544,10390210,10390210
1715688828.329247,520556544,10391528,10391528
1715688829.3306603,520556544,301,301
1715688830.3320832,520556544,803,803
1715688831.3333282,520556544,0,0
1715688832.3346622,520556544,155,155
1715688833.3360832,520556544,0,0
1715688834.3373258,520556544,0,0
1715688835.3386426,520556544,344,344
1715688836.3399374,520556544,0,0
1715688837.3411787,520556544,152,152
1715688838.3426201,520556544,0,0
1715688839.3439326,520556544,0,0
1715688840.3451812,520556544,448,448
1715688841.346596,520556544,0,0
1715688842.3481493,520556544,152,152
1715688843.3494117,520556544,0,0
1715688844.3508415,520556544,0,0
1715688845.3516965,520556544,344,344
1715688846.3529615,520556544,0,0
1715688847.3544436,520556544,152,152
1715688848.3557682,520556544,0,0
1715688849.357165,520556544,0,0
1715688850.3586333,520556544,344,344
1715688851.3600378,520556544,336,336
1715688852.3605828,520556544,155,155
1715688853.3621194,520556544,216,216
1715688854.362675,520556544,152,152
1715688855.363919,520556544,345,345
1715688856.3652487,520556544,0,0
1715688857.3662982,520556544,20778004,20778004
1715688858.3666117,520556544,933,933
1715688859.3674488,520556544,0,0
1715688860.368798,520556544,862,862
1715688861.370082,520556544,0,0
1715688862.370799,520556544,155,155
1715688863.3721352,520556544,31168204,31168204
1715688864.373538,520556544,2099,2099
1715688865.3746326,520556544,1284,1284
1715688866.3759737,520556544,1393,1393
1715688867.3772442,520556544,1079,1079
1715688868.3785841,520556544,1333,1333
1715688869.3800194,520556544,754,754
1715688870.3814178,520556544,1749,1749
1715688871.3827958,520556544,927,927
1715688872.3840995,520556544,1099,1099
1715688873.3855407,520556544,1349,1349
1715688874.3869298,520556544,939,939
1715688875.3883376,520556544,1746,1746
1715688876.3895822,520556544,939,939
1715688877.3910177,520556544,1504,1504
1715688878.3923306,520556544,946,946
1715688879.393756,520556544,1348,1348
1715688880.394731,520556544,1121,1121
1715688881.3961535,520556544,1268,1268
1715688882.3975124,520556544,1992,1992
1715688883.398696,520556544,1167,1167
1715688884.4000971,520556544,1348,1348
1715688885.4013793,520556544,1787,1787
1715688886.4027936,520556544,1400,1400
1715688887.4041643,520556544,1297,1297
1715688888.4055939,520556544,1601,1601
1715688889.4066772,520556544,10390970,10390970
1715688890.4080782,520556544,710,710
1715688891.409322,520556544,319,319
1715688892.4100237,520556544,314,314
1715688893.4107583,520556544,0,0
1715688894.4120271,520556544,160,160
1715688895.413467,520556544,349,349
1715688896.4147947,520556544,0,0
1715688897.4160545,520556544,152,152
1715688898.416536,520556544,0,0
1715688899.4179678,520556544,0,0
1715688900.4186423,520556544,448,448
1715688901.4200478,520556544,0,0
1715688902.4213145,520556544,152,152
1715688903.4225793,520556544,0,0
1715688904.42386,520556544,0,0
1715688905.425292,520556544,344,344
1715688906.42656,520556544,0,0
1715688907.4279733,520556544,152,152
1715688908.4292908,520556544,0,0
1715688909.4305525,520556544,0,0
1715688910.4318419,520556544,344,344
1715688911.4330952,520556544,0,0
1715688912.434333,520556544,152,152
1715688913.4346662,520556544,0,0
1715688914.4361079,520556544,0,0
1715688915.4373674,520556544,448,448
1715688916.438768,520556544,0,0
1715688917.4400623,520556544,152,152
1715688918.4415083,520556544,0,0
1715688919.442678,520556544,20782663,20782663
1715688920.444011,520556544,654,654
1715688921.4452994,520556544,0,0
1715688922.4467797,520556544,155,155
1715688923.4471588,520556544,0,0
