Timestamp,MemoryUsage,NetSent,NetRecv
1715690588.2665186,516595712,548,548
1715690589.267847,520003584,9648,9648
1715690590.2692618,520003584,199,199
1715690591.2705948,520003584,158,158
1715690592.2721167,520003584,156,156
1715690593.2735674,520003584,0,0
1715690594.2749438,520003584,0,0
1715690595.276276,520003584,448,448
1715690596.2775698,520003584,0,0
1715690597.2788553,520003584,152,152
1715690598.2801435,520003584,0,0
1715690599.281395,520003584,0,0
1715690600.2828631,520003584,699,699
1715690601.284226,520003584,0,0
1715690602.2856908,520003584,155,155
1715690603.286617,520003584,152,152
1715690604.2878702,520003584,0,0
1715690605.2893047,520003584,345,345
1715690606.290822,520003584,0,0
1715690607.2921107,520003584,152,152
1715690608.293528,520003584,0,0
1715690609.2946002,520003584,493,493
1715690610.2959044,520003584,20784144,20784144
1715690611.297327,520003584,1295,1295
1715690612.298769,520003584,959,959
1715690613.3003428,520003584,1192,1192
1715690614.3017685,520003584,1499,1499
1715690615.302746,520003584,1912,1912
1715690616.3041577,520003584,1845,1845
1715690617.3054888,520003584,1644,1644
1715690618.3067524,520003584,1479,1479
1715690619.3081234,520003584,1493,1493
1715690620.3094592,520003584,1584,1584
1715690621.310703,520003584,1283,1283
1715690622.3120675,520003584,1327,1327
1715690623.3134491,520003584,1510,1510
1715690624.3148422,520003584,1502,1502
1715690625.3162014,520003584,1245,1245
1715690626.3175051,520003584,1619,1619
1715690627.3186598,520003584,1667,1667
1715690628.3201284,520003584,1510,1510
1715690629.3213944,520003584,2973,2973
1715690630.3226519,520003584,2106,2106
1715690631.3239076,520003584,1819,1819
1715690632.3252406,520003584,1666,1666
1715690633.326594,520003584,1932,1932
1715690634.3278844,520003584,1520,1520
1715690635.3294158,520003584,1941,1941
1715690636.33082,520003584,1724,1724
1715690637.332135,520003584,1662,1662
1715690638.3335555,520003584,1901,1901
1715690639.3347762,520003584,1512,1512
1715690640.3362093,520003584,1922,1922
1715690641.3375232,520003584,925,925
1715690642.3386729,520003584,1666,1666
1715690643.3399682,520003584,2011,2011
1715690644.341248,520003584,1516,1516
1715690645.342519,520003584,1865,1865
1715690646.3438103,520003584,1567,1567
1715690647.3451047,520003584,10389569,10389569
1715690648.3465383,520003584,10393041,10393041
1715690649.3479683,520003584,0,0
1715690650.349365,520003584,607,607
1715690651.3508012,520003584,335,335
1715690652.3521004,520003584,155,155
1715690653.3535058,520003584,0,0
1715690654.3546581,520003584,152,152
1715690655.3561082,520003584,345,345
1715690656.3575373,520003584,0,0
1715690657.3588212,520003584,152,152
1715690658.3601744,520003584,0,0
1715690659.361511,520003584,0,0
1715690660.3627927,520003584,883,883
1715690661.3639393,520003584,0,0
1715690662.3653479,520003584,306,306
1715690663.3667765,520003584,0,0
1715690664.3681338,520003584,0,0
1715690665.369228,520003584,345,345
1715690666.3706703,520003584,0,0
1715690667.37208,520003584,152,152
1715690668.3729312,520003584,0,0
1715690669.3741693,520003584,0,0
1715690670.3747294,520003584,448,448
1715690671.3760366,520003584,0,0
1715690672.3774486,520003584,152,152
1715690673.378669,520003584,0,0
1715690674.3799517,520003584,0,0
1715690675.381372,520003584,344,344
1715690676.3827531,520003584,0,0
1715690677.3841095,520003584,20780360,20780360
1715690678.3856776,520003584,0,0
1715690679.3867917,520003584,152,152
1715690680.3880594,520003584,603,603
1715690681.3894522,520003584,0,0
1715690682.3908117,520003584,532,532
1715690683.3922484,520003584,20782325,20782325
1715690684.393548,520003584,1561,1561
1715690685.3948224,520003584,1899,1899
1715690686.396374,520003584,1493,1493
1715690687.3978064,520003584,1654,1654
1715690688.3988283,520003584,1486,1486
1715690689.400221,520003584,2089,2089
1715690690.4016604,520003584,2204,2204
1715690691.4029932,520003584,1502,1502
1715690692.4044456,520003584,1660,1660
1715690693.405847,520003584,1500,1500
1715690694.4069934,520003584,1766,1766
1715690695.4079664,520003584,2119,2119
1715690696.409211,520003584,1500,1500
1715690697.410551,520003584,1657,1657
1715690698.411952,520003584,947,947
1715690699.4133356,520003584,1496,1496
1715690700.4146519,520003584,2340,2340
1715690701.4159877,520003584,1560,1560
1715690702.4172792,520003584,2144,2144
1715690703.418619,520003584,1335,1335
1715690704.420004,520003584,1951,1951
1715690705.421443,520003584,1966,1966
1715690706.4226828,520003584,1727,1727
1715690707.4239955,520003584,1878,1878
1715690708.425196,520003584,1090,1090
1715690709.4264376,520003584,2211,2211
1715690710.427746,520003584,1746,1746
1715690711.4291134,520003584,1098,1098
1715690712.4304016,520003584,1347,1347
1715690713.431986,520003584,1189,1189
1715690714.433277,520003584,1247,1247
1715690715.4345932,520003584,1907,1907
1715690716.4360049,520003584,1506,1506
1715690717.4374726,520003584,1661,1661
1715690718.4386954,520003584,1510,1510
1715690719.4400322,520003584,1509,1509
1715690720.4412832,520003584,2567,2567
1715690721.4427621,520003584,20781400,20781400
1715690722.4440207,520003584,156,156
1715690723.4452941,520003584,312,312
1715690724.4465384,520003584,0,0
1715690725.4477925,520003584,351,351
1715690726.4491808,520003584,0,0
1715690727.4504268,520003584,152,152
1715690728.4516733,520003584,0,0
1715690729.4531353,520003584,0,0
1715690730.4544172,520003584,448,448
1715690731.4557908,520003584,0,0
1715690732.4571369,520003584,152,152
1715690733.4585986,520003584,0,0
1715690734.460015,520003584,0,0
1715690735.4613812,520003584,344,344
1715690736.4626336,520003584,0,0
1715690737.463874,520003584,152,152
1715690738.4651444,520003584,0,0
1715690739.4665904,520003584,0,0
1715690740.4668436,520003584,344,344
1715690741.4682846,520003584,0,0
1715690742.469715,520003584,152,152
1715690743.4705856,520003584,0,0
1715690744.471761,520003584,0,0
1715690745.473117,520003584,344,344
1715690746.4744751,520003584,0,0
1715690747.4758012,520003584,152,152
1715690748.4771342,520003584,0,0
1715690749.4783506,520003584,657,657
1715690750.4787424,520003584,20783917,20783917
1715690751.480159,520003584,0,0
1715690752.4815216,520003584,308,308
1715690753.4827442,520003584,151,151
1715690754.4840171,520003584,0,0
1715690755.4851174,520003584,760,760
1715690756.4863954,995045376,20781900,20781900
1715690757.4877477,804159488,1640,1640
1715690758.4890513,703823872,913,913
1715690759.4903343,747773952,1477,1477
1715690760.4908104,791834624,1834,1834
1715690761.492071,716468224,1521,1521
1715690762.4937153,753307648,1626,1626
1715690763.4946766,778899456,1691,1691
1715690764.4961064,741965824,1479,1479
1715690765.4975357,719581184,1892,1892
1715690766.4987807,786087936,1476,1476
1715690767.500125,789397504,1366,1366
1715690768.5015473,841928704,1766,1766
1715690769.5026374,907190272,901,901
1715690770.5039334,842113024,1838,1838
1715690771.5052276,1024290816,1973,1973
1715690772.5066507,1108492288,1657,1657
1715690773.5081139,821039104,1797,1797
1715690774.509498,824033280,1497,1497
1715690775.510677,921837568,2052,2052
1715690776.5120082,870199296,1498,1498
1715690777.5135238,731811840,2117,2117
1715690778.5146585,760422400,1706,1706
1715690779.5158937,716156928,1496,1496
1715690780.5171113,741580800,2796,2796
1715690781.5183926,752803840,1319,1319
1715690782.5196693,748871680,1646,1646
1715690783.5209234,735383552,1494,1494
1715690784.5221808,729112576,1488,1488
1715690785.522981,791924736,1841,1841
1715690786.5243979,715276288,1403,1403
1715690787.525842,777539584,1559,1559
1715690788.5266793,765886464,1323,1323
1715690789.5280318,793055232,831,831
1715690790.5294437,754135040,1862,1862
1715690791.530712,755167232,1918,1918
1715690792.5321443,710942720,1709,1709
1715690793.533416,860442624,10389256,10389256
1715690794.5346882,766767104,10392518,10392518
1715690795.536101,766767104,1068,1068
1715690796.5375285,766767104,0,0
1715690797.5386117,766767104,339,339
1715690798.5400262,766767104,88178,88178
1715690799.541401,766767104,0,0
1715690800.5426595,766767104,860,860
1715690801.5437655,766767104,0,0
1715690802.5452168,766767104,152,152
1715690803.5464845,766767104,0,0
1715690804.5477433,766767104,0,0
1715690805.549115,766767104,448,448
1715690806.550351,766767104,0,0
1715690807.5505886,766767104,152,152
1715690808.551223,766767104,0,0
1715690809.5524597,766767104,656,656
1715690810.5536802,766767104,650,650
1715690811.5547636,766767104,0,0
1715690812.5561273,766767104,307,307
1715690813.557518,766767104,0,0
1715690814.558583,766767104,0,0
1715690815.5600188,766767104,345,345
1715690816.561416,766767104,0,0
1715690817.5626202,766767104,152,152
1715690818.563928,766767104,0,0
1715690819.5652373,766767104,0,0
1715690820.5665424,766767104,344,344
1715690821.567954,766767104,0,0
1715690822.5693388,766767104,152,152
1715690823.5697246,766767104,20780000,20780000
1715690824.5707273,766767104,3600,3600
1715690825.572036,766767104,351,351
1715690826.5733078,766767104,0,0
1715690827.5747247,766767104,155,155
1715690828.5760884,766767104,0,0
1715690829.5773122,793767936,20776684,20776684
1715690830.5786457,828723200,2767,2767
1715690831.5800207,810917888,1972,1972
1715690832.581466,783671296,966,966
1715690833.5827887,847822848,1223,1223
1715690834.584239,858587136,1498,1498
1715690835.5855126,913326080,1699,1699
1715690836.5868092,839421952,1482,1482
1715690837.588237,917102592,1390,1390
1715690838.5895705,836931584,1218,1218
1715690839.5907962,997376000,1496,1496
1715690840.591386,991080448,1293,1293
1715690841.592769,946130944,1183,1183
1715690842.5942316,1021915136,2026,2026
1715690843.5947044,921006080,1231,1231
1715690844.5961213,921538560,1877,1877
1715690845.5974844,937742336,2288,2288
1715690846.5987754,1044856832,1773,1773
1715690847.600143,998793216,1869,1869
1715690848.6015828,1103552512,1497,1497
1715690849.6026795,1199964160,1977,1977
1715690850.604028,1021861888,1341,1341
1715690851.604905,918745088,1346,1346
1715690852.6062975,959516672,1748,1748
1715690853.606745,784437248,936,936
1715690854.608041,824479744,1507,1507
1715690855.6093998,783855616,1644,1644
1715690856.6106012,797237248,1230,1230
1715690857.6110964,784678912,1709,1709
1715690858.612406,797147136,966,966
1715690859.6136234,841293824,1833,1833
1715690860.6146367,797270016,1746,1746
1715690861.6159327,828751872,1714,1714
1715690862.6171927,872673280,1494,1494
1715690863.6186361,797188096,1527,1527
1715690864.619979,834912256,1503,1503
1715690865.6215465,834990080,1630,1630
1715690866.622888,828633088,1549,1549
1715690867.6242783,808689664,10390343,10390343
1715690868.6255527,808689664,10392578,10392578
1715690869.6266685,808689664,303,303
1715690870.6279826,808689664,709,709
1715690871.6292665,808689664,0,0
1715690872.630741,808689664,307,307
1715690873.6320665,808689664,0,0
1715690874.633373,808689664,0,0
1715690875.6346436,808689664,449,449
1715690876.636068,808689664,0,0
1715690877.637328,808689664,152,152
1715690878.638577,808689664,0,0
1715690879.6394851,808689664,0,0
1715690880.640787,808689664,344,344
1715690881.642192,808689664,0,0
1715690882.6427689,808689664,152,152
1715690883.6442747,808689664,0,0
1715690884.645682,808689664,0,0
1715690885.6466036,808689664,344,344
1715690886.648014,808689664,0,0
1715690887.649325,808689664,152,152
1715690888.6507413,808689664,0,0
1715690889.6521847,808689664,0,0
1715690890.6535442,808689664,344,344
1715690891.6546562,808689664,0,0
1715690892.655099,808689664,368,368
1715690893.6565342,808689664,0,0
1715690894.6579406,808689664,0,0
1715690895.65878,808689664,344,344
1715690896.6600087,808689664,0,0
1715690897.661278,779780096,20776888,20776888
1715690898.6626709,851021824,0,0
1715690899.6641572,911773696,303,303
1715690900.6653786,815198208,699,699
1715690901.6669962,811024384,0,0
1715690902.667485,818044928,13927620,13927620
1715690903.6688406,818044928,6852093,6852093
1715690904.6703515,818044928,1268,1268
1715690905.6708148,818044928,1726,1726
1715690906.6721325,818044928,1522,1522
1715690907.6736317,818044928,1616,1616
1715690908.674828,818044928,1466,1466
1715690909.676294,818044928,1468,1468
1715690910.6776307,818044928,1830,1830
1715690911.678741,818044928,1460,1460
1715690912.6800227,818044928,1627,1627
1715690913.6813593,818044928,1949,1949
1715690914.6828313,818044928,1473,1473
1715690915.684292,818044928,2253,2253
1715690916.6857166,818044928,1750,1750
1715690917.6867762,818044928,2105,2105
1715690918.6881437,818044928,1695,1695
1715690919.6894612,818044928,1493,1493
1715690920.6908395,818044928,2313,2313
1715690921.692135,818044928,1422,1422
1715690922.6934192,818044928,2123,2123
1715690923.6947904,818044928,1487,1487
1715690924.6962457,818044928,1489,1489
1715690925.6977654,818044928,1898,1898
1715690926.6987858,818044928,1486,1486
1715690927.7001476,818044928,1646,1646
1715690928.7015095,818044928,1966,1966
1715690929.7026708,818044928,1785,1785
1715690930.7041018,818044928,2417,2417
1715690931.7056792,818044928,1279,1279
1715690932.7067804,818044928,965,965
1715690933.7081735,818044928,1236,1236
1715690934.7094753,818044928,1500,1500
1715690935.7107544,818044928,1740,1740
1715690936.712044,818044928,1493,1493
1715690937.7130644,818044928,1645,1645
1715690938.7192307,818044928,1446,1446
1715690939.7202532,818044928,1451,1451
1715690940.7216287,818044928,20781625,20781625
1715690941.722799,818044928,0,0
1715690942.724052,818044928,459,459
1715690943.7253528,818044928,0,0
1715690944.7267632,818044928,0,0
1715690945.728015,818044928,346,346
1715690946.7293715,818044928,0,0
1715690947.7306247,818044928,152,152
1715690948.7319388,818044928,0,0
1715690949.7333424,818044928,0,0
1715690950.734112,818044928,344,344
1715690951.7347863,818044928,0,0
1715690952.7360296,818044928,152,152
1715690953.7373068,818044928,0,0
1715690954.7386267,818044928,0,0
1715690955.739924,818044928,344,344
1715690956.7412074,818044928,0,0
1715690957.7426627,818044928,152,152
1715690958.7440789,818044928,0,0
1715690959.7454917,818044928,0,0
1715690960.7467675,818044928,700,700
1715690961.748197,818044928,0,0
1715690962.7494748,818044928,306,306
1715690963.750714,818044928,0,0
1715690964.7521334,818044928,0,0
1715690965.753203,818044928,561,561
1715690966.7546017,818044928,0,0
1715690967.7559392,818044928,152,152
1715690968.7572842,818044928,0,0
1715690969.7587867,818044928,20779535,20779535
1715690970.7602472,818044928,513,513
1715690971.761515,818044928,0,0
1715690972.7626941,818044928,155,155
1715690973.7640605,818044928,0,0
1715690974.7653475,818044928,0,0
